"","x_pa","x_child","noisetmp"
"1",-0.0370548956909925,-0.485700121850325,0.0988082974590702
"2",0.609658863457848,-0.712948129887538,0.399468455180572
"3",2.04964178470511,-0.912312646234521,0.1753406874559
"4",0.18880528823112,-0.68855394399858,-1.03612290831198
"5",-1.73569053996497,0.614878951427294,-0.406368612546688
"6",-2.01332358540927,0.844726782534018,0.103313674317355
"7",1.00502760033209,-0.810317380934392,-0.0423777832982179
"8",0.844631154098239,-0.764523908148305,0.397778180847935
"9",0.589405599702539,-0.74910747295962,-0.352520688709351
"10",-2.1562539567116,0.67311606490719,-0.422430571533418
"11",-0.4049316128812,-0.126879804055623,0.230558426411052
"12",0.452034164468625,-0.695563306143672,-0.0175409767115678
"13",3.26349658812011,-0.977121258562442,-0.287527016294613
"14",-0.0141493941455965,-0.490263539702885,0.18920366773486
"15",-1.31645111756372,0.550911598208797,-0.291479890513799
"16",-0.7017056000265,-0.0786222484548639,-1.37898738811426
"17",0.720011536779864,-0.811835637067346,-1.08713891766194
"18",0.285652668541747,-0.688527509645874,-0.636857946676657
"19",-0.350348836751932,-0.293540495437922,-0.382686836858249
"20",-0.486214406220802,-0.397321081154716,-1.8518701203381
"21",1.54401638603102,-0.885332163655819,-0.427458950992607
"22",-2.77421575611412,0.706278190252554,-0.492951217786411
"23",1.50451144686471,-0.877392438195311,-0.263644180244466
"24",0.170366058390141,-0.731161041740949,-1.6351412072628
"25",-0.523051115871211,0.123776725801254,0.472409505317461
"26",-0.56615054509901,0.120245224620022,0.0994869458153477
"27",-0.378730013266828,-0.412377245498144,-1.32055265264972
"28",0.220726536921596,-0.695497933063433,-0.996834737772323
"29",-0.310427091211976,-0.365776158586648,-0.596897193300212
"30",-0.320690881672051,-0.575198442912863,-2.08578056455721
"31",0.0689936460379035,-0.633735581447657,-0.896711481342097
"32",1.71896623421273,-0.89895648531521,-0.38652914739337
"33",-3.35273402937965,0.833176845635275,-0.258568619353482
"34",2.95226788745286,-0.963602549828629,-0.0132602049817729
"35",-0.458990200595189,-0.0745692339585097,0.0609177352959356
"36",2.04723008437641,-0.918222390182218,-0.166778955745576
"37",0.356776193264524,-0.653656691410708,0.184627291938739
"38",1.40869884159183,-0.877714708837492,-0.602343533648691
"39",-0.259108344232056,-0.611936931450541,-2.08921234607218
"40",-2.41196085537564,0.201212051181981,-1.76509248368165
"41",0.180510039809565,-0.674872314612568,-0.898995368750001
"42",-2.27387306158335,0.821516035183512,-0.0581134413392889
"43",-0.840602356463246,0.500086837908974,0.352512666765585
"44",-0.245046411176358,-0.47419800680052,-0.989695861015396
"45",-0.912336672384979,0.0962061790490699,-1.22428523704958
"46",0.678953181053132,-0.848947553793394,-1.94856307289737
"47",-0.646492947287514,0.105570842054562,-0.430335285881323
"48",-0.917172708945873,0.362754889859873,-0.320045487871518
"49",0.75620282828757,-0.795749919185421,-0.631272846838372
"50",1.82666844030878,-0.888399807570387,0.50429685143418
"51",0.890351368112714,-0.812114530779745,-0.513019407285855
"52",-0.162997735267901,-0.521690769004466,-0.929896561216998
"53",0.416773845108139,-0.7443548730244,-0.93761996264443
"54",-0.248672587501991,-0.454124061940905,-0.858502792089485
"55",1.45398840513483,-0.885059161937741,-0.715041622974133
"56",0.755264484551568,-0.824664324096207,-1.24037705472118
"57",0.201459862394338,-0.698593896752377,-1.11282051107237
"58",-1.24207273715869,0.488983632689504,-0.404021520242653
"59",-2.15681014388505,0.941630031836545,0.310186272409851
"60",0.0838820020885431,-0.672738068898048,-1.26927564084025
"61",1.43391801305883,-0.904216016363772,-1.45802877849822
"62",0.412094575357458,-0.826508645216543,-2.23423423790152
"63",-0.647442501755697,-0.0431347227267987,-1.0465263585744
"64",-1.27207305469803,0.457439776453126,-0.531971340069038
"65",-0.806455320014493,0.197821141348915,-0.637234116389616
"66",0.664743008784208,-0.773152452033499,-0.51202097209509
"67",0.670428989249656,-0.797877686586568,-0.973239537902704
"68",-0.84086240680959,0.275635931730539,-0.446818325760717
"69",-1.02429249596381,0.598112823221161,0.253458253576138
"70",-0.87780128495328,0.137389144508772,-1.01718891874658
"71",-2.1456391314822,1.02040789785087,0.529751144185729
"72",-0.9314868482854,0.367023079408259,-0.335484236068745
"73",-2.31466527384137,0.421688615801296,-1.15060659402099
"74",0.494724461916693,-0.697806542335647,0.138939200756001
"75",2.30785433508414,-0.954952981494469,-1.60222362956403
"76",-0.105086452230299,-0.559443128005937,-0.966892062247214
"77",-1.22048601229237,0.48781954996369,-0.383768942113014
"78",-0.271311090560432,-0.480540396989944,-1.17983848195916
"79",-1.7525222223941,0.0312329251019663,-2.06801909715125
"80",1.80304583200614,-0.926198546698677,-1.35886470480837
"81",0.753974535112455,-0.786920998145575,-0.454500170770249
"82",-1.89317730722242,0.787446650289951,-0.000688008936161805
"83",0.32977603484808,-0.758748427009011,-1.46125651016577
"84",-1.56844583932853,0.239273118655561,-1.39526281221997
"85",-1.28470717511308,0.653376968703668,0.0528680714911778
"86",1.59267364855136,-0.891804644207359,-0.516662371379772
"87",0.49440071072037,-0.792696954330185,-1.45399611589165
"88",-2.43355730531191,0.201886050559084,-1.76732814174129
"89",1.15780878452355,-0.837943400313041,-0.216944614356165
"90",-1.31729196635579,0.621437685037298,-0.0787923303844281
"91",1.64412471204139,-0.87250837611673,0.459340642405447
"92",-0.38172496516298,-0.279747728995312,-0.517130676956257
"93",2.13850537054399,-0.928897051492094,-0.456408643504813
"94",-1.4484782398863,-0.0932801597892473,-2.3095324070529
"95",0.574338443262066,-0.773546129706844,-0.852163643931733
"96",-1.30393722259481,0.40377976547417,-0.725769802462072
"97",-0.808497855635734,0.0348593122915537,-1.23342527076005
"98",0.600298132867599,-0.739296813725617,-0.128346968704208
"99",-0.430646883975819,-0.263799443499763,-0.769361173563498
"100",0.598151446916942,-0.746083949389246,-0.26193488912801
"101",-0.60798449413104,0.0601423117397617,-0.427659410866011
"102",-1.84334718889347,0.574009375194542,-0.574433965826783
"103",0.224069791287337,-0.646017168356808,-0.339520350408254
"104",1.05306529706943,-0.843512780098025,-0.735120814448278
"105",-0.989828263513902,0.304906123029933,-0.652641682001811
"106",0.979066836687518,-0.850604706724372,-1.15187726359943
"107",-0.483088666000442,-0.413132747011757,-1.91659219665341
"108",0.808811146360461,-0.772097279214118,0.0780574935482783
"109",-0.674025683979493,-0.0209670109465656,-1.05833971340054
"110",0.611256130788363,-0.791441588358611,-1.05068289709211
"111",-0.935433706392366,0.159409995519653,-1.04861442943006
"112",-0.421826313900071,-0.146369495625378,-0.0256237901818181
"113",-0.986054702166045,0.445859539042005,-0.177488987370181
"114",0.0340824880947913,-0.602744401133459,-0.720415093120861
"115",-0.0487208641933634,-0.499259262599918,-0.101694640179204
"116",0.421805854799115,-0.710075689007513,-0.380361947615051
"117",0.00234068176563958,-0.70335343767709,-1.90513315191659
"118",1.21369757701905,-0.861080300671609,-0.703781755724312
"119",-1.16287801909444,0.381720744068392,-0.647978215155398
"120",0.425168508315401,-0.806183304427791,-1.88068931034006
"121",-0.954618855525678,0.348666533799629,-0.443390198890843
"122",-1.09447969338594,0.494717330879619,-0.198945538448574
"123",2.3143656247336,-0.942235188207256,-0.700868895186019
"124",1.23212037700146,-0.85975528763172,-0.602938266939748
"125",0.28431789500755,-0.567064359113888,1.03456465587965
"126",-1.98483234504098,0.393043678309487,-1.13396315020044
"127",-1.35657813431484,0.24041240109779,-1.26194850523385
"128",-1.57429624423749,0.897645306631558,0.508820631377835
"129",0.483034478120996,-0.74473808737658,-0.693452792777577
"130",-3.70067764485056,0.843464103347157,-0.276386370086609
"131",-0.511560145205339,-0.0415590785722269,-0.233142489738407
"132",-0.0149413704416956,-0.574554249540642,-0.665928973868508
"133",0.317793416787475,-0.734346696402237,-1.15341505561807
"134",-0.0672625099543432,-0.51534544285802,-0.360362588149826
"135",-2.05616797393202,0.139363290266619,-1.85489096787344
"136",0.380267341289946,-0.727659125320922,-0.819522343604135
"137",-0.832389979216875,0.0623250176668322,-1.1876632471901
"138",-0.978776540020174,0.181183182884499,-1.04651406099757
"139",-0.298425430760357,-0.544701173926617,-1.7752137169333
"140",0.870156694175565,-0.788626767603979,-0.0447316079244732
"141",-0.555446469226301,0.0812128638653794,-0.00058534873871452
"142",-0.191098572870697,-0.596130133224565,-1.68080652865291
"143",1.59477277342718,-0.903182732853253,-0.964498825744351
"144",0.765800954074962,-0.771474674981032,-0.0837672993580235
"145",1.02564084296235,-0.852913137506571,-1.06932937832336
"146",1.53986764567024,-0.905023295673826,-1.19718900656231
"147",-1.27684728497082,0.776495880120504,0.437603051587919
"148",-0.337201620451096,-0.324482237231134,-0.494796253214237
"149",0.926341290431082,-0.796908515437603,-0.0172600721849598
"150",1.41295030454203,-0.931879653223141,-2.47862986436531
"151",-0.733490591752743,0.140163592682686,-0.635224849944605
"152",-1.03481227734928,0.0488144020195435,-1.56041091825588
"153",0.216470618019771,-0.763208299020365,-1.88834953482084
"154",1.65134755837807,-0.917170293483182,-1.37365056348605
"155",0.944812830601279,-0.822138935396452,-0.55960648066023
"156",-0.963514747520311,0.295055112238039,-0.640031430877716
"157",2.55259604603994,-0.943270308177534,0.157547626801042
"158",0.382718407082003,-0.777230585786445,-1.56128406785895
"159",0.898178299041383,-0.859640317385695,-1.60249647621743
"160",0.880092697337135,-0.786454829429891,0.0451335418755563
"161",-1.49354747313586,0.402412455679552,-0.87596709351216
"162",-1.69897589978781,0.817084371161832,0.189866237373567
"163",0.973012456345631,-0.85605584326934,-1.30609886362476
"164",0.686449558094426,-0.697781632914751,1.0618882203105
"165",0.824407921570423,-0.800510225236655,-0.48713328891989
"166",0.517861178985743,-0.767000445459044,-0.939607280894315
"167",0.55346973588818,-0.780932767141238,-1.05709257173732
"168",-0.149127490995309,-0.472503203801244,-0.435125906625755
"169",4.22387700939785,-1.00379510882913,-1.65355046785531
"170",-1.37041444896045,0.857816935220469,0.577567375387573
"171",-2.61356711394657,0.622406482297606,-0.681769757808599
"172",1.37172442979533,-0.886136836783183,-1.00755501733838
"173",-0.739861115680442,-0.045107696142846,-1.3593798977914
"174",0.870895149560054,-0.860476787753586,-1.69491756474636
"175",1.72762961043581,-0.916155202027433,-1.11585308696555
"176",-2.69738739989048,0.576016427666387,-0.821752448324663
"177",0.154590473012728,-0.621483672729383,-0.359062136442677
"178",-1.07913504516897,0.348569575290433,-0.646144468148694
"179",-1.01407203790114,0.290497413951296,-0.739444519956951
"180",-2.71432865507451,0.533802013314841,-0.936552140880823
"181",-0.634237074598261,0.13362614091002,-0.254378381006368
"182",-0.470233429581571,-0.154723835848009,-0.46572736063797
"183",-0.231983283228299,-0.379850367700943,-0.190673413044861
"184",0.746129550386875,-0.801101034338839,-0.778581300376289
"185",-0.453872638681119,-0.24069539861014,-0.806496510853955
"186",0.818068421440617,-0.819291514487118,-0.924347179398561
"187",0.262902255970867,-0.679724201586736,-0.613272708024966
"188",-0.575669882949868,0.136261707114514,0.104355877030035
"189",2.92091288164661,-0.963565031627956,-0.164457912072111
"190",-0.525632172166297,-0.123353370752511,-0.745560098401593
"191",0.813789744771634,-0.781297017070801,-0.103558535280951
"192",-0.412084511101093,-0.236085626954744,-0.473753350472753
"193",-0.334898640668378,-0.619994689470343,-2.44484255333978
"194",0.164881686792311,-0.766800488245772,-2.09088052145429
"195",-0.172079495454076,-0.58528511684463,-1.50736429114681
"196",1.15337363556756,-0.85921029846232,-0.843159880147349
"197",3.94985867774368,-0.999723128957691,-2.04077465438721
"198",1.95507164457286,-0.91516775957894,-0.336434088846962
"199",1.05020855995434,-0.833244451120876,-0.472494878791613
"200",-0.366093845209024,-0.379513659312657,-1.03861432088858
"201",0.00978963376788323,-0.576276213767143,-0.56036934258057
"202",-1.82789849234551,-0.0895695063794046,-2.43122358256143
"203",-1.92313382105127,0.151895724503812,-1.78333352048386
"204",-3.62759939247621,0.673161007279708,-0.704013034987053
"205",-0.63257032029417,0.0363829224425045,-0.652212777224695
"206",2.85495242431251,-0.956005613747218,0.375093216194058
"207",0.4293407188612,-0.674874462555219,0.208308174719129
"208",1.29592614243798,-0.871528969601384,-0.761915441971004
"209",1.65177713081129,-0.916265870171876,-1.33475703754697
"210",-3.28352564444997,0.551121870023988,-0.978011628720626
"211",-1.17880406510098,0.858488724438959,0.824385696579807
"212",-0.9599586766157,0.0591396388474675,-1.42653144686539
"213",-0.00446863491761265,-0.538431017119548,-0.244999705717138
"214",-0.623659663118033,0.0556763409204123,-0.528156026265387
"215",-0.995902010820872,0.197136104741626,-1.01981856430537
"216",1.23838608387741,-0.807804284291816,1.00777634523046
"217",0.428182250908331,-0.738867684332288,-0.80839700216354
"218",-0.663919193124622,0.0748988630884736,-0.632625434208136
"219",-0.368859046624457,-0.410414508053201,-1.25076674751975
"220",-0.685964374421773,0.0674059854191854,-0.750252271507389
"221",-0.373061902018343,-0.284147719909489,-0.48317263908153
"222",-2.20282822656782,0.743539654491299,-0.246210472828114
"223",-0.472683537516454,-0.120059170280423,-0.30109089252427
"224",0.622945962713961,-0.78291724614347,-0.851211622842948
"225",0.0445233510560757,-0.631244128474588,-0.978145570213576
"226",0.419111158407142,-0.660343329395189,0.387673467882379
"227",-2.0693001088691,0.685187198631918,-0.358557417558693
"228",-0.817685153614314,0.343599306375231,-0.140964382368159
"229",0.554337167363283,-0.758432129971759,-0.656321341059359
"230",0.89260051664024,-0.818557129005392,-0.655791600713971
"231",2.26952174270367,-0.941116898051331,-0.778520135228308
"232",0.741926934514993,-0.816806795642856,-1.1186071066914
"233",-2.405221677931,0.54141561516313,-0.850410413889268
"234",1.28143532449018,-0.867745409417974,-0.688387881644184
"235",1.91854616167682,-0.930375874392201,-1.23970620971586
"236",1.28756406942315,-0.838545640310886,0.259015655743085
"237",-0.560184486378217,-0.235021754360083,-1.4818277867069
"238",0.130189528797835,-0.626757955689325,-0.537707885090266
"239",1.34605580727841,-0.847672399475151,0.192899777600916
"240",-0.44933150259511,-0.296438660885954,-1.08215414120089
"241",-1.14687594365923,0.269931939149877,-0.981365239069629
"242",-0.737380317179425,0.24951967123685,-0.232098771893567
"243",-0.999914832440178,0.133993967415817,-1.23475510558999
"244",1.34325409814109,-0.882057491162083,-0.956902614337705
"245",-0.113782345994613,-0.452194992622904,-0.047251025778418
"246",0.331902886420488,-0.750371025765062,-1.33305713256651
"247",0.0656742947376373,-0.690053235357937,-1.53313344292892
"248",-0.487913245275191,0.0120076076327369,0.255582744077374
"249",0.543071032711557,-0.767210637414446,-0.852468915979984
"250",0.179146702535473,-0.613824367766592,-0.145366864327182
"251",0.668111653399814,-0.746441324515992,0.0212017601790976
"252",1.00026643129943,-0.836621871387099,-0.731145522814485
"253",0.307575627600845,-0.738446488400777,-1.24867016093674
"254",-0.336254514725667,-0.322263940931892,-0.473643415501164
"255",0.743402368858802,-0.754544897322997,0.17779222803527
"256",0.575093595775553,-0.74605864465238,-0.354668497095642
"257",0.286940612729957,-0.664088840076568,-0.293137015235844
"258",-0.820231882123109,0.0982084971611384,-1.03164190964663
"259",-0.373454529372627,-0.237030181448472,-0.190538202942316
"260",1.42053918657282,-0.890968012320117,-1.02834168805923
"261",-0.298111787618767,-0.451251844269368,-1.11751630740713
"262",0.177610458264551,-0.612112512863456,-0.13170788223721
"263",1.16778709118787,-0.794303144446886,1.08529854146941
"264",-1.02978760049709,0.293480067792925,-0.753680852198042
"265",0.270466642470594,-0.660641944354973,-0.320821980158982
"266",-1.14775737394654,0.122990443155185,-1.44572290763756
"267",0.460904775940924,-0.735199748966243,-0.622721808549095
"268",-3.602608431928,0.914609297068176,-0.0824685184232593
"269",2.24099737284365,-0.934555496548798,-0.444022530764775
"270",-0.804736282776198,0.237988403297518,-0.486696667320844
"271",-0.571831445525868,0.115295317182729,0.0368975764049199
"272",-0.644699915659321,0.126099426315911,-0.337236386192615
"273",0.85416419284349,-0.793477488948202,-0.217979827985215
"274",-0.568925565926077,0.0192730794084698,-0.376539610714075
"275",-0.194291809583354,-0.393347866000868,-0.0518625108634743
"276",0.968432093079834,-0.832680855655342,-0.738321923184602
"277",-1.39286631318225,0.410117685235529,-0.781334082726101
"278",-0.705852568965471,0.409070360568779,0.50997580352196
"279",0.83233578243068,-0.825943672979766,-1.0254619524062
"280",-1.18138059223257,0.513300938206256,-0.258225387828517
"281",0.103942575177377,-0.547051618644784,0.257221499641132
"282",-0.42753711056349,-0.206601013631571,-0.418702931539592
"283",0.641756286386112,-0.808133382578883,-1.26492730163301
"284",0.929814883225017,-0.858472397413519,-1.48797535643054
"285",4.24457553497228,-1.00412691032967,-2.97253081240512
"286",-0.136525406675489,-0.467111824919659,-0.315153388989326
"287",-0.624139865531341,0.0558666263048435,-0.529743838381825
"288",0.66062275515109,-0.728827824809305,0.330706358995206
"289",-0.206570160195422,-0.409912328001179,-0.26344365386526
"290",-1.62224192020435,0.481753234659229,-0.724213597831135
"291",1.7213728515736,-0.925141732110501,-1.52893620502372
"292",0.829310716959677,-0.808584873814213,-0.648895700246911
"293",1.8057531295544,-0.898532374768944,-0.0561253130749146
"294",0.379105191708033,-0.780606413675733,-1.623784322237
"295",-1.43353325460159,0.697799530791381,0.0400601384774239
"296",1.13276923366158,-0.853408477002776,-0.744395340557663
"297",0.433030869225972,-0.795159079772314,-1.68331149174371
"298",-0.866824425703291,0.0169758253186849,-1.41729082306593
"299",1.07402718254288,-0.841805270840829,-0.619310651585652
"300",-1.44160050957217,-0.0324283794993162,-2.12642241975115
"301",-0.223342748296363,-0.451899107048424,-0.695729332602617
"302",-1.62849480532652,0.409255948088794,-0.936211328930995
"303",-1.08543248636295,0.768080928269302,0.692739664732632
"304",0.565607124790565,-0.784025963403582,-1.07050855357553
"305",3.81156151652344,-0.995186454338342,-1.02269815780014
"306",-0.198111524453895,-0.493497650609129,-0.883938814296588
"307",-0.486394574549004,-0.131559717753305,-0.474562905716011
"308",0.642089230368838,-0.753797414318558,-0.228094339145532
"309",0.909946364391822,-0.852949072501103,-1.41174504665515
"310",0.327184326164031,-0.775267346930295,-1.70759071504797
"311",0.867966357220721,-0.800298162325443,-0.321318311099736
"312",-0.683901666821915,0.00237564108644844,-1.00082638168817
"313",-2.16350295557662,0.532736736184602,-0.807788759629564
"314",0.467106369652386,-0.644801176557064,0.88135330754282
"315",-0.710801249919835,0.290554073105596,0.0273739096001673
"316",0.223550426210698,-0.722650057876488,-1.33872428566361
"317",0.497850862195204,-0.702798899208266,0.069237855984313
"318",1.19204974858505,-0.844170376286035,-0.274350119827478
"319",0.148872229693627,-0.687139424844654,-1.17805314172723
"320",-1.36048661149084,0.736553248910834,0.224273044272806
"321",-5.18493071734401,1.01525596119497,0.0323687435088066
"322",-0.897129331107689,0.436957819210057,-0.019503354457952
"323",-0.701323564541637,0.0172387250018947,-1.00264865341421
"324",-1.17804509815287,0.429751956725191,-0.515374083098242
"325",1.46906081608829,-0.902276197851631,-1.29310394615533
"326",0.249362509645361,-0.689562805681148,-0.802424988993038
"327",-0.403162695881384,-0.125225343181835,0.255500458542183
"328",0.389467300747147,-0.703839088680104,-0.420475391319579
"329",1.32049381103526,-0.910201762272705,-1.94188544666923
"330",-1.02062554598328,0.5512419267504,0.106494371674172
"331",1.27892805877183,-0.857531890760486,-0.374259603888317
"332",-2.61384883338111,0.300040735144393,-1.5376563227318
"333",-0.0643651935663757,-0.579510954866642,-0.955561192728515
"334",-1.42031897428213,0.0620569337708994,-1.83530846319009
"335",-1.39308637886853,0.430777252728046,-0.719880463892667
"336",0.911890804419371,-0.780885801352648,0.306885688056622
"337",0.236608831968637,-0.784942541446247,-2.11176711181067
"338",-0.148207855194335,-0.404704552836015,0.153023879129818
"339",-0.161729883545934,-0.38877825706636,0.19984700502344
"340",1.0325397263258,-0.848564950132309,-0.934549190224049
"341",0.189101991805876,-0.663786653827756,-0.723737107152782
"342",-0.54013167286427,0.0830540261106488,0.127266844036112
"343",-1.01117579158462,0.299916880048857,-0.703885511103256
"344",-1.3580464657112,0.515486159260516,-0.437051628127589
"345",-1.01117019265601,0.76367782815693,0.823966378615712
"346",0.831765466405278,-0.780337697941136,-0.0104763192537916
"347",-0.502423055139101,-0.233414017537342,-1.11809154125708
"348",1.0389625745699,-0.800434319948839,0.349922954894041
"349",1.24346874669952,-0.850287444458479,-0.274111141472234
"350",0.958428272535955,-0.837907478752032,-0.90061002363835
"351",-0.743642742122891,0.303819678701951,-0.0486420467233262
"352",1.55708809625716,-0.911130549965502,-1.38536594283971
"353",0.296216317434763,-0.644638096719395,0.0208238243587688
"354",0.446283328318665,-0.737031434546657,-0.709484204204461
"355",0.11181889303938,-0.608853210244638,-0.415484779281107
"356",0.309271403531274,-0.703776484459929,-0.752250481638073
"357",-0.329773937807801,-0.473641326120804,-1.44413714425922
"358",0.416219674533434,-0.762174689938992,-1.21820822245009
"359",0.155179493506399,-0.6618852225898,-0.846551688948372
"360",0.211695132609511,-0.630467658734682,-0.196921249383173
"361",-0.633590726106894,0.194023320341173,0.00100280652626084
"362",-2.55332398169627,0.118460397769798,-2.01055843847577
"363",-1.58280966788303,-0.295403170822633,-2.94952485771242
"364",1.19015845396864,-0.912451463344832,-2.2954985063926
"365",0.600210158552444,-0.80662137484737,-1.36708273287834
"366",-0.494825771103675,0.0247182641767972,0.25487319182049
"367",0.591699102748552,-0.797521097031661,-1.22737406405635
"368",0.373034797596556,-0.747819949507036,-1.15034178877789
"369",-1.73020056308083,0.00491767175172153,-2.13519498949133
"370",-0.251382094776685,-0.521021507860835,-1.37581686262018
"371",1.82569514419414,-0.926509824027844,-1.31102645622871
"372",2.53557991091155,-0.954083923601488,-0.820613011079719
"373",2.32775362607407,-0.943856176122802,-0.767761340820646
"374",-2.70983260839693,0.970688346512079,0.21884634949961
"375",-1.57261682047984,0.36277271685547,-1.03958628447204
"376",0.949464484989446,-0.85061704837783,-1.24069161523449
"377",0.540949583439497,-0.775294589133733,-1.00141027098769
"378",-1.11484918766294,0.178911225789378,-1.23385952508792
"379",1.54970259757394,-0.902993516087103,-1.09070424347319
"380",-1.13616240111268,0.301437980564027,-0.869513198221021
"381",0.670539003575616,-0.863922273415882,-2.2624251880109
"382",1.21455876771967,-0.840941033291071,-0.0957181737554271
"383",-1.03156208522816,0.516150076401753,-0.0281232513600119
"384",-0.715926773328957,-0.0607639159692908,-1.35199265296407
"385",-0.330878181631783,-0.522558218723783,-1.77735332083786
"386",-1.80361502562086,0.708325962923251,-0.177800521973432
"387",-0.0976879181202085,-0.534813159599373,-0.704981034885313
"388",1.96434584454818,-0.910397898907575,-0.0514859672338258
"389",2.33553095786873,-0.952065476069327,-1.32103352393185
"390",-2.16817394838951,0.696479718206349,-0.362717011382144
"391",0.572803350585323,-0.753227638953305,-0.492650975635792
"392",-0.52866571509731,-0.120716061219374,-0.754728966679048
"393",-0.776531242560847,0.0204071946661084,-1.20966130871726
"394",-1.34219821046849,-0.0586565152827505,-2.15216046931783
"395",1.91062371480597,-0.930682054895829,-1.27777878296448
"396",-0.999056751981523,0.447687935724051,-0.195405986311997
"397",0.00993505450037221,-0.604909964632585,-0.856811551960214
"398",-0.0622735920796153,-0.474626617136405,0.0559618216768158
"399",0.52385498510901,-0.82590632008655,-1.93212668102749
"400",0.79951495866174,-0.82799215198765,-1.17421375585936
"401",0.619044819877504,-0.799231332894122,-1.16994018071488
"402",-1.14061643349186,0.491151654973966,-0.275286596958344
"403",1.69959442366932,-0.900667206226485,-0.526918375243066
"404",-1.09651666616328,0.147381428144235,-1.31384070971862
"405",1.51434342049276,-0.881973016043936,-0.401186315416807
"406",-0.154624962453466,-0.46231943831515,-0.379975922060357
"407",-0.419013432306945,-0.258942127826321,-0.658278620777364
"408",-0.545959363877167,0.0164648810933445,-0.23067377986362
"409",-0.886829825600845,0.0846494952464452,-1.2182339439367
"410",-2.45720632402414,0.651012498317804,-0.569416947518795
"411",1.71606916671329,-0.920220855836982,-1.32730231757539
"412",-1.68405692148209,0.304632358490512,-1.26365023457342
"413",-0.0107232771656027,-0.545911953961169,-0.354602252044645
"414",-1.16997604580821,0.407592522313131,-0.575203409820118
"415",2.02529778664939,-0.907410779900903,0.35035259111659
"416",-1.00417845726755,0.256731599652834,-0.835370437285505
"417",1.48388181419319,-0.89777811131017,-1.08628469773602
"418",0.984213495008497,-0.827910486503941,-0.565181752146279
"419",-0.986685316030274,0.376293267696275,-0.409984150697626
"420",0.315168760893654,-0.610697206890168,0.595581279072399
"421",-0.668937064832685,-0.360681259268065,-2.40803217602047
"422",0.0996910013680928,-0.694511662070298,-1.45491886536728
"423",0.932152874114658,-0.805784969227157,-0.208724128624372
"424",-0.639913461224946,0.0222020079840611,-0.744779456182921
"425",-0.125367458604713,-0.502583228835208,-0.563343451982357
"426",1.89879977646922,-0.932937520777743,-1.42430687725668
"427",-2.14760993939683,0.766274813649038,-0.165088647248006
"428",-0.12926083050163,-0.497109379260517,-0.536565729020882
"429",-0.325177966102344,-0.490351814113439,-1.53247504646123
"430",1.54098026479722,-0.894768715094476,-0.800212425825194
"431",0.012176768674927,-0.620715252756239,-1.01079332471981
"432",0.0718677739579017,-0.546405844366533,0.0865727050196844
"433",0.647005846154688,-0.766696114213495,-0.455099439195896
"434",-1.27671183453148,0.467600448114979,-0.505555878343914
"435",-0.389903150879302,-0.178383810614679,0.044159235819446
"436",3.32002091035162,-0.981773609607678,-0.807438069488166
"437",1.89701130167359,-0.930901004317136,-1.32700084974455
"438",0.440839824505765,-0.795491178807114,-1.66503218720809
"439",1.90074536299039,-0.915467582475244,-0.540253774340851
"440",-3.2226351151249,0.512724044134331,-1.06975368254339
"441",0.630108225630576,-0.794311922032993,-1.04086054263942
"442",0.182401494248731,-0.727454254544448,-1.54728249727594
"443",0.13423224857598,-0.513552737391662,0.825491668252678
"444",-1.2166440920461,0.731715261974493,0.375930843582345
"445",0.550201767097972,-0.745170014070515,-0.438319950353297
"446",0.810468793421103,-0.810337581572943,-0.753140467332675
"447",-0.0876381009222993,-0.579509983835992,-1.06649337750926
"448",1.65798864225523,-0.913017910793507,-1.18157964389943
"449",-1.07283664550968,0.100679154206538,-1.43681871195547
"450",-1.28103925007216,0.582089997860581,-0.160552759402373
"451",2.4535967911801,-0.941822499211605,-0.146322822436632
"452",-0.0757255616082744,-0.605240172913562,-1.25164361837184
"453",0.381906234070432,-0.67726022596419,-0.0499178599216508
"454",-1.36013296150456,0.417645138977351,-0.732567938783257
"455",2.14000132540036,-0.931759320481622,-0.624159969912781
"456",-2.21379328304675,0.878866296317931,0.117951886630473
"457",-0.845342692780955,0.495314102562921,0.321597758413653
"458",0.104296919989084,-0.654243722107931,-0.974172773172401
"459",1.18405080085328,-0.868722292507624,-1.0239918104411
"460",-1.17631594765329,0.146841657282332,-1.39856482038787
"461",-0.389758057429939,-0.444882064821259,-1.58298829834018
"462",0.295969519400765,-0.742879514915483,-1.35213799409044
"463",-2.64454874468957,0.648052251695713,-0.620327261214503
"464",0.834425617707465,-0.784307852581766,-0.0884638467688533
"465",-0.890121101914313,0.084126752986365,-1.22614128255571
"466",-0.308418856647438,-0.525281395021378,-1.68738676998728
"467",0.285617055370478,-0.742180815500829,-1.37873629335223
"468",-2.51438958368277,0.671098721399602,-0.529708789135331
"469",-1.79549250722305,0.390521255596451,-1.06929995695732
"470",0.937282394881544,-0.839854994327551,-1.0156222684039
"471",-1.5600346547674,0.626705786287606,-0.266324487485472
"472",0.76924086297858,-0.781754511632142,-0.287733483120465
"473",2.14677486934601,-0.928979822400969,-0.431930873379303
"474",0.865676988287393,-0.800515891593282,-0.33487830376486
"475",-0.205344028144599,-0.371258434938376,0.0528813907374518
"476",0.0236041286240679,-0.603090896613815,-0.773661047887199
"477",2.35515316885922,-0.935426934340082,-0.0669341852065135
"478",0.179226249957103,-0.765977991677507,-2.03763296055144
"479",1.80365191425283,-0.87656527414631,0.962925669056231
"480",-0.0525072358095692,-0.428506426261357,0.56000219505023
"481",-2.43721248974604,0.946388758114569,0.22718855399699
"482",-1.33451477362983,0.474471392254336,-0.539463613027611
"483",-1.1105415953603,0.52870409998313,-0.114034682716626
"484",1.02972965495486,-0.857152585227679,-1.16736008368606
"485",0.200095700634504,-0.605460875743204,0.0651054032885703
"486",-0.827932698355792,0.0273597184302993,-1.30326002031339
"487",0.411221027845221,-0.795405137461314,-1.75250984030467
"488",-0.148821963823042,-0.353644895709615,0.587628083406484
"489",-2.84998872941312,0.829192195480681,-0.184635778508453
"490",0.797278221988017,-0.836260361412301,-1.36043147076049
"491",-4.24452216578509,0.723119960162542,-0.634510094461215
"492",-0.949470723962201,0.430718803493092,-0.156549151414057
"493",-0.370359622528158,-0.194758322896128,0.0991253097842751
"494",-0.842448704110492,0.234333585509632,-0.597632222225078
"495",-0.293042102412844,-0.274529652612756,0.161094598027855
"496",0.206820696239163,-0.777907551192468,-2.10632977492113
"497",-1.00999615973961,0.300984056895712,-0.698501337958426
"498",-1.61287344196695,0.558257272681316,-0.498405909910456
"499",0.269146241208669,-0.628275261160715,0.113515242278131
"500",-0.370170612184544,-0.307265615277365,-0.608388860398179
"501",0.0146024435075632,-0.671037997880006,-1.524918435791
"502",1.12813685530133,-0.853832859230805,-0.771423270308973
"503",0.286082298281398,-0.824091884505252,-2.50999262638966
"504",0.170009277660336,-0.597260702609921,0.0136199134921974
"505",0.135678280251582,-0.706646634358646,-1.46213043664498
"506",-1.57879755397487,0.34970392576082,-1.08088977846288
"507",1.12968597916593,-0.821011807788599,0.158132719046328
"508",2.13617397908319,-0.935691075657258,-0.874271388596392
"509",1.00460931244705,-0.877254595346885,-1.75568250897226
"510",0.755579425710993,-0.784182282693747,-0.391112539512732
"511",1.69798862205212,-0.922307062186076,-1.4667663045935
"512",-0.0317512624540743,-0.616610841350252,-1.16519513891152
"513",-2.49027719300318,0.388717901826345,-1.27837650024359
"514",1.12089765718445,-0.851158866672629,-0.720028784646711
"515",0.736159146995255,-0.778107560131142,-0.338965868161755
"516",0.671612033550317,-0.760587582423316,-0.240468277452715
"517",1.55875164650368,-0.862580812625828,0.508528681327532
"518",-0.899266672806673,0.348173715062148,-0.331122780544371
"519",0.186738945687743,-0.666834654986658,-0.772184295927669
"520",1.37894834081627,-0.889921503795464,-1.11461566803577
"521",-0.475784365954138,-0.424842532444803,-1.93795078239883
"522",-0.7688543738844,0.116130360872757,-0.834073160154881
"523",1.93924099758685,-0.925304058989356,-0.917361400131868
"524",-1.64349410419727,0.26232972040877,-1.36581021825148
"525",-1.06894571319237,0.374562228242107,-0.547884751215238
"526",0.0184957801345069,-0.60764945841348,-0.845496109491851
"527",0.646939517862123,-0.772617311839882,-0.568691648736812
"528",1.660397399575,-0.903417875621461,-0.771632042563923
"529",1.34836370742099,-0.872988230422995,-0.639805323562672
"530",-0.663924070094505,0.28722714632614,0.226752343323362
"531",-0.506446186025185,-0.174755954730481,-0.853649094824135
"532",-1.82915417833061,0.380248078905906,-1.11212352355601
"533",-0.18152690213634,-0.545963924705132,-1.22587571223582
"534",0.995749740770086,-0.84525523240278,-0.965433523764264
"535",-1.69421331959822,0.646862219402434,-0.292489893195824
"536",-0.398185765174993,-0.18141798778774,-0.0407440243662286
"537",-0.257454127578649,-0.351952682346106,-0.148489188637691
"538",0.317116143292145,-0.75983258813061,-1.51904674555723
"539",-0.795818609423816,0.071953530260492,-1.06829374250415
"540",-0.772915255308967,-0.10123475419292,-1.65160051484281
"541",-1.10776152501123,0.455911068598828,-0.342175714400438
"542",0.00144466988249315,-0.510448522865612,0.0746493476811572
"543",0.274683681114011,-0.656266639820249,-0.241732817982795
"544",2.30697858351486,-0.950080524325871,-1.26819420104681
"545",-0.189722402195676,-0.478386353235333,-0.715211788181812
"546",0.0897163862134149,-0.559235202453599,0.0399889548118835
"547",-0.158424822863146,-0.500095607863059,-0.722817401920609
"548",0.387210215610516,-0.689790911881082,-0.216233004107792
"549",0.226746809217663,-0.712295407915678,-1.19193734236527
"550",0.835965725263094,-0.802774406589479,-0.495481131991899
"551",-0.747719871544874,-0.0211037144724582,-1.28973086737639
"552",-0.931832425443624,0.415206780390166,-0.172303553436568
"553",0.619733498328242,-0.771525629458374,-0.64949023056227
"554",-1.2523814176609,0.557060247261872,-0.206014807416782
"555",2.46018188709403,-0.944620863308297,-0.338626565782608
"556",2.0310897976245,-0.911187067359944,0.164412876442765
"557",-0.799665191933849,0.276631652685493,-0.331694552823306
"558",-1.23388082053057,0.474208066602467,-0.440658552839781
"559",-0.0567984254121532,-0.610105898145376,-1.21326448018707
"560",1.43653060839437,-0.900291914299692,-1.31171097597872
"561",-1.31694298890202,0.116260210521871,-1.60791267861226
"562",0.264504121270822,-0.669577059340728,-0.468971333522041
"563",-0.374608460472719,-0.251371582383442,-0.288988109742893
"564",0.185605490745416,-0.586442353803197,0.22947541187094
"565",0.0391420453622097,-0.698632540830043,-1.72449153221306
"566",0.142718866235599,-0.57641494364322,0.124131187913195
"567",1.01184130542467,-0.911032464526198,-2.60596291921161
"568",-0.8596401887132,-0.333087113003737,-2.63668514396232
"569",-1.4595990456215,0.420961409045371,-0.798425344842363
"570",-0.828576254619283,0.0993263723623705,-1.04679961051216
"571",1.83284052664363,-0.899030839960778,0.021967719433154
"572",0.251889333574157,-0.697174281668715,-0.893803447524103
"573",0.0585297113219875,-0.581803112584771,-0.374374629023687
"574",0.617928773762646,-0.811291009180284,-1.39879877741386
"575",-1.27164427552878,0.325230015997569,-0.935748556664055
"576",0.69738949797089,-0.745427410771349,0.166077600478695
"577",2.31544096185396,-0.937452541742806,-0.36462088685259
"578",0.72154008851711,-0.805005496744441,-0.943018112542213
"579",0.476851313996897,-0.767558102613632,-1.09395564412466
"580",-1.18321448020438,0.1943929167116,-1.25657062648253
"581",-0.52113602184551,-0.00277220503206676,-0.125372427781774
"582",0.504561792152251,-0.719063302415761,-0.175767504348313
"583",-0.304593604168756,-0.343137097944675,-0.401744730606578
"584",-0.389174512120274,-0.164718534167291,0.13360403615338
"585",-0.818170977975214,0.167585868265695,-0.776767701117424
"586",-1.28258867417898,0.709936288566732,0.227716148871861
"587",-0.202473182120484,-0.463478738876977,-0.66697702275739
"588",0.303209544514588,-0.580078458472693,0.962435401896878
"589",-0.0981499697073337,-0.467794735727138,-0.0944025315437533
"590",-1.71459879371817,0.511176375757433,-0.689957012531646
"591",-2.29014280365128,0.473815479593252,-1.00357650583379
"592",1.43039828820525,-0.910420113912171,-1.68671080725956
"593",-1.98417789720474,0.225654303597324,-1.59694248791796
"594",-2.16479643414998,1.0301716167663,0.548574612250284
"595",0.778569800095764,-0.829850199042484,-1.27863733989053
"596",1.18288645273506,-0.88902074855958,-1.62303116498331
"597",0.355541019029713,-0.666883067066955,-0.0168087441240593
"598",1.1645779045251,-0.852291720780964,-0.607259001176058
"599",-0.687007564649255,-0.024258613814323,-1.1173874316813
"600",-1.09420134091942,0.697544687833838,0.45121469083829
"601",-1.49300375353277,0.473569806586851,-0.666956305904878
"602",-0.801324576795302,0.212608916824627,-0.569616641370363
"603",-0.409178999044264,-0.301688930698066,-0.840632043166257
"604",-1.18320951896847,0.305655375419296,-0.909050708833305
"605",1.14692194405216,-0.869708900412152,-1.16328558428993
"606",0.569667158752822,-0.80246362824465,-1.38698721572152
"607",-0.447038255948942,-0.156393123658586,-0.288345140460401
"608",0.889094827162115,-0.870654273352693,-1.88410970557118
"609",0.317240632718196,-0.714755817674635,-0.876257760046191
"610",-0.385045381037542,-0.294526922925213,-0.631647071083194
"611",0.270586512096833,-0.579131821410755,0.790238510425046
"612",1.738772798427,-0.904861002204447,-0.580434120795345
"613",-0.0719859488319086,-0.46540028366799,0.085077660695859
"614",0.566483107713114,-0.754092883598823,-0.532717174808597
"615",0.289413402736525,-0.715044603896369,-0.98890458528333
"616",2.07196931642672,-0.954049654069823,-2.128133581669
"617",-1.06745344001434,0.261595621738676,-0.9106907828223
"618",-0.0871553955160726,-0.561281878833086,-0.895247219468598
"619",1.80404603285381,-0.917814884272479,-0.964109081220929
"620",2.26083925688159,-0.936548837270304,-0.503858264115202
"621",0.878458938989582,-0.813342446880289,-0.583826806729004
"622",-0.891375567247167,0.0879396135830902,-1.21523308220093
"623",1.85502344323652,-0.929799528744124,-1.38834195565196
"624",1.66830009259194,-0.897352992836959,-0.490430519706268
"625",-2.38357433710008,0.694027065391713,-0.434809025361144
"626",-3.16615321929956,0.0685699555196335,-2.21542652922192
"627",2.1394106397073,-0.958731585290854,-2.25635615951043
"628",0.901864653003326,-0.786799181572634,0.125322426206318
"629",-0.0558313523846629,-0.539402691585107,-0.528680212345563
"630",-1.28318620940279,0.51653997403752,-0.362731143784824
"631",-1.03388879337672,0.195310015024657,-1.08059469217079
"632",0.0891223642556378,-0.596732732437415,-0.387742054266118
"633",-0.235815333405677,-0.511766864043711,-1.22665123005428
"634",0.908970077768592,-0.865409848709118,-1.71005719839357
"635",-0.743201069650524,0.205319552153597,-0.420036855890403
"636",-0.644671377107057,0.266979246633105,0.244119118176822
"637",1.03980858138017,-0.852091418914536,-1.00421094879084
"638",-1.49037103464945,0.62402855942293,-0.223764159209753
"639",0.317764007018843,-0.680095777566461,-0.380023177182122
"640",-0.363421350890123,-0.499507941434336,-1.7863326357081
"641",0.782682594652787,-0.817178484459965,-0.994626936060907
"642",-0.648727858146857,-0.0844004894538757,-1.22122867523655
"643",2.9852072350045,-0.968008806680997,-0.402277712770239
"644",-0.542915420001441,-0.310359416379084,-1.74250539438408
"645",-0.625906275905671,-9.02055461865225e-05,-0.774011082314534
"646",1.49643379035699,-0.891809902982833,-0.827707431357915
"647",1.1582827622605,-0.841642405693031,-0.321714369551826
"648",1.8953606264538,-0.910326685165026,-0.300880168920699
"649",-0.495776923894608,-0.221739554086773,-1.01086291899759
"650",-0.298744746463659,-0.346486856838731,-0.386046341517537
"651",-1.46251888805548,0.373389287862286,-0.940655096325532
"652",-0.413204539118841,-0.405572723982502,-1.47905785970896
"653",0.610753361357816,-0.775995831675077,-0.765693892737291
"654",-0.475517479091386,-0.222625741393453,-0.867087770168981
"655",1.73363566842639,-0.922693175733226,-1.38830072157367
"656",0.597315828608709,-0.750601987850191,-0.348231281003689
"657",0.600789088387305,-0.756478898107295,-0.442499279284648
"658",-0.237577555338701,-0.391211453362428,-0.314010291221138
"659",-1.28374085330045,0.27231538039544,-1.10796683241893
"660",-1.00068316473136,0.542494879313376,0.115207685348175
"661",0.586344128824435,-0.768384253917879,-0.715132513997275
"662",1.06636503379126,-0.869752030184989,-1.39494270705038
"663",1.14962154844251,-0.821555885711948,0.221927349594623
"664",-0.32948972274674,-0.573647906981458,-2.11325920192798
"665",1.96789859056358,-0.907067080273974,0.138288173686551
"666",-0.0165463694553381,-0.615840413063909,-1.08967151775436
"667",0.0539014060515862,-0.723935059521923,-1.9466087997439
"668",2.13638454152217,-0.946542837103415,-1.52790994081798
"669",1.78764386087592,-0.905666029647385,-0.452480530693556
"670",2.24484980980078,-0.945800074333059,-1.16863568135739
"671",-0.496343749731906,-0.0492757167758092,-0.136573312718037
"672",1.61518232395899,-0.909494406712577,-1.15873015074615
"673",-0.340691344663103,-0.293412256850809,-0.313581519424971
"674",1.26470548477649,-0.874965464632206,-0.967931513606625
"675",1.59079707343043,-0.888743980175146,-0.400943920651675
"676",0.331478606245432,-0.655603914631747,0.0343672095480991
"677",1.7446479573533,-0.90776783241353,-0.690914143185192
"678",0.382205859475238,-0.729428295070463,-0.838797019410644
"679",0.0442989950939011,-0.545043500407648,-0.0496228473470651
"680",0.0416814551773716,-0.611400532430813,-0.777365862656641
"681",-0.638711155785684,-0.0457285367890709,-1.02140581024979
"682",0.535232442562623,-0.755255055036417,-0.672946600268386
"683",-0.35236550154399,-0.208456760148109,0.154257915521149
"684",0.0781011814476825,-0.569980032567532,-0.142781715561227
"685",-0.185630974393802,-0.491785782936455,-0.802055164864895
"686",-1.24865837295786,-0.160551167668041,-2.40736832007621
"687",-0.796213640041567,0.229705396969922,-0.493029824528233
"688",2.132298156378,-0.919204215812006,0.104168352293361
"689",0.181540258344794,-0.618799214746539,-0.19554310918802
"690",-1.17772035941384,0.684669326454549,0.282362721032759
"691",-0.101632465388532,-0.535872158859896,-0.735183304279907
"692",2.27178546194783,-0.947744097402927,-1.21565748370541
"693",-1.05038348842396,0.235726945552508,-0.971468261323064
"694",-2.88342887364099,0.631662875467221,-0.709342995260544
"695",-1.46273659548236,0.327858021294446,-1.07497119153154
"696",-0.232945202072711,-0.433577570027844,-0.610317385910228
"697",0.404426199207613,-0.719237649460037,-0.594982620008647
"698",-0.791335581388347,0.332976403761058,-0.100711033994526
"699",0.816167070712103,-0.811321296450522,-0.755142268993222
"700",-0.550051930896285,-0.217760915866969,-1.3482643942726
"701",0.624260292496031,-0.733099107648658,0.0888215103598978
"702",-0.327890876757912,-0.453475620021554,-1.29857640567232
"703",-0.398791454444947,-0.359441601490235,-1.11765903613474
"704",0.279408843416183,-0.630278262263052,0.137271627466962
"705",-2.64377519724138,0.524677500134355,-0.947223169570199
"706",-0.760756719876933,-0.189719697986368,-1.95451028535144
"707",0.0408828485836797,-0.633034089275071,-1.01348737488479
"708",1.97622078101728,-0.902636216715348,0.407130405421184
"709",1.59105207852601,-0.897621803858174,-0.753997427386801
"710",2.6130110817693,-0.947312339163798,0.0755631286648504
"711",2.40938492893388,-0.939569200073977,-0.152772394107382
"712",1.62235413213271,-0.90753717224916,-1.05822790241206
"713",-0.454594176794188,-0.0857451030308983,0.0383504780407223
"714",-0.952180020901985,0.35945293194023,-0.40236472621234
"715",0.651517252116853,-0.78504422455733,-0.790294922366833
"716",0.325681680550964,-0.771614029815604,-1.65980298824595
"717",-0.435281535109315,-0.289253231117686,-0.946553074623789
"718",-0.0442543630299157,-0.633714330534872,-1.38736889277379
"719",-0.800628046561411,-0.182961010914818,-2.00867719044921
"720",0.0716118716505018,-0.574734762526975,-0.229564006919401
"721",0.515800291092233,-0.691797989185749,0.338401218207968
"722",0.117704410483874,-0.686768632808619,-1.29622272988187
"723",1.74249676255298,-0.891391560843009,0.0332918002591516
"724",0.257014127689214,-0.640594508256696,-0.112396023132054
"725",1.44453990988858,-0.884169295149272,-0.713416361076715
"726",-1.48862268801284,0.229698014125972,-1.37953163921563
"727",-1.2502232476736,-0.0652701011939946,-2.115582120222
"728",0.746702072958318,-0.779742602371572,-0.332285722455324
"729",0.428673534296552,-0.752007798520815,-1.01425349767624
"730",0.810654186560348,-0.796202499413213,-0.442687544771042
"731",-0.219209343698124,-0.481888323908594,-0.906793846341093
"732",1.40064138997798,-0.910713108546854,-1.76985754520024
"733",0.14088486172026,-0.594226222020599,-0.098613279682213
"734",1.5142300707762,-0.936452379447027,-2.45242492895342
"735",1.57428067461565,-0.893065752419698,-0.627453255321214
"736",-0.205235660193645,-0.605699839131547,-1.81846385125905
"737",-1.42205858821911,0.41544504579628,-0.787660691028528
"738",1.86316525029821,-0.936524526652912,-1.69484758625478
"739",0.369015655598343,-0.71451182131238,-0.666320930053075
"740",-0.101422905188403,-0.506476992607613,-0.466298048974294
"741",-0.932340899648229,-0.266153652088151,-2.49043282699337
"742",0.72054292410201,-0.801489298409375,-0.874788434913938
"743",0.901807893434845,-0.828994231403279,-0.869965905880456
"744",-0.889862976329631,0.103896111732249,-1.15710065724804
"745",0.187083592779959,-0.640403129932323,-0.439280726853102
"746",0.337672200043422,-0.694183948518631,-0.496601485373102
"747",-0.326069356425463,-0.423592696079618,-1.08710257795243
"748",-0.534302936781246,-0.126578642744278,-0.822212712574253
"749",1.63040759750668,-0.890686036931807,-0.342612376795875
"750",-1.60271964675192,0.533127380264145,-0.564691092944288
"751",-1.00834591329653,0.356120276923519,-0.51404450845865
"752",1.28235501960775,-0.848707167509626,-0.0830935248626192
"753",-0.644216022255647,-0.386611892418692,-2.45116414485953
"754",1.04839195086846,-0.840154701423449,-0.661695148966768
"755",-0.232877745939341,-0.444110333381506,-0.690959284434772
"756",-1.37884232369137,0.460394238125802,-0.619936401028655
"757",1.7085224647578,-0.89289365900015,-0.15858308975618
"758",-0.502132140692099,-0.100467030488669,-0.446022269128578
"759",-1.46201494698885,0.489269973956646,-0.598802639600687
"760",-0.588900632501797,-0.246031127421597,-1.66549193789097
"761",0.211315332703907,-0.678204238990247,-0.812130131567515
"762",0.965754393585337,-0.850263578788349,-1.18341803191769
"763",-0.811237446164646,0.313416012438102,-0.2314874526469
"764",0.0383953206401129,-0.608882490169219,-0.765688787759728
"765",0.428464231499897,-0.814515529988806,-2.00300824612572
"766",-0.816297346244503,0.244027966959915,-0.496255442200149
"767",0.533769318573409,-0.711809971119595,0.0759071130961101
"768",-0.542360506902394,-0.214668583013172,-1.2899601904774
"769",-0.438176609974232,-0.310973284100619,-1.08889951287028
"770",0.0735852430883202,-0.570204081112015,-0.168919183937059
"771",-1.06093910925498,0.435031661868426,-0.340379818249761
"772",-1.96919303889985,0.790986418792405,-0.0259781504974481
"773",-3.42702134145167,0.882660224747273,-0.141369153491427
"774",-0.179958444905561,-0.38437466348605,0.115620455193474
"775",0.0817570519463594,-0.663363602261422,-1.17250076602383
"776",-1.19256337750202,0.447308822854491,-0.477585137051536
"777",0.497082954621755,-0.734141238086406,-0.461128419257038
"778",0.271668700126642,-0.695983561898884,-0.797352227150561
"779",2.5550891251514,-0.947517795389145,-0.192076837887432
"780",0.951592789823868,-0.823118533775939,-0.559839078101261
"781",0.334947955915336,-0.654043916938288,0.073538711296809
"782",1.04260846916437,-0.844139660153877,-0.786074961073504
"783",1.02912224193447,-0.824862771918045,-0.327548225511114
"784",-1.44876829040042,0.211226195621327,-1.41025518396097
"785",2.27999568516295,-0.944730148962156,-0.986996123672501
"786",1.49730111949813,-0.896447465164361,-0.997388730871788
"787",-0.643618495991456,-0.266473345376565,-1.95340653095529
"788",-1.5688569151421,0.400356969974838,-0.928504850763047
"789",-0.957840661194739,0.252764714305372,-0.772087311511324
"790",-0.480490184671102,-0.140329574484501,-0.472232437857672
"791",-0.287997364500352,-0.379408319270878,-0.548693426442178
"792",-1.23553513011334,0.137148178801318,-1.48157459858359
"793",1.4437589208748,-0.922909722568215,-2.09946768251567
"794",-0.309318526478123,-0.276048814787577,0.0301626255555399
"795",0.338680820542085,-0.699102059823829,-0.563835398074791
"796",0.0638587893037497,-0.677323996005279,-1.39974017931941
"797",1.22487492561747,-0.842537078356751,-0.105503493668233
"798",1.25598469655924,-0.87208427870862,-0.905086432155056
"799",-0.22574399705137,-0.475031258080316,-0.88936072091073
"800",-0.794737035082807,0.11848578367394,-0.895483582152111
"801",-0.636288178021407,-0.189710930800814,-1.61045067740218
"802",-2.07986168559999,0.252483131283598,-1.55033459984829
"803",-1.74489926117667,0.76077898131523,0.00228875278997648
"804",-2.15695446942323,0.452671227400451,-1.02427872761182
"805",-1.0950276013034,-0.103637727041267,-2.11606772745004
"806",-1.23925025970424,0.426922608503918,-0.592118933902523
"807",2.94720378764625,-0.959084286271355,0.514224732205243
"808",0.294530977538111,-0.673715660544476,-0.392772410732217
"809",-0.971746182443757,0.247936771685431,-0.812152631985653
"810",1.52684103441079,-0.856970169216357,0.592056449877904
"811",2.29191818795099,-0.963542703450812,-2.23158904338676
"812",-0.313362875519776,-0.43324119352271,-1.079163312008
"813",0.0350154963986568,-0.547001017581512,-0.121030073270035
"814",0.595016389256148,-0.888264623969811,-2.87831059540881
"815",-0.575149600864138,0.147755396046794,0.159446923329827
"816",0.855861643084587,-0.788208873705406,-0.0916899396658457
"817",-3.63838716408092,0.533330823920376,-1.06322725461316
"818",-0.520896205124014,-0.171684878417046,-0.945944776781144
"819",-0.715531192031007,0.127287238559965,-0.623404183773249
"820",2.36478514325916,-0.949785698201498,-1.06709469159072
"821",-1.35476536766207,0.742013690852247,0.24649797368346
"822",-0.152770062426309,-0.529621854889605,-0.944332518643222
"823",0.0855317101338888,-0.661651324839939,-1.13762046470364
"824",1.18933256245921,-0.81920029561071,0.452058206909437
"825",-0.962620635307634,0.38816493444239,-0.325849727397609
"826",0.289176623948927,-0.689410405542392,-0.634221367554427
"827",1.28027662350862,-0.887824060826997,-1.32637658075711
"828",-0.771613541971767,-0.271948862425264,-2.28231718244427
"829",-0.0484381192704004,-0.594470422505005,-1.02413128925205
"830",1.16077739346297,-0.855837960451224,-0.722290047809621
"831",-0.58958843009381,0.0560632298356189,-0.340826325184733
"832",0.222617128191036,-0.646533307111704,-0.352969723703907
"833",0.581389406779851,-0.775802320328332,-0.867655208892926
"834",-0.0606178198941628,-0.461571332661745,0.19077447126898
"835",1.38471537692356,-0.904630820659783,-1.60036856944717
"836",0.131476541788913,-0.549020117340937,0.388775834947033
"837",0.0560926642437987,-0.692068709809014,-1.59118097552889
"838",1.21763875211718,-0.882450762426692,-1.33466136152814
"839",0.804178920126712,-0.796111527905372,-0.464587157859907
"840",-1.45477700917394,0.387841286798727,-0.892759324958628
"841",0.5167558779257,-0.735952418828321,-0.412433333069637
"842",0.830487824907931,-0.795787350933591,-0.359723843632612
"843",-1.50281323244785,0.311427738869289,-1.14837516080759
"844",-1.03879118098797,0.397485753992037,-0.427762744146678
"845",0.24323960609219,-0.731676334560098,-1.38626102213353
"846",-0.044372448046658,-0.605612286664228,-1.11382600694868
"847",-0.295212366541464,-0.344590237026672,-0.349068413777656
"848",-2.57299651957984,0.285402270330074,-1.56947410844459
"849",-0.309393779515831,-0.502305014568624,-1.53338300687886
"850",0.349603396750904,-0.730131034691456,-0.973882996786708
"851",0.456538812082759,-0.678543211617901,0.278681690495237
"852",0.225939130159421,-0.770165385000908,-1.94952610046113
"853",1.11505860487653,-0.857892609170738,-0.926740805795417
"854",0.747796081846592,-0.884219753482745,-2.5034052951105
"855",0.86355917820956,-0.797652562935083,-0.277295438267921
"856",0.276966421009436,-0.65798497772084,-0.254724337766949
"857",-2.55776095098638,0.763145939709353,-0.294848569928559
"858",-0.593542560158478,0.123923863546058,-0.0674019356528791
"859",0.542484533541817,-0.884831817886469,-2.91265245958404
"860",0.0172226507950979,-0.707918099871135,-1.9005885893481
"861",0.705026204494279,-0.752652497711544,0.0538517249421878
"862",-2.36353098259291,0.732681546995089,-0.325237087342156
"863",-0.890009264025143,0.218165460241176,-0.761088914058448
"864",-0.93160276955816,0.565893429220158,0.340779906722628
"865",-0.197510723346398,-0.666269985796881,-2.2744600291779
"866",0.648254285938765,-0.838589202727793,-1.82792949967238
"867",-3.17902821735278,0.752840183627962,-0.441108388800274
"868",-0.0139624356520239,-0.614563708302148,-1.06518895244446
"869",-1.86012189406075,0.500337140686866,-0.78818414135373
"870",0.624265779670056,-0.821934234730809,-1.57913199370485
"871",1.50304711096892,-0.896774994527441,-0.992399989531879
"872",1.37352802132443,-0.878315045936942,-0.737122654483405
"873",0.131151178575505,-0.736064205580875,-1.82703448921899
"874",0.19149494149424,-0.757862585107513,-1.89825674127715
"875",1.84556642967655,-0.91412277191479,-0.657705993648268
"876",-0.0382045659459269,-0.62348036355781,-1.26128320316256
"877",-1.47035739360264,0.0531146155643206,-1.88848984463939
"878",0.801639488174263,-0.767627590490388,0.145829806750159
"879",-2.04214188688202,0.920241074118691,0.298954942878266
"880",-0.356445118117081,-0.270006585578194,-0.27412956446213
"881",0.974550508051907,-0.800224248435711,0.0928649294227886
"882",-0.342197255730668,-0.318208935484256,-0.487382252608561
"883",0.661028174429792,-0.847744814338978,-1.97088772908877
"884",-0.0332362834219871,-0.807619781578626,-3.05873597975915
"885",0.211954711875018,-0.683146958965549,-0.872996147034116
"886",-0.0630967588759828,-0.460128973851527,0.189334991251768
"887",1.64106418085211,-0.911305200694511,-1.1586873751794
"888",-1.32677434676969,0.3872472039174,-0.79599291908429
"889",0.167435641834592,-0.625452905672241,-0.346073519060193
"890",0.85780476264388,-0.857779156306338,-1.66798866505575
"891",-1.46279183426589,0.607792620834105,-0.250117009757765
"892",-0.242318005507252,-0.540276713507496,-1.47658874202082
"893",-1.31711978547681,0.719359745688295,0.217841746122917
"894",0.0586022373311326,-0.545847830468251,0.0198336646966358
"895",-1.38650186436624,0.502649576516585,-0.500014357046162
"896",-0.832802076919671,-0.0864871805772315,-1.72040161475442
"897",0.856015666707088,-0.796084327256689,-0.270132172654817
"898",0.302988468438713,-0.731549462013373,-1.16817203501726
"899",-0.0678787399802587,-0.59804063693345,-1.14814663582031
"900",2.13422272755119,-0.938266479493401,-1.0355851961849
"901",0.267866575065794,-0.74461517449085,-1.47370807911485
"902",1.4208725462868,-0.859190876913475,0.0882440370478425
"903",3.60356756015846,-0.987345826581169,-0.169981144256528
"904",-1.10259826164218,0.686878407976204,0.403101084580315
"905",0.568156697130382,-0.756479076214736,-0.568927204418323
"906",-0.0490364883801981,-0.53364272971704,-0.436976663792164
"907",1.57353644093914,-0.906772057157519,-1.16920787530616
"908",0.758746670875239,-0.881693579732283,-2.42775670515275
"909",1.43664291794464,-0.932914304051042,-2.4702676677672
"910",-1.85625261743557,0.752555171544528,-0.0801774284867652
"911",0.105997871260969,-0.629395432858484,-0.680467551720263
"912",0.946952172370104,-0.807695957352113,-0.199113361009459
"913",-0.0154573827239484,-0.616087494115269,-1.08728128831921
"914",-0.711306980927091,-0.103911376212578,-1.50581566357164
"915",0.0562392677213442,-0.588362199895307,-0.457597727255225
"916",2.76010730081141,-0.954651186893482,0.0496588619156664
"917",-1.38795954584357,0.319598306807524,-1.04776735529366
"918",-0.228458315277974,-0.444422358097046,-0.667476945022126
"919",0.617126057417921,-0.822214839342171,-1.60512696217623
"920",0.24601763301878,-0.602744717843961,0.338471792717445
"921",1.52236124490804,-0.896433541557716,-0.921244657425402
"922",3.91479658721814,-0.996662237292208,-0.548283791408254
"923",-1.00695340206817,0.441810462578056,-0.228985154372897
"924",-0.915190677297139,0.301580962395979,-0.525437809032725
"925",-1.23378247562166,0.674464278209013,0.177074332045431
"926",0.188766811569021,-0.559222711776098,0.588174289054017
"927",0.455507753891811,-0.731099627878179,-0.577524642083234
"928",2.17533988445606,-0.922632399285903,0.0663053285490031
"929",0.445539917754188,-0.685984142648158,0.107084338840921
"930",-0.143369736507605,-0.412221555946367,0.119538207139974
"931",0.204437321098374,-0.666173524253279,-0.687438824565027
"932",-0.00410278622690728,-0.680740571675967,-1.6966817717025
"933",-1.34461965162635,0.0989257274507241,-1.67910934425199
"934",0.372297319983593,-0.697940926987229,-0.404329478840693
"935",-0.11437393178723,-0.481907335473512,-0.317282026957924
"936",-0.662282187761335,0.153240989323249,-0.308154087973682
"937",-1.69279262744143,0.324001713363529,-1.21241481437907
"938",-0.579512748463206,0.155097368896689,0.161898634677814
"939",-1.52274423406029,0.70353428478976,-0.0157679663785272
"940",0.374561296130513,-0.70543137136496,-0.507299743079394
"941",0.477316010084122,-0.720051771151451,-0.307618151065671
"942",-0.434170340239058,-0.311512058742751,-1.0653979051746
"943",0.0802437257820319,-0.73735972586088,-2.00851559558111
"944",0.196340572636125,-0.63508786523641,-0.329047070675579
"945",-0.0295631538012934,-0.581624903639781,-0.808379225083071
"946",-0.464023136344292,-0.397951546895202,-1.72858541459175
"947",-0.385625513648745,-0.31440632105164,-0.757938041063745
"948",-1.19182476939165,-0.12317687878316,-2.25459565448046
"949",0.245712062981613,-0.626850891510723,0.0163433885487735
"950",-1.47287272764473,0.597892391919886,-0.28712760055544
"951",1.16524112834031,-0.7963803944465,1.01335500216881
"952",1.976767790128,-0.920468870783404,-0.541077508782685
"953",2.23310938347069,-0.932141548760943,-0.315468807774206
"954",-1.74588043757436,0.717968549707521,-0.119597298448239
"955",0.697419467460344,-0.770700995185228,-0.33850457143542
"956",-1.19745935810193,0.382248749507623,-0.685705998328337
"957",0.120911508164031,-0.614654314545843,-0.439219846231053
"958",1.07141128481554,-0.870176384489576,-1.39228106029621
"959",-1.39021569117041,0.288322312123196,-1.14276059694673
"960",1.47697164417098,-0.897916160423407,-1.11149581899093
"961",-0.882757746232269,0.4916619788939,0.20596200473958
"962",0.018062664097294,-0.620881065695406,-0.986091551472115
"963",-0.473330533404776,-0.122504020862439,-0.319456722800607
"964",-0.194095526914953,-0.318197135078819,0.558392257529133
"965",1.41384090464533,-0.881430165037744,-0.715127042562027
"966",-2.30886625452883,0.747631575600615,-0.268881487320702
"967",0.671529094269189,-0.803845009890135,-1.08612844047436
"968",1.84144288750294,-0.917541075154173,-0.835602497663465
"969",-1.8312918663583,0.158636528057139,-1.73522035135448
"970",-1.29740736092566,0.183597910081311,-1.38919133240001
"971",0.404715412299832,-0.682673868091856,-0.0283044894323608
"972",-0.0535275668705379,-0.460868331165317,0.241124231467359
"973",0.137687319162707,-0.746945238416097,-1.93497638254863
"974",0.809820099164878,-0.778848516267173,-0.0656594895082845
"975",-0.124811091072377,-0.486173787136945,-0.415022617093
"976",0.950477723032008,-0.873664670719575,-1.80255343827699
"977",-1.81064633005556,0.312585461196112,-1.29496339300002
"978",-0.170620058996641,-0.458782186948595,-0.443928929301213
"979",-0.321704815592285,-0.273189272828648,-0.0413248733792422
"980",-0.802681374359569,-0.0354434654760698,-1.47578028383409
"981",-2.47878055858407,0.649894774585686,-0.577729080490949
"982",0.546233111920612,-0.772324959286063,-0.93078087325334
"983",2.20683888033708,-0.92864296113392,-0.189182584161229
"984",-0.736969466144947,0.113100722653981,-0.749621861700306
"985",0.234412165033287,-0.730552433966878,-1.40289436236485
"986",-1.37729390430232,0.494827271064933,-0.515646305971638
"987",0.437132677464249,-0.689630971976831,0.0102346268302583
"988",-0.586912672987415,0.0379360080032725,-0.404703118344379
"989",1.66738237984453,-0.900134314653742,-0.610911230810051
"990",0.0612696043250586,-0.535227655066157,0.151131764445156
"991",1.32046018389843,-0.867590452250671,-0.554613770112357
"992",-0.279262352561205,-0.5683423149426,-1.85599919383599
"993",0.439690801366813,-0.741068420335617,-0.799480576383707
"994",0.175211376020456,-0.697921550321824,-1.20664306850924
"995",-0.0235750227479497,-0.488061335122241,0.155360614085032
"996",-0.501537929669126,-0.324072894249778,-1.56912093857767
"997",-1.1619328031851,0.494410087737138,-0.292888543528702
"998",0.352954378967183,-0.710947800065386,-0.67842001099055
"999",-0.76527329831778,0.140857361261956,-0.731679152200414
"1000",-0.585811523393145,-0.0208395522392802,-0.657697982660878
