"","x_child","x_pa","noisetmp"
"1",-0.338194200937173,1.47991572580065,-1.41733775983895
"2",0.21415599966922,0.988537056388341,-0.485699056404144
"3",0.596240784820201,-1.58813349407875,-0.838386152815001
"4",0.270857217160795,0.0942129954963477,-1.29650005451731
"5",0.49388728474193,0.769870340659757,0.162195140411617
"6",-0.6372034943206,2.27916179935487,-1.02975797489849
"7",-0.592116146336934,2.29900805189217,-0.17990121809581
"8",0.0661773079435987,0.159004156668165,-1.92681411072125
"9",0.918571537947998,-1.3073249908017,0.138177669459399
"10",-0.433126029422021,1.95626150382585,0.182770190702267
"11",0.313588737149254,0.522761220207351,-0.831726278320498
"12",0.310495692338577,-0.0641654879169899,-1.25065216914179
"13",0.386260882773195,0.406769287606182,-0.692458080561729
"14",0.597092971104989,-2.01099706929715,-0.902162800643543
"15",-0.269513613499793,1.65687179769876,0.0363296593845633
"16",-0.472226914936299,1.97038431125864,-0.200109274168545
"17",0.221591492509996,0.214816593384164,-1.38736526409825
"18",-0.688122978822707,2.42291304617117,-1.34980494746734
"19",-0.342085079896694,1.81272513931959,0.318919917432333
"20",0.756928180953943,-2.22402480457999,-0.48877915206342
"21",0.579935747335565,-0.22650167627597,-0.486323325618948
"22",0.822822117330824,-0.814471420444088,0.00595127134378637
"23",0.441018095424601,0.412981495008439,-0.499750570967326
"24",0.235459243812528,-0.418343210815683,-1.61951617428642
"25",0.37794484436371,-1.4180201308595,-1.42835732696521
"26",0.416357398984753,0.757907294005398,-0.150220793687822
"27",0.233607696596993,1.16471822145457,0.141829456244807
"28",0.351174307819884,-0.529468998828777,-1.30420164620111
"29",-0.811507144017867,3.17420887018722,-1.88981042457359
"30",0.652920727194559,-1.46059682529677,-0.653986308097373
"31",-0.498483356273374,1.85256306337649,-1.06378395825045
"32",0.64926038994989,0.303469053671716,0.0990873569498493
"33",0.966018895840112,-0.765435522869558,0.446343110053094
"34",0.217967056629608,0.776864463029111,-0.86689502441858
"35",0.0311800709450643,1.02531226325836,-1.16695865668142
"36",0.314440585485863,0.272480438450662,-1.04237997047437
"37",0.694703405489675,-0.37759685425425,-0.205074226463965
"38",0.480282901397877,0.656542167481944,-0.0732510439223539
"39",0.248817574555123,0.748686313932003,-0.792070533326692
"40",0.0635429402572546,-0.514833161159488,-2.16654913833718
"41",0.542316395428999,-0.189971369031432,-0.585111020687432
"42",0.494958241816144,-0.69420871000009,-0.925012875660546
"43",-0.093329535777637,-0.316908945220889,-2.5956622133358
"44",0.259473033793338,0.0181260275112721,-1.37275543506172
"45",-0.312545199293098,1.51386775496146,-1.07876510920051
"46",0.720402379492256,-0.682465093431316,-0.250990602932188
"47",0.388725626855776,0.320087178121983,-0.758357566712915
"48",0.724744645958832,-1.04902434940446,-0.352385079150867
"49",0.491954701476009,-0.161372467069049,-0.727927339411865
"50",0.573591557061887,-0.756487678633169,-0.710899856168905
"51",-0.482122608659504,2.01609007892699,-0.0767727232747629
"52",0.00201579990763127,1.25473005632304,-0.597193319009715
"53",0.785065318718687,-1.86751477586983,-0.356067668824289
"54",-0.731734243196836,2.84771355037755,-0.466864322534856
"55",0.582672663413149,-0.832542578962596,-0.706761359558852
"56",0.422146793425482,0.824693199299825,-0.00771316105546355
"57",0.984218844959469,-1.73015608579097,0.227614010664302
"58",-0.0684942564574796,1.18457206888905,-1.19773858113047
"59",-0.269855084892648,1.05566424519097,-2.39230331276831
"60",-0.537865891827556,1.80401405627848,-1.66289021829552
"61",0.604036324962333,-0.0718174110973603,-0.327971395233148
"62",-0.335059239858338,1.63870735297216,-0.604612325268789
"63",0.474306091235718,-0.65433975776488,-0.974243023413244
"64",0.274062948830342,1.05211369326981,-0.0648854908572535
"65",0.00928810620159848,0.458573238208364,-1.94401311260277
"66",0.872202658012176,-1.24172026880497,0.022134650778058
"67",1.18229828110432,-2.63682698817766,0.620832409720519
"68",0.342916634649746,-0.164171929506736,-1.19441716450559
"69",0.128675578079631,-0.0588243128630026,-1.822804051203
"70",0.0383897520980649,-0.250132117083707,-2.1718177981448
"71",0.884176751899396,-1.82353639812929,-0.0710744961968242
"72",0.0126580695020254,1.27058514183454,-0.471971099000116
"73",-0.756191345086597,2.66124717582541,-1.9665470077821
"74",0.506714435922556,-0.634539608983276,-0.871337062153453
"75",0.203616799761302,0.0993419667157653,-1.51088275392077
"76",0.87453365273184,-0.558551563305896,0.258496854031231
"77",0.349115365884854,-1.74469746073497,-1.55861382708681
"78",0.647301106254123,-0.0333577193750651,-0.167754095756064
"79",0.144677651647332,0.760801442665851,-1.16547183969108
"80",0.395877138015638,-1.02051702784743,-1.30069837197039
"81",-0.339530696066477,1.59050375936473,-0.889766081684221
"82",-0.876524209416928,4.11098719918011,-0.697175214914294
"83",0.396152941810076,-2.91681568883873,-1.54872836041244
"84",0.705898244491215,-0.610474770198076,-0.267865255562369
"85",0.282998587865506,0.428457276700386,-1.02629445557338
"86",0.0914107048316763,-0.0888380985603437,-1.95206520720857
"87",0.870343914712432,-3.67444185825605,-0.332847588651753
"88",0.611364922404055,-0.16637886883867,-0.357832189295865
"89",0.54105411515493,-1.99522589012816,-1.05587736437324
"90",0.30609901577953,-0.704368931806117,-1.48880891858449
"91",0.319447194336247,0.830322730493045,-0.392412963030001
"92",0.428491625714989,-0.120710753579925,-0.906524514446088
"93",0.498159506458796,-3.42329173353486,-1.31073014622126
"94",0.700555268270794,-1.13703911799661,-0.445410459316698
"95",0.972402831931137,-2.21405305492986,0.107875730828065
"96",0.556354883207351,-3.10207813963211,-1.12998553538277
"97",0.941288736687152,-1.82665204049385,0.0882144359313627
"98",0.900917527362167,-1.04305402842223,0.160751711781205
"99",0.442885505484165,-0.929603028848182,-1.14258473817887
"100",0.537287657484397,0.0222825277364294,-0.483115887115396
"101",1.1450742224862,-1.67524802678322,0.691937057202872
"102",0.240081818465403,1.09494008798912,-0.0800364526915042
"103",0.735740499264474,-2.59220852309264,-0.593272986525529
"104",0.483620229777275,-1.3842170693952,-1.12132265725
"105",0.677744062217208,-0.163864789516992,-0.149329494555596
"106",0.206647803236837,0.895667094547451,-0.712346102837786
"107",0.631500083686146,-0.0917783114882808,-0.253095835412775
"108",0.489549243055892,-1.10265053697219,-1.04721541401542
"109",-0.863126151201313,3.94097536908068,-0.494784573478826
"110",0.553272024633205,0.396336902897502,-0.133422732231183
"111",-0.102258634003779,1.26708375810171,-1.07132537744719
"112",0.309541001641975,0.920621330008338,-0.252066520241605
"113",0.315037835680346,-0.128795797216959,-1.26600219260766
"114",0.0269191677258939,1.26366409411094,-0.431786194940057
"115",0.666129460615962,-1.01134807205554,-0.512528781089692
"116",0.776718165851509,0.0497546201612969,0.302097810593584
"117",0.471428289224789,0.525504732422265,-0.2757201916434
"118",0.739041799170224,-2.31718884857167,-0.550618150474894
"119",0.844054240521043,-1.1951636213814,-0.0466180041546617
"120",0.628191228628085,-0.369367319979604,-0.404426137037637
"121",0.560060471372014,-0.52509320827993,-0.673779534018913
"122",0.420220436662635,-1.06172103041133,-1.23903183684683
"123",-0.316072288496579,1.71841376661193,0.00194486711915171
"124",0.187564218970942,0.790621131909171,-0.961648938246873
"125",-0.53936710910343,2.02388363862531,-0.755339690026762
"126",0.413160672708207,-0.918422134036294,-1.22681252691747
"127",0.730349189664926,-2.57004809977642,-0.605470172494891
"128",0.215773291323533,0.0561592855528264,-1.49371875832849
"129",0.785606938574105,-0.740079538438827,-0.0780197631544061
"130",0.155324494417892,0.899494013614573,-0.908606404120874
"131",0.549858563114972,-0.215574903627231,-0.574251675729022
"132",0.595716633810204,-0.433527394079622,-0.530550375287164
"133",0.814236158838855,-0.162644516984666,0.277386305270447
"134",0.569755832338826,0.328477744956523,-0.143691406697539
"135",0.231555911910241,0.261665391042261,-1.32491915896277
"136",-0.0521400477568685,1.39745537964558,-0.0840193523477261
"137",0.152568658233632,1.01172664582935,-0.687186278978052
"138",0.792008826175537,-1.83863542857525,-0.331710506927884
"139",0.485980223887956,-0.646377856453515,-0.936959714850148
"140",0.0751771393251027,1.14842151436034,-0.64636885593041
"141",-0.279468836792161,1.28370361315893,-1.91730474781462
"142",-0.394151718956639,1.7384565454742,-0.592867678121249
"143",0.822039444091188,-0.891556125307157,-0.0219821028371707
"144",0.460241520599965,-0.597503226962532,-0.998346431875241
"145",-0.195110391884885,1.4355279523866,-0.722504572133421
"146",0.34017372606537,0.494605731526548,-0.767415968565539
"147",0.644092263391919,-0.971346565208127,-0.565889085347625
"148",0.436222542678703,-1.92822414653646,-1.33902958383391
"149",0.394700826416011,-0.970092414328892,-1.29282757045317
"150",-0.334696108260357,1.50437395347228,-1.27829733524249
"151",-0.650594381020176,2.3351357904317,-1.01901781351509
"152",0.339165634199502,-0.377537326804644,-1.29005011335527
"153",0.61736674254193,0.239518789277447,-0.0645405507763969
"154",0.371678924268199,0.123298058857447,-0.953419890314238
"155",0.385130848119329,-0.583114395563986,-1.21880846890963
"156",0.668918778394694,-2.39936562997664,-0.753798648043319
"157",0.778689904470335,-1.70820541479835,-0.345779320294411
"158",0.723746349326608,-0.329533597503469,-0.0935104375166231
"159",0.277374540579169,0.458191209381962,-1.0194776358483
"160",-0.191701308777382,1.48288933247136,-0.424763997759766
"161",0.522819407927589,-2.58018369296338,-1.17404332703876
"162",0.541920301793628,-2.0887668893041,-1.06578663036949
"163",0.545787326824563,-0.366459490630838,-0.654880542137155
"164",0.830785807207319,-1.74088971052885,-0.20545522026211
"165",0.358152006183514,-0.954316821090618,-1.39589806301192
"166",0.718445778744418,-0.0575081128022772,0.0421618139447215
"167",0.288423032276976,0.128170634774864,-1.220512837459
"168",0.777207439977442,0.0972866033650381,0.340322180315693
"169",-0.166132999651825,0.949619820361706,-2.1169557562351
"170",0.418498511164362,-1.71526602199263,-1.35960208162975
"171",0.835704566199292,-1.26216631203547,-0.0878491947101235
"172",0.705888487448124,-0.481512402216381,-0.21667274838383
"173",0.0214346068841852,1.41415782189859,0.477502782626011
"174",0.418955286191192,0.259570235113461,-0.70498334808176
"175",0.55266299011019,-0.37601172630699,-0.637879002066443
"176",0.412074818946649,0.619546504354048,-0.370622923843841
"177",0.651999043884614,-0.152984498154025,-0.223668661803303
"178",0.519638495374763,-3.52704799191775,-1.2601984836383
"179",0.701825713289551,-2.36210920969133,-0.658778783229338
"180",-0.0626516991977137,0.0961308644934563,-2.37224836976495
"181",0.732495154209158,-0.70395240271347,-0.222697659377655
"182",0.656211306667037,-1.93722974219367,-0.726885865177884
"183",0.444731871050622,0.583431391930388,-0.300001960393837
"184",0.255837234632274,0.954905040740775,-0.392549446207011
"185",0.870804895748709,-1.30758548373847,0.00138844376822742
"186",0.480068031246001,0.144208484328194,-0.587817904757875
"187",-0.275293413674375,1.65662115176733,-0.0131238072393433
"188",0.603496044361237,0.56015537737605,0.232685345987272
"189",0.147415983772787,0.956038968142141,-0.831379160188216
"190",0.163920601180545,0.742660135977067,-1.11748936012276
"191",0.0143925273019214,-0.609892437399804,-2.33564635670504
"192",0.152257556770172,0.957813815401881,-0.808000492158053
"193",0.35234367191716,-1.76463681482389,-1.55220905394029
"194",0.295726300542329,0.231239100176985,-1.1326883831202
"195",0.798226444183425,-0.866059030068333,-0.0835764611832404
"196",0.326635346348192,1.13148055401992,0.436139435303534
"197",0.582569226944572,0.305264088966976,-0.122157195633835
"198",0.208423860147676,0.926158291178932,-0.645709130584251
"199",0.221259230736119,0.821649627609589,-0.784918465453943
"200",0.917133355580378,-1.63533472873035,0.0583829380265544
"201",0.140248437164008,-0.315808960696673,-1.87825328312558
"202",0.451376310815795,-0.578616344662918,-1.0188161321021
"203",0.339564264971223,0.146986808088058,-1.04307509801092
"204",0.318462775007524,0.658736127836945,-0.658012777240464
"205",0.481563528956189,-0.208933314083437,-0.783071501649131
"206",-0.719449729187592,2.83622910865858,-0.149364044455413
"207",0.297255980303339,-0.462285453660133,-1.44585045498637
"208",-0.595002432871739,1.94973202252877,-1.7330094235513
"209",-0.174100593933199,1.31196690784057,-1.25659403823483
"210",0.451186837314864,0.475604728622272,-0.401671974837729
"211",0.187052813816098,0.340556810278529,-1.42037749085165
"212",0.603529410033517,-0.95825095784255,-0.680680120030583
"213",0.72578321169833,-1.33105207627187,-0.419017299370673
"214",-0.0838551568158417,1.36760856389787,-0.463536381324878
"215",0.857326640186906,-1.79003412625365,-0.140115522790859
"216",0.432510586305993,0.359699561346696,-0.577605726303708
"217",0.28065357599526,0.69827194925825,-0.74412043559445
"218",0.620941158838262,-0.480575404871608,-0.473079643184685
"219",0.478721853477675,-0.289821348006901,-0.828036324548967
"220",0.075627793708245,-2.0368735690778,-2.35456314123022
"221",0.211149000247914,0.521327428495366,-1.19185214670645
"222",0.584745026855152,-0.862008562945044,-0.709127152194557
"223",0.684265538036503,-1.55891083396537,-0.58415265746435
"224",0.280319779848745,0.708125906367809,-0.731982955958089
"225",0.629523544396902,-0.410474135710669,-0.418201694371837
"226",0.564602754848523,-0.9448501787699,-0.790770562622302
"227",0.412700181265627,-1.14960882698792,-1.27930529581416
"228",0.411693603401402,-1.21327322705975,-1.29489662386904
"229",0.308133409809395,1.15315595781372,0.43861295662139
"230",0.284255885143744,1.12528389196033,0.221579040671456
"231",0.482117125269646,-1.02084672819773,-1.05004699313568
"232",0.495194810305737,0.539508543104141,-0.175651318937159
"233",0.572562707660329,-2.27010197041228,-1.00353748404939
"234",0.48632142815714,-1.03618784819124,-1.04141964438438
"235",0.637950419677814,-0.75253809032065,-0.519278185862837
"236",-0.377490281684237,1.56242139041204,-1.3110118623449
"237",-0.245469055600746,1.12612577316227,-2.15961105777208
"238",-0.169166753453228,1.45074754557489,-0.469030481740561
"239",0.777465339747894,-0.453804456181601,0.012000575448461
"240",0.575113831732806,-2.1605986504362,-0.982995750044679
"241",0.633582992160565,-2.39240409002043,-0.85006847268537
"242",0.412654173452633,-0.164334023927433,-0.976858042046358
"243",0.561966434794634,-0.873908933544265,-0.779326447525125
"244",0.771134258007225,-0.519720238090123,-0.0358727048426976
"245",0.647554148206994,-1.89426208748969,-0.74451897920154
"246",0.725695150424902,-0.815338068825222,-0.280446083859422
"247",0.366127326386729,-0.229030788269858,-1.14998953478742
"248",0.685569336519519,-1.68039537387185,-0.602739783768009
"249",0.27912712492949,0.552349910107138,-0.922322114687802
"250",0.70823461049803,0.02473855732744,0.0647427304403248
"251",0.807771650888556,-1.04910723161885,-0.111426380246887
"252",0.0767858021139863,1.22593157691785,-0.351155494841985
"253",0.0392306135164824,0.745939097932614,-1.57897504286431
"254",0.808977364302835,-1.06581356970251,-0.112671302962994
"255",0.55473388135489,-0.221575004112707,-0.562042764354649
"256",0.463297845666437,-1.69415945548799,-1.23050971940645
"257",0.215900241172631,-0.555308593685497,-1.71852542091671
"258",0.299197890080661,-1.07244733763496,-1.59214585809038
"259",-0.541907686941841,2.00387524203101,-0.878527589725982
"260",0.673186013893369,-0.485723620614465,-0.317254318431087
"261",0.304280726820698,0.0943781915899219,-1.18852296638631
"262",0.649992218753816,-1.90898520108846,-0.739960148280193
"263",0.68490005711113,-0.226923464146069,-0.161253175719849
"264",0.641210581009603,-0.396836628965671,-0.376755938699951
"265",0.613589131459243,-0.754123603766347,-0.591852910484169
"266",-0.353574266103809,1.68014133221642,-0.538914749140084
"267",0.232697075595606,0.389594312027177,-1.22983985606698
"268",-0.446123664703419,1.82271423473264,-0.66753257746851
"269",0.527952658857211,-0.598211552369902,-0.795889576287044
"270",0.503883697426015,0.323073158487216,-0.369667899893211
"271",0.99871444936914,-1.48802786425665,0.322020347398389
"272",0.366233733043311,0.326498593476905,-0.828659836196854
"273",0.915631348012122,-1.34519446254581,0.120220989085311
"274",0.64774206908647,-0.57002801724944,-0.426886486604472
"275",0.321703473358397,0.305623685518144,-0.993978974622297
"276",0.595559821240282,-1.05861369106314,-0.72972311823128
"277",0.328444285053321,-1.58878969509763,-1.59519719958039
"278",0.511163203949579,-0.233847918869218,-0.702878647465269
"279",0.163345874916977,1.09676590349533,-0.41262351270905
"280",0.541352513776991,0.387256664628901,-0.183068096920554
"281",-0.418774049729706,1.71635847151027,-0.924489543375211
"282",0.218371781098008,0.825509772384633,-0.789721488365136
"283",-0.317554255879004,1.74084130211051,0.121156165402396
"284",-0.515492986049966,1.61952884554721,-2.13664113929449
"285",0.600232782773687,0.293684078631649,-0.0737026961546943
"286",-0.121791903630516,0.820700289178075,-2.10316757998247
"287",-0.463618006138823,2.00750927563407,0.106047906101041
"288",0.488672058344317,-1.47723215735447,-1.12362737869545
"289",0.188712590814804,-0.0140758119303731,-1.61342635789563
"290",0.36771998456962,-0.474036557037906,-1.23641449854095
"291",-0.734057800660672,3.0134164631208,0.480375314202296
"292",0.470172905195781,0.688114203801622,-0.0628481536713173
"293",0.503244439051038,0.478475480749585,-0.218208476967607
"294",-0.254791901945206,1.56195154005701,-0.406687484448291
"295",0.632423797969286,-1.27512015713263,-0.67388667040004
"296",-0.0605248680650176,-1.13671593616992,-2.64336013095791
"297",0.549996965512313,-0.243586035834477,-0.587252393535479
"298",0.643380882072176,-1.80905879628666,-0.742853724959459
"299",1.09880527743509,-1.45081948568116,0.615524579426473
"300",0.593580052115676,-1.06858790197971,-0.7379260201078
"301",0.532009448586695,-1.27586106494837,-0.961923528896169
"302",0.757712572718251,-0.581255838143416,-0.101439101236628
"303",0.903372259727552,-1.27609133618764,0.102664153177149
"304",0.398271212282026,-1.12294798257225,-1.31552620938616
"305",0.548230637211337,-0.0801877563341795,-0.508770305444754
"306",0.707459760800902,-1.65190556581497,-0.535965109202424
"307",-0.289967741983795,1.61240097172737,-0.388222752724109
"308",0.663844931671054,-0.622892326420493,-0.398141350015818
"309",0.212543958472921,1.09096207253268,-0.213873997190701
"310",0.50675726868969,-0.611249301086983,-0.863638125976517
"311",-0.174740541965324,1.2921651380236,-1.3430980359187
"312",0.551280988755963,0.0859282323210812,-0.396976314086542
"313",-0.398126391021268,1.6418285127362,-1.1019117943919
"314",0.640726621850439,0.643133270942499,0.487691394464739
"315",-0.0621869454039381,1.46557738940902,0.319031100206416
"316",-0.673619016500378,2.54591059825645,-0.502890833835422
"317",-0.479297798189609,1.61310109797371,-1.87415340711389
"318",0.153328924450727,1.06266318702194,-0.554406318895967
"319",0.0380446790432192,1.05698635834656,-1.06568806268502
"320",0.300650746789888,0.480481409262364,-0.918429988763251
"321",0.648431331931466,-1.80485003361277,-0.728031265509049
"322",0.635625516544135,-3.2718047509472,-0.92999474215501
"323",0.593285331233919,-1.15227386369849,-0.758756049993213
"324",0.304059847850103,0.608087337648806,-0.772193399731119
"325",0.51421829566323,-2.66907506880332,-1.20620066163129
"326",-0.755669216997624,2.93464999565792,-0.792665097849957
"327",0.242087810538936,1.13200491042848,0.0560367715601691
"328",1.13833099691501,-0.916920028334186,0.895357972923214
"329",0.932773021365735,-2.06637282585809,0.0219791215793081
"330",-0.15268285475159,1.51018957003882,0.00911277143808839
"331",0.459299760737718,0.335529333929073,-0.508477985691412
"332",0.301424929493922,1.14601007964956,0.378952308672288
"333",-0.397613848887034,1.76856041474623,-0.469088450035703
"334",0.615337634648166,-3.89528821559884,-1.02858339311779
"335",-0.819525679135853,3.42394170791039,-0.948441584987841
"336",0.55005067939062,-1.19975632927489,-0.894028821914064
"337",0.842285532843132,-1.44475297026073,-0.112359832661243
"338",0.569865124669148,-0.529687280981198,-0.645946751419781
"339",-0.640055074872529,2.00066793641009,-2.09762705192358
"340",0.334700831391334,0.716675634487054,-0.518999752760232
"341",0.0276447397193076,1.23495562982923,-0.553944131241604
"342",-0.48443173370681,2.01902080986869,-0.0898887315540458
"343",0.822742479170351,-0.999513767178517,-0.0534363981279549
"344",0.625601494189254,-2.74785403002971,-0.910323863196841
"345",0.372255843519245,-0.934013197878804,-1.35009299749328
"346",0.646332897435488,-1.6036847841981,-0.699658427016814
"347",0.55363592125792,-1.61273668248452,-0.962951501123282
"348",0.426916391024099,0.538584234747048,-0.416850202737038
"349",-0.0504733114075631,1.25553319728201,-0.856957164227896
"350",0.548510201833668,-0.555938421660915,-0.719639643762078
"351",0.333271930756571,0.509650316276586,-0.776281279233651
"352",-0.0398453098069161,1.34260164976047,-0.370102695206629
"353",0.699104018278191,-1.88503562441456,-0.59911913437228
"354",-0.542068223725284,2.00613515572099,-0.870295447838951
"355",0.490722730158643,-1.79616124676894,-1.16857512795619
"356",-0.504900905210794,2.30947717772151,1.36960878944533
"357",0.397410295578807,0.244455264762614,-0.78761384045491
"358",0.8488914165021,-0.958577636632931,0.0352710180013046
"359",0.786103058044282,-0.164684398117652,0.188355635104842
"360",-0.154900572187147,1.52737476857687,0.104329602037294
"361",0.673460284484447,-1.1699783041441,-0.531708552981312
"362",0.54433107940976,0.720221472864339,0.262617987762871
"363",-0.156870981546501,1.56287110934166,0.322848782675951
"364",-0.433665480403196,1.98328920979026,0.332870945979618
"365",0.713371867699286,-0.865350287527701,-0.33245845256572
"366",0.408494663311898,0.4637919526033,-0.561541847580696
"367",0.176856703029924,1.070161092648,-0.431720799698539
"368",0.0511736194583128,0.406028511945278,-1.83598378989749
"369",0.314410839404001,0.0373826128215226,-1.18719804526915
"370",0.395462519504638,0.94019898472608,0.138834795317454
"371",0.629722849002987,0.501087929819805,0.247921737204201
"372",0.861831076139525,-1.31587144993824,-0.0263412823963129
"373",0.747153481512739,-0.532052540271769,-0.113233007162754
"374",0.522471913109503,-1.69214083767748,-1.06371035096228
"375",0.835601922072893,-2.14986281113601,-0.260557906320957
"376",1.12350454829578,-1.61709060555016,0.644645961466895
"377",-0.0144315649074874,1.31044769358136,-0.413811875832364
"378",0.588544473004173,-0.428024506273915,-0.550085263004022
"379",0.332796901169057,0.759825590848938,-0.460642892215521
"380",0.284375035765718,0.645117786104773,-0.798757227695926
"381",0.311844554914045,-2.51746760669752,-1.74547813814502
"382",0.813159826155871,0.395630314061208,0.750307048704673
"383",0.651540715717561,-0.0257822604409559,-0.149510744078202
"384",0.365076932766001,-0.243141098147492,-1.15909401022145
"385",0.500063034662794,0.675012289187067,0.0264126085917046
"386",1.05055021424194,-1.59710054546199,0.443302306835573
"387",-0.274804755176617,1.49374357497511,-0.923086206956239
"388",-0.123385134236022,0.989157559390487,-1.88175803680715
"389",0.46103020985753,-0.0238075276864922,-0.753141534822096
"390",0.335424597332621,0.736065579989535,-0.487541276077599
"391",0.149586635900584,-0.602884612462318,-1.92962488982386
"392",0.461548914378729,0.24629320077175,-0.574115250363961
"393",-0.191284018075885,0.982353328606086,-2.17294160903027
"394",0.364643093610353,0.0387952136600234,-1.02559401738443
"395",0.732949809930614,0.399801333477671,0.482110131083146
"396",0.391907102968513,-0.0407178133642118,-0.981479874969055
"397",0.294127814843089,0.373021455790852,-1.03451251292495
"398",0.201752361845675,0.910762467770606,-0.70291672705696
"399",0.128108533242338,1.09526144816459,-0.572473101341384
"400",0.651020448092366,0.247074852266261,0.0532809718207639
"401",0.369212614325206,-0.294788398383272,-1.16710297222114
"402",0.62485444745131,0.452317477047206,0.172372318902144
"403",0.892601576802905,-1.85194754695449,-0.0526981542383359
"404",0.870972974918985,-1.42115881601805,-0.025366389198737
"405",0.534686779590352,-0.126391130769619,-0.576422487416184
"406",0.10584709831011,1.0804847566646,-0.711858330788649
"407",0.749679401948699,-0.873809086642024,-0.228526794740659
"408",-0.610432334277361,2.41070321139232,0.0876062410084151
"409",-0.0352876128843888,1.26289299861621,-0.749646401364935
"410",0.431616887562069,-0.144771358520071,-0.908399409902714
"411",-0.025920361428981,1.05995937612326,-1.334239684166
"412",0.138586040656324,0.888100644460575,-0.995011024566375
"413",0.603515015532514,-0.622486005277339,-0.57823585861916
"414",-0.833619039396543,3.59330639196254,-0.726264710647786
"415",-0.764869874389117,2.90179333052832,-1.26747707763216
"416",0.0343918199049059,0.450295954467344,-1.86323676601437
"417",-0.257046285349455,1.30080610432425,-1.74072349303299
"418",0.66810100819952,-1.03048002765875,-0.511903741752208
"419",-0.33212198930209,1.52934711133929,-1.1395835418988
"420",0.761594847442166,-0.199318889893526,0.091869424968667
"421",0.686805144824304,-1.12148541407397,-0.481223608398672
"422",0.543959076671636,0.503802765090033,-0.0476779442889877
"423",0.449048770172034,0.338765605160564,-0.54014667049809
"424",0.356689793402859,0.849505942750322,-0.212521309615852
"425",0.567499303217393,0.00250947191247426,-0.39900177277159
"426",0.13987533707878,0.175627250393838,-1.67773860795214
"427",0.571313243628081,-1.32508077982322,-0.85943164906742
"428",0.475072156423588,-1.44303128177483,-1.15627112290284
"429",0.401086945879013,-1.43859054662817,-1.36593170180867
"430",0.976043738652641,-0.516583299782071,0.582979358538672
"431",0.329754779833855,0.651873220141687,-0.625878879770483
"432",0.77150249657073,-1.22103951149989,-0.261966151883687
"433",-0.771055056988549,3.12410306341846,-0.297169815323525
"434",0.359416374660988,-0.587252150672771,-1.29711541582127
"435",0.256787080241336,0.0746387505107757,-1.35239210562305
"436",-0.53834458460958,2.06174655568946,-0.563114536969008
"437",-0.624807013813209,2.34807165641692,-0.50232397626961
"438",-0.774853757220032,2.95323194072655,-1.37743464285946
"439",0.429180284911027,1.08871490622604,0.72978734076548
"440",0.337646077560602,1.10427480585102,0.383198870387018
"441",0.685177782526329,-2.17461375774654,-0.680328985670497
"442",-0.0679557981214801,1.29034149202035,-0.795082916449072
"443",0.634997562678157,-0.283107393498261,-0.343734799098776
"444",-0.407968851134571,1.87118351880259,-0.01800597188252
"445",0.530479160122914,-0.794567884159155,-0.849547542614909
"446",0.230570138867247,0.522374233499253,-1.12286033071191
"447",0.468230388437877,-0.350348829212618,-0.885384892372957
"448",0.348570832113706,0.0110662754786134,-1.09203316552209
"449",0.437400643892721,0.227690680536223,-0.667931350228191
"450",0.576336334872433,-2.29658001452177,-0.996289559803391
"451",0.905086176966884,-2.38286130745883,-0.102622231638612
"452",0.23983700733838,0.635557796010649,-0.971106619880614
"453",0.525514365546695,0.0292645236657289,-0.516410875464406
"454",0.712613914167628,-1.12883388449721,-0.408500687547281
"455",0.291336992061959,0.884045697650544,-0.400413192690639
"456",0.714149663310958,-0.0413256863271134,0.0390216842820652
"457",0.182766931639173,0.19138812741573,-1.52864583127754
"458",0.668953825416682,-1.99472941945716,-0.699949484015579
"459",0.42581780036343,0.514877086306587,-0.447424362506082
"460",1.03597215015027,-1.03022077930438,0.557075720601571
"461",0.721278958553082,-0.974178514128243,-0.341623086327392
"462",0.682744583532453,-0.180085875097437,-0.142733928868271
"463",0.60089987196795,-0.335324292307324,-0.472764274400351
"464",0.849644247040124,-0.010653331391042,0.490287180374346
"465",0.470022208942646,-0.00711293636232308,-0.715124135175756
"466",0.0718601833822838,1.26314154919581,-0.207078056426992
"467",0.584312041737051,-0.345439176684446,-0.528054198301859
"468",0.606975638992829,-1.00157432976557,-0.682069809298644
"469",0.679809551925189,-1.28605633460248,-0.540497604035893
"470",-0.413546571861955,1.84220601725485,-0.235473285821548
"471",-0.525880762020786,1.99535918049374,-0.721253012071976
"472",0.217790376789974,0.688878515773931,-0.987158215187038
"473",0.480570459763766,-0.342147425445508,-0.844286233345278
"474",0.615715995809965,-1.33132531349282,-0.733755628614641
"475",-0.296787561089341,1.73004822936867,0.244990513159351
"476",-0.739677383590149,2.31720422779653,-2.63484775053851
"477",0.884064782109345,-3.99173370886684,-0.320244616208865
"478",0.434068348733309,0.0371602665901192,-0.804242441487027
"479",0.424178094907528,-1.73386155889548,-1.34630720356617
"480",0.400298667745413,0.784973160595224,-0.164255582024536
"481",-0.422667123992402,1.86683387748899,-0.197816209870132
"482",0.931690146949182,-0.183819454688942,0.630373894214706
"483",0.771890470345362,-0.346828393401286,0.0454777351421599
"484",0.771575986745224,-0.42057307406378,0.00927390374070569
"485",0.607243333884277,-1.73480420383183,-0.832227714592172
"486",0.398193185837072,-1.94330576585385,-1.4469736129507
"487",0.341362910279429,-1.70360415032585,-1.57485361446543
"488",-0.645326517213495,2.3930663734927,-0.663191154817434
"489",0.555668678510924,0.200673509745684,-0.299429127209801
"490",0.217946729191299,0.157152826488752,-1.43309506278458
"491",0.737181820541865,0.328047084331582,0.418042489525573
"492",0.449577070498286,-0.5110178071865,-1.00170008218062
"493",-0.631048960831173,2.18226690088194,-1.3309647049187
"494",0.552611462068728,-1.70808538013289,-0.981459806137866
"495",0.668258391376767,-0.648395175049801,-0.39411686515664
"496",0.244082514679197,-1.30754010791799,-1.79247478621219
"497",0.0625084850376288,0.159716480244605,-1.93842858173701
"498",-0.619541507516786,2.37522874201422,-0.271609453411732
"499",-0.81920465813247,3.20072634352965,-2.15124673821119
"500",0.570205024504547,0.481925384245364,0.0178669253670075
"501",0.477692174859242,-0.61744041393659,-0.952534465881832
"502",0.256307285543029,0.453794282158373,-1.09601202614119
"503",0.640093867846278,-0.0728342546037425,-0.214799033245652
"504",0.286104276641397,0.225937251991457,-1.16790976295686
"505",0.434241240471104,-1.81119492580927,-1.32893362449889
"506",0.585967513034067,0.88983494226383,0.77442192632766
"507",-0.110443395039775,1.56577083951069,0.686765799096577
"508",-0.491504499115412,1.83147964740759,-1.08558151866286
"509",0.0669337683008666,-1.1017301219809,-2.26992728168067
"510",0.577057605433064,-0.136532044023147,-0.449083375730617
"511",1.27169665240494,-2.68994845047918,0.857063447458412
"512",0.482811194066785,-0.0817196109949289,-0.715807070680498
"513",0.536518874131204,-0.137091398360591,-0.576295226405938
"514",0.652397622376476,-1.77335004667484,-0.711792754687116
"515",0.828643446894967,-1.30802719546972,-0.119397622267392
"516",0.427229420601529,-0.377104295082161,-1.0211391178486
"517",0.67545105489753,-2.13367729959139,-0.701666668578644
"518",-0.661814782776836,2.1430210043928,-1.92380750814287
"519",0.711280995947303,-0.492212718632635,-0.204858840394845
"520",0.0806685388709283,-0.0750604403362352,-1.98072746155288
"521",0.155437343088596,0.832144672475903,-1.02143489176853
"522",0.358589568819679,-0.630150393681347,-1.31219319896644
"523",-0.568752959679,1.63364152904543,-2.5168910590108
"524",0.35781966175164,0.742056419878065,-0.394879065973019
"525",0.509362748272207,-0.566307842632515,-0.840784254306757
"526",0.925039689873817,-0.00402086145049424,0.735169268201369
"527",0.263280989830879,0.427203895391212,-1.09492846887499
"528",-0.569382816924086,2.14442338027196,-0.592845542092813
"529",0.72798901527151,-2.10238283576882,-0.551676813125423
"530",0.772379275208219,0.230354026007432,0.438987269206074
"531",0.669596630002407,-0.515855817427918,-0.340253510372995
"532",0.687396077031063,-1.90144192525135,-0.63439942018017
"533",0.435046605411626,-1.31809557116996,-1.2478392378426
"534",0.405699563655876,0.772917910468467,-0.164775618380671
"535",0.14990617464409,0.586133992273117,-1.34612282394047
"536",0.470883922426397,-0.78488557729976,-1.02266433795021
"537",0.427024721357603,-0.589935038234578,-1.09540629232559
"538",0.125143278097334,1.09379145485582,-0.589809593379354
"539",0.513054396747724,0.287767771115044,-0.369554247870122
"540",0.265353974086413,-0.0816805150674208,-1.40114559302078
"541",0.186862750502384,0.728041731661417,-1.05124591585034
"542",0.609732817795159,-0.285181896768741,-0.422545348882832
"543",-0.366020659169003,1.54885119187204,-1.28978321028181
"544",-0.283062217855224,1.58326749487221,-0.497928279674147
"545",0.225939162974629,0.974707484340762,-0.469486597459208
"546",0.737125322610015,-1.01225023386713,-0.306260178596706
"547",0.751154149375886,-0.957284175458778,-0.249574113667058
"548",0.673424841436032,-3.09313690175882,-0.813005498852
"549",-0.376563107281307,1.70846141940597,-0.589783461818323
"550",0.315355575688016,0.394580741754628,-0.944698811006895
"551",0.752676822387951,-1.15903665494625,-0.300554347234261
"552",0.591088560148496,-0.518593015437578,-0.577896479153467
"553",-0.345772345464874,1.68289678721447,-0.457515786085002
"554",0.60393122689143,-1.40352644243541,-0.782085006788878
"555",0.252935999741438,-1.12278189342715,-1.73555069038273
"556",0.606326309565735,-0.0133939415505108,-0.285332865384231
"557",0.0886808624076355,0.391362729211372,-1.71813933521594
"558",1.05623786596623,-0.175587178557094,1.02381098477843
"559",0.662088166409706,-0.111381663589365,-0.168376670967051
"560",0.659603623407229,-0.174025648154512,-0.21152106612661
"561",-0.289780640972853,1.35337555140276,-1.70687266908405
"562",0.886843535314319,-0.497898183297461,0.322708230276437
"563",0.438240672151658,-0.546296264334305,-1.04768948811269
"564",0.835110725603391,-0.645648460940745,0.104448597479121
"565",0.244684144751782,0.151950049394574,-1.34895519219922
"566",-0.710100849083019,2.60611979242398,-1.05658583540888
"567",0.535185910059854,-1.14223421680824,-0.924162557794174
"568",0.564003853864782,-0.51741627978235,-0.659070563378183
"569",0.158211178324167,0.285973486837638,-1.55311729144269
"570",0.424948038874434,-0.558197832684249,-1.09151249811611
"571",0.0782966396306181,0.53973987059443,-1.64169102974337
"572",-0.613715095753271,2.29535211503191,-0.563452498013058
"573",0.604267972017276,0.477508610125307,0.130756024420912
"574",0.488794086570968,0.0186212730074087,-0.640236428681346
"575",0.95494152744457,-0.126611018157142,0.740756325285291
"576",-0.141261678818978,1.030123130835,-1.88663397539449
"577",-0.624428921330252,2.42952048642895,-0.0806031850159123
"578",0.923663986387069,-2.53847822294896,-0.0726844938028663
"579",0.685565160587099,-0.606778277893704,-0.327296858735061
"580",0.781192777020239,-1.80240731654663,-0.355689372342791
"581",0.523748458104099,0.728680130286263,0.200835794318544
"582",-0.435489516950924,1.92914063306125,0.00272399656378064
"583",0.294828620534889,0.886845697713271,-0.381086007845431
"584",-0.178725013587265,0.179192916855497,-2.71781834530694
"585",0.743072524523441,-2.30984393860591,-0.538554622794257
"586",0.693542526405809,-0.839237450488267,-0.382644849128891
"587",0.149191839531395,1.29086639766473,0.337250278295263
"588",0.0351245702296742,-0.0556442761749433,-2.11733048172335
"589",1.00025204958133,-2.44204520830858,0.150404983194204
"590",0.335674088353384,0.243291249399035,-0.992562561586561
"591",0.706716363384625,-2.74106493241573,-0.688769185558999
"592",-0.525864608669651,2.10492256554717,-0.178744590142979
"593",-0.284644021367037,1.51057668706223,-0.902052715599563
"594",0.0657590410793572,-0.906350554032175,-2.24106494653463
"595",0.38674217799301,-0.269808695868591,-1.10309765250081
"596",0.592413243846335,-2.45163002501388,-0.969888642674667
"597",0.208197058543318,0.760878461454825,-0.926852382005238
"598",0.646142337715851,-0.0349173281398015,-0.172408251161661
"599",0.298066090115693,-0.47034083061831,-1.44594203241243
"600",0.811185452967217,-0.863109896906159,-0.0445683058777624
"601",0.32620747907559,0.612759938162793,-0.687296735263116
"602",0.301821602486066,0.873972961383861,-0.379009720744597
"603",0.286114118723993,-0.164263238057931,-1.37172233346602
"604",0.565161301327924,-0.9431264488386,-0.788684823552334
"605",0.70857300739178,-0.593998092469515,-0.253622032648171
"606",0.997915765044729,-0.542108888723743,0.636719627192332
"607",0.41136693988053,0.637615646235122,-0.349308251037057
"608",0.64079835964448,-0.461544304518651,-0.405317158868673
"609",0.251561226575676,0.997858516076499,-0.307758713997864
"610",0.518669445470078,-0.119019214979739,-0.622773993536577
"611",0.594794518818502,0.0981450999265348,-0.248129779728082
"612",0.542497690748966,-0.360350596986804,-0.66236959759401
"613",-0.0874004242534515,1.06803675863714,-1.58226243609395
"614",0.47829575014348,-0.109341650722539,-0.744480433998756
"615",0.908399436726049,-0.653661311517301,0.319723329319455
"616",0.284830820976537,0.452256105024824,-0.999091824048497
"617",0.514571388165797,-2.51886627094814,-1.19042382698816
"618",0.159273030545805,-0.837319274573317,-1.95346640010094
"619",0.230318743833604,-0.639076911896297,-1.69748399027194
"620",0.285041331912829,0.250792845802078,-1.15491512828267
"621",-0.554491548537616,2.10977612353997,-0.549015316790873
"622",0.679702534996808,-0.151512489275151,-0.136267939432023
"623",0.245486106800726,0.341734324973644,-1.22284500632609
"624",0.135212640606117,1.08562156860699,-0.569102823354626
"625",0.160844862506927,0.115939927225127,-1.64068734292481
"626",0.930746815037272,-1.2334750915204,0.192486195096826
"627",-0.132668396832013,1.37793845340456,-0.681500698254226
"628",0.331106991672393,0.646467058978873,-0.627914791512116
"629",0.356922822172132,-0.848520733766283,-1.37485451306013
"630",0.702388340616343,-0.456158964194195,-0.216511375962559
"631",0.743449250880893,-1.53651147271123,-0.412263471428911
"632",0.594372249433593,0.547673034310727,0.183831212618474
"633",-0.221930658067656,1.58644462345356,-0.014652802631264
"634",0.75852533504718,-3.5317225304825,-0.62067691285789
"635",0.110333743178079,1.2271620435346,-0.182151484507224
"636",0.598775049322273,0.0483972114831538,-0.269489309630644
"637",-0.0603509821075165,1.35890735834329,-0.384842544451754
"638",-0.0278903884713816,0.629378027122978,-1.94273460469049
"639",0.217783660962308,1.20829197357887,0.25332599052437
"640",0.423913801235081,0.396618939593314,-0.573457210190847
"641",-0.138220073532326,1.55577307842118,0.412580593464482
"642",0.122677130272847,-0.18567143061071,-1.8893618273419
"643",0.314012938280258,0.372007924294585,-0.967980650407284
"644",0.569256147503344,-0.397442422497473,-0.596190515689555
"645",0.490974753550298,-0.245767105455826,-0.770817020317266
"646",0.558622312885194,-1.11865331520595,-0.85107831120767
"647",0.20036284834936,1.03656706503412,-0.423125793862212
"648",0.69117577361557,-1.46855094614781,-0.546888766738632
"649",0.133022881120504,1.1851141134478,-0.247374668518073
"650",-0.386232718881327,1.86139760054806,0.156061231262958
"651",0.352261885197038,0.751973033420849,-0.400087660076121
"652",-0.0981585719406929,1.44901736885642,-0.0255812835762469
"653",0.539110060374074,0.192511887433243,-0.360033608926931
"654",-0.244385251076088,1.45497779422827,-0.928168604441981
"655",0.48558471906849,-0.345862878177473,-0.830453910423457
"656",0.577392180480837,-0.556812004622532,-0.633202883831259
"657",0.350228032427122,-0.261131634898794,-1.21228288788512
"658",-0.0479253440441678,0.708665754582978,-1.94246872102384
"659",0.73259601643734,-0.378452600861086,-0.0898383552481444
"660",0.475414082821687,-0.768284878081119,-1.0046333807431
"661",0.200842178035892,-0.905548765307186,-1.84538916141158
"662",0.861683724201227,-1.57821876914731,-0.0862536517937548
"663",0.682250277155098,-2.78498116947746,-0.759888629584716
"664",0.376757181635253,-0.276688153072486,-1.13667485362055
"665",0.722953494347013,-2.01947548586973,-0.553446385665551
"666",-0.0171280309504839,0.411187496352763,-2.06573179881239
"667",0.41684648357295,-0.596208578673697,-1.12784877894302
"668",0.63597133537575,-0.627176137043506,-0.482933718912766
"669",0.677857237540323,0.118236504725078,0.0353068067928754
"670",0.551062799802847,-0.487152111013988,-0.686811675992695
"671",0.54054386324664,-0.235742616032028,-0.612796011804637
"672",0.0189919325100347,0.0280124618607208,-2.13671884383602
"673",0.534812719835814,-0.397348062385436,-0.701066184078471
"674",-0.129552641082854,1.46456526278661,-0.127452900462738
"675",0.246487995207486,0.910460864417476,-0.525248629139722
"676",0.459716559094181,-1.57077535522456,-1.22137729863439
"677",-0.329476671765193,1.63465712011471,-0.580976421962494
"678",-0.02862417623863,1.20410337843711,-0.944285241208571
"679",0.220243822227782,0.897742911089679,-0.654557515157556
"680",0.30228306634057,0.357595188386675,-1.01922934831201
"681",0.143822735585515,1.0391552041301,-0.656898684806424
"682",0.531245226878834,-1.7743409702665,-1.05174185552814
"683",1.17948573215893,-2.7086793342695,0.603050504594503
"684",1.01599199338085,-2.82957207952615,0.142503706795803
"685",0.406821004985843,0.00293728701502173,-0.910724618077186
"686",0.557557534554085,-1.89591481396241,-0.996042518285711
"687",0.302817850489095,-1.02785251729037,-1.57274566366273
"688",-0.736401305388228,2.98123897603329,0.172390179904431
"689",0.937057097262311,-1.27060751310998,0.200679889100309
"690",0.0696677614775907,0.247749350246648,-1.86952685049385
"691",0.0879208627821533,0.9911713140358,-1.00264473908543
"692",0.438943648992178,0.566129573247064,-0.341885750247574
"693",0.313344222386243,0.499867968383933,-0.855579030605085
"694",0.514571557574087,0.531750611384661,-0.116973280978773
"695",0.137080253964006,-1.49748299848946,-2.1245538181103
"696",0.653014992957403,-1.88973516797418,-0.7285749860143
"697",0.23320740028358,0.342244683308706,-1.26380825424402
"698",0.680286524427962,-1.63193060459387,-0.60894379601207
"699",0.125460851241743,0.531081611611955,-1.48341458969245
"700",0.751850106033079,0.0391877524090433,0.214587872057518
"701",-0.170678118416408,1.40422632238491,-0.751906169614445
"702",-0.492406146125344,1.79777316208697,-1.24184512890789
"703",0.479362943396903,0.841099626080492,0.245965193625668
"704",-0.811638565608724,3.16814511696979,-1.92278394787857
"705",0.301278765157324,0.279916099857605,-1.08085771236169
"706",-0.370545111303412,1.56054056185468,-1.26844240922508
"707",0.276012849867373,0.525058099170759,-0.961053003913183
"708",0.472356486878855,0.0676315700856641,-0.662967763825427
"709",-0.397877936963152,1.60626053248279,-1.26479706006911
"710",0.635467236156537,0.34967681314516,0.0979231258117285
"711",0.78737898110238,-0.909687187863623,-0.129258000358151
"712",0.426377968123085,-0.453468038418036,-1.05176244616727
"713",0.577070380149563,-1.69692855308141,-0.910871027997928
"714",0.0840496134652706,0.251529511254346,-1.81983899474155
"715",0.327746285371429,-2.40427840798277,-1.69165017305439
"716",0.688893336808393,-0.70232817090267,-0.351595329419399
"717",-0.656988963456026,2.36900920034802,-0.987682168689093
"718",-0.601848955698764,2.21713183843835,-0.737459059509698
"719",0.265318506243153,-0.702109057269493,-1.60931789679114
"720",0.149370705437147,1.23506362126781,0.0451258187083963
"721",-0.0388935854041059,1.08311408336688,-1.33751174748896
"722",0.747194784134726,-0.139157840327509,0.0820136785551864
"723",0.652369909388082,-4.66498794092498,-0.973615016247256
"724",0.18816963185206,0.836836996552831,-0.88764026863756
"725",0.147035363153939,0.752733895106513,-1.16734240610828
"726",-0.221796036064123,1.63789720414122,0.3096141017502
"727",0.547006927089123,0.59289489923621,0.0767012596696041
"728",0.718888190105487,-0.144630706304886,-0.00979069553297219
"729",0.938263255104289,-2.48600266889699,-0.0257154326693453
"730",0.668918155135373,-2.65322340021281,-0.782511617372307
"731",1.01644941383028,-1.17611455624465,0.455252832634433
"732",0.149835743840662,1.22110345665858,-0.0167485105073624
"733",0.626724512969171,-1.62587312226122,-0.758955162128589
"734",0.755706940888691,-1.54467622775718,-0.379189147047708
"735",0.67040128999167,0.405564791129158,0.275444771357839
"736",0.535599822278166,-0.332883677281186,-0.671815168065715
"737",0.0463504143027513,1.23459904485939,-0.463472926580071
"738",0.831555213605952,-0.262887522930723,0.272885497369082
"739",0.299032515703879,0.572642691948626,-0.830216392978723
"740",0.628084828804821,0.123686723030433,-0.121881987289539
"741",-0.330138366721135,1.57587159247115,-0.892832003749007
"742",-0.421788267672892,1.72514588423316,-0.909425387785039
"743",0.0164057104939384,1.17480338721745,-0.831229195591329
"744",1.1526712200672,-1.07667317229769,0.880236217757275
"745",0.582935313355201,-0.513197496559562,-0.600436103220668
"746",0.13666831842471,1.27596216294715,0.188487261942469
"747",0.874646988285648,-0.883465246726102,0.13489732319044
"748",0.761438970463765,-0.217243689375702,0.0813044098545512
"749",-0.0190486702719936,0.966810104936671,-1.49032418361171
"750",0.78458130847129,-1.08856783202767,-0.189691602526327
"751",0.684822063235638,0.139610952114784,0.0744919581672657
"752",0.465287055792199,-2.19184521380961,-1.29054332573215
"753",0.886543155908296,-2.57816960006705,-0.179329912717269
"754",0.53877235659868,-0.275236526510423,-0.636592401745038
"755",0.165433702780721,0.678146386661928,-1.19179300546626
"756",-0.123941321598804,1.08653343676815,-1.70212545641181
"757",0.871251548199711,-2.0852534721181,-0.151792986978247
"758",-0.0855767874334512,1.22026270654808,-1.16263798975286
"759",-0.0259974746894374,0.509825031120445,-2.03046079249011
"760",0.54373857443312,0.47084602353118,-0.0865099918569546
"761",-0.158489025707905,1.43075840763241,-0.521229309428549
"762",0.525764360419555,-0.73133341539209,-0.844848441067396
"763",0.826895227610909,-2.30026500634765,-0.306325337326994
"764",0.568185308927756,-1.55493168009059,-0.911871171936404
"765",0.049225804850677,-0.496524990718718,-2.20530001855952
"766",0.804811927085557,-0.238561267606698,0.203789882229355
"767",0.247206581385301,0.840305436772367,-0.653630014280095
"768",0.17164164090107,1.11952317227961,-0.304021187411638
"769",0.645881184493831,-0.781826395577066,-0.505138472385601
"770",0.454681814299455,-0.000804238511690503,-0.760356713485348
"771",0.41384332615211,-0.683708172477821,-1.16300791266838
"772",0.763682911137454,-3.11436078217469,-0.571163408234257
"773",0.825836557651606,-1.00466586490834,-0.0459667556611765
"774",0.511271750107011,-0.0722075650972755,-0.620911810219234
"775",0.460140190486178,0.288288785442261,-0.545453565200008
"776",0.230557990875164,0.252582679405753,-1.33411712305841
"777",0.128728759656826,0.085003189078466,-1.75965920121092
"778",-0.190848623030905,1.40952692244024,-0.843524456421991
"779",0.0634921407459123,-1.0425208711324,-2.27060384317116
"780",0.650573909916001,-0.695589667356082,-0.463110375593471
"781",0.272447990862624,0.462955852597425,-1.03220024202495
"782",0.297832518942732,0.576955181014669,-0.82973479409003
"783",0.00878989947043196,-1.11301607397358,-2.43980322110262
"784",0.155670009413697,-0.187413112781374,-1.78728184837911
"785",0.762027113885684,-1.05850933950228,-0.246799730003916
"786",0.63588350555726,-1.20823652128481,-0.64893838712452
"787",0.645612087445876,-0.788955907032509,-0.508170132635736
"788",0.591352495974895,-3.2702366439983,-1.04903484777916
"789",0.34472818190483,-0.669025405494342,-1.36449404888548
"790",0.0924277682749105,1.24613032714967,-0.184630350552294
"791",0.12705120839895,0.78495970780291,-1.19915131801101
"792",0.353501780994827,-0.253145933790433,-1.1989624030825
"793",0.377317854508733,-1.53575131939044,-1.44902363546086
"794",0.114601012430484,0.870910809205305,-1.11822454912882
"795",0.576189600933513,0.241804104791532,-0.198677342418673
"796",0.286424938573383,0.509539848764854,-0.939944687580899
"797",0.671899598604401,-1.90021748215757,-0.677467243500226
"798",0.422900591931607,-1.22613341419726,-1.2651827707702
"799",0.417071779829139,0.654432430854867,-0.305712612789399
"800",0.275472765508758,-0.14827831785278,-1.39826412617788
"801",0.368856582520901,-0.664642206909736,-1.29142990979943
"802",-0.20962906546978,1.46502987656172,-0.647146067857148
"803",-0.677725723958882,2.44890885656383,-1.03801685260093
"804",0.361162407850319,0.701987166255689,-0.442663873372423
"805",0.148661469460393,0.569378825205562,-1.36670406910104
"806",0.242283656814322,-0.0862091713986313,-1.4758358755249
"807",-0.534493028482052,2.02815550437969,-0.673841443663748
"808",-0.00142949073642762,1.02190864581763,-1.31174922574562
"809",0.203317579289001,0.914461406348192,-0.689456087071947
"810",0.159483891175178,-2.26818587972176,-2.14261070222805
"811",0.271185711561594,0.138023349380387,-1.27077561120064
"812",0.284273604737203,-0.0765207359278748,-1.33916425782273
"813",0.426929607796534,-0.972154032964902,-1.19932298975239
"814",-0.330182013210089,1.46885980072905,-1.41606964352797
"815",0.423277490756273,-1.87863804926517,-1.36868809403259
"816",0.61105319189646,0.0377642350280069,-0.237237870165319
"817",0.728207149021637,-1.25362110103135,-0.394229162734387
"818",-0.837809557243993,3.46553777536709,-2.03054136400422
"819",0.107289183173254,0.89055182166488,-1.11435348661631
"820",0.766519026709181,-0.852660399230597,-0.172369904349798
"821",0.640554130682148,-1.29977819816372,-0.655969933414938
"822",0.539178431373119,-0.335008207795655,-0.661760087228373
"823",0.380970288270729,-1.97760728207457,-1.49916002409286
"824",0.232114786936851,0.139319748714932,-1.39700336504526
"825",-0.190288982960825,1.31124146788357,-1.34596466376437
"826",0.316234643617855,-0.259329330704854,-1.31653986314681
"827",0.383495669652116,0.0578164637391407,-0.954374049379564
"828",0.772745498619096,-1.45991041927498,-0.313350463420236
"829",0.0782160674677276,-0.967209416811611,-2.21527265148156
"830",-0.455246525808534,1.61511060552925,-1.67675484007443
"831",0.66739696540658,0.488511133024835,0.363209789790131
"832",-0.0472254227562036,1.34920062037369,-0.371260874905643
"833",0.716250124566131,-1.36103816192701,-0.452901674916925
"834",-0.322912093044043,1.47987050576766,-1.31584981674533
"835",-0.0994463657612043,0.712147599859722,-2.12936626405586
"836",0.943438077092264,-1.54144183713362,0.152996593748299
"837",-0.395774604139714,1.78695704268307,-0.354361086061636
"838",0.599673898436137,-1.50203258363211,-0.813090773777079
"839",0.3250481409062,0.367014574147399,-0.934703881264936
"840",0.611779595628235,-0.699807305614551,-0.579752581286513
"841",0.578348946565719,-1.25671072793677,-0.825001969316951
"842",0.62661294501922,-0.976147155755787,-0.618149601167275
"843",0.596500526836715,0.230572608885462,-0.14097511802997
"844",-0.661576588828373,2.4884594646724,-0.527317322671462
"845",0.770817791616901,-1.67464693018881,-0.361692868795152
"846",-0.10604116081096,1.42631228556929,-0.222604695887242
"847",0.542505668183856,0.437213446221965,-0.127658199330756
"848",0.454868298755568,-0.544279340111285,-0.997031331618893
"849",0.0851214779263896,-0.156673690357238,-1.99633471001295
"850",0.0950121040839027,0.0237724121519566,-1.89547311355591
"851",0.654806348165092,-2.25302275491648,-0.774545072662796
"852",0.58547502568519,-1.47202516890334,-0.847787857144099
"853",0.293296982647881,0.196828876136448,-1.16299647713341
"854",0.198945637689466,-0.0159548185592043,-1.58174514234646
"855",0.218698204819875,1.10400520314218,-0.145054183264281
"856",0.074980285747345,1.26212507523721,-0.196239948282383
"857",-0.455392177914572,1.66702655932362,-1.46317836888537
"858",0.571790869735648,0.192831760468934,-0.252667382506249
"859",0.724095853909063,-1.06479990838945,-0.358524300656664
"860",0.123268507721844,0.237671384798109,-1.6979789902712
"861",0.314833896298727,0.76378928616958,-0.521876307042244
"862",0.498114916031102,-0.693506494559264,-0.915419672429571
"863",0.349603705995065,0.477310548444556,-0.751817625527127
"864",-0.640522402207826,2.47052947382851,-0.184456778150395
"865",0.293947601187585,0.920703862182706,-0.314310422777184
"866",-0.308810187535429,1.59059715125569,-0.654126415501986
"867",0.151243905106415,1.13409437871679,-0.347579646724461
"868",0.64308437727948,0.0559856910396162,-0.122168231725286
"869",1.05962064754167,-1.49849500156452,0.492309725246499
"870",0.977209487928247,-1.33072572073568,0.299892984685644
"871",0.932681078563451,-1.93596249844201,0.0441094434714141
"872",0.7952571836158,-1.5130969463644,-0.260683266860215
"873",0.378307261465254,0.131519217087384,-0.926802435059123
"874",0.548946287662857,-0.143330222778218,-0.54066356429095
"875",-0.774033595638664,2.88711441363086,-1.6347150369776
"876",0.526042800862324,0.174547484868537,-0.41628804682724
"877",0.199773460702781,-0.956559156418224,-1.85865311676376
"878",0.711666724881064,-1.91802189301179,-0.569272199926245
"879",-0.0936031141556711,-0.533293836176052,-2.64389653571717
"880",0.6658336798962,0.04249309439093,-0.0585766215840458
"881",-0.131003605700157,1.01835120724486,-1.86411662575937
"882",0.204163271512838,0.580234286309512,-1.15902786049277
"883",-0.83255416041534,3.38190156170334,-2.09560415081492
"884",0.734699592121133,-0.248707925057845,-0.0186284996718199
"885",0.730270002553632,-0.0246898280449456,0.101128401030921
"886",0.345533398244049,-0.965921599558619,-1.43529498748836
"887",0.738847664106394,0.244463108779507,0.341388739253296
"888",0.819000087424823,0.342384457446552,0.708566511887047
"889",0.479919189021909,-1.45510972431571,-1.14461810446676
"890",-0.393052620892139,1.61041474856344,-1.20793118524227
"891",0.683326275740866,-0.0802761346980493,-0.0829647733491435
"892",0.739310067513823,-0.25547078587478,-0.00796609759176836
"893",-0.0178618220636687,1.43478387009915,0.384806826307948
"894",0.746239526563716,-0.766758043605119,-0.203748304082113
"895",0.464090546259298,-0.958572367330393,-1.08768998676549
"896",0.3754914931281,0.407343619430283,-0.728675821109524
"897",-0.0749763297027862,1.04716402600377,-1.57211679599979
"898",0.00985855065128269,1.22977181553982,-0.662300611019123
"899",0.363362858901678,0.975342653694267,0.0969027043816399
"900",0.427715202528279,-1.01762741499602,-1.20748179671456
"901",0.76964637545339,-0.363045068825508,0.0306604446959049
"902",-0.839958091386254,3.45879432030597,-2.23042814917423
"903",0.332768034050226,-1.35847312689089,-1.54725067481711
"904",0.509141739260354,0.515880021846828,-0.154969533439147
"905",1.06927687578095,-0.755160739159958,0.75576507615001
"906",-0.500239099516998,1.94492525213202,-0.656450342255161
"907",0.621592394316966,-3.06339301685317,-0.95046474963227
"908",0.650427408227095,0.26650487800203,0.068685609596831
"909",0.69718081335471,-1.55545488362658,-0.546949921939616
"910",0.52746348006287,-0.49092274232409,-0.75950791879615
"911",0.469222995146738,-0.00724520266678977,-0.717742986381152
"912",-0.614970339794056,1.82613584734374,-2.35691065213074
"913",0.484324379654216,-0.00921890036644134,-0.670829634375937
"914",0.00814053597752162,-0.668552491002201,-2.36637604455448
"915",0.438706923893168,0.80630697714726,0.0205914164695052
"916",0.256876128299074,0.102458380058681,-1.33714121768068
"917",0.361091234908503,0.754836169708809,-0.362463912070242
"918",-0.504712727055812,1.94543884337722,-0.705651662147076
"919",0.971611699215256,-1.09470580988121,0.350053848363174
"920",0.665830275963895,0.18106807712851,0.0458696227748397
"921",0.765237764730832,-0.24626469673391,0.0771098191652278
"922",0.567900990476078,0.23499269484761,-0.231693810902166
"923",0.969529338376313,-0.356931836481589,0.644842613296151
"924",0.843234824004712,-0.110078101783963,0.401319867511662
"925",-0.160679038562238,1.27358313320988,-1.34331241334507
"926",0.546616896671028,-1.40154750192048,-0.945000166026021
"927",0.265342729481871,-0.243567606614509,-1.46778425728793
"928",-0.511361151285117,2.02883868519543,-0.377813256349314
"929",0.47270635815188,-0.0518035175973639,-0.731587494809863
"930",0.748911218629831,-1.35741337849115,-0.358848907775023
"931",0.259136701469068,0.716544258160239,-0.798733188098675
"932",0.361482790262845,0.404794399727765,-0.778738388943272
"933",0.656354028419252,-1.40157793591455,-0.632329024037798
"934",0.630317965875826,-0.268585430381418,-0.351123511675222
"935",-0.25194349568103,1.57888831307274,-0.287458841237591
"936",0.317642986338048,0.690247554374776,-0.619130585195998
"937",0.650237967353978,-0.659213862389475,-0.45162964225857
"938",0.610418154362802,-0.91369200178503,-0.648390268075115
"939",0.195405771105875,0.457735682499564,-1.30261901300823
"940",-0.618424146386565,2.2211790327193,-0.977195987761975
"941",-0.149871104960497,1.40170843568335,-0.641626930787151
"942",0.394770895629673,-1.04764792488028,-1.30982315576398
"943",0.743018173639035,-1.12068410470642,-0.318531658029038
"944",0.493582973749775,0.800000065664409,0.217753371443717
"945",0.0729893576633478,0.315193363898475,-1.8197877567888
"946",0.934912330085741,-0.825001785853015,0.332318680867258
"947",0.465168024607314,-2.52813118380837,-1.32662720247579
"948",-0.570379011820415,1.61321911091012,-2.59054106998768
"949",0.931174659084139,-0.129922284503291,0.664027487002088
"950",0.555130779318307,0.179948425463582,-0.317138656184256
"951",0.52118876509452,-0.977001462202697,-0.925688681497703
"952",0.464027622200422,0.735111177542976,-0.010307256850842
"953",-0.177643388492058,1.5308607296961,-0.0346446381832498
"954",0.798335012759751,0.0470717585193412,0.369390401611114
"955",-0.160608014491584,1.4404276190741,-0.476508936582948
"956",0.392284617404428,-0.174449274308261,-1.04500956403566
"957",0.829941661932251,-0.0384256770789311,0.407862185632135
"958",0.465431886597442,-0.481822463165231,-0.9436368867405
"959",0.791581837955518,0.487800642770649,0.793633225781791
"960",0.425679629583437,-0.842831699448148,-1.1713179220615
"961",0.507574805391547,-0.614501156240821,-0.862260063170524
"962",-0.00175054285789504,1.25518238561585,-0.614110114365869
"963",0.668228504969375,-1.31763196303663,-0.580647865569133
"964",0.588375629981905,-0.319493976591682,-0.504055530632566
"965",0.265165022449789,-0.119131119248026,-1.41815694163124
"966",0.850972051107479,-0.946795975817141,0.0450403329676789
"967",0.623980135897718,-0.311267289980342,-0.390965608207308
"968",-0.757895273029908,3.00435751626069,-0.489605612441219
"969",0.3983131680791,0.525425011780421,-0.532060500845621
"970",0.197292814176652,-0.702926478098161,-1.81151224945947
"971",-0.129986586071513,1.48790343416981,0.020075296190751
"972",0.698509776402606,-0.763982762173869,-0.343903327602932
"973",-0.526988338283805,1.7147457083707,-1.89384475521649
"974",0.0950398720589793,0.988266381352895,-0.979289245820241
"975",-0.0145379416483961,-0.524943447430913,-2.40412796677668
"976",0.613742434085799,-0.0376785968450254,-0.276825008416892
"977",0.29564503523906,0.543618661717306,-0.873201459454325
"978",0.593677765817984,-1.16569512722981,-0.760722417567866
"979",0.369053236388836,0.481402346106166,-0.680337362430704
"980",0.11210484350679,0.504678594427584,-1.55255625085461
"981",0.760421266891069,-0.222078588921465,0.0754608533767648
"982",0.845742159686122,-0.431560643614729,0.229419637350399
"983",-0.0406812042326982,1.00830913877669,-1.50363360965807
"984",-0.11109650027137,1.19151399743745,-1.3775354568631
"985",0.248668553492776,1.0174391771075,-0.26950688656687
"986",0.835492648238634,-0.931671802470351,0.00458430180080557
"987",0.417788474208432,0.817542258224253,-0.0381573812932281
"988",0.446373525679797,0.310895890964325,-0.572797701938595
"989",-0.251011432781206,1.53989811217551,-0.504853557875224
"990",0.599840352786132,-3.52505452491479,-1.04522576593046
"991",0.613346483510113,-1.3550444905186,-0.745443983168846
"992",0.564779565032032,-0.464945578500634,-0.636835571449515
"993",0.887660688815101,-0.296332431935122,0.427205720140756
"994",0.149017502235894,0.547488063176529,-1.38588734112523
"995",0.632557728684333,0.405157211239383,0.145945579878099
"996",0.0366818539925683,1.28134132593536,-0.296863538897078
"997",0.299602463350629,0.952893963454231,-0.219190150249753
"998",0.443269392120704,-1.7557250113686,-1.29582925075145
"999",0.450720649632207,-1.31090044721173,-1.20164603173816
"1000",0.546642363142005,-1.05913575263169,-0.871749784790788
