"","x_pa","x_child","noisetmp"
"1",0.632876091872154,0.481377461633118,-0.312182705419316
"2",0.846401074691437,0.338051045555841,-0.53299505755416
"3",-0.710795379550984,0.511522191372567,-0.867794796644543
"4",-0.129235979098489,0.788284161201074,0.153556515235196
"5",-0.174028719161277,0.558224887019116,-0.578082812841399
"6",-2.28380890405875,0.945416307338221,0.173148694666918
"7",-1.0393915123996,0.595896079479594,-0.679025381502968
"8",-0.380913305819533,0.451884728095213,-0.969656481505641
"9",0.240524090150371,0.414181315388304,-0.848027258968571
"10",1.33363257798253,-0.134819229384791,-0.959018992560975
"11",-1.66082623081267,0.571498651595713,-0.834958302285989
"12",1.36363621250396,-0.42508494754399,-2.40665511977491
"13",-1.15801808484061,0.470058167546307,-1.06755496637691
"14",0.0834426733894379,0.402047683153115,-0.964392433857226
"15",0.325956911869214,0.737562040909124,0.260446210578964
"16",-0.195295848786122,0.279690208267799,-1.44657877853709
"17",0.517775380054031,0.0401313009221664,-1.92157530398063
"18",-1.05405998724939,0.90211888763014,0.220609240764718
"19",0.152513374579661,0.583414455283126,-0.352584318579137
"20",-1.21006280681686,0.86830433649902,0.0916704457575457
"21",0.556312961252773,0.495324225121802,-0.345260141482101
"22",0.250738978623775,0.501328694248092,-0.560203151077966
"23",-0.447724927181052,0.790304463695741,0.0402024366352557
"24",0.324668434323924,0.361154563661492,-0.972029785567836
"25",0.730820649193244,0.455115868786077,-0.282298689925057
"26",-1.47096435491445,0.84939822517771,-0.0056722492288736
"27",-1.13370106786611,0.714664041644928,-0.345643776404242
"28",0.12129350634094,0.181317761526274,-1.6505092617193
"29",-1.69598630396632,0.501421323952428,-1.04106172697709
"30",-0.60102667923563,0.631758731678681,-0.482110322637667
"31",-0.036220357217359,0.559153866979365,-0.520967809441423
"32",0.658101721681612,0.257836125745628,-1.06309772251
"33",0.357055435143902,0.238627856016104,-1.35493285628894
"34",1.87191173427158,-0.616774802881097,-1.7146132293731
"35",-1.99074467640545,0.734784908461194,-0.399745620265706
"36",0.391068617659078,0.535574314619876,-0.353420871984633
"37",-0.69229295686556,0.532590579149901,-0.800839079653715
"38",-1.06718457859741,0.937443334639777,0.321970839862821
"39",0.38771474960115,0.726755281627037,0.275683393431089
"40",0.151947459955049,0.535506731695186,-0.506072472870281
"41",-1.75677723094332,0.77160046312383,-0.268433782674636
"42",1.71895789247733,-0.350687251472978,0.482895768865923
"43",0.125746499079153,0.564422396846357,-0.42763929421894
"44",-0.0136763841154963,0.607475354221438,-0.359455896232549
"45",-1.10444590002188,0.716401562963348,-0.335478234588964
"46",-1.53620436115237,0.507316753761325,-1.00683590875574
"47",-0.860434759510874,0.690716369277965,-0.364883256886126
"48",1.40035904316355,-0.332127986385307,-1.62816536385488
"49",-0.919400270635482,0.550545325513766,-0.792047119676981
"50",0.418573357434161,0.284350442457132,-1.16631054311228
"51",0.140436157446669,0.393837134630366,-0.964514480369024
"52",-3.05227548799287,0.577188538630811,-0.926021864712353
"53",-1.61032172481976,0.866354979447455,0.0237493459634385
"54",1.69257217813659,-0.441541485572513,-0.643800036665547
"55",1.95284818648194,-0.661607070642981,-2.00626889626246
"56",2.45536153697823,-0.713195463684776,-1.02365557262011
"57",-0.248634863288244,0.328381253509792,-1.31150967228772
"58",0.608884576292729,0.505560523718688,-0.255348572940535
"59",0.561667118281322,0.419120400060241,-0.600036564962992
"60",1.5213241590764,-0.380259423149512,-1.1835847875434
"61",-0.998751278266859,0.605173800934219,-0.644633763121238
"62",0.886110756382985,0.311541884171214,-0.563404981687687
"63",-0.436351254529025,0.651412742850245,-0.378095189514672
"64",-1.26686459168106,0.901995247832209,0.180271320059527
"65",-0.511490394493221,0.708890788652567,-0.225634578730477
"66",-1.16056831109557,0.563596131473171,-0.793457768569248
"67",0.00921802881838256,0.779974392719298,0.194075589630581
"68",0.0280424870712009,0.228927601182384,-1.5339744278687
"69",-1.69993477204499,0.213049506083512,-1.87381739224496
"70",1.58092718700604,-0.491838182811174,-1.75209211000799
"71",0.317819739557245,0.527405817001926,-0.432760261481462
"72",-0.220858916017164,0.0187865442714691,-2.25851440836436
"73",-0.309883414894198,0.495347206305967,-0.816593715414574
"74",2.27424371125253,-0.715651021372628,-1.78203428212553
"75",-0.706604843643827,0.106168094827159,-2.0795882539308
"76",-0.406200420036667,0.682441143925215,-0.274642829359634
"77",-0.715592293372541,0.314674512355909,-1.45741882406451
"78",-0.954294978179239,0.11111897156835,-2.09798009054012
"79",-0.523886591109374,0.243175812290761,-1.63634368323695
"80",-0.714537229312189,0.561716205513796,-0.71847059032752
"81",-0.0351895861225925,0.466513818234043,-0.810888963788462
"82",0.718447384707133,0.54917535894762,0.0346448223794447
"83",-1.06322784271214,0.274270966783455,-1.63017919221705
"84",0.601007832704636,0.256288733183895,-1.12217668491814
"85",1.58613576865879,-0.386676727668092,-0.814626323766961
"86",0.0411728107217796,0.527465569621186,-0.586433750377537
"87",-1.59219138582853,0.669880131911765,-0.54249508531031
"88",-0.577496639370621,0.505247904789716,-0.857272777182541
"89",-2.41694713921933,0.921958166770625,0.0939153788231016
"90",-0.40251388287406,0.843334476970247,0.216340525192087
"91",0.425190204814817,0.198281867202133,-1.44811499956355
"92",-0.315604995102425,0.348278288709681,-1.26872870533959
"93",1.00025361684264,0.0743686103418749,-1.26006521495662
"94",-0.626780166314379,0.596374854051401,-0.594749947611285
"95",-0.672566931143979,0.874157672419207,0.227055873364238
"96",-0.883551165069377,0.885859098265599,0.209305175067071
"97",-2.76909362460485,0.788365686121763,-0.312808130983568
"98",0.769441996739588,0.376554430862154,-0.509907323264058
"99",-0.960917259742022,0.756634019276467,-0.190013360169072
"100",-0.759963049499402,-0.063269644599051,-2.59284386187792
"101",0.30394892969111,0.291252940776767,-1.21227059689315
"102",0.217970560574058,0.632262212966863,-0.157284920725338
"103",-1.24710120451601,0.52957861922227,-0.905703769246285
"104",2.67264457483647,-0.718567624601199,-0.170892202942922
"105",-0.987907140947229,0.471420676360167,-1.0377816988249
"106",0.523592673508763,0.167973250277766,-1.48508827526438
"107",-1.57582925770251,0.812535111794532,-0.127363346794084
"108",-0.0109289974785746,0.376588189915151,-1.08357472439418
"109",0.639948836063796,0.43171176576305,-0.476678992726018
"110",1.4339900079945,-0.324884024813579,-1.35818785716091
"111",-0.493676835085697,0.266885613621135,-1.55850000116182
"112",-2.26786929725858,0.879113160772559,-0.0142803209563095
"113",-1.14691828858896,1.05724968299432,0.657819413582421
"114",2.41602565497206,-0.690761452347168,-0.641836025699211
"115",0.512859092473371,0.380261587950366,-0.775276558667874
"116",-0.539672772911218,0.562086695049913,-0.67671817802155
"117",1.96180281503841,-0.542614116545787,-0.24495769283028
"118",1.60455443963525,-0.341034492258944,-0.285475074203208
"119",0.665965197242711,0.344502989029958,-0.752065227844364
"120",-0.680096318120006,0.411204808143587,-1.16183960587268
"121",1.46660910658487,-0.264596217877017,-0.708418295529602
"122",0.732143559198612,0.510396886979778,-0.0835978543374367
"123",1.17607879300961,-0.0313466250202084,-1.24029074510508
"124",-0.739767029388978,0.26442159688155,-1.61176051643733
"125",-0.905360894955628,0.290497410176076,-1.56026929544397
"126",1.12947400616194,-0.153946742879611,-1.91524486122833
"127",-0.16760196540426,0.498093014082704,-0.762009603361108
"128",-2.4095546035023,0.983489590237993,0.269514445828192
"129",-1.96927223575801,0.582825723033529,-0.833372292435459
"130",0.0330198698529433,0.598059808922508,-0.367391770097585
"131",-0.983347965902883,0.922732212955195,0.296236061626841
"132",-0.303962669021415,0.257356380696162,-1.54430855615098
"133",-1.22836694029454,0.964888618143868,0.371161546866142
"134",1.07756042525278,0.021169119492264,-1.30309992065283
"135",-0.182328939288244,0.507283098480517,-0.738693290596772
"136",1.05086604438727,0.300021125891922,-0.229112113431998
"137",-0.128813444319981,0.307575523500335,-1.34021436509685
"138",-0.0378643459123233,0.806254863126638,0.252621358874479
"139",0.43940086720615,0.0807352140061378,-1.8310936442449
"140",0.686096066186337,0.461733404597966,-0.317422563009339
"141",-1.89097028794367,0.867388377702712,-0.00844297365168389
"142",0.472244349128314,0.668270154214031,0.157675065760456
"143",1.01610461623811,0.243840390331931,-0.550343906382237
"144",0.447331848870532,0.402052954902536,-0.754174890082536
"145",0.976004669703976,0.155344706518814,-0.990351959276616
"146",-0.652385266908469,0.324354483081026,-1.41683337875756
"147",-2.00651485799682,0.360500161960738,-1.47385917064034
"148",-0.959829255130664,0.96507784999101,0.426593645255014
"149",-0.876716199869214,0.495542997474362,-0.947449230506282
"150",0.738407062622681,0.310888776312784,-0.786417382734559
"151",-1.2475444873686,0.850270619646745,0.032346821155863
"152",1.12192886046828,-0.0343316761464805,-1.42107351978459
"153",1.76634383103612,-0.580380526532055,-1.73341719431216
"154",1.27464612504858,0.198453898649737,0.351683364063248
"155",1.22372405962738,-0.0138509001487838,-0.97220716219729
"156",-0.199835756891041,0.27531435674319,-1.46139113089963
"157",2.81567302318886,-0.764044770758731,-1.07319869641156
"158",-0.822576859369408,0.835130228402844,0.0727175835816813
"159",0.312709258627542,0.432050187215285,-0.747609896268373
"160",-2.63387865503831,0.436655741612232,-1.29911747728143
"161",-0.95856448976915,1.0826210896751,0.774484693013821
"162",-1.05741492057916,0.326362866663784,-1.47598274204303
"163",-0.508169985326683,0.18166838257905,-1.81923002898706
"164",0.514167113673377,0.380357076207368,-0.773860898674025
"165",-1.14564765996954,0.228060526325706,-1.77624340465197
"166",1.65660852512227,-0.488958818753118,-1.32461157459887
"167",-0.804800086324512,0.550725505064765,-0.769875598541575
"168",0.861789456915662,0.200305043185579,-1.01935321111572
"169",-1.47462289520512,0.707339893762331,-0.418795383317827
"170",1.06962429101006,0.231165577119913,-0.455928670017158
"171",1.24352218272922,0.0290560698024726,-0.672780300344917
"172",0.838291395514418,0.326861983524963,-0.587499138657885
"173",-0.27497588253981,0.640631198919178,-0.359655354484342
"174",-1.9806718320485,0.840204872265704,-0.0964711502052874
"175",1.32821108245877,-0.0268138609733924,-0.410112914462749
"176",-0.976189714399576,0.881153157668905,0.17491944232558
"177",-0.527962256700313,0.867618397566342,0.249213389655039
"178",0.367843552739811,0.766761003812064,0.390613026993979
"179",-2.92884922321205,0.391562773255371,-1.44257092221735
"180",-0.766671571754919,0.6789476520333,-0.379758382544034
"181",-1.40836839886515,0.288824499991864,-1.62759996141396
"182",1.99455788238224,-0.603025197279047,-0.9643698816304
"183",1.82971167313655,-0.486196959531933,-0.286678875628733
"184",0.455064791873633,0.429637129375997,-0.656087667004572
"185",0.389246383953858,0.475430458233296,-0.553568124961625
"186",0.265917158262957,0.247182998270658,-1.37552190214318
"187",1.19888087990934,-0.109530367068463,-1.5149128970058
"188",2.30195322470652,-0.68089567139536,-0.935808114958676
"189",-0.950544576977357,0.753651244314042,-0.196755976670783
"190",-0.539984638511205,0.639932643850751,-0.441798672274316
"191",-0.888536941361368,0.53961153229286,-0.818845898128603
"192",-0.0331355467583817,0.138425025023044,-1.83859528502405
"193",0.705685506924322,0.163406677980474,-1.34696537097067
"194",0.00879336830437274,0.798058618047922,0.250779946876812
"195",0.272310148013032,0.37912646467294,-0.943887648446644
"196",2.1013423722265,-0.58950993482251,-0.188884493269432
"197",1.44819552328274,-0.184896069199873,-0.301978247879717
"198",0.239607669672933,0.505341158133585,-0.55384027897771
"199",0.632212258377951,0.543138771288986,-0.0987293949406433
"200",0.442466557701684,0.795571301750371,0.554469769768042
"201",1.62645201670601,-0.425075044731007,-0.898715878657972
"202",0.589129593174274,0.486335185818498,-0.342692907560051
"203",-0.446362234757805,0.683847981166499,-0.282557566003867
"204",1.13633883030322,0.384734187791994,0.434996680240577
"205",0.396136587533744,0.550292711442258,-0.300849579105675
"206",0.0470024693861571,0.0790631172865237,-2.0007560770045
"207",1.00135718793965,0.106662679799502,-1.12987673558595
"208",2.01607067101075,-0.521678479318703,0.40333039925675
"209",-0.945894735377673,0.791379418408709,-0.084188277039436
"210",-0.156098539107393,0.0823982420449858,-2.04687203593681
"211",3.25154834901645,-0.810558793337175,-1.45713890936431
"212",-0.325150058521612,0.391779358267315,-1.13811685169158
"213",-0.754723911151617,0.805660751670111,0.00108851440749202
"214",0.304875868893722,0.603172789880941,-0.194241593618535
"215",-0.388803941780705,0.117489052038716,-1.99077263873209
"216",-1.97135835479929,0.999559416150773,0.361527371795643
"217",0.144864991917011,0.700651843257541,0.017744104774363
"218",-0.950212393699901,0.806958103944917,-0.0389921295124047
"219",-1.50223895193085,0.547063936140633,-0.887604892200575
"220",1.63174413582885,-0.529039711403954,-1.83162142221425
"221",-0.547031439690487,0.369693985616607,-1.25911023613842
"222",0.422007376244593,0.0886100718288397,-1.81449266809205
"223",-0.0212558182922462,0.749966900339925,0.084334567281745
"224",-0.0873864920502973,0.611118939033392,-0.380039400834115
"225",-0.807450139628907,0.728259327995722,-0.241878619879752
"226",0.41767553531356,0.609512727666957,-0.0871993989832639
"227",-1.09816274074692,0.193745138207222,-1.87148754181947
"228",-1.18296286945712,0.879256225272018,0.128639445780151
"229",-0.244716286235919,0.712962465026747,-0.126380471811726
"230",0.592282803133023,0.32493613990332,-0.893974486950118
"231",1.68142587473356,-0.3506719957848,0.195357930723663
"232",2.50342720661642,-0.682334812295375,0.00798273509260661
"233",-0.452968743314665,0.291130677285618,-1.47628114746282
"234",-0.995217857614294,0.438486951029786,-1.13620536167467
"235",0.398407933587285,0.10152241170204,-1.78440453747008
"236",-0.194884206787999,0.628987015515616,-0.366857779008973
"237",0.682051279044224,0.454631312912262,-0.347398508674212
"238",-0.210374228947522,0.515748274312922,-0.722142626347484
"239",0.131475743309166,0.617603259332367,-0.254988012676186
"240",0.531913361908292,0.510934135481615,-0.315862968138779
"241",-0.325812443283801,0.566053647109569,-0.60493923267835
"242",-0.162526605329683,0.805859046929071,0.193532921836461
"243",0.0403326953525172,0.263211747258256,-1.42131291687689
"244",0.546651766268109,0.319845110567112,-0.951739246974686
"245",0.580014740677095,0.288519354329022,-1.02998670217462
"246",-2.17381828243119,0.291857417809489,-1.68212047005684
"247",-1.37589893730007,0.931731186251396,0.248612435336837
"248",-0.259165709323761,0.227881843192421,-1.62352323428988
"249",1.91443516892418,-0.599528688349445,-1.29600918785949
"250",-1.50447508270655,0.602059180362864,-0.728285044346899
"251",0.248459352474649,0.807067357455329,0.42796663367963
"252",1.27472133961279,-0.105521139063974,-1.17043583460386
"253",-0.773601962099106,1.07719051486739,0.806176338582934
"254",-0.343357397088599,0.829841089481541,0.195981823897452
"255",0.0962364901881968,0.507905044979889,-0.622403369717256
"256",1.74135503958789,-0.425987556395361,-0.162213741275454
"257",-0.688837490424266,0.600432668596222,-0.596954544720672
"258",-0.0249253835534161,0.340333451956068,-1.20264126466209
"259",0.767731041429193,0.0418909981103269,-1.71709981663475
"260",1.02427651375981,0.00352318676033164,-1.4941256936
"261",1.44583860810568,-0.179303288433926,-0.283948045609696
"262",0.984173756612669,0.470711179337788,0.264747849836156
"263",-0.112575768905953,0.727615802226975,-0.0277968013360675
"264",0.00242163349949537,0.341756081066664,-1.18798699167708
"265",-0.642597766543697,0.653451037575769,-0.427165252982498
"266",0.124652508251481,0.552934191734206,-0.464828414758639
"267",1.9751004116199,-0.611716356828769,-1.18696025265436
"268",-0.857934923123812,0.771856907077152,-0.123364693007532
"269",1.69489415233215,-0.381676437865884,-0.0185218869758627
"270",-1.66590137354312,0.368737026929027,-1.42128014369771
"271",1.06256449032477,0.397977931731629,0.208554350710086
"272",0.0935675090532469,-0.0434249523572573,-2.37471622682245
"273",-2.77681395028817,0.663048355946284,-0.667499985065456
"274",-0.50678258636003,0.679767357869634,-0.312381549111057
"275",-1.18874722298491,0.820391660522489,-0.0449589898690472
"276",0.592733910958013,0.436548043012425,-0.510007185115232
"277",-0.0400651911378552,0.581456564670435,-0.452732408726633
"278",2.100691200103,-0.639551891346006,-1.05012872603375
"279",1.5166240631537,-0.274366780414202,-0.395037139308958
"280",-1.58911247566001,0.391962779452486,-1.34666186911689
"281",-0.476365512620733,0.436867843691674,-1.03977640179388
"282",0.346209922272165,0.680699720343411,0.0899682677405226
"283",-1.06595848821994,0.54025067681291,-0.847338659534704
"284",-2.06395040022719,0.475586643463663,-1.14880704156649
"285",-1.45617584016004,0.663467144670491,-0.54378480464832
"286",0.641352183307076,-0.0306691787192329,-2.08236816821678
"287",-0.127160181854844,0.595830216432456,-0.44372021945921
"288",0.868613380360989,0.275766709462005,-0.72747799263352
"289",-2.25412589600138,0.876897306218384,-0.0192919338446693
"290",0.692970876551365,0.0622244063680888,-1.71607082447901
"291",-0.965367349960155,0.455017163788822,-1.08260772180313
"292",-2.0202673914921,0.227781694078869,-1.85510654501533
"293",1.93145055189116,-0.598292888902573,-1.19900381916483
"294",-1.46972853400611,0.380770995322092,-1.36673689127837
"295",2.03735026902423,-0.603673138369848,-0.762250486083546
"296",0.956272622716553,0.530626923450864,0.424268137232308
"297",0.0595820133876091,0.351158568785902,-1.1357800645685
"298",-1.37270680271932,0.899085773929037,0.154030186626093
"299",0.186300129605254,0.206101674684617,-1.54491024974256
"300",2.92665874127389,-0.759013725653585,-0.373949077830785
"301",-1.4308666340814,0.43257848050994,-1.21185430459689
"302",1.0398164652337,0.254403739491085,-0.44589652620121
"303",1.6349816837325,-0.331674370988355,0.0268252177385429
"304",-1.57646408423052,0.404467800540375,-1.30917505847228
"305",-1.54608486878448,0.529932667118054,-0.942401157893937
"306",-1.22048953133089,0.509736017572956,-0.960060250405761
"307",-0.372810141600614,0.804970652783139,0.109642873309852
"308",0.341856274101262,0.523442121746764,-0.42924874190235
"309",-1.12883013983722,0.713540837889791,-0.348108825254774
"310",-1.88907061162858,0.963688104171947,0.268455289259201
"311",2.04953374091193,-0.597903193531933,-0.60747855847939
"312",1.02981129438808,0.295638762132966,-0.306750366473966
"313",-2.83258044936789,0.829074971116049,-0.202266708758758
"314",-1.19242347315857,0.812173565327988,-0.0696889098899345
"315",-0.993108591067095,0.812276357870718,-0.0320517588496848
"316",-0.633870131958284,0.546234120401761,-0.747001318141684
"317",0.649769110349595,0.477591992922061,-0.305866134914699
"318",-0.536228990401122,0.705126114592852,-0.243956179985682
"319",-1.37627401236356,0.673236610893925,-0.504447645719101
"320",1.45713634322734,-0.113006507883272,0.275761612260427
"321",0.481326960705198,0.212947388129184,-1.36279352008481
"322",0.586624806612654,0.217523422029771,-1.26779671016002
"323",-1.08862820251176,0.555863831753072,-0.805000498110285
"324",-0.2351676423256,0.648131315641494,-0.322549900445747
"325",1.95462414081978,-0.524079058339635,-0.019943756548562
"326",1.26751740520623,-0.251754834116127,-1.93287601358756
"327",-1.08281162963128,0.378681279685664,-1.32546289944149
"328",0.204011338325922,0.573031856374241,-0.356519716204494
"329",0.890760316090281,0.17916291295732,-1.05300858679244
"330",0.606215438132479,0.203968052188359,-1.29788316735
"331",-0.00530615125067884,0.104824431752048,-1.93566786326153
"332",1.44135215228935,-0.0978272371636213,0.229196246481111
"333",-1.54961380384,0.268735427800202,-1.69977413725624
"334",-0.893301049234696,1.02559024846794,0.621451102151551
"335",0.876092467140604,0.0308845009729384,-1.63075071779344
"336",-0.126006653935326,0.950320046424441,0.658692325516615
"337",-1.28487528534557,0.534338020219242,-0.896993268982357
"338",-0.0293537364275766,0.505842027124789,-0.685216266887806
"339",1.42012250666599,-0.201688208883194,-0.649415130962033
"340",1.56915312769933,-0.537698592132272,-2.19900842730914
"341",0.79416293644228,0.291182752260348,-0.783974611232131
"342",-1.71341374717326,0.11690189306496,-2.15232044788905
"343",1.76792677016019,-0.593571758239448,-1.8754172470658
"344",0.638636620342706,0.728377476720053,0.552398897929551
"345",1.08985229233132,0.489720952443456,0.6881069377064
"346",1.62947693647364,-0.317996728334572,0.111722333848596
"347",1.50783334683924,-0.201781275423012,0.0896544285960975
"348",-1.10798532153745,0.658155091653744,-0.507333774501952
"349",0.204980425754562,0.32795468343986,-1.14465532894086
"350",-0.0481317531364449,0.602522881702656,-0.390244935515106
"351",1.02290171693421,0.023521639837307,-1.4166898036228
"352",1.96296545673132,-0.583274634102132,-0.829523135014048
"353",-0.303215651059132,0.508618385898084,-0.773905186942536
"354",-0.40901416482161,0.294653454704545,-1.45563117934723
"355",-0.230292540044697,0.518801512371032,-0.719401110612728
"356",-0.0752843734786873,0.680859542618938,-0.157200132501268
"357",-0.607128778139568,0.205282696022607,-1.76618202799488
"358",1.12144688231341,0.0321277791695678,-1.13788865879874
"359",-0.517756652036972,0.364500571385342,-1.26839766945649
"360",-0.603471361856795,0.270251960030434,-1.57010861886748
"361",0.798955368833748,0.14662751615737,-1.3029347006276
"362",0.192189290685796,0.251421863144492,-1.39676251068966
"363",-0.159602850574522,0.282236304463263,-1.42829211274352
"364",1.03717705891935,0.0112780218671389,-1.43621634341806
"365",-0.239057433595246,0.956573871109283,0.626076112596744
"366",-0.0915034460881834,0.501954632006333,-0.722123926546949
"367",2.80386772672557,-0.779390399916536,-1.6832595466933
"368",-1.33132049272249,0.656485377273532,-0.54689398704796
"369",0.668421618744305,0.139987136567242,-1.46514244611148
"370",0.450198632752179,0.276794999206625,-1.17028746981155
"371",0.845945661789664,0.267374164813447,-0.795038273717819
"372",2.36821276758479,-0.663533127414395,-0.23143654790198
"373",0.024615645084014,0.404862175945089,-0.980497184986194
"374",1.04541890585181,0.425463701575685,0.264729406924495
"375",-0.388360912879462,0.493631397407875,-0.84444423704671
"376",1.91261541717129,-0.531334194183405,-0.37281120625294
"377",1.76991725507616,-0.525961362617333,-1.10066137577133
"378",-1.66213661645867,0.745328717437419,-0.332867283866147
"379",0.933708368193127,-0.329793498755027,-2.9297447537558
"380",-0.373705134074723,0.602601460318409,-0.507962985284063
"381",-1.33735048566048,0.536450347548896,-0.897852284098795
"382",0.986740641196333,0.112197169929702,-1.13792471655513
"383",0.297722302676985,0.368813893420738,-0.96291841145718
"384",-1.02951770666036,0.827935118319956,0.00688262576559587
"385",-0.984057220334919,-0.162684488797188,-2.91040116834308
"386",-2.4611668982571,0.126057430721446,-2.17070675297423
"387",0.520518319783979,0.158960153035092,-1.5177558385231
"388",-0.121554089635963,0.413353159239191,-1.00897294014683
"389",0.697218299213938,0.461651009316339,-0.303650961068146
"390",-0.625935130033242,0.598011140751556,-0.58963317465615
"391",1.4351295965911,-0.271430278056997,-0.992644713971869
"392",0.785625072269943,0.37773746657294,-0.482367829418091
"393",-1.86829114815058,0.228969293048252,-1.84094084166651
"394",1.33617965932008,-0.179975566873741,-1.18953422183239
"395",-0.222448646169512,0.234219303034245,-1.59445082185097
"396",-1.13361313932371,0.557103507469469,-0.808397026319271
"397",0.222884219757506,0.637781874936434,-0.136397127278356
"398",-0.448971914539515,0.545394537673959,-0.703598077770993
"399",-1.36454962395171,0.764294466762248,-0.237441336890423
"400",1.84517279869258,-0.490630201256301,-0.245716772564066
"401",2.92958346026985,-0.750705739303433,-0.0122305546606158
"402",1.1560129227518,0.0454011864848363,-0.969180348915657
"403",-2.04760646692203,0.738992367815042,-0.393338503299593
"404",0.416399616361629,0.63912228099569,0.0100301143045882
"405",-2.34726768899495,0.163322385032556,-2.0589101508898
"406",1.39142933933371,-0.0685410567963496,-0.0623688047527199
"407",0.558652780449087,0.640404690210516,0.151907488044371
"408",3.8032311001033,-0.826821803306331,0.33809227410406
"409",0.101240145024587,0.306450769582282,-1.26032809618424
"410",1.66037339372645,-0.538918185893209,-1.78858683786772
"411",-2.42508418439459,0.702302629984109,-0.531120507802061
"412",-0.13098684114332,0.880609942373564,0.439659582104608
"413",2.42288804535389,-0.647343013732002,0.453627144419328
"414",1.1273608690672,0.171324915015427,-0.521478663043129
"415",-0.0242565848241522,0.584791584511653,-0.435389872925406
"416",0.692199585190678,0.381235865955903,-0.593247004432781
"417",1.91792953092624,-0.625727981132186,-1.64004911466725
"418",-0.139476496542729,0.581114077089771,-0.494219331370622
"419",-1.26097617074695,0.581173919595067,-0.756765844616301
"420",-0.497497650364093,0.539103928965486,-0.735464558208291
"421",0.745007541076688,0.458045514207621,-0.252056002863281
"422",0.720396482850867,0.225583679222779,-1.11114726034384
"423",0.383874704948557,0.815751321116623,0.566244163621875
"424",0.45425202614124,0.5280834349947,-0.32773207101524
"425",1.2586930937985,-0.0213400740406255,-0.837925304869745
"426",0.572896745269076,0.449106154868823,-0.486755986041809
"427",-1.23815982870032,0.729650773830899,-0.319000501971327
"428",-1.40456502599669,0.739560124160177,-0.315358191828288
"429",0.882769756854158,0.274243552916116,-0.7092345126102
"430",0.102883802598688,0.460419162273828,-0.770132337554845
"431",1.25083055491883,-0.118705712016549,-1.35163683129517
"432",-0.411394964182,0.357980740578274,-1.26349345795708
"433",2.16521780584339,-0.685305898434817,-1.5910763836056
"434",0.16538459813232,0.590152954006372,-0.323833598988117
"435",-0.494751555304613,0.749973603364295,-0.0964848315125987
"436",-1.76420634656537,0.686250939820931,-0.515259471936631
"437",0.557188465286048,0.746316063007435,0.511441922986739
"438",1.7529926763697,-0.482428671783286,-0.708348518328887
"439",1.78556832059184,-0.688626588534771,-2.89992168813669
"440",0.550141338778457,0.431816324025846,-0.567546970130981
"441",1.69455292041448,-0.433879831946261,-0.553215997821279
"442",-1.12521942012602,0.80956712716114,-0.0653643876954127
"443",-0.149415182555242,0.654773525658649,-0.269490670084031
"444",-0.57707252342637,0.368155390541777,-1.27014592109045
"445",1.56802490166214,-0.250237241776107,0.21437617246423
"446",-2.23566676068681,0.534769392844266,-0.993321843777699
"447",0.522370090808076,0.824390283785668,0.736282850449185
"448",-0.208592569714952,0.751132358057472,0.00518841080524385
"449",-1.71163202019596,0.744298263430289,-0.341824080766576
"450",-1.13468491347626,0.767697747947668,-0.190053729284193
"451",-1.20788516839054,0.67999770086049,-0.459544849556843
"452",-1.92439665180311,0.815239853345949,-0.161968887399409
"453",-0.114694964620517,0.353766987287254,-1.19199895362617
"454",-3.82432766595783,0.553950120374158,-1.02680763846999
"455",-4.10856737143467,1.07780093716009,0.420316664335775
"456",-0.606095331691373,0.448229320156423,-1.03533562670254
"457",-0.457213565424366,0.81134188156117,0.101025369641068
"458",0.946949655079806,0.427039593287506,0.000964605766148242
"459",-0.569034898244139,0.552822217729226,-0.711917156586918
"460",0.120027706521533,0.604106824013861,-0.304221442278284
"461",-0.38145882099824,0.19901479507581,-1.74074385628664
"462",1.65896850057974,-0.4423458805161,-0.86056300287753
"463",0.4556420364736,0.469176827470435,-0.52346655344921
"464",-1.3643757788086,0.877338450808177,0.0920066320584715
"465",-0.711250609757508,0.839833862601378,0.114065475677974
"466",-0.72005247403628,0.788424500204521,-0.0418856361273585
"467",-0.614353457047963,0.40152481359277,-1.17752717596943
"468",1.46352269782477,-0.153243676259411,0.0529677531496427
"469",0.87611243809102,0.311029311083135,-0.58302509077653
"470",-0.936538673687133,0.675621801467624,-0.424890687254206
"471",-0.322271441582534,0.667877037792211,-0.292134412287563
"472",-1.42122767807131,0.397533815214964,-1.31269107210878
"473",-0.155646820240947,0.506357355395069,-0.732167441260416
"474",0.341457162519614,0.0641519592231482,-1.93596294434028
"475",2.66254749916135,-0.717560550659883,-0.19000052749024
"476",1.76993053869325,-0.424550165685508,0.0487326790928578
"477",-1.39816132078672,0.597761786503684,-0.727213991030742
"478",0.412874680279627,0.673007291411974,0.119457442664334
"479",0.873061841784019,0.428497648591107,-0.149543752143167
"480",-1.71106860543573,-0.109131599132798,-2.80438415555247
"481",0.741907314032017,0.396573202016721,-0.476004626768524
"482",2.11611188412429,-0.614457516002362,-0.541250989435318
"483",-0.841925118094338,0.757870008647126,-0.161411857346994
"484",-0.484253827124853,0.816367560299607,0.10773566746578
"485",-1.09481194133649,0.50414657104448,-0.958099248914818
"486",0.471264285704294,0.453695673455687,-0.562564965745115
"487",0.407466297095953,0.604273310707091,-0.113044354278279
"488",0.199756972738031,0.679646880739337,-0.0161361806491783
"489",-0.200370079097779,0.380335150726782,-1.1370876575153
"490",0.544614324213753,0.372505134921114,-0.77437050804793
"491",-1.89097687312032,0.776872033328137,-0.268495055277003
"492",0.410343902545624,0.380183185756447,-0.853842539083644
"493",0.359718435177287,0.281791699423896,-1.21144087735678
"494",-1.62661674490321,0.796781292920078,-0.1796623868848
"495",-0.140815227371635,0.822929731777304,0.256017094298833
"496",0.767109648007826,0.37683704942355,-0.512169094784909
"497",0.153898773930578,0.846223094121583,0.488656624003983
"498",1.06852148899156,0.120803089847669,-0.914283880015506
"499",-0.588966045185296,0.786261799440839,-0.0139803298424681
"500",-0.661294123516853,0.46052864239006,-1.01017984491517
"501",0.416395857552822,0.324344313898531,-1.03496251575209
"502",0.204678098554011,0.827616193308833,0.463144313275208
"503",-2.51260710341193,0.624614743599693,-0.75832895921551
"504",0.709218567207997,0.425726891379989,-0.415205486712021
"505",0.906363122538967,-0.296615973951954,-2.82879500221163
"506",-1.49967235153167,1.0636552941248,0.611958114416323
"507",-0.803089562835069,0.86573447574868,0.168439618522349
"508",1.17751080430946,0.151419955852582,-0.414879378396298
"509",1.47515830210306,-0.293199896898786,-0.848678051016319
"510",-0.888185833563182,0.762015697564519,-0.159094861279422
"511",-0.099302515174863,0.731730722625938,-0.00915014066258479
"512",1.13286106994764,-0.0765703312076283,-1.57272132735669
"513",-0.531599729125801,0.610341197845785,-0.528942427202009
"514",-0.414288098679745,0.732068056751348,-0.126162288069381
"515",0.402554905753846,0.199584093930789,-1.45740390256942
"516",-1.87589523507643,0.298334574341372,-1.64214706959841
"517",0.203235879827357,0.612371171886322,-0.230402467998
"518",-0.98621836089002,0.311552559908172,-1.50974168759326
"519",-1.41230126881356,0.584237883972968,-0.768421192663088
"520",0.72991566078091,0.223869881349549,-1.10659077244107
"521",-0.551923693527528,0.910509671650836,0.371299138242249
"522",1.10553443950628,-0.140418729358026,-1.91358124772787
"523",-1.90584861397618,0.636198502474766,-0.674127572132815
"524",-0.493810367696224,0.423987999533486,-1.08297409065135
"525",1.7679867291374,-0.478441767682801,-0.573823822950466
"526",-1.9442371691644,0.65378015653952,-0.627442368171387
"527",-0.0379050765568157,0.269707262259521,-1.42866085002738
"528",-0.613251981295991,0.710866854649803,-0.247314416516899
"529",0.602109898813165,0.400611673089088,-0.624179119370796
"530",-0.0780554878851293,0.0855318696652861,-2.01692240283394
"531",-0.31331389511653,0.256163192205048,-1.55028272821641
"532",0.453671732790844,0.370614002881319,-0.854403321529551
"533",-0.656846687488367,0.714620906946449,-0.24714599825188
"534",1.77299115367388,-0.525507913328047,-1.07909412833597
"535",-0.191897529271725,0.356787166035169,-1.20725887674156
"536",-2.21076016713635,0.625190327100253,-0.733365398299702
"537",-2.05002883088861,0.744087967774025,-0.37898739947744
"538",-1.01147490147162,-0.0469194217667038,-2.57110878368619
"539",3.56792710077215,-0.821017151374508,-0.693220227881106
"540",1.46463411519375,-0.305449050108783,-1.01208568263337
"541",-0.882377281485536,0.32428470130353,-1.45657121669531
"542",-0.0833442201109983,0.510826701070407,-0.691298235669764
"543",-1.8211452694295,0.625897709160863,-0.69516516277062
"544",1.08877867918179,0.252527053629194,-0.307623906384504
"545",0.17756882656048,0.435294627878845,-0.813558372834403
"546",1.75904715190599,-0.490851572944268,-0.766383295120473
"547",-1.50392172729651,0.968652709277884,0.335584441904818
"548",-1.34146648483127,0.848694695256193,0.01218146844793
"549",1.44268155849759,-0.191178626912076,-0.391732843111627
"550",-0.516224742459672,0.676052199128459,-0.32624798355804
"551",1.36850804374448,-0.324562981742809,-1.78923602206024
"552",-1.28515963073428,0.549399898213784,-0.853027505411874
"553",0.736302710678385,0.549817409652716,0.0629567222064693
"554",3.35804571801613,-0.794202175930448,0.117254257618755
"555",1.34950867874392,-0.0467035475331395,-0.336736497828921
"556",-1.60754580182605,0.486431466852877,-1.07515990479618
"557",0.205817224511992,0.31836607421856,-1.17510674124443
"558",1.22228701913935,0.0561029159224651,-0.650023138031555
"559",0.0258867413212572,0.926952820677758,0.666297001324982
"560",-0.443976229593538,0.276135407390257,-1.51981542766974
"561",-1.88606834971796,0.0484929243280302,-2.3608113285778
"562",1.39787730431765,-0.10467789510035,-0.225393912643381
"563",-0.799271058977462,0.417833651448082,-1.16455198830131
"564",0.167917870640001,0.36509172042996,-1.04337038657343
"565",-2.3497764211113,0.0201382047888998,-2.46655256691875
"566",-1.2086442170265,0.262741927233833,-1.68189069087859
"567",-0.256916131314398,-0.106134361999433,-2.65034729309793
"568",-1.28526093689078,0.0291723688763452,-2.37292280578803
"569",0.861873351726066,0.383541863110984,-0.337732411787569
"570",-0.210198221811342,0.748992041469216,-0.00205523170833394
"571",0.769747580159957,0.544275623423087,0.0947002566071754
"572",0.0808468401181746,0.654105062510762,-0.166119657456702
"573",0.963753223065491,0.539076559745456,0.476788041349554
"574",0.967870079786401,0.503775774362962,0.350395059094636
"575",-1.17827817323625,0.702604647181473,-0.388507894341642
"576",-0.567197820399903,0.622771282624973,-0.500641032166006
"577",2.84149206170847,-0.755876252371742,-0.653820518930193
"578",1.38127676123234,-0.123123286510962,-0.489734202857454
"579",-0.915181774276776,0.730919012818921,-0.256894554746425
"580",-0.605982230680523,0.530178692011425,-0.78884639804184
"581",-3.1236573703112,0.747266398184172,-0.451507816036695
"582",0.0934414888611768,0.346038136046015,-1.13783880808156
"583",-0.478697625647201,0.841818831979894,0.186584580691462
"584",-2.35962774664855,1.04342220940633,0.444776849019308
"585",-0.252568623691678,0.764620575162207,0.0296535631839153
"586",-0.516390782232921,0.494303299905061,-0.875709830770802
"587",1.0217690117908,0.153788560494704,-0.896949529814824
"588",1.24051909978665,0.222152304836507,0.237801433544743
"589",-0.627895842893064,0.437396440274716,-1.07257650604104
"590",-0.360901202341899,0.604532522571487,-0.498160679294179
"591",-3.06077199541959,1.05799793290874,0.426864723270038
"592",0.812392230471583,0.0315001125256393,-1.70664914560734
"593",-0.797285698189054,0.327992566516468,-1.43177959565507
"594",-1.00100504476933,0.701578317434623,-0.360432635415968
"595",0.120102303869143,0.222998449705796,-1.5181923682758
"596",0.621097479383982,0.389286104085633,-0.643941143365579
"597",-0.64547784710242,0.432485042105095,-1.09100986127172
"598",0.148532084733509,0.289194114079478,-1.29510946050823
"599",-1.47324878812107,0.927339056487635,0.220366997136639
"600",-1.5666543771589,0.439508579216414,-1.2066680840349
"601",-0.749282167082699,0.178180690824817,-1.87079441566085
"602",-3.25788379206379,0.709251347701744,-0.565918733230816
"603",-0.88949099488898,0.820906383562396,0.0152975016901101
"604",1.73279328073983,-0.533479381104694,-1.37695978452216
"605",-1.71423607100975,0.645903283389442,-0.626035887036505
"606",0.418615096440675,0.311953835204083,-1.07461174157446
"607",-0.788867217561591,0.55114571687488,-0.765452218979498
"608",0.0264742767758804,0.36129353655015,-1.11712478800754
"609",3.85032547437021,-0.839295632905128,-0.9006175595972
"610",-1.36885534971754,0.631619883946219,-0.624659816781443
"611",0.382422709532003,0.279356258667868,-1.20576157720643
"612",1.80607643849785,-0.554226311538878,-1.24174904754981
"613",-0.157984715784982,0.503216280677335,-0.7427392604533
"614",0.0178270927979189,0.368238637013924,-1.09865566696149
"615",0.0149285696487451,0.428227139569675,-0.910850267785576
"616",1.83239498002516,-0.457115594815844,0.0883671826201185
"617",-0.262893759228681,0.587937122413555,-0.51747777105719
"618",2.84919564747632,-0.749592105063865,-0.37711068361418
"619",1.45499630643154,-0.158024284860162,-0.0571003745855563
"620",-1.12207228571972,0.763875974145596,-0.199045597315158
"621",-0.874449012398338,0.536737889434389,-0.824777721548296
"622",-1.58973704272787,0.383010065977122,-1.37264126166512
"623",-2.23155010390136,0.745927114534111,-0.390703978573339
"624",-0.0073841008577737,0.634792926738865,-0.27074257747907
"625",-0.538244588993081,0.468444324635498,-0.959071086220714
"626",-0.907971155445178,0.565222039349558,-0.746481474878621
"627",1.25344884749679,0.13132508266356,-0.121661852493797
"628",0.242384908654819,0.583113267966218,-0.300689688244938
"629",1.2916820561504,-0.0142731135904781,-0.608658798565225
"630",-0.480152953230919,0.526658038116301,-0.76867267791819
"631",-1.01682314893075,0.324584192531034,-1.47560123350965
"632",-0.0334697489376381,0.26425700926949,-1.44423741274535
"633",3.3161768982862,-0.803276665398422,-0.713272673585499
"634",0.23962377696641,0.401529171119014,-0.889424784532683
"635",-0.184344366256129,0.441073680248573,-0.944205607359011
"636",-0.501939583885698,0.392705165538456,-1.17954088756413
"637",0.736383317146135,0.30717013364278,-0.802187810855101
"638",-2.24257950893663,0.435319998559971,-1.27746122196952
"639",1.10975553662671,0.223989899951985,-0.357657566176095
"640",-2.07259938184862,0.807357540799886,-0.200140660093467
"641",-1.76056113447161,0.620691669180228,-0.703793417931758
"642",0.249043627456032,0.340135638724897,-1.08296341659559
"643",0.03493304556265,0.468208567942738,-0.776309583450931
"644",-0.118635922367299,0.390329829623879,-1.07957639643292
"645",0.968859226882425,0.354534465237156,-0.228504318829494
"646",-0.574082568067123,0.646801737622611,-0.429992955628867
"647",-1.43850209668168,1.08757307815429,0.691642631711877
"648",-0.103749197916992,0.531765976783843,-0.633932567014169
"649",2.23211454206609,-0.626283872675821,-0.150712010055971
"650",-0.472889980246435,0.706724709013028,-0.221020060306454
"651",-1.4177752911061,0.673641404577665,-0.50902822240378
"652",-2.1302587747858,0.849104078383453,-0.08654000897957
"653",-1.51521266183725,0.425863404219542,-1.24073383294153
"654",0.31829542128935,0.136639238732742,-1.70967342065832
"655",-0.282807223621683,0.575228594051543,-0.563123347388022
"656",-1.26389778786985,0.707517430487921,-0.387798356627109
"657",1.09867257326017,0.200824235688826,-0.492453080275043
"658",0.195279843179768,0.462736719913384,-0.716147481488899
"659",0.382769504214721,0.554112323980073,-0.298498965947949
"660",-1.43305932933784,0.700902965132229,-0.43183512165216
"661",1.51960122698037,-0.195757803600849,0.238903049319914
"662",1.76603836796552,-0.491802225715394,-0.73623548093564
"663",-0.268639974934513,0.472645918126321,-0.873716574986833
"664",-0.912458930431234,0.360665801339064,-1.35341194798632
"665",0.0458488381792706,0.378881909070675,-1.05376816785966
"666",0.384110210425227,0.702432998139978,0.192278786458121
"667",-1.66798657873509,0.669706999073673,-0.552038647467927
"668",-0.987088905080701,0.708867426899084,-0.33628304362764
"669",-0.426702602422963,0.692221078378726,-0.251194996041143
"670",-0.344907512323311,0.240259569659618,-1.60655428323186
"671",-2.40646260472165,1.04171342824631,0.435341826000692
"672",-0.203341550168599,0.563269984609255,-0.572972842426605
"673",-1.78852464086838,0.628662415260859,-0.683798287303626
"674",0.18097494228352,0.757498739558226,0.222002615065567
"675",-0.770683809097491,0.603688737034134,-0.605086595495351
"676",2.12465900589882,-0.630296208335398,-0.776203527954931
"677",-0.208311765257686,0.930138113064172,0.557976480101651
"678",-0.564066199452116,0.802840537783405,0.0429925747903083
"679",-2.18609759553402,0.854332296879724,-0.0771174250142979
"680",2.6173997043745,-0.714989304405493,-0.335259514370416
"681",2.15113482881002,-0.63901409937822,-0.804535323008223
"682",0.716642406908113,0.185330296937809,-1.25801450204365
"683",-0.319381057657493,0.175668584856493,-1.79823616472463
"684",0.964338630598847,0.297528451794003,-0.460741164596823
"685",1.0509491456562,0.138683154926876,-0.886757703706556
"686",0.106888191176256,0.59357838115225,-0.344692450253153
"687",-0.369823265249056,0.722954976448201,-0.139566993821531
"688",-2.54790420281828,0.74193051528287,-0.428099868395424
"689",1.18898152768692,0.00401436966724153,-1.03356537791529
"690",4.59702210804369,-0.87002799986732,-0.812240857288902
"691",1.17210594919524,0.219618409655733,-0.133051672343166
"692",-0.939759641308223,0.247629360420714,-1.69219456269218
"693",0.820350468897851,0.300971682078851,-0.710443355294284
"694",1.31581882801992,-0.229594868537678,-1.58702690920349
"695",-1.16012327112769,0.522131323357929,-0.915058289127588
"696",1.29257712218758,-0.0552780010448359,-0.813529841838809
"697",0.625093016751161,0.374398593936235,-0.691344730482743
"698",-1.08785084956677,0.437201984874746,-1.15399241837751
"699",0.477235385879571,0.634897900561187,0.0504686152215807
"700",0.317015273041079,0.453450323926072,-0.674982795766109
"701",-0.730246763052603,0.670425455334047,-0.396992495765801
"702",-1.07692358470341,0.48514931297801,-1.01126701925129
"703",-1.97545983518657,0.601883649752314,-0.779293744620597
"704",0.988084916261042,0.415701174788854,0.0589757326158448
"705",0.0158252172012233,0.661382872117838,-0.176036905578928
"706",0.584098181021914,0.045327049127054,-1.8604990821309
"707",1.2224432066748,0.0827858511752718,-0.52392537303077
"708",-1.08038693789815,0.552253646851308,-0.814310360223968
"709",-1.09461842419368,0.483189914961997,-1.01971061039222
"710",1.51696072089959,-0.298099938913876,-0.576001034465462
"711",-2.54916099201637,0.884929823071904,-0.0226234801329704
"712",-0.78599238018804,1.09603947136698,0.858918363790701
"713",-1.4880935812108,0.429823850241118,-1.22628464275122
"714",-0.864750630321594,0.198258127978124,-1.82800361321091
"715",-0.206570785146009,0.554903072240672,-0.599946267622063
"716",-0.00211813669848476,0.685292024000674,-0.109498435717909
"717",-0.42585884820473,0.628293185227558,-0.445271049094383
"718",0.0459466561430528,0.392956346501116,-1.00925579297969
"719",-0.818508666818639,0.736793374523594,-0.21892909287778
"720",-0.0402924721717936,0.431214617560538,-0.923504056445411
"721",1.35235124647956,-0.0593956636490743,-0.38260224414036
"722",0.758571202477622,0.411866553945749,-0.398275995991664
"723",2.15487637918495,-0.732592826622255,-2.49336514447062
"724",-1.13030932913373,0.718133230213146,-0.334872494031388
"725",1.01400523985759,0.405555170650876,0.0896846417398966
"726",0.0914578475692737,-0.00936335608646177,-2.26717366927156
"727",-0.750488483525826,0.341083042955351,-1.38469672591417
"728",0.299759947752468,0.352487621357487,-1.01495415861203
"729",0.648849362115267,0.56345026751993,-0.0079427987394553
"730",1.03159155813651,0.121424389172429,-1.00402092245901
"731",1.37115424922808,-0.192511613361656,-0.990623398706848
"732",-0.826551379819094,0.739876724017103,-0.211530622527128
"733",-0.494368767800002,0.635374245261146,-0.443255382905868
"734",0.402752399396209,0.262977249997287,-1.24731980470725
"735",-0.478375546582283,0.872082975782522,0.278383691292827
"736",0.205621445177489,0.287611321843179,-1.27418484103025
"737",-0.369779092200583,0.562563068638029,-0.628933986495847
"738",1.44781960834578,-0.285713846450963,-0.996039734567013
"739",-2.24092298418924,0.607670033481531,-0.785826020728651
"740",-0.213678433001155,0.615145183397964,-0.416503215453991
"741",3.17012178030404,-0.783157655124227,-0.281042091035389
"742",2.61502249304687,-0.685417218843949,0.540640418766236
"743",-0.946098830288681,0.338797694881729,-1.42332849022523
"744",-0.346857861452619,0.363189410853698,-1.23134489758878
"745",1.64465289721208,-0.537453418407072,-1.84906484967481
"746",1.61710851954874,-0.364418011022578,-0.405716005981356
"747",-0.356483385670214,0.578624393049674,-0.57592072474914
"748",0.63761981166119,0.435786891964196,-0.465103091817609
"749",-1.4818185569391,0.894762424412083,0.124459818783346
"750",0.168587022370619,0.0239982677169647,-2.13580990050319
"751",-1.87778990216308,0.470609117798518,-1.1472031336083
"752",0.238680734666815,0.259679065384779,-1.34844217469146
"753",-0.336805224738152,0.805621328515275,0.124287827398855
"754",0.347378960193471,0.441934423983351,-0.692959176527855
"755",-2.57050771715673,0.470262923141708,-1.20003364755849
"756",0.0330590412665438,0.633523743055489,-0.255464809711942
"757",1.47370382774588,-0.166589500177328,0.0495171105122221
"758",-1.03014124782116,0.185043172965074,-1.88892692465835
"759",1.69585875258835,-0.413890350979694,-0.340650850264608
"760",1.61279293005921,-0.514631179376995,-1.7920062038096
"761",-0.339142708572322,0.547557184606996,-0.665603035395247
"762",0.491614785459487,0.049535021556172,-1.9055947176435
"763",-0.556846837455435,0.129137146980612,-1.98669728407267
"764",0.0591776801796815,0.469538335113747,-0.76137107017331
"765",-0.151675011234066,0.606790039329405,-0.419224674196176
"766",-0.39334837068075,0.569365139253405,-0.615109348075478
"767",-2.5318548095018,1.05969466844625,0.474619953716051
"768",0.0159294044026783,0.489641776926013,-0.716978422472449
"769",0.088601602357987,0.408021606288783,-0.94314765953126
"770",-1.15265919514762,0.082671182406705,-2.2037887392043
"771",-1.38194584632959,0.662906897775265,-0.535329270768312
"772",0.777784498519386,0.295563564807651,-0.790524596212151
"773",-1.31925023033889,0.556238685306572,-0.837707079535172
"774",0.360931043814423,0.139591583645833,-1.67853343615902
"775",-2.15770701364289,0.791078925453363,-0.25501562157931
"776",0.954773650602221,0.0732594516506246,-1.34958290348989
"777",1.78466782951732,-0.481163619665437,-0.503614548661159
"778",0.646779146505517,0.542575572497321,-0.0831699816268549
"779",0.624019243347505,0.566082930473242,-0.0289374231855462
"780",3.64035689846328,-0.820948779524393,-0.240015547551198
"781",-0.202160401177493,0.176996241120206,-1.76575188287534
"782",2.10560582209365,-0.540832195012347,0.673935050032995
"783",-0.240969252377707,0.632031729181912,-0.374218183377418
"784",-1.02280592693786,0.52161951346102,-0.895276442029457
"785",-0.362964877283426,0.601032917616121,-0.509477396723334
"786",-1.57287769258554,0.533528889556167,-0.935022168965115
"787",0.101987313758925,0.594972988652802,-0.342814314998954
"788",1.02147074050346,0.287206286812519,-0.363052804314627
"789",1.48709566543605,-0.323647047100283,-0.984597409126681
"790",0.537317187076477,0.346033628062601,-0.870631150111505
"791",0.290897928934776,0.130076253342078,-1.74408338351501
"792",0.165594351835052,0.297531188829453,-1.26084743694669
"793",-0.927289002955131,0.756684568403317,-0.183054930378541
"794",0.128419825811062,0.636509599892192,-0.196380236636313
"795",0.977576964377397,0.0422868928254667,-1.42962030283591
"796",-0.171573260824112,0.468094099952497,-0.856294155777732
"797",-0.203517566150177,0.521348889454075,-0.702514791755367
"798",0.468496205006815,0.559038767342354,-0.211876826721724
"799",2.19396522989323,-0.694425408061696,-1.65238260073045
"800",0.483831176278697,0.311184658136091,-1.03098984174582
"801",-1.88381670316102,0.739776453811348,-0.374303023688726
"802",-0.300057194462632,0.354629656814311,-1.24508422811551
"803",1.00307246247345,0.192985691415478,-0.78391487066209
"804",0.175712321360593,0.493778212159562,-0.626983779859862
"805",1.14234763488008,0.347075975882014,0.297773036847681
"806",1.7717135333071,-0.485128622108402,-0.627179773267581
"807",-1.5698045983159,0.785779586614354,-0.204045500721898
"808",0.809390383136516,0.411333850308185,-0.323894467759415
"809",0.510136039257371,0.417118744448334,-0.653070199662861
"810",-1.9298095392766,-0.0961175141600786,-2.77854669650018
"811",0.218058751445997,0.662251581873662,-0.0605562875504131
"812",-0.863426814926213,0.476197084678863,-1.00250020516282
"813",1.42916388579368,-0.15563509961028,-0.270142554941183
"814",1.372060905832,-0.0816490758717779,-0.326056428530425
"815",0.830684358911817,0.17582846133163,-1.1548539791982
"816",-0.0243382359203245,0.566078662203338,-0.494138616756774
"817",-1.55145596599928,0.590015599240646,-0.768897919247915
"818",-0.983386600549278,0.59281531565614,-0.678423008584245
"819",1.79600783565793,-0.607435619115493,-1.91686275619687
"820",-0.174180984415243,0.205727095162418,-1.66946903146645
"821",-2.76554647337808,0.486326651220678,-1.16626994901517
"822",2.3333832514309,-0.701337017117835,-1.24866850420298
"823",-1.35569072348533,0.364616626248258,-1.40112972213595
"824",-0.736618038286314,0.675287816933045,-0.383917977504562
"825",0.216194805110833,0.451394989591782,-0.741295886088473
"826",-2.4800052995063,0.591748986855787,-0.849297522129316
"827",-0.664406101988825,0.32492700663324,-1.41738014505597
"828",-0.0144386400320359,0.377256763862601,-1.08281804465321
"829",-1.6351990052264,0.563835411789101,-0.8542842715487
"830",-0.139479086373945,0.442130253622904,-0.925763518827792
"831",-1.57580962492798,0.968556949818317,0.324472657270442
"832",1.55660672849209,-0.291128184355008,-0.218537308620863
"833",0.633287228772731,0.607478822575108,0.125753749475952
"834",1.32781487104039,-0.239460697642267,-1.57001436820632
"835",-0.682217116319864,1.04455234153698,0.734837928348659
"836",-0.506122418411162,-0.114220861367592,-2.71384305137649
"837",-0.622901976622371,0.0547780572279869,-2.22118928586111
"838",-1.93153026599912,0.46662431342809,-1.1633868359073
"839",-0.815710948077647,0.927899300995185,0.350396501179628
"840",-2.69543949198683,0.326166072531053,-1.61533687781636
"841",-1.02671662719636,0.390965345970852,-1.28122338624752
"842",0.567490801712894,0.690367763462,0.332426470324946
"843",0.150015571560285,0.47793310326675,-0.69114048746872
"844",1.62152580195927,-0.402753281228979,-0.725222657011368
"845",0.275215686795278,0.428131852678269,-0.783060029786448
"846",-1.08717285655278,0.687840392142606,-0.416470057382267
"847",-0.981085099074366,0.122615964392687,-2.06722440588495
"848",2.55613845833653,-0.687058381499981,0.161506662397502
"849",-0.231823154739822,0.424619433177219,-1.01015886263514
"850",2.42669547327072,-0.69991230726386,-0.816811235992336
"851",-1.51352410549905,0.554001011422789,-0.868817694860686
"852",-0.235306704042928,0.282465356463612,-1.44920512331812
"853",2.45257785068434,-0.674151066360945,-0.0484249163698095
"854",0.793297321112944,0.41343963797137,-0.341426022386771
"855",-2.08590491135611,0.610590404603061,-0.764370335322259
"856",1.72448092425376,-0.541284538862869,-1.50211900270751
"857",-0.994551560175752,0.570098874448794,-0.747465661106463
"858",1.19246391554407,0.0639667922192717,-0.747063486379674
"859",1.00799322728607,0.395947562832203,0.034561903784127
"860",2.04647961146128,-0.679091635224905,-1.92910295630404
"861",-0.732171005373024,0.73790687028812,-0.195810213633062
"862",-0.84409730192561,0.239018014041442,-1.70391642258853
"863",-0.201539293259756,0.425961755093434,-0.996501285828371
"864",2.29082037165298,-0.651711618556735,-0.365555260157056
"865",0.645985266944735,0.591904413311102,0.0875265227066461
"866",-0.261951235389021,0.495060432251047,-0.802730582196866
"867",-0.119161973041951,0.487173264806769,-0.778531905246326
"868",1.2047084846836,0.12769191283771,-0.400617920760714
"869",-0.841196806543852,-0.201901680753636,-3.01406780564921
"870",-0.721072681796034,0.777744601424176,-0.0740653991698992
"871",1.6874670390415,-0.418716265808379,-0.445514894673976
"872",-1.18511841482314,0.564031973262395,-0.795872585559882
"873",2.60447788152648,-0.714130198341606,-0.37266281824671
"874",0.987353310636543,0.207173747945609,-0.763132524298689
"875",0.264118350935997,-0.191022602587015,-2.79770154707038
"876",-0.0685160476667245,0.573632543256471,-0.489233914808549
"877",-1.94582659305904,0.50778147028386,-1.04652565693383
"878",2.10624821552253,-0.639611407804057,-1.0256441490603
"879",0.0173802019571197,0.457203370285985,-0.818547977872242
"880",2.2041887467196,-0.622182188516244,-0.220590493405451
"881",1.78308651613208,-0.452021817275337,-0.176996529626489
"882",1.41140413858192,-0.188546288758813,-0.63657678024457
"883",-0.630890824211341,0.575559976979823,-0.65824184099174
"884",1.03185429768455,0.261506534501616,-0.438726961547514
"885",0.0587383868805954,0.319379665729211,-1.23667556632089
"886",-1.02731142246983,0.681038644727123,-0.425880306804007
"887",-1.16897533390052,0.586873614879701,-0.726449395045663
"888",-0.267516619969065,0.0415202972970092,-2.19840970099317
"889",-1.17463366241411,0.425380690989638,-1.20092849534516
"890",0.107251202048907,0.425407032129462,-0.879428647203012
"891",0.100360772248859,0.881988719765608,0.568587598676959
"892",0.127853171100106,0.30593684089209,-1.2506618670366
"893",-0.333144952909504,0.603688600644803,-0.492085883008595
"894",0.0253374892609187,0.574135344598824,-0.446473593563468
"895",1.35035561498455,-0.0939296591079225,-0.596854644741847
"896",-2.18325754787182,0.752723904707488,-0.366939058401897
"897",1.38801054702568,-0.19655206172275,-0.878713257977453
"898",-0.00888483919775194,0.458367601435586,-0.825816473669649
"899",-1.24868872862085,0.659598295029367,-0.525596307283619
"900",0.205729355688433,0.193037821245173,-1.57851888807018
"901",0.167459252964338,0.696842877328295,0.0190951505142653
"902",1.68014249591807,-0.518926590787403,-1.49433254287542
"903",-0.101533568916051,0.766151209949478,0.0970899700330405
"904",0.765415968198305,0.0180294543581125,-1.80531055556265
"905",-1.21704941877592,0.211912496918904,-1.83170755950898
"906",-2.51671768744936,0.88111369407956,-0.0307509727405176
"907",2.28052137102662,-0.653995821752639,-0.4656247544216
"908",-1.7253669644066,0.075721022672805,-2.27197297544047
"909",-0.805092224468537,0.261282757760713,-1.63170290852563
"910",0.170504813128124,0.56786087554801,-0.392365883345427
"911",0.187417465872485,0.811018472561814,0.398022027317767
"912",0.716116076998209,0.392280126605895,-0.524897886941636
"913",-1.15182418494917,0.335659428026046,-1.46115064146187
"914",-0.21903409558853,0.550099706528248,-0.619090163321937
"915",1.91043978021729,-0.529869948632167,-0.365516067425604
"916",0.712846005776485,-0.0359885516004704,-2.04590626210161
"917",-0.768677496165216,0.565524108564881,-0.718488313170499
"918",0.914174682626024,0.0728743733555884,-1.41776985426551
"919",1.62676703510899,-0.445583150415165,-1.0858693082847
"920",0.114888556280995,0.213424474796605,-1.55073747378677
"921",-1.04378513498788,0.516846909333712,-0.912735500531791
"922",1.42456210419516,-0.284890321468205,-1.15909984163775
"923",0.163135574411342,0.441377925474495,-0.801417994624285
"924",0.352452362488355,0.320642312475697,-1.08808492998935
"925",0.616280103363512,0.137745679160518,-1.51799943460399
"926",-1.28769855284033,0.5388371824821,-0.884233842465967
"927",1.67527823769245,-0.462996063539865,-0.964651878006095
"928",-1.07426706158665,0.29545438651664,-1.56925295641413
"929",-1.41667761675532,0.93063540243566,0.238815488443896
"930",1.31141432546418,-0.00224763247759696,-0.408750704598114
"931",0.897538631825501,0.241141212106928,-0.808154615267317
"932",0.311578219124013,0.285396610347774,-1.22718339421884
"933",2.71028778072899,-0.729365342171074,-0.334543743667017
"934",-0.812986466063392,0.00275283184521669,-2.40239004205787
"935",0.477168206576278,0.264881494512199,-1.19133879161551
"936",-1.40276290940287,0.453917395663094,-1.14649636420299
"937",0.130148012772279,0.683423265491094,-0.045806733181676
"938",-0.45308299297908,0.331298137011896,-1.35441280022066
"939",-1.9946418470767,0.638049673417268,-0.677409182556861
"940",0.811327136591104,0.433613423412269,-0.239437953986048
"941",0.0600547451824689,0.430447521929221,-0.884678119544524
"942",2.00491905809031,-0.577247628390691,-0.519058664212205
"943",0.107538936690313,-0.00704133466838952,-2.25488883509874
"944",0.493953603407573,0.343419674089464,-0.914821144499767
"945",0.500020375403735,0.558600720924878,-0.184772125037634
"946",-0.969703357696717,0.736248183409305,-0.25202148020688
"947",0.249486503549603,0.521201275120721,-0.496625000231353
"948",-0.757852446474332,0.33366235812717,-1.40813512793587
"949",1.28490140860604,0.0425778425044736,-0.362918659769576
"950",-1.53246926494091,0.835642742459353,-0.0544372925098504
"951",-1.48972065862105,0.554229221543402,-0.865308563467576
"952",-0.971785979734883,0.104091803498928,-2.12085464746572
"953",1.57443439989596,-0.543794183166287,-2.22706844609281
"954",-0.204646324409182,0.59233330907166,-0.483674249697019
"955",0.127983625379977,0.246047888348142,-1.44155278274907
"956",0.55663897491976,0.324085354409992,-0.928763719390478
"957",-0.602416577042837,0.615624974549804,-0.530988518217332
"958",0.59567308335406,0.219111356594133,-1.25473002318093
"959",-0.945737745909357,0.677857861228073,-0.420048351431418
"960",0.189280750896124,0.277155791615807,-1.31541544423944
"961",-0.580656739928138,0.475138631426516,-0.948689876667247
"962",-0.492937347155444,0.713441265440658,-0.206536950605473
"963",-0.197799547882899,0.698623188623045,-0.152761194764013
"964",-1.15200543246979,0.46955252833248,-1.06818284237181
"965",-0.569540348837503,0.703223023315097,-0.258785874085213
"966",1.69360321401876,-0.537522773248551,-1.61455698566293
"967",0.376434084555803,0.593786317596341,-0.172455434464488
"968",0.518863216369295,0.500296547883187,-0.364157062748092
"969",0.25429684048193,0.230983884217374,-1.43373628119418
"970",-1.8777297070625,0.63380820804431,-0.678186534911986
"971",-0.92580790920049,0.274373040881342,-1.61103935440859
"972",-1.17896625419143,0.636016311178092,-0.583875742145107
"973",1.4023042398957,-0.269564981064845,-1.22182309537976
"974",-0.520016723397086,1.03160399050169,0.74728321081163
"975",-0.843524611531706,0.430977305602187,-1.13331317314006
"976",0.31505260561969,0.194150558032345,-1.52335796942081
"977",-0.797650516961102,0.528714833511724,-0.834013823519085
"978",-0.407094221162467,0.633105517528232,-0.425076733073559
"979",0.92948719770685,0.181855112698686,-0.9766996605605
"980",1.14835559862996,0.351440712480643,0.343415464057074
"981",0.556747185830663,0.143739413613657,-1.5435597424987
"982",0.544689935867466,0.758403044128633,0.53808530395481
"983",0.639695624647265,0.0756459014283314,-1.71415033365779
"984",1.12259468624171,0.388493813382354,0.392472046071989
"985",0.903779063598121,0.245554002984995,-0.780500941558442
"986",1.91059617547699,-0.543509776111564,-0.550475615147699
"987",-0.345053785248401,0.492270413919646,-0.83635901505499
"988",-1.31334425371077,0.624839841438305,-0.636669467811737
"989",0.0915199193358959,0.546740138881953,-0.501374652700418
"990",-0.0563625623966694,0.436549506808861,-0.912964028907563
"991",0.897894228506332,0.477421703929462,0.0839563043511883
"992",-0.730254170469911,0.475014105702487,-0.980899902670499
"993",-1.2487393746306,0.172637610217016,-1.9500401244459
"994",2.68768103240438,-0.738191435203452,-0.729750658108399
"995",2.69133525236113,-0.740165375682723,-0.777534920408036
"996",1.35295341377903,-0.0157537614821501,-0.128131952082929
"997",-1.95803722910812,0.338628755462253,-1.53283756652352
"998",0.32950635567511,0.561094226168871,-0.31451277958198
"999",0.536719411562168,0.276978563213352,-1.10559909081109
"1000",0.873122700982078,0.0453718125234793,-1.58057364481783
