"","x_pa","x_child","noisetmp"
"1",-0.990161569730097,-1.07455330112368,-0.639742260112161
"2",-2.33287115731873,-1.12203315119803,-0.787845370218392
"3",-1.22429651829038,-1.07759563739428,-0.132380411657597
"4",0.120452936073727,-0.9633651004256,0.269481828927322
"5",-0.478026272524952,-1.06266575804509,-1.35572215935665
"6",-1.02860705084738,-1.08417947486738,-1.10328253551049
"7",0.810756760664709,-0.875955676076544,-0.362596799647201
"8",-2.25174279149971,-1.12040322459102,-0.838370578008803
"9",0.0430041917856992,-1.03545562417641,-1.59512392504104
"10",0.955839867776248,-0.936663318016177,-1.81039196793004
"11",-0.786903032489164,-1.05572800257122,-0.210675268883066
"12",-2.02772095297565,-1.10757434300146,-0.00317889051391707
"13",0.550510685998753,-0.936270709655519,-0.561209022866091
"14",-1.31510563659148,-1.09002862315269,-0.723961137658427
"15",0.670211594463192,-0.937903155602836,-0.982557136965836
"16",0.141017280269895,-1.05495868762261,-2.35804451256811
"17",0.793592856571071,-0.91667114999678,-0.996158749369868
"18",-1.43810667495195,-1.09951808675048,-1.09673801574132
"19",1.11420349636087,-0.865303591597978,-1.31575979306993
"20",-0.300100012781075,-1.02826426030469,-0.464203093452355
"21",-0.145453603666287,-1.01817421014572,-0.557587552813095
"22",1.36467528811343,-0.732989266626059,-0.827046559961732
"23",1.72877871389472,-0.429006917304701,-0.52405773062564
"24",-1.58904440940546,-1.08271164798258,0.774535816443144
"25",0.741226769740578,-0.891114078574921,-0.36401135852009
"26",-0.976914092813733,-1.07265693242224,-0.567498576108812
"27",1.27898574843728,-0.727235631174011,-0.358102577092684
"28",0.106821949998095,-0.977186821910196,-0.0758767740216969
"29",-0.469087611198382,-1.06091195993678,-1.30346090931308
"30",-1.17878610557831,-1.10499853236051,-2.07037960668563
"31",-2.24908421572175,-1.11686069222491,-0.345648259125881
"32",-1.25623340124587,-1.08567763368679,-0.586601263538761
"33",0.602168626589161,-0.961519678788505,-1.23712409418041
"34",-0.431318428505492,-1.06695041576184,-1.63706631296501
"35",-0.425298853910885,-1.03208094334845,-0.238465439584989
"36",0.494769150983968,-0.908025485704978,0.240370030672169
"37",-0.279005214195495,-1.04405773790339,-1.10753253587909
"38",-1.69684690173788,-1.11058238723363,-1.3641353465848
"39",-0.2405105582341,-1.05892710036855,-1.73779917586823
"40",1.89263460609187,-0.434226744753752,-1.66845059785974
"41",-0.200078136555873,-1.0011576513184,0.199582072342366
"42",0.313983679400373,-0.945652841463577,0.0442855074174518
"43",1.91661355943711,-0.182402226479889,-0.708691740071127
"44",-1.58747670551506,-1.10840875813728,-1.44426084850303
"45",-0.419145618347606,-1.03229689539265,-0.26590201361721
"46",1.22802709395108,-0.721301042981069,-0.0381696398549826
"47",-1.12762061736595,-1.08224267800211,-0.723596820583557
"48",0.178406253200137,-1.04236037229279,-2.0826353888389
"49",1.39237254006205,-0.639314549178373,-0.046144624406428
"50",1.0619812156671,-0.810008541231522,-0.378352084847994
"51",0.536570847474459,-0.926596027840666,-0.311033893093709
"52",0.170164636273999,-0.990322965765887,-0.643743320120252
"53",-1.96434182991122,-1.10677321573832,-0.149232716232269
"54",-0.912310710698695,-1.07528106011164,-0.891709868112555
"55",-0.211983644416868,-0.998292916452216,0.341128052831042
"56",0.954688408981113,-0.875240051732936,-0.886622546294934
"57",1.02621603514947,-0.876749936298974,-1.16251297913315
"58",0.802195112100867,-0.843379862914148,0.226007890312901
"59",1.10355835565182,-0.797186027939157,-0.38696532976868
"60",-0.853819670369893,-1.06500071325242,-0.495414399933496
"61",-2.22712771199567,-1.12024113229246,-0.900509779442664
"62",-1.56114795626334,-1.10629001478881,-1.32899787345487
"63",-0.675593559073189,-1.04611658357827,-0.0814566224578966
"64",-0.642587431098919,-1.04275555070825,-0.0272964460013693
"65",-1.36025227386576,-1.08773173213334,-0.424519950866929
"66",1.11248151079764,-0.721036543535143,0.562228170110521
"67",1.00871778603832,-0.83603877644567,-0.519749376040046
"68",0.27339391186599,-0.991938949522946,-0.986558090650935
"69",-1.06513843195684,-1.06578833691479,0.109065354329922
"70",-1.2038968507888,-1.09720349766976,-1.5028470694734
"71",-0.902074443525937,-1.04389997928795,0.802505476219969
"72",-1.80254888042382,-1.10486261114012,-0.505363826222595
"73",0.996739795628681,-0.805033483873016,-0.023606117199314
"74",0.745847626869797,-0.976089343903296,-1.8989879655828
"75",0.077678960491107,-1.01261714780112,-1.00899933256797
"76",-2.13773203429151,-1.12314742449915,-1.5650496585948
"77",-0.483498149165502,-1.07189438044873,-1.73070996588035
"78",-1.11120828382828,-1.08031242866854,-0.647701559695825
"79",-0.604029975862881,-1.05776457111789,-0.82868438297038
"80",1.4127987105271,-0.746129928036596,-1.1736934062279
"81",0.0957914498677805,-1.03276004313065,-1.63695740679687
"82",-0.864754358657251,-1.06709054425342,-0.575835510189989
"83",1.77438135872823,-0.447798266326564,-0.950751502607011
"84",-1.25673849612788,-1.07636533294591,0.0569596253634105
"85",-0.544012038783964,-1.04483188543467,-0.420287287599575
"86",0.608982475347361,-0.945266267925686,-0.933456919747921
"87",-0.963877467467414,-1.08001678323665,-1.02421987932548
"88",-0.0743139270983654,-1.0244608067893,-0.96356801605695
"89",0.890536492746478,-0.814904427381725,0.304208786138033
"90",0.564420164930536,-0.934567382351902,-0.572606965204871
"91",-1.6393519424834,-1.10731968951674,-1.21672291585255
"92",0.600825403808155,-0.889136632773451,0.215578051747103
"93",-0.129303814376458,-1.04586638715079,-1.52986312347801
"94",0.95853594143521,-0.77081807904322,0.659156329581901
"95",-1.00712630820623,-1.06707632955347,-0.153499917538278
"96",-0.106290461953188,-0.992973590221408,0.158998292567468
"97",0.827814799391247,-0.965433325793273,-1.92219051302243
"98",0.954818103183413,-0.889419083014325,-1.09956583135231
"99",0.736810226645338,-0.944959988650835,-1.31630019678751
"100",1.95924561620196,0.179086137316184,0.425736378977288
"101",0.398447282661619,-1.01856838371197,-1.94853626766836
"102",-0.96944032102687,-1.06182010099373,0.0317881329680054
"103",-0.907240741806141,-1.06973764155188,-0.599973604884362
"104",1.12212139133494,-0.890887702811188,-1.67241668019734
"105",2.06986753699939,0.346584272728509,0.265659977373357
"106",-0.714170528361028,-1.08708852799444,-1.95306011694931
"107",-0.771168175373413,-1.08557134325035,-1.76409739086917
"108",0.449701551559027,-0.953708140430355,-0.606449248799977
"109",0.617741614788642,-0.936268686520021,-0.783007791682903
"110",2.23550826547043,0.41191226403727,-0.170822260435409
"111",-1.104934093606,-1.07660753964367,-0.43388913777531
"112",-0.809688129747922,-1.06773332959932,-0.761503030547925
"113",0.0848107272466151,-0.978561382003905,-0.0415586379279201
"114",2.79842872936892,0.753841343567753,-0.080299341307065
"115",0.0425219006952292,-0.998856143727773,-0.50293121660561
"116",1.97662496902469,-0.179678912269764,-1.15190186133625
"117",0.876534885217583,-0.854527094206245,-0.267466668151146
"118",-0.345641222162957,-1.00768246488364,0.462592053770648
"119",0.688054861628935,-0.950508487967351,-1.27431691893491
"120",2.25961274768542,0.298134776944849,-0.583289799718693
"121",-0.62913996472009,-1.05015667854902,-0.410818097036516
"122",-1.22990596662382,-1.08060420196851,-0.318326741384474
"123",0.839911515562557,-0.917815038567404,-1.16570806821585
"124",0.707193326088405,-0.970907397548271,-1.7061374930548
"125",0.18011177857242,-1.00246963329823,-1.00321465686328
"126",-0.686583650454245,-1.06627532429484,-1.01085138508917
"127",0.451214400739161,-0.977601489153214,-1.14632940748311
"128",0.872525779387342,-0.847537155820829,-0.138904012833379
"129",-0.129980163216775,-1.04820071804098,-1.60636441950126
"130",0.287740950707071,-0.983824363274572,-0.822531437927123
"131",1.37815671685192,-0.890787476476937,-2.44612789511013
"132",-0.558917463052496,-1.0299622875875,0.278927428703921
"133",-1.9516704346587,-1.11625610465887,-1.25670280045457
"134",0.337594934164823,-1.00898217576444,-1.57916500050826
"135",3.24247935030049,0.810544940907468,-0.213913217593523
"136",-0.34532393710753,-1.01621131383552,0.133501990377217
"137",-0.868293560078457,-1.05989961116901,-0.179892528620418
"138",-0.282548458022179,-1.01088845789527,0.126283066609541
"139",-1.82138851741992,-1.11502475648676,-1.4760343215312
"140",-2.4933141462319,-1.12002603374323,0.222537126596972
"141",0.37686028901547,-1.01531490801736,-1.82372503847875
"142",0.858296695043781,-0.856813047611723,-0.231163093529129
"143",1.63364824489248,-0.599736362822437,-1.06469202046429
"144",1.65030899596009,-0.590960282197479,-1.09568338024407
"145",0.0225089978878335,-1.0212775897276,-1.11951576380847
"146",-0.209083304024164,-1.04604733812158,-1.35031945997323
"147",0.265124376848274,-0.965926916556634,-0.297611914893415
"148",0.85111402573476,-0.910567409169874,-1.08279811070761
"149",1.40527161901621,-0.569314175307839,0.550698713526293
"150",-1.44117926521373,-1.10062096446091,-1.17461436737821
"151",0.388147308443404,-0.957551230823434,-0.495306264259348
"152",2.73846169525513,0.765976379904063,0.00559728664924861
"153",-0.16172337989993,-0.991353970740772,0.405575160549987
"154",2.12418068597897,0.152911670250382,-0.643555984826915
"155",-0.482750961787419,-1.05165254050272,-0.882205261828633
"156",-0.932791072631783,-1.05941160669397,0.0499164179957936
"157",-1.64160101740551,-1.10701932351779,-1.18392916374682
"158",2.39117266361219,0.60168113225381,0.0297216613729523
"159",1.35466900396958,-0.78922231245326,-1.34976930101753
"160",-0.807366454259443,-1.05807810319757,-0.269261127525731
"161",-0.307998294255213,-1.07331355775942,-2.13218552855886
"162",-0.134280322528039,-1.00710542085273,-0.218934981732327
"163",0.628654259953591,-0.886221872848618,0.162117633627636
"164",-0.481730521835426,-1.04469008943499,-0.592687181530982
"165",-0.815873006943179,-1.07981273296889,-1.37183256048359
"166",0.197210447141573,-0.986932468638108,-0.633322464864015
"167",-0.0130263616317253,-1.00548528464654,-0.537497403856698
"168",-0.2078320758385,-1.03131679825588,-0.835073333806137
"169",-0.220647866863014,-1.04841513269336,-1.40673611069841
"170",2.14730500229709,0.199740177537147,-0.570816336823086
"171",1.07020346753262,-0.827927370645801,-0.655411133917602
"172",-1.63265286432721,-1.09236476000976,0.0942634513837055
"173",-1.35755679587084,-1.08841474806268,-0.483045139827318
"174",2.18153674664299,0.680823398920692,0.858935069909547
"175",1.03509583233623,-0.916550192950063,-1.74847885514009
"176",0.605153692714056,-0.97898967180714,-1.59425379817638
"177",-0.989792530583006,-1.08003389631673,-0.958674907458118
"178",1.55891236135543,-0.474571464232426,0.347866833388049
"179",-0.287754198816725,-1.03767593450175,-0.848977947314728
"180",-0.0285196316717224,-0.994215237918261,-0.138831940622813
"181",3.71059774080111,0.353043195949102,-1.45578617606274
"182",-0.236075543219676,-1.03166109143023,-0.770178729590563
"183",-1.40186392310145,-1.09854324064081,-1.11646073716673
"184",-0.955283140552439,-1.06785119643908,-0.355780468782191
"185",0.9216128458703,-0.872811374676472,-0.728816166423151
"186",0.0422039729700127,-1.02607062963977,-1.3134485963695
"187",-2.66430852011322,-1.12551824188274,0.0398336721759725
"188",2.82902275508914,0.905052450960965,0.283008637841112
"189",0.428643763652464,-0.943519702397068,-0.306325844269416
"190",0.168781440051871,-0.964250631849498,0.0736920467490815
"191",-0.850304555474514,-1.07273488036519,-0.915868416194157
"192",0.5245549021988,-0.934730463544822,-0.44107491944773
"193",0.289866193617666,-1.01274780042909,-1.55608778969866
"194",2.4982196870051,0.523984964627063,-0.366049457616931
"195",0.317461984981649,-0.97481544702949,-0.687282733133535
"196",-0.0720913879117697,-1.05366561871151,-1.90933676540736
"197",-1.61214767256431,-1.10282446478382,-0.893938782615317
"198",0.495511501873253,-0.950112313041379,-0.674585934978974
"199",-0.927108594157498,-1.0841140453781,-1.34491670770994
"200",-3.38679887824318,-1.14084712917386,0.410891527200314
"201",0.766652777842358,-0.910047077744733,-0.790814402637083
"202",-1.03958490457708,-1.07445935651124,-0.493564162732509
"203",-0.334964671256309,-1.01195129214217,0.262100620634758
"204",-0.213877565498958,-1.0111987052227,-0.108097465774635
"205",0.583327029889699,-0.87093913042849,0.654958947940371
"206",0.128317195493074,-0.978840335818985,-0.193997663253845
"207",-0.902622511872442,-1.0904061715562,-1.74680161506669
"208",-1.63373957736702,-1.09764829914792,-0.371629349924554
"209",0.584505537477502,-0.916755014469225,-0.278689035831335
"210",-1.7774616356807,-1.09982753013352,-0.0904452122964211
"211",-0.228999215891863,-1.03730953258487,-0.991053489842019
"212",-0.354718922592092,-1.05552990926404,-1.35652381593994
"213",-1.44859274373219,-1.08275674583531,0.243716553741901
"214",-0.196896333527001,-1.02325334727735,-0.582999121694094
"215",-0.524471745853243,-1.0461142439868,-0.532268913538353
"216",0.560068735538882,-0.939298431278118,-0.65567390384971
"217",1.27790557920552,-0.818648613604423,-1.35837170763173
"218",-0.598410491168786,-1.04992931908456,-0.489357969414355
"219",1.00431518760318,-0.903065617257148,-1.4631321684113
"220",-0.00612034067663626,-0.998072528090042,-0.329714714221958
"221",-2.18075764318604,-1.11195602820857,0.0554281674320334
"222",0.426220412409061,-0.955342057470336,-0.567627873336678
"223",0.0769454014949488,-1.00875329917455,-0.894475148617531
"224",1.82064976125534,-0.815705162144226,-3.22041149596949
"225",-0.807674514024406,-1.09422346975964,-2.13488089606415
"226",-0.425227059289113,-1.03654769489161,-0.419492867590193
"227",0.941306799562803,-0.839769173535714,-0.300271899535016
"228",0.656757847551404,-0.902365808315122,-0.258842663116715
"229",0.926407743923449,-0.873712054462963,-0.76035640217446
"230",-0.621503295597331,-1.07638920467985,-1.63649882138465
"231",-1.10807843060059,-1.09785150392887,-1.7543088490421
"232",-0.799878333111088,-1.07455530361976,-1.1384170103463
"233",1.85120941156174,-0.425394322619301,-1.34884353207408
"234",-0.765590531660165,-1.07168554417634,-1.0774271755186
"235",0.718454214664723,-0.936551238096111,-1.10826301146714
"236",0.200586346349911,-0.99264208001941,-0.796324298637449
"237",0.190275646750369,-1.0198496441731,-1.49964114507633
"238",-0.703861257283842,-1.06562880171081,-0.935555142769944
"239",-0.0527271639646477,-1.00066093478622,-0.264760678105172
"240",-0.436482584407405,-1.04218909838563,-0.616376074512058
"241",1.01106877573897,-0.849269012120038,-0.717811473985346
"242",-1.52639159767357,-1.09535472568845,-0.512445837561308
"243",0.997824952890404,-0.86800023546891,-0.936676306527624
"244",2.54461806154734,0.111161771877315,-1.5554340304431
"245",-1.95282294940478,-1.10886519733459,-0.425626042722685
"246",0.330866873621616,-1.00505843895072,-1.46688712026639
"247",2.1570090288008,0.349531392263602,-0.115596685902701
"248",1.76442609044687,-0.324228280028926,-0.158806253946106
"249",-0.148349106613801,-1.0569349868468,-1.86075571354499
"250",0.381933263071884,-0.961136931049179,-0.559507507586648
"251",-0.740351873179178,-1.04836111157771,0.0141422012875182
"252",1.02545612212179,-0.833242576005861,-0.547769155526655
"253",-1.14447351765683,-1.08113784947262,-0.605843050779048
"254",-0.880331370201014,-1.0891149396617,-1.72289294879536
"255",-0.107576689029207,-1.03168810925397,-1.11203351385145
"256",-0.599572048298378,-1.06225255466511,-1.04353655231211
"257",-0.156738870961705,-1.07315246135454,-2.3952504044506
"258",2.53207147461892,0.610822535445592,-0.173584619958443
"259",-0.851464655372234,-1.08248990362876,-1.43083902857295
"260",0.730140861720396,-0.909556197717169,-0.656159369297057
"261",-0.400182562459608,-1.01864354879342,0.220775208621204
"262",-1.04548103165445,-1.06668161806485,-0.0088747273485841
"263",-0.175249475671676,-1.07151815979638,-2.30722276949487
"264",-0.647525046268679,-1.05257304962577,-0.469566934069132
"265",-1.60265559047446,-1.10159833874785,-0.814178172123124
"266",0.626723773303951,-0.880000255315178,0.291902977758692
"267",-0.704176473994497,-1.07154492904551,-1.2207944867544
"268",1.50873401570362,-0.79912666418989,-2.03856340941316
"269",-0.174817954166139,-0.992837805701071,0.400992301006745
"270",0.272032908516416,-0.975227377656566,-0.557184987043697
"271",-3.84747934917284,-1.14970601357215,-2.34924784205711
"272",-0.0403297390153227,-1.03235944243985,-1.30241024874947
"273",2.17195469052211,0.304405617744391,-0.314319000010806
"274",-0.337677779340028,-1.06187808438748,-1.63918771186163
"275",0.609104697465704,-0.984440970089,-1.71299584327318
"276",1.18678024189404,-0.72218536698625,0.161111235606942
"277",0.260572955212425,-0.930751101569923,0.62034589518729
"278",-1.09675368128146,-1.08562229182458,-1.0180944613964
"279",-0.332724071470817,-1.05459471641233,-1.37207864116947
"280",0.867323856210086,-0.985178510117888,-2.34151252762848
"281",-1.42282822090651,-1.09424157933034,-0.730407844430014
"282",1.69774238201955,-0.476172905545796,-0.611742499421961
"283",-0.225916724961397,-1.03155706198472,-0.794312341688409
"284",0.424955658544722,-0.99775334175403,-1.5316003855282
"285",0.723339118019969,-0.919572647566631,-0.814624842055358
"286",-0.0394503249426976,-1.02646923150347,-1.11907925112468
"287",-0.55807194873509,-1.07353956632743,-1.6439935249978
"288",-2.9200766361189,-1.13527556715522,-0.972033577533773
"289",-0.121511573704107,-1.00178888681388,-0.082129631163678
"290",1.32595456683958,-0.695411056413027,-0.252688351266124
"291",2.13007065230961,0.194000417271034,-0.528221363784404
"292",-0.901174928919051,-1.06703417102976,-0.468797633939869
"293",-1.18719544159371,-1.08216043586307,-0.549540021411201
"294",1.38775795927786,-0.727451456880748,-0.880035680870244
"295",-0.148657762101834,-0.981642935440706,0.68817504385449
"296",-0.347585880318062,-1.01855945005879,0.0505526925500867
"297",0.307338423022925,-0.993318570295319,-1.11578460715326
"298",-0.344298792703544,-1.02295382973653,-0.128995055708335
"299",1.42697463262049,-0.701134067454446,-0.816669384230547
"300",-2.20897076432353,-1.11998491183153,-0.926570533630863
"301",1.96696428566933,0.0873011224127525,-0.0150130138063165
"302",0.672848156300534,-0.978812081926898,-1.76520963096
"303",0.594782477479532,-0.933471555285206,-0.651757591447704
"304",-1.20077462905335,-1.08552039261505,-0.733339921695706
"305",-0.831760976795611,-1.0618629870492,-0.393713488663604
"306",0.362468910333041,-0.961157820189215,-0.497423852192299
"307",-0.917041057248302,-1.10496127767367,-2.5226000947294
"308",2.03139398788093,0.222492353689033,0.0433332766719281
"309",-1.86004552175866,-1.11309468975241,-1.17321347105385
"310",-0.378538113219273,-1.01855141500763,0.152375431377226
"311",0.239221389495981,-0.990126817239357,-0.842150837018565
"312",-1.43025898810183,-1.12050065158702,-2.74056117640326
"313",-1.26815958119915,-1.07649309154277,0.0861401006123704
"314",1.41401652201586,-0.688116226739292,-0.629831455082116
"315",1.79009480503266,-0.226252637944336,0.188327626037982
"316",0.560698695968438,-0.979953621335612,-1.49676046934676
"317",1.35627705524724,-0.73601799347552,-0.818486966306831
"318",0.581408036625469,-0.928114097998309,-0.498291857005641
"319",1.60775519731912,-0.506351169392608,-0.227332959838088
"320",0.47113457206366,-0.92143888157604,0.0368704156461069
"321",1.70556661050116,-0.691301473956472,-2.04872780194398
"322",0.55637582692161,-0.939086932000621,-0.639141384782893
"323",1.44209403828399,-0.765969647983296,-1.48445337609749
"324",0.495575416490784,-0.938735715089594,-0.428259637248407
"325",-0.520171658382088,-1.08266049917339,-2.11636100884535
"326",-0.437637963507568,-1.07491963722246,-1.94859319815399
"327",-1.17656453092194,-1.08154769668196,-0.540127677740877
"328",0.638767132739914,-0.938397202442619,-0.892396456761336
"329",-0.0806735247174582,-0.98859901542018,0.21408012008761
"330",0.797316825719011,-0.874477790850298,-0.285656988914083
"331",-0.162655626945637,-1.04989738262308,-1.59080860232445
"332",1.08845036668365,-0.913324753892419,-1.86237655407795
"333",-1.26895990494662,-1.07812724355037,-0.0247702853996334
"334",-1.31169585519105,-1.08940156467171,-0.688752322733543
"335",0.49022869904556,-0.934198328943812,-0.311364961516538
"336",-2.37423802830215,-1.11811921741199,-0.0143157024481754
"337",-0.520875883355468,-1.03685673188854,-0.144153384273629
"338",-1.55695942589653,-1.10821651930143,-1.5019663446197
"339",-1.02461551120826,-1.06572139795937,-0.0184118737350257
"340",1.30269040761337,-0.718635644304265,-0.38111113663719
"341",2.55736198136325,0.956763000745031,0.734803826838977
"342",0.964798335171766,-0.883966047963269,-1.05269289012337
"343",0.129438559010705,-1.02374577946581,-1.45978186022453
"344",0.844975721250682,-0.834169825382818,0.19530030582254
"345",0.581064961961788,-0.992656571063574,-1.80865810867309
"346",0.83780378693417,-0.870671738320405,-0.378068489788215
"347",1.49591190857429,-0.531336599372352,0.307637102747306
"348",0.363596884452121,-0.95030299940091,-0.24205989321591
"349",-0.0106575696847136,-1.01488126933613,-0.834820113381707
"350",1.47899745713676,-0.607649857781849,-0.249579623407764
"351",-0.49574742081912,-1.09113783764776,-2.51991490940931
"352",-0.0910904494788354,-1.01337587239124,-0.557329103854023
"353",-0.574570041243827,-1.05441715630705,-0.757099193546568
"354",-1.01276224871799,-1.10175071874331,-2.17707469546731
"355",-0.0265811260915314,-0.991199911081252,-0.0509555713437132
"356",-1.4015729291424,-1.12516672331457,-3.13769369580109
"357",-1.10690322826514,-1.10435207928083,-2.16334998422565
"358",-2.66954977989176,-1.13051796137778,-0.980014448090405
"359",0.771929777247279,-0.851678713516437,0.211921825513804
"360",-0.817410525579129,-1.06206898172976,-0.446299294620977
"361",1.03452889082308,-0.896084130445606,-1.46123391298506
"362",0.753544274872903,-0.898618979200705,-0.543031361192108
"363",1.08497940884827,-0.919651103542731,-1.93639236711474
"364",0.412519386358398,-0.988648718295749,-1.29037192040387
"365",-0.508279826413719,-1.05992149198214,-1.16752765633911
"366",-0.146016600513487,-0.98575973775192,0.539237966094423
"367",0.570243756744176,-0.913023439767329,-0.150718662683321
"368",-0.961808986491973,-1.07140237122871,-0.538675995683441
"369",1.337468391018,-0.707425044668575,-0.435868652585365
"370",-2.24796584890428,-1.11970982392074,-0.753368557905987
"371",-0.461713541290372,-1.03592288440457,-0.285423552151488
"372",-1.52708216669508,-1.09415843686066,-0.411511060431873
"373",-1.85523081728934,-1.10827625461705,-0.684862974723069
"374",-1.13771901880476,-1.0776478305346,-0.402361178376907
"375",-1.01949457957305,-1.06636699602671,-0.0729362488449037
"376",-0.295735548357476,-1.04594869025419,-1.13562077795596
"377",0.114546042669871,-1.01458860096513,-1.16363997864722
"378",0.703630173600492,-0.911769429111803,-0.604269353676867
"379",0.960962714618247,-0.806415417801589,0.116521762624862
"380",0.689017216258864,-0.896148460177672,-0.261196770656791
"381",1.27004588136234,-0.778664097001731,-0.884787131939626
"382",1.38719923417365,-0.830344253944686,-1.88199042597691
"383",-0.615628483847971,-1.06982873543158,-1.34919383336404
"384",1.23222662470604,-0.843651160541778,-1.47037622568044
"385",-0.667668850963157,-1.05226732019492,-0.396743718058055
"386",0.151109937679715,-0.97878403807777,-0.266812411204584
"387",0.60123944174865,-0.941549351299889,-0.83484142111187
"388",0.592727441463328,-0.882112908426042,0.389473769711413
"389",0.332819009427917,-1.00697975379648,-1.5186593633767
"390",-0.450042140375807,-1.05633118608454,-1.15980022634989
"391",-0.764813528414752,-1.06265883862537,-0.625760101110709
"392",-0.452620181188585,-1.05784969317003,-1.21601803421861
"393",-0.571978664713977,-1.06279613555615,-1.13656574359329
"394",-0.553301739458142,-1.0412929730164,-0.237650366997811
"395",-0.711867881581333,-1.0424212868042,0.212794835466438
"396",-0.153323586361312,-1.01156641306857,-0.310278532116417
"397",1.33798084584546,-0.732508437120433,-0.69713160555743
"398",0.433380707765649,-0.935546814073469,-0.14165404004741
"399",-0.19343505552701,-1.01920779338885,-0.451967892288736
"400",1.99226517622835,-0.160291661607662,-1.16762315010654
"401",-0.0945296533603196,-1.00190705000568,-0.172641058504192
"402",-0.0463383975975717,-1.05429233367052,-1.98148807197114
"403",-0.144255478855502,-1.04258852263379,-1.3850093010169
"404",-0.102733726555765,-0.999597687728539,-0.070609980908437
"405",1.31104865311097,-0.687163914117838,-0.0880729917720146
"406",2.54555644407749,0.730371207048338,0.134861839269319
"407",0.0448176002623763,-0.996307596974565,-0.434016296916468
"408",-0.85089216334082,-1.05302215479238,0.132020325459651
"409",-2.46489078803179,-1.12902832166263,-1.45682418118262
"410",-0.193165690839339,-1.02854196915998,-0.77801806706517
"411",2.06318965145022,0.168570059866515,-0.327995349956286
"412",1.77441494160048,-0.467772595235352,-1.06620176220876
"413",0.151681992696747,-0.957848494923128,0.310852915785349
"414",0.341603181946337,-0.934482236263426,0.216904016794521
"415",-0.23107389222201,-1.01428386981344,-0.163258115099855
"416",-0.0753561001552339,-1.02032776311871,-0.827491181798921
"417",-1.6113025890382,-1.10208655949037,-0.831754470949058
"418",-0.973344917205943,-1.07597615929676,-0.768131583930682
"419",-0.00108492576488277,-1.0316211206008,-1.37522331457919
"420",0.749017666513562,-0.907882251871113,-0.691746756629518
"421",0.842286394496269,-0.849705488089076,-0.049363760514788
"422",0.812756130295656,-0.843783505211738,0.173854192114634
"423",-0.398068874438872,-1.05656577197556,-1.29485453785963
"424",-0.42453266544164,-1.02560313810009,0.0212956526966054
"425",-0.715650983832409,-1.05332566357208,-0.305759169572257
"426",0.251106160254306,-0.982904074223929,-0.689893909898343
"427",1.80899153739081,-0.352575481683193,-0.664813631547313
"428",0.91113345456443,-0.840073302722447,-0.180413846491104
"429",0.698569089496534,-0.920825959875378,-0.754585075019278
"430",0.71589785643584,-0.933326083705369,-1.04131903467383
"431",-1.41252316574455,-1.08874247737884,-0.339398633604203
"432",0.498472709865901,-0.888312153977032,0.652240606684611
"433",0.386180345914198,-0.967473882862673,-0.721854895381843
"434",-2.8667837113731,-1.13270500627562,-0.556954757062138
"435",2.06290317138288,-0.137610546862757,-1.41200749707817
"436",-1.05795364215829,-1.08633331604013,-1.15956190583113
"437",-0.691578146358784,-1.06032985728795,-0.712989673789816
"438",-0.255815525400299,-1.04105242031212,-1.05648996990195
"439",-0.638789671572487,-1.06193810091505,-0.929037206790651
"440",-0.720098508914379,-1.02680254066079,1.00300290398172
"441",0.8742565821748,-0.852550680129362,-0.226564588733839
"442",-0.713514728027346,-1.05740684947985,-0.510633842617447
"443",0.938151321778125,-0.829087034403786,-0.124890657552139
"444",-0.441927956777684,-1.06388436471968,-1.48871031039226
"445",-0.513047580304915,-1.04782510154767,-0.63794584471353
"446",-0.69106152652863,-1.05480123361841,-0.449298415166851
"447",1.56631184655883,-0.617441094223251,-0.824682770478766
"448",0.888865209321529,-0.883155248451534,-0.771051382765573
"449",0.790596402544375,-0.980418018269718,-2.08425817952577
"450",-0.24293172265397,-1.03474300394897,-0.862227905001002
"451",-1.87832113613599,-1.10783539426299,-0.56412551442284
"452",0.127743486431132,-1.01709010224883,-1.26840153331414
"453",1.95794362402835,-0.172008596914732,-0.99877889190662
"454",2.23321583843113,0.12705494742171,-1.04639509536553
"455",-0.618610980905116,-1.06263239952964,-1.01272841777277
"456",1.35442121696118,-0.687006371198282,-0.31345213910217
"457",0.263779305438271,-0.964234137185856,-0.249818956688601
"458",0.0608542353470961,-1.00484814220091,-0.734591516597674
"459",-1.66937592560656,-1.08720544631313,0.697068307000257
"460",-1.58985994534437,-1.0997466142153,-0.691355972320547
"461",0.209033828581946,-0.988207448855844,-0.70285824525541
"462",-0.150616530383112,-1.03348359360662,-1.06134229096522
"463",-0.708218003022894,-1.06079646373419,-0.69003455734893
"464",0.449856356000347,-0.95673776855686,-0.674853475519416
"465",-0.477249832696849,-1.02967193241902,0.0232006183468209
"466",-0.378471143223185,-1.02210354708938,0.0126152217652029
"467",1.48440627201783,-0.618039886935013,-0.371375880724684
"468",-0.662464957008681,-1.07906098997267,-1.67356646574488
"469",-1.09573470479275,-1.07395885327135,-0.296470962129249
"470",-1.55449807616406,-1.10794488175555,-1.48500592024073
"471",-1.29036934023238,-1.09960232060544,-1.46804796801787
"472",0.222225979972984,-0.994638195038413,-0.911587222212984
"473",-2.03827513110203,-1.10533495125392,0.305597163390731
"474",0.204741328019271,-0.944292059910677,0.481924362427193
"475",0.882252445929582,-0.840605286406481,-0.0682755175876132
"476",-0.928240022383304,-1.05939858136919,0.0359802104584094
"477",0.0376346183266424,-0.973512687769168,0.269894813202358
"478",-0.509392463416976,-1.05584393289312,-0.9906316564904
"479",1.07940629137954,-0.856678670528759,-1.07739582174195
"480",-2.39112900437611,-1.12261301675639,-0.658865766681025
"481",1.52789212489441,-0.653163718886107,-0.905885191776782
"482",-0.424523985324734,-1.04108735154639,-0.605231695937133
"483",1.87608922885552,-0.153543866512387,-0.209175556120777
"484",-0.790393418388638,-1.03864040028996,0.672725134519802
"485",0.909787011875812,-0.900930376193527,-1.12319208889139
"486",1.69319870042579,-0.561809621891175,-1.14329450749741
"487",0.833527215320262,-0.86847726080906,-0.325070431088464
"488",0.224284748876534,-1.00663324794288,-1.23323721478945
"489",-0.98690252313448,-1.09729447025987,-1.96549844052569
"490",0.33496430573302,-0.940478166666838,0.0956353609215878
"491",0.505748392578905,-0.9586678493265,-0.891397930990213
"492",0.770792269239006,-0.873098959495347,-0.158199243353398
"493",-0.657796126700271,-1.06019911956487,-0.797913578179731
"494",0.046188797201874,-0.985378119094765,-0.113208532370317
"495",0.663310156450448,-1.00015190450833,-2.14790461304456
"496",-0.336520430852776,-1.06485704439416,-1.75559958019723
"497",-1.70703237701954,-1.11558904825823,-1.80649974150589
"498",0.780264632911243,-0.9092340112002,-0.823073825025813
"499",-1.83786122291967,-1.12367055668368,-2.32255645084228
"500",-0.243878377163828,-1.05120052207824,-1.45239072057612
"501",0.178278251153177,-0.972875754593972,-0.193807145787128
"502",1.80110749345732,-0.56837875483461,-1.79490801836111
"503",-0.966275659481092,-1.070434054999,-0.47057698371954
"504",-0.00338614431844239,-1.01835157173721,-0.961689826636246
"505",-0.63826868060525,-1.06685828047531,-1.15852380104147
"506",-0.460408935966481,-1.06784846457177,-1.61107944406581
"507",1.29642482237236,-0.816946711275125,-1.41061401614974
"508",-0.427855824769594,-1.03173352813208,-0.216576135929827
"509",-0.302820222144584,-1.05242938440746,-1.36037108901889
"510",-0.799253805626642,-1.05902870261102,-0.342440840017937
"511",-1.42733421230638,-1.10164514635526,-1.28912197686037
"512",-0.397560197720157,-1.03232481763172,-0.332065738992733
"513",0.933278514223786,-0.976900173059189,-2.36126070052797
"514",0.882162760571302,-0.929655803496396,-1.48881512403914
"515",-0.219810210889081,-1.04384940173647,-1.24681426691464
"516",1.72405161143277,-0.433480015920566,-0.518753483733381
"517",0.236107784964317,-0.979084952438987,-0.544789608170892
"518",-1.83228562940617,-1.11159344546623,-1.09649665985369
"519",0.605373265255549,-0.945604743253932,-0.928919464626999
"520",-0.0343076321092124,-0.979342045883027,0.346712074449217
"521",0.579458388725887,-0.900942606485927,0.0612154452413245
"522",-1.41673539377839,-1.10179774808426,-1.3271098098189
"523",-1.71170433263721,-1.10267358051642,-0.582961612145415
"524",2.48928871789278,-0.288505856799889,-2.60907801430235
"525",0.816885431394942,-0.858578446579367,-0.093152651634894
"526",0.394831690875227,-0.932824785996023,0.059862815613496
"527",-0.315398484092852,-1.04110703108234,-0.903618639543704
"528",0.0796696935002525,-0.974437971533444,0.0956202758245365
"529",0.0886798351136615,-0.993920948931873,-0.498382247087948
"530",-0.0603859647193222,-1.00911810199855,-0.510702552009152
"531",-0.510646155448166,-1.05363647638471,-0.893056191860238
"532",-1.60276856495077,-1.10355863106199,-0.984427996258977
"533",-1.0841894243062,-1.08813046153185,-1.20484293416607
"534",0.189924646214078,-0.976108434607254,-0.319434981375314
"535",0.313055506604049,-1.02974574237759,-2.03257613701517
"536",-0.388482046177609,-1.02498533770726,-0.0689999108718639
"537",0.35357154556814,-0.942300396254881,-0.0154268651270896
"538",-2.74504270946612,-1.12917299308511,-0.335839725934669
"539",-0.693382577632535,-1.06377272351578,-0.873400586895765
"540",0.385118578101739,-0.928164249852896,0.20497707301905
"541",0.880609181631424,-0.891179590391142,-0.869424674801735
"542",-0.306901414782087,-1.01472265690496,0.0637619130539988
"543",0.484505065432544,-0.959819158637467,-0.851217892234379
"544",0.87594369393175,-0.825343516425437,0.20303578044452
"545",0.262934031723666,-0.976412641258794,-0.559095027844432
"546",0.548635865178512,-0.951681264466836,-0.875870847756946
"547",0.453618289808784,-0.988314867007479,-1.39258807705225
"548",-1.34240121672742,-1.08355538688101,-0.173724597771337
"549",1.45081497197499,-0.619958692435468,-0.196841149583485
"550",-0.751965900553764,-1.05642770095547,-0.350764861262945
"551",1.16185429383681,-0.867602325545788,-1.50973683487603
"552",0.272985247725995,-0.949006178172808,0.107076678635359
"553",-2.30044250342586,-1.11617258681406,-0.036692505939386
"554",0.544938759407737,-0.929986347341038,-0.411273350560708
"555",0.482798010576672,-0.972809533621768,-1.13015354315956
"556",1.98942751409698,0.0363382185998242,-0.386680715229009
"557",0.639526952884539,-1.00309251605487,-2.15168008682909
"558",1.22399702660114,-0.791845666580981,-0.83821444013479
"559",0.870068366437623,-0.885049620140042,-0.733512636963117
"560",1.73654455177188,-0.459102746282969,-0.763260459326705
"561",0.393101986627417,-0.974886244870709,-0.916332535399587
"562",-0.725786304601222,-1.06066956184628,-0.635423354042333
"563",3.42366661846401,0.842802550056171,-0.20975393963854
"564",0.894476416148932,-0.844527415775071,-0.181351071666805
"565",-1.12445370375328,-1.06908271917188,0.100127505108126
"566",1.30509663840538,-0.670221868213847,0.124439366229522
"567",1.16719467539801,-0.79178824520823,-0.594845588007358
"568",2.14826416057238,0.149298161875089,-0.739555955650989
"569",-0.133013197767548,-1.01272860508749,-0.41128774739525
"570",1.65242657595478,-0.594630583986775,-1.13313193188973
"571",0.912348747508672,-0.911155917108693,-1.2907357348372
"572",-0.527024662081907,-1.04050590627136,-0.282720546708646
"573",0.965657996968832,-0.828224098385737,-0.228323250882175
"574",-0.197688200565188,-1.02304813508679,-0.573545691028818
"575",0.616804255691754,-0.877577684482973,0.380465780567189
"576",-1.04482580500366,-1.06526159937564,0.074352574326233
"577",1.06009109495009,-0.841644891068952,-0.801433451315682
"578",-1.58513991962397,-1.08823328534674,0.284339864044123
"579",2.05093142797077,-0.210429759061183,-1.62610505988328
"580",-2.19469333223427,-1.11227607899795,0.0700540402311432
"581",-1.5447215084693,-1.10945943186175,-1.63510795372716
"582",2.51181288836841,0.607412266280117,-0.154752758587005
"583",-0.951196940546226,-1.05234126177022,0.509791451498628
"584",0.282845525177269,-1.00694817477778,-1.39244583913563
"585",-0.779414298513623,-1.08676333621291,-1.80754366969936
"586",1.54505803596106,-0.668709264406551,-1.12054027011304
"587",-0.689890044459561,-1.04106880606311,0.205297291680448
"588",0.399511917218054,-0.967147462603876,-0.755286402678343
"589",2.1894655376944,0.120388875131915,-0.956850279329458
"590",0.319916883973961,-0.984602667266841,-0.935720368301631
"591",1.93654970149841,-0.273773987247638,-1.26992057444443
"592",-0.860965209126887,-1.06576145784784,-0.515501885826058
"593",0.587716286121509,-0.956769657375601,-1.09924951170985
"594",-1.27566679414787,-1.08673452241434,-0.603701451680376
"595",-0.353947021279462,-1.06784630425728,-1.83459149956292
"596",-0.865781610883349,-1.11080765787287,-2.91557904154297
"597",-1.35214325367978,-1.08491428092992,-0.242211785010166
"598",0.48376925032807,-0.947875457207942,-0.587860462657993
"599",1.58669270588318,-0.717237116486492,-1.69848428575154
"600",1.10424763135902,-0.827409877387363,-0.785222058483863
"601",-0.832441127456964,-1.07232195740364,-0.940400460417064
"602",-0.288045970187076,-1.04078683424576,-0.963483861842566
"603",-1.0321553801236,-1.09596749392999,-1.79699514160616
"604",-0.115886389028251,-1.02557816570489,-0.88830954917117
"605",0.290526127414535,-0.980793930962377,-0.754561621727374
"606",1.03056550032827,-0.909028717964742,-1.62968806603365
"607",-0.929336810934163,-1.05473202875189,0.299922171117737
"608",0.88907367329621,-0.897980785820908,-1.00697539999847
"609",-0.452874981924122,-1.05051187508594,-0.913073898128873
"610",-0.879484532362142,-1.07866819741332,-1.15994809624625
"611",0.872134911652126,-0.883804723468496,-0.720936597240398
"612",0.571547260898775,-0.915658220512305,-0.209445990905968
"613",0.913503109964024,-0.870002641209177,-0.65516067545249
"614",1.46695219776119,-0.673252187258184,-0.762947503736931
"615",-0.0400047031903085,-1.00707905386887,-0.506796302864562
"616",-0.641726228706875,-1.05068131866591,-0.398328146578949
"617",1.63874629829225,-0.450460606893459,-0.032539956127182
"618",-1.9597280925924,-1.10994279722836,-0.523016014436819
"619",0.434596178094023,-0.971388350113148,-0.958333125783456
"620",-0.469958848932091,-1.02762722498406,0.0850284702739758
"621",-0.719500865406514,-1.05950844110666,-0.596131979865624
"622",1.7911789540729,-0.47990709187222,-1.24373907314945
"623",-1.02145056661532,-1.09204972939904,-1.58703416857906
"624",0.740405147678748,-0.890309878370827,-0.346520313153825
"625",-0.964355379942198,-1.08536732002751,-1.32834588631677
"626",0.520564756775276,-0.901659839440172,0.275978748990242
"627",0.588879791800112,-1.01370208461473,-2.25274010712743
"628",-0.756267721017544,-1.06687286494686,-0.860073545405742
"629",2.18660083550346,0.472632024920808,0.17452009886634
"630",1.11832826909497,-0.821918079086506,-0.77038988205118
"631",1.90309714912882,-0.686267438231625,-2.88664605885669
"632",3.72101951858269,0.873520444819099,-0.231113667044283
"633",-2.71400759106671,-1.12578750177468,0.252835972781385
"634",-0.26145134798592,-1.01414691825189,-0.0619642062975009
"635",-0.685529174848823,-1.04915635194669,-0.195546853426144
"636",-1.74972207832533,-1.10222281181882,-0.418302898722416
"637",0.0562830434285759,-1.01779922170856,-1.10394384264389
"638",0.139541172584854,-0.959271715326824,0.315478950368398
"639",-1.08141224437064,-1.10036067655609,-1.96408516611986
"640",0.29139385971648,-0.960459148692958,-0.246377940616416
"641",-0.775924661837655,-1.05588355822629,-0.251867335033446
"642",-0.933411821186819,-1.06809604196764,-0.433969242168305
"643",-2.77861420549325,-1.12697182048214,0.36080617862948
"644",-1.06996453724997,-1.0728336776983,-0.305293499021471
"645",-0.642531246334313,-1.06644915167499,-1.12907794169815
"646",-1.18170370921603,-1.09839144284902,-1.63103686088541
"647",-1.55235176883518,-1.11310739166331,-1.92406095496397
"648",-0.752340689380468,-1.07476490663118,-1.26384916011756
"649",-0.577032319595345,-1.08060053649321,-1.91813315309198
"650",-1.12228867728296,-1.09011164957385,-1.23541460471412
"651",1.30669850437456,-0.757133203419301,-0.811605819757787
"652",-1.41935003932909,-1.09124148448976,-0.509950102570713
"653",0.424252188243584,-0.93636191495795,-0.127812211829112
"654",0.946162663422259,-0.841437132003267,-0.345361219424913
"655",0.405452283014847,-0.939228846579906,-0.127159703531692
"656",-0.291351185907375,-1.00759768081593,0.277763189884771
"657",1.35305690677435,-0.695968611316234,-0.397280868053737
"658",-2.1288088812092,-1.12414843482884,-1.71807718073613
"659",1.7235277672142,-0.519364133457078,-1.0528791240806
"660",-2.10968095444129,-1.10825054339529,0.242813104266932
"661",-2.77958394377612,-1.13050655185603,-0.467744333660481
"662",-0.818152978802479,-1.07367970324824,-1.04773609973237
"663",-0.45886374184667,-1.06772308504295,-1.60923958617623
"664",-0.992807231367774,-1.06341848920523,0.0147813427247678
"665",0.126388014481771,-0.952303415650398,0.559734057854834
"666",1.21369456523852,-0.862353584048555,-1.62317961982331
"667",0.221014587279517,-0.977377927788244,-0.452686989200439
"668",0.242229303247526,-1.00461220625076,-1.22749656552643
"669",-0.495521433281741,-1.06626671154494,-1.46724996526365
"670",1.16765040028899,-0.815855456832017,-0.892894935626773
"671",-2.61217081069858,-1.13848225760923,-2.78293915345256
"672",-0.203729999880855,-1.00708860598213,0.00388057179799772
"673",1.21704963439492,-0.822587868971767,-1.16887220531988
"674",-0.409925272154439,-1.03242217707905,-0.298811675734849
"675",-1.10176145170473,-1.0868092555518,-1.07918660845814
"676",0.449719661051715,-0.951334984351486,-0.553310889150978
"677",-0.138846618505179,-1.03370828018136,-1.09918923626279
"678",-0.317406064845724,-1.08914292602176,-2.71258436150003
"679",-0.614982702586257,-1.04346475495172,-0.146216930422173
"680",-0.55600181710845,-1.07395803743066,-1.66682901388055
"681",-2.97934638673791,-1.13575339525812,-0.793568449212425
"682",0.5454871890926,-0.951515076816502,-0.86259942913929
"683",-2.13403176495039,-1.11891709797686,-1.0297277208612
"684",-1.94622675308892,-1.10442252112639,0.0468011337047413
"685",-0.439537476306723,-1.03572500915645,-0.343731598293793
"686",1.72879639267192,-0.469503384521751,-0.775680727131266
"687",-0.920310002685973,-1.0789598846651,-1.07478524545872
"688",1.7535830265433,-0.311486876127042,0.00370504598380372
"689",1.52873784498689,-0.590303705505548,-0.392558832358549
"690",-0.0124386367829793,-0.968674231857961,0.599319903115721
"691",1.11666526476604,-0.73841127078331,0.315563703969449
"692",1.68258242906303,-0.541521024261942,-0.946222127623108
"693",1.21559308490389,-0.789680498556271,-0.777260366963756
"694",1.56291444068125,-0.479225894850731,0.28314762723861
"695",-0.267405241527682,-1.05303496279738,-1.46493503891206
"696",0.956011690759362,-0.889762636360567,-1.10879746423728
"697",-0.264102321179275,-1.02684364652668,-0.516775081030071
"698",0.297650772404536,-0.990912845492148,-1.02891519952417
"699",0.535795368869587,-0.88088894321671,0.652857402677746
"700",-0.224767754972021,-1.0475029563818,-1.36464749736867
"701",1.52538752035298,-0.539210140688638,0.049763778956984
"702",-1.89195174708052,-1.10561102597521,-0.28108356944578
"703",1.43313573657862,-0.612743854369391,-0.0284135133556536
"704",1.2523584722132,-0.753123135446045,-0.519914936647603
"705",-0.482862005783504,-1.06900476449922,-1.61067851502978
"706",-1.06704053717366,-1.07765245561592,-0.607865863123649
"707",0.163802104784844,-0.993858955353357,-0.721709128613704
"708",0.018727128385853,-0.987713232281332,-0.0929326122098036
"709",-1.77629130445462,-1.09283888873157,0.592736191477699
"710",0.192939996845735,-0.95250692203426,0.305846107536859
"711",0.984110033697404,-0.88331037553808,-1.11012827502245
"712",0.736783344804453,-0.873663835738765,-0.033464189628314
"713",0.691492671748049,-0.89897965551716,-0.323260880542916
"714",2.14988796340519,0.227401042768202,-0.489067821371758
"715",0.948563793898942,-0.846329714367673,-0.428855099593093
"716",-0.716568108149958,-1.09888378692797,-2.52324137640482
"717",0.592916053009028,-0.946149077383662,-0.900841433395506
"718",-0.876824555240502,-1.07698625820718,-1.07568905271462
"719",1.69545951952011,-0.444758678619604,-0.391174392177855
"720",2.30519611382143,0.735850302795984,0.619254434700517
"721",2.08203164792668,0.131498430077283,-0.546626189788359
"722",-0.974056099172463,-1.10971212696489,-2.70342747314584
"723",-1.647058408061,-1.09137894399872,0.234186879551834
"724",0.12763063690526,-1.0331476425062,-1.71998217635571
"725",-1.44916636213191,-1.08593190278286,-0.00304317347393412
"726",0.949450475052577,-0.833354013901011,-0.237044381441963
"727",-0.331432895005416,-1.0420769520082,-0.898015566060639
"728",0.42830969339204,-0.975496856949225,-1.0332950191155
"729",0.968360311599405,-0.873771769339944,-0.914142626906559
"730",-0.401929633104403,-1.05337783558352,-1.15853755498506
"731",0.703010885769738,-0.987344017188168,-1.99898892797174
"732",0.345572501075287,-0.950323399081773,-0.180755881407631
"733",-1.31372375280376,-1.09904601429681,-1.37339286331449
"734",-1.52562583693908,-1.12422735389527,-2.89743478939575
"735",-0.0737972103675383,-1.05259512482602,-1.87135734851489
"736",0.139297295530931,-1.01013007599362,-1.10344998273891
"737",0.527826652166682,-0.976917665748615,-1.34469912436669
"738",-1.0212873642037,-1.07291255960854,-0.454685109189528
"739",-0.830055653740813,-1.05083847413348,0.178761512731055
"740",0.242795399182283,-0.940869623741822,0.427693282285669
"741",-1.24670780444149,-1.08413936372081,-0.508706254999413
"742",-0.614882005007305,-1.07084490487237,-1.39734876174577
"743",-0.264904212139116,-1.03417619434008,-0.782147495523108
"744",-0.847755428612097,-1.06685275826271,-0.610891638815347
"745",-1.1685560124203,-1.11641802017027,-2.83314440494109
"746",0.856309495359198,-0.899805219596247,-0.924343543297283
"747",-2.10465208894933,-1.1213950954462,-1.43383079735301
"748",0.416866927676194,-1.02777821765574,-2.2004995410966
"749",2.90753001791292,0.709907658968329,-0.2769235589207
"750",2.0779612940524,0.110480549029784,-0.601827418032892
"751",-0.308870465348902,-1.03814038976928,-0.809406985117011
"752",-0.105040708752045,-0.980548760481357,0.563389445845903
"753",-0.55765690957299,-1.01763881923683,0.817538409712111
"754",-1.29418056764015,-1.08925109484729,-0.727646751906774
"755",1.59153224157444,-0.416693039811796,0.559464099829441
"756",-0.825841937472786,-1.07792434765967,-1.25009002534671
"757",-0.779501643024888,-1.05890734273454,-0.394430229420264
"758",1.11057303704737,-0.832034793459689,-0.870552040822698
"759",1.16751000434891,-0.804250397891242,-0.749541420101505
"760",-1.41680846675873,-1.09668134736505,-0.934661527739687
"761",2.57920196053594,0.980733217142002,0.76695763667304
"762",1.2169243639237,-0.958849298184455,-2.76444977460884
"763",-0.396497859432943,-1.02432123137366,-0.0171813386134962
"764",-1.13237107787582,-1.0769690290348,-0.375102340334614
"765",1.82892658579834,-0.270963259810484,-0.386604114807362
"766",-1.2460260426181,-1.10344364273079,-1.83245823497478
"767",0.394418873126319,-0.931250338132208,0.0981163085528416
"768",0.49974432020533,-0.927507320401247,-0.199835086644328
"769",-1.27700332218119,-1.10181315539194,-1.65346313115383
"770",-0.285654477098135,-1.05173182021296,-1.37471298666899
"771",0.0968168602058068,-0.983079683847176,-0.211622851084383
"772",1.50069635296631,-0.6798149808333,-0.990678145847733
"773",0.431369329041949,-0.948635510461904,-0.431876730088787
"774",0.865456596604781,-0.890166596241427,-0.799658517444727
"775",1.52241180456529,-0.676738176381581,-1.07300014167984
"776",-1.86772412343558,-1.09917484152634,0.311693016168079
"777",-1.41733830812095,-1.08917688502146,-0.357654912424087
"778",-0.851403322290875,-1.0602014703507,-0.247513688776769
"779",0.0473666205023659,-1.00527964235526,-0.708446532272656
"780",-0.624452925230146,-1.02560411007135,0.70402009892171
"781",-0.373091614446077,-1.03609668057387,-0.552472659797613
"782",-0.409616627505612,-1.0386834156243,-0.550666556408153
"783",0.434794126070166,-0.967550885347179,-0.871951883076113
"784",-1.58333905971865,-1.11190507061833,-1.75457709291898
"785",0.622929368477265,-0.927700890344458,-0.631246052522233
"786",0.391471956562268,-0.916796474566736,0.447015920325826
"787",-1.14277453979231,-1.08050989522745,-0.570482958393598
"788",-0.356722929284274,-1.0009081262012,0.764103719347034
"789",1.41738251764932,-0.690723528673253,-0.671448637723323
"790",0.0185659311744354,-1.03044392885328,-1.38693565219524
"791",3.18601843974628,0.280425096137636,-1.48892384786493
"792",-0.692713473825872,-1.05876816877831,-0.634933546070849
"793",0.968163727695424,-0.871538249888678,-0.880354243606142
"794",0.626240493416904,-0.90898123136297,-0.274968878502504
"795",-0.781639190087777,-1.05993372747234,-0.440297639936356
"796",0.846942366213868,-0.925558411257471,-1.31548731274695
"797",-0.638320237202057,-1.08401135782224,-1.95377629638655
"798",2.64047835484254,0.202211900064095,-1.39430239306372
"799",2.15973959781574,0.0678171724964765,-1.04151039940995
"800",-0.19976714787162,-1.01638663933916,-0.33441851963047
"801",2.00767027350911,0.0890543412516545,-0.305313642472767
"802",-0.805096173588619,-1.05509961117545,-0.122532020536997
"803",1.53425281911241,-0.489911454908397,0.396126849717507
"804",-0.831029293449147,-1.06353982129721,-0.483746953525474
"805",-2.31975341558771,-1.12127018831502,-0.720654532620459
"806",-0.561121219968484,-1.02806972192696,0.369891761998649
"807",-1.83136657838155,-1.12168529619274,-2.1320321093804
"808",-0.121446319261148,-1.03239763565607,-1.09996051673251
"809",-0.207816129819854,-1.01656410754404,-0.31612307038954
"810",-0.140583841739267,-1.02872418896182,-0.926941122298756
"811",-0.384379543612159,-1.01392938380869,0.353994631420137
"812",0.0917716140661886,-1.01153724876629,-1.01579311801077
"813",0.265815601719112,-0.991265606371521,-0.947922950225184
"814",-0.201267574397243,-1.01818493919769,-0.392846464461041
"815",-1.20654859444552,-1.08376195842926,-0.599912040243204
"816",-0.319563493689453,-1.02202766667624,-0.170983762103517
"817",1.1068127139409,-0.852205254403455,-1.11892364938196
"818",-0.0838767456608152,-1.0273137330834,-1.03049036147687
"819",-0.438403627346407,-1.04120868270675,-0.570961339704469
"820",-0.402354900731176,-1.02520422131627,-0.033650442029279
"821",-1.36701415610781,-1.10895414719703,-1.97778287694419
"822",-0.319244803510296,-1.02471461356318,-0.273580313698683
"823",-1.30274224202411,-1.11303626537432,-2.39387668051712
"824",-1.07031192225785,-1.10236571326187,-2.10821103646637
"825",-1.81295524617519,-1.10051917071357,-0.0326712281583693
"826",0.828807811242637,-0.868900129113018,-0.313719585366461
"827",0.749299593036001,-0.908975073610234,-0.712191295969201
"828",-0.242655691713888,-1.03622041959811,-0.916135269281009
"829",1.32554918618213,-0.781749007786238,-1.15321437846225
"830",1.40170631804604,-0.883885733073072,-2.44733686433738
"831",-2.95730358895212,-1.14004664720969,-2.17154429532799
"832",-1.09687048382144,-1.07323072744396,-0.247773908750433
"833",0.451558199390192,-0.939346702646516,-0.290937215850491
"834",-2.19738292020463,-1.11599622474608,-0.423763659523478
"835",0.195554699268892,-1.01698232461824,-1.43538112690021
"836",-0.127728731362465,-1.00911307328934,-0.306493265712036
"837",0.134906148322752,-0.979604867104835,-0.236992858386047
"838",-2.16631481684968,-1.11667379031856,-0.628059417022931
"839",0.236491525691599,-0.959146787473011,-0.0255009062975326
"840",-0.781067614517991,-1.04931309413608,0.0972911089070521
"841",0.679388513822221,-0.898106874193561,-0.26198367650217
"842",1.136106884846,-0.930066359234972,-2.21378519263413
"843",1.6197896906425,-0.538285280522837,-0.539133400586863
"844",2.75671923034763,0.583499424104783,-0.486809446143886
"845",-1.28080785758037,-1.0915160479658,-0.923760276964157
"846",1.21171484483996,-0.75649591427633,-0.369963977684818
"847",-0.218556174454038,-1.02453547446305,-0.565651736501001
"848",1.2587188549,-0.7636115292909,-0.667029412470376
"849",-2.60847752395078,-1.12926137331623,-0.976488989886122
"850",-0.150678211172375,-1.0358452970129,-1.14122196481205
"851",-0.230141032755276,-1.0294312973597,-0.70686804712044
"852",-0.273580790435629,-1.01406247491538,-0.0199134295132189
"853",-1.02696695572086,-1.07902387996843,-0.801117420693877
"854",0.137229616853151,-0.964598974446018,0.174959108566498
"855",1.73923908288248,-0.39459418406316,-0.387311960503537
"856",-0.110487739445677,-1.01038736958756,-0.401494720357974
"857",-1.59193742666178,-1.10307751907874,-0.972847449981574
"858",0.811515339450116,-0.872671557595204,-0.309902777914461
"859",1.32974317952075,-0.725165733841503,-0.581851610826134
"860",-0.187910337820405,-1.01361037436677,-0.273961223530049
"861",-0.247676972207501,-1.00866247870889,0.0921273292608115
"862",1.60852462418999,-0.381328754774109,0.694103498878324
"863",1.17480489595874,-0.81533377338736,-0.915312402657685
"864",-0.281076433713855,-1.03548821117579,-0.786156473771559
"865",0.69498422365443,-0.969531784107968,-1.6485161621907
"866",-0.430789805231548,-1.03030200169851,-0.149428965835849
"867",-0.230566453139856,-1.04989105182567,-1.4361810478512
"868",1.16043684808146,-0.846064062348582,-1.23805090135833
"869",0.530676558757129,-0.940134054040156,-0.576015546635745
"870",-0.912055703408731,-1.07995447575532,-1.15031122575005
"871",-1.35176760225669,-1.10558451588146,-1.76087702085479
"872",0.214239202961253,-0.949460582163441,0.308908864993097
"873",-1.89109398154443,-1.1173892517943,-1.54375457151991
"874",1.62957140879971,-0.574521007195071,-0.860549070675589
"875",2.17898643677107,0.190639866610874,-0.702355681913747
"876",0.757377401113191,-0.967158374240977,-1.76967975860775
"877",0.706056888059942,-0.912142648823153,-0.619609971119183
"878",-0.317170625961377,-1.07134279740287,-2.04073830159481
"879",0.481039835116581,-0.922913944030832,-0.0321624280746449
"880",2.33370518839269,0.384962611963432,-0.486385777349816
"881",0.55764794465083,-0.91579866328312,-0.161615534846712
"882",0.595857560665636,-0.894013146606877,0.137480459624326
"883",-1.53295826114184,-1.0927898233164,-0.27955116792423
"884",2.81403306425697,0.982558037811116,0.496071918025282
"885",2.65634139018735,0.385528232333025,-0.919964670682012
"886",-0.847308257724239,-1.079630077574,-1.2888206186707
"887",0.199566574237745,-1.04011926085205,-2.06493760499725
"888",3.61697660461119,0.982800769092518,0.0580814932243245
"889",1.11850700340015,-0.86617601556154,-1.3420958574436
"890",0.965457826222123,-0.865899019771633,-0.78677827972755
"891",-0.511270267418949,-1.03119054800072,0.0685176929375928
"892",-0.953105913784325,-1.07558972568,-0.800695958197482
"893",-0.968572824920628,-1.07485960349888,-0.7171499139678
"894",-0.918271817942449,-1.06790187348236,-0.467156115038234
"895",-0.694956705284544,-1.05985746199055,-0.681067612973087
"896",-2.02892351525886,-1.1085492632602,-0.114264008459379
"897",-0.728221650411833,-1.06079074551683,-0.634612376763744
"898",1.06468970633019,-0.760891882515724,0.276631785817453
"899",2.48413309448047,0.630059717494748,-0.0509850950446852
"900",-1.26303228926673,-1.08764362843514,-0.702986033198177
"901",0.86134157197313,-0.913732288312947,-1.16775755869532
"902",0.210231734135773,-0.95766440708773,0.10558563166763
"903",0.474613928961283,-0.933899449587231,-0.25029359685591
"904",2.22004645328556,0.0545013132106233,-1.2413882609776
"905",-2.18247029963922,-1.12516718660829,-1.70919498059477
"906",0.519875273974109,-0.899765732286919,0.319009230773368
"907",-1.13456171517196,-1.08510353163649,-0.886492307363231
"908",0.256478074345748,-0.978097455462339,-0.582331616244506
"909",-0.440817984348557,-1.03276748708698,-0.218997298209426
"910",-1.66778244863893,-1.09579494386125,-0.0913773451009818
"911",-1.46230264105606,-1.07811718749681,0.659181372012629
"912",1.85634918331611,-0.227795984327246,-0.397035090842179
"913",0.485114351229408,-0.943322182457386,-0.49281435374249
"914",-1.36207053956336,-1.09851732957155,-1.21623542344564
"915",1.2266019139831,-0.708046524952888,0.122765818725611
"916",1.26385735268582,-0.777303122758208,-0.842943759898853
"917",-0.990334702568847,-1.09181152257631,-1.64066794274326
"918",1.65736893916121,-0.314231804893566,0.778827082945047
"919",3.14929397232677,0.4098979601274,-1.15649199098862
"920",-1.10555406013551,-1.07503251578349,-0.333635890292587
"921",-0.275809779969871,-1.03744813239515,-0.872555190636445
"922",-0.86290746624185,-1.06950512298691,-0.71019085367247
"923",2.41219669380832,0.515662044990213,-0.254998322299142
"924",-0.344198381173885,-1.07403391716538,-2.09215794639261
"925",0.192468310740537,-0.984634714900499,-0.557137307739577
"926",1.88117703565829,-0.339704776957593,-1.1426347273834
"927",-1.04049104897094,-1.08673847311461,-1.22674852883065
"928",-0.535517173339354,-1.05503409026768,-0.888120174983241
"929",-0.310905653336398,-1.03723562044498,-0.769869335767484
"930",-0.773571364993056,-1.08349779180159,-1.65436842682324
"931",-2.51031984075544,-1.12665627717322,-0.878410122671549
"932",0.261902311993357,-0.99608484676507,-1.06037634912228
"933",0.607901503554695,-0.912906887397085,-0.285877420375099
"934",1.35014114561645,-0.85364981506075,-1.98710585084849
"935",1.05723864964191,-0.831565053768852,-0.652609251718848
"936",0.116781531956776,-0.97631327037842,-0.0843890797125783
"937",0.540216125057475,-0.947266138162768,-0.757091954075086
"938",0.129391171078637,-1.00333858349022,-0.886087338264436
"939",-1.59912353128162,-1.0924943103694,-0.0341970393162773
"940",0.418858265352444,-0.978587737028475,-1.07675700869539
"941",-1.00716654877981,-1.07675747222174,-0.721219996054681
"942",-1.28572733433745,-1.08357791234349,-0.352668495339954
"943",-0.140254282118497,-1.04729496688329,-1.55290356955081
"944",1.10355542250826,-0.743358651011755,0.317428094447777
"945",1.1327488022967,-0.80075552461445,-0.559092885359452
"946",-0.502026684953245,-1.05470976509775,-0.961207764520855
"947",0.55269590122139,-0.925421822932472,-0.343274861731968
"948",0.205924050690613,-1.01690493906783,-1.4588136134036
"949",0.0143472689230177,-1.00941469326524,-0.737816551560553
"950",-0.344009332588954,-1.02230797502527,-0.10508747369381
"951",-1.54247197716034,-1.10054306883732,-0.895964156319878
"952",0.623078130320672,-1.01604386563257,-2.37001574767828
"953",-1.66893665672154,-1.10199007775564,-0.651925406064015
"954",-1.85016828201175,-1.10437452024488,-0.295985577297235
"955",-2.82854332120322,-1.12960367725518,0.0199931496812494
"956",2.6730826050245,0.464871724231122,-0.724759460708619
"957",-0.296864563793948,-1.01337216050418,0.0813781092497654
"958",-0.771715195197572,-1.06699483524792,-0.825371486956683
"959",-0.299319388842849,-1.02364518082261,-0.294056090472717
"960",-0.594081325144227,-1.08074375482029,-1.89097229130698
"961",-1.15749759247684,-1.09334868426987,-1.35772050874383
"962",-0.520719540224876,-1.05813984694642,-1.06034761807281
"963",1.10490682591783,-0.867355926958999,-1.30991460182623
"964",0.69881669394677,-0.950579089073002,-1.30718957642626
"965",-0.748653120709815,-1.08589003766961,-1.82593580750675
"966",0.177408966178983,-0.982143308259949,-0.442967233904376
"967",-0.361165727460007,-1.02954120290907,-0.331760607713017
"968",0.818734849173678,-0.837518103211399,0.253757980603853
"969",-1.70684352943931,-1.09344241003478,0.265820433719016
"970",-0.842625008865698,-1.07055000361678,-0.820429573897391
"971",0.070576315342707,-1.00367713820559,-0.728257932728275
"972",-0.71736053566816,-1.04455241283953,0.127112602491555
"973",1.08329887299828,-0.766480269987384,0.1114006332561
"974",-2.20381880533123,-1.11651140320202,-0.469787082917101
"975",-0.244494490403328,-1.01790667576854,-0.251436375410968
"976",0.865695648472956,-0.823297246828438,0.281477113115623
"977",0.693366402075385,-0.976777368798531,-1.77917598477201
"978",0.0359064372014166,-0.976757730286255,0.178850841513349
"979",-1.42690166670371,-1.08862596095647,-0.285253209074089
"980",-1.2294421485265,-1.09376470021995,-1.21110484787933
"981",0.523260482680284,-0.919129743402966,-0.105493025880558
"982",-0.36004935363258,-1.03886749289903,-0.697164064581801
"983",2.04787933220613,0.223743963496776,-0.0494577396339597
"984",-0.681163324306617,-1.05494702446157,-0.484781393576677
"985",-0.734273585197511,-1.07398474067925,-1.26805839904628
"986",1.92299689923635,-0.295131380390759,-1.25859032395608
"987",1.41825093441615,-0.6934526958828,-0.701525727172128
"988",-0.401766984944862,-1.04666387915578,-0.891220885311326
"989",-1.09082669170113,-1.09256708118266,-1.46317509427315
"990",-0.631273736776637,-1.04672040196656,-0.245961837188845
"991",1.23349965358103,-0.66916628732451,0.534701075000631
"992",-0.762667573591189,-1.06272174275956,-0.634880559464949
"993",0.251067779727713,-1.02490094177181,-1.77499228992819
"994",-1.4200355429448,-1.0896248650925,-0.383673032273172
"995",-0.873088667747919,-1.06352440809358,-0.360284887634928
"996",-0.769790743280677,-1.0424232958744,0.408190607146106
"997",1.56110416097138,-0.773502983905747,-2.02858668775242
"998",-0.116319492136318,-0.972295247265112,0.878343471421013
"999",-0.635293600516059,-1.04370803619207,-0.0943828188365513
"1000",0.832142656868813,-0.953498575807034,-1.73463400722548
