"","x_pa","x_child","noisetmp"
"1",-1.58447044692916,-1.16770138048098,-0.905483038705842
"2",0.504967948688526,-0.52430689105792,-0.158780767565472
"3",2.21431247356801,0.173942135777716,-1.85009051465102
"4",0.0394599401627442,-0.839082540575677,-0.180461104420251
"5",2.04094325676899,0.406345976512442,-1.27744339537776
"6",0.891207586003333,-0.0958583470857042,-0.997722459317191
"7",1.47488121169894,0.81463380778308,0.0897909167480017
"8",-2.27087645600291,-1.23758994583012,-3.20217316827902
"9",0.808107796078199,-0.0896353306226466,-0.392606703966739
"10",-0.821946055589152,-1.02733854530292,0.686043298907287
"11",0.993969118328052,0.310115794401515,-0.167763906515011
"12",0.638636944791218,-0.306238786532767,0.1216617259416
"13",-0.170610639055801,-0.989333196869896,-1.19420951656111
"14",-0.635324363144274,-1.04258280642864,-0.425618785761081
"15",0.290690853867849,-0.760955170759276,-0.665289233368147
"16",0.937691764403171,-0.017499353261515,-0.959942975605329
"17",-1.52566554978076,-1.18620663973222,-1.86866396638726
"18",-1.36824520670699,-1.16626020142706,-1.48547399887864
"19",0.821196343775866,-0.343170815023412,-1.48067719724225
"20",-0.366042490546235,-1.02469002988118,-1.05400571778307
"21",-0.302964348609205,-0.990874026882501,-0.731923962207203
"22",-0.485675813966052,-0.965351611623651,0.471874562918085
"23",-1.10000648235263,-1.10898037713329,-0.407438358158911
"24",-3.21524098676868,-1.2392825431242,0.272416552650247
"25",1.12142746835322,-0.471588923319364,-2.78347990367161
"26",1.50887386481163,0.341179738975,-1.10422564544279
"27",0.571893689828248,-0.632649932640687,-1.25689402037831
"28",0.98330105372442,0.310740774922491,-0.119560925145725
"29",-0.736203603902416,-1.12576355975599,-1.93049554234308
"30",0.744661643983629,-0.107370744240736,0.141194217443508
"31",-0.457021219299047,-1.06709066941268,-1.49975477796916
"32",0.460912224467266,-0.547569110524255,-0.0159795856089238
"33",0.767331606079657,-0.0492961275006537,0.17136693073137
"34",0.0517461902932319,-0.959330395754026,-1.59854523029392
"35",0.799475810499494,-0.191612091831727,-0.719064963068077
"36",-0.168219773356465,-0.920495778343813,-0.238989744270103
"37",-0.53850671375761,-1.06905688482877,-1.28948535182027
"38",1.64672158139634,0.724896423062714,-0.310035129410639
"39",-0.43921087561617,-1.0148214824351,-0.621137219825523
"40",0.0297431785304934,-0.937899448598805,-1.27361821319043
"41",1.09202785648154,-0.00227315062068556,-1.40144741992986
"42",-0.928812779880833,-1.06126658464044,0.285440564752856
"43",1.59109361252544,0.757141399110914,-0.181326065709139
"44",1.21534135975991,0.0866243752257111,-1.3925760723899
"45",-1.34610622680616,-1.16308104499053,-1.42861505564825
"46",-0.709589588361167,-1.1018881134572,-1.46337555293638
"47",-0.180846185060847,-1.00069434479338,-1.31875770589522
"48",-0.987820991620655,-1.12961155736108,-1.36319746220349
"49",0.504609261196135,-0.616704831571988,-0.76417232289171
"50",0.240065344690506,-0.766986952804975,-0.456748226974666
"51",0.721896738611235,-0.313344335557094,-0.595659635454903
"52",-0.757891860773007,-1.06683916621928,-0.511629989701542
"53",1.01542043494319,0.202021454730579,-0.580989121433797
"54",0.338604285623998,-0.732451670268934,-0.675937727275087
"55",0.931287974389643,-0.0499476191694841,-1.03758837463425
"56",0.138986564285835,-0.841327782100688,-0.681738411856485
"57",0.224851660901569,-0.813107289888861,-0.809038430961149
"58",-0.459263155567886,-0.965182977155917,0.353951333816403
"59",1.08339742814691,0.394002926230498,-0.241878544156431
"60",0.637139932859743,-0.509076888499117,-0.957036958214814
"61",0.47627977098073,-0.598873010506608,-0.470978300718668
"62",-1.66025343681528,-1.18625459948219,-1.52185395594281
"63",-0.137171549304636,-0.896549700278586,-0.0500193188834712
"64",0.550327048872415,-0.46377368425512,-0.0941207859267161
"65",1.2181918100858,0.187581701321167,-1.12719120448853
"66",-0.260940634569344,-0.97034695993508,-0.576596176568282
"67",-3.20060391082531,-1.2454622088983,-1.35474362819482
"68",-1.48795821782208,-1.16922229440875,-1.26490626003296
"69",1.06260920872971,0.0677440070799568,-1.12637770987023
"70",1.29422140330086,0.301272666185763,-0.950488853093282
"71",-3.17321686280954,-1.24072108382798,-0.435773419248527
"72",-0.224739886560177,-0.971220614923105,-0.732345091349846
"73",0.295835055789158,-0.734789845458766,-0.466137225306778
"74",1.78947124855342,0.634638500053399,-0.62965039312748
"75",-1.1336445448928,-1.10421981804193,-0.138439676208873
"76",-0.62943860275577,-1.00814788830521,0.271544864358352
"77",1.45488881326233,0.548978821197126,-0.538682609032205
"78",0.648843313544478,-0.626509568220553,-1.65377332513326
"79",-3.02180457221373,-1.23377051263402,-0.146174422327706
"80",-1.42973335989338,-1.13186014136352,0.0300408080819549
"81",-0.31977262118717,-0.975010042689334,-0.413053112323673
"82",0.357018577410888,-0.749341435160195,-0.908669834778768
"83",-1.50658960400816,-1.14288695853703,-0.117924195405019
"84",-1.07515437659157,-1.13989365000914,-1.41357507710879
"85",0.108873043836884,-0.808825263182975,-0.194632425921693
"86",1.39403355718954,0.763072148939584,0.0752440218095839
"87",-0.538515077804432,-1.02417486756902,-0.419923844153472
"88",-2.79544100904071,-1.22556645425397,-0.29129578463422
"89",1.86650374549908,0.737615999393099,-0.442640878297987
"90",1.5354925595994,0.637557032022565,-0.411947673704468
"91",-0.882807562846602,-1.10524058219488,-1.02671291588338
"92",-0.861019460658646,-1.05159110510086,0.254598498176053
"93",0.206947660914833,-0.753655798811611,-0.155152190833424
"94",1.93796139098418,0.579015009441073,-0.842854788794065
"95",-0.466363223531836,-0.999148673166557,-0.233029097827563
"96",1.09857610407039,0.331720386936505,-0.464944078690404
"97",-0.464734433520631,-1.0432161982856,-1.0420306877052
"98",0.87288274527168,-0.595942701426564,-2.65762512960536
"99",-1.74150393546249,-1.21643595761968,-2.79628238398057
"100",1.21659848377792,0.255127682973329,-0.943663215048228
"101",0.728754549060148,-0.0923410537969257,0.36430026916706
"102",2.31436136577613,0.937752859334696,-0.213023054862645
"103",0.731403851697086,-0.455729003130488,-1.32226130633903
"104",1.17063706633953,0.545056657553435,-0.0608521863665622
"105",2.13618490330692,0.448629410507221,-1.21985767352751
"106",1.6549239845064,0.530210617399649,-0.776389007583471
"107",0.656329145869449,-0.273414598734875,0.145218951645783
"108",-1.82668988336107,-1.17657306126649,-0.508348920544977
"109",2.04038864597306,0.51378675798001,-1.03727114897358
"110",0.237678468094913,-0.867754977170312,-1.37434572270563
"111",-0.755202065665874,-1.10230111848061,-1.34104887649782
"112",1.33236921823509,0.236796636713405,-1.17000265031334
"113",0.268772830786432,-0.752705452840484,-0.478316144335456
"114",0.0557303536968699,-0.838921306387061,-0.258485628360313
"115",-0.23863096846405,-0.961884482791562,-0.538580975890728
"116",-0.558630423585837,-1.07802557599216,-1.40358078546846
"117",1.59914525727132,0.515139486243722,-0.766264801929445
"118",-0.449357732834941,-0.97918453489679,0.057397641657891
"119",0.986679118738585,0.294136042489547,-0.185874960332973
"120",0.574727130057138,-0.659172877688375,-1.43039139875297
"121",-1.78241774135362,-1.18798005249952,-1.25473482772081
"122",-0.230362123571594,-0.963133061324346,-0.590518273261721
"123",0.878688877451298,-0.0422820321655202,-0.741633766561947
"124",-0.192970893184515,-0.978173795993205,-0.954614639894519
"125",-0.827211871886923,-1.07462719687292,-0.447828195674017
"126",1.74414522431795,0.489673812436718,-0.93527361929941
"127",-0.469248082330368,-1.02171443423698,-0.633833951107637
"128",1.61920090140805,0.601041545856967,-0.579243188207247
"129",-1.32735928032886,-1.13669627698794,-0.527346827530427
"130",-1.03625171620806,-1.12063788223109,-0.964908004166384
"131",0.903222644440969,-0.0476205745280255,-0.896007436265991
"132",0.0994676297537186,-0.883877105291253,-0.952894776221917
"133",1.28037782646093,0.40684853432564,-0.654103019278168
"134",-0.704563048139924,-1.06682713580456,-0.699461845216112
"135",-0.0646139471155556,-0.84644987071305,0.253046456176451
"136",-0.98883714580541,-1.07376290200784,0.191740120412642
"137",1.13467895615374,0.254970186444929,-0.774360368672376
"138",-1.05367079214381,-1.11355565201134,-0.703025809931922
"139",-1.56412635185025,-1.15496983102961,-0.417849498298173
"140",1.2431485376182,0.473041084023645,-0.413592910717723
"141",1.29623382115136,0.00395127703282638,-1.72381646922427
"142",0.335476699934365,-0.778733047351969,-1.03967006891533
"143",0.655007348708328,-0.440321868322828,-0.715281703824961
"144",-0.0014207659246056,-0.878488170963038,-0.446485902760196
"145",0.0147783466689901,-0.933852218773708,-1.16921004438978
"146",-1.77691677688846,-1.18714491648639,-1.22839228616534
"147",-1.24429058548355,-1.14907749897255,-1.2241900243017
"148",-1.93609868862331,-1.19276802422685,-1.03378002152033
"149",0.229225167235306,-0.910183791493878,-1.73454226239212
"150",0.0557846660123338,-0.982769426246269,-1.87621819895334
"151",-0.303597994291301,-0.963802752065114,-0.300878725929143
"152",0.185784745501147,-0.728636652616456,0.205538053362969
"153",0.350206866322673,-0.604579260854783,0.294535120526903
"154",0.0186021084200076,-0.819243518030568,0.154580501756297
"155",1.33907670762623,-0.524021759444772,-3.12029771556873
"156",0.760024080464842,-0.290838133402912,-0.801023484072085
"157",-1.15277656995567,-1.11869542801534,-0.522849468718643
"158",-1.85183223149942,-1.16853218626823,0.023278765963091
"159",-1.94353364723745,-1.210316071795,-2.04192634527688
"160",1.46622714082787,0.787764968188196,0.0350637308147821
"161",-1.5998381319203,-1.15593273047859,-0.330679240389097
"162",-0.520354147515783,-1.01199624053059,-0.256448800302101
"163",1.8491815917773,0.47318231500956,-1.03635168798848
"164",2.65862785637196,1.36286843596622,0.582678247383277
"165",-0.0147504736051135,-0.867827946070683,-0.256713754691558
"166",-0.949938832055732,-1.13037884005306,-1.48977375903852
"167",0.174045301376154,-0.901868488891245,-1.4438381620659
"168",0.304849077610318,-0.908543987346676,-1.99697921028561
"169",-0.584284940118208,-1.06330959660698,-1.03032384492986
"170",-0.599727293627496,-0.99473813175449,0.418002271127451
"171",0.48451561853167,-0.464192946332541,0.389006589659112
"172",0.585457037274928,-0.608081492185571,-1.19019448017919
"173",-0.288960331447734,-1.02176247272585,-1.26757816083554
"174",-1.66423352808021,-1.17723778017971,-1.08759979594768
"175",0.895046749289946,0.124924163070871,-0.262982639841514
"176",-1.82766179153531,-1.16230463024607,0.258693350253255
"177",0.497735913595896,-0.633809440685514,-0.836476934480939
"178",1.57084686207839,0.524786497112738,-0.718054217533864
"179",0.104199144256828,-0.804310406029034,-0.122516990137165
"180",1.18017406805269,0.481327501391016,-0.257809028413848
"181",0.456112102320284,-0.593275693313773,-0.304971505768318
"182",0.250581973758586,-0.828005565388564,-1.06634875808043
"183",0.210480986506806,-0.77979363161669,-0.423194084537266
"184",0.0426732156805046,-0.807575486424522,0.162797561039255
"185",-0.624411811248543,-1.03298081684434,-0.266538060501414
"186",4.01897913392066,0.682276409005899,-1.0592439467746
"187",-0.868069454658372,-1.07397647942001,-0.282092424345116
"188",0.287928008793743,-0.71318384102879,-0.235223098784069
"189",-2.2805629786556,-1.20165026209224,-0.350704048756663
"190",0.914319460863037,0.133932318164674,-0.345446527949991
"191",-1.76925158153028,-1.17874118511309,-0.822611227371067
"192",-1.69044202212824,-1.15570605322638,0.0265575458225274
"193",1.40842746135749,0.306342407853665,-1.08683616491036
"194",0.96164781385985,0.0417675329187017,-0.871042728628843
"195",0.946172873108286,0.159445544994639,-0.426457878131106
"196",-0.218270807029696,-0.916023345981882,0.0517867007558599
"197",-1.56116808591158,-1.18689103194801,-1.81021591180556
"198",0.0685382035093352,-0.845505432322284,-0.393952469309526
"199",1.78670056534404,0.980643522861118,0.170399157494996
"200",-0.855940037105201,-1.06472038332131,-0.0951988819744073
"201",1.37670379005163,0.726252524721573,0.00924376527529902
"202",-1.71840523253103,-1.15913350584257,-0.0282959581954845
"203",-2.65338274227872,-1.23848242247123,-2.47358894469787
"204",-0.274710129160267,-0.975164165258158,-0.59582715966001
"205",-0.672278170659905,-1.06217759194689,-0.709723150478384
"206",-0.252243950914192,-1.06603228563223,-2.05810375990252
"207",0.705852463434892,-0.453125060592568,-1.13567728704981
"208",-0.418094747298465,-1.00299847337754,-0.492710321658399
"209",-0.90161282515443,-1.11980242230534,-1.34557585398596
"210",-0.523617525627472,-0.994593066985297,0.0895149596991727
"211",-0.220683000264799,-0.954636242577166,-0.504437827125284
"212",-0.903908606176524,-1.06434467526057,0.10322615941541
"213",-0.389542128110434,-0.952032011443203,0.267848885986775
"214",0.8916301778968,0.0683881928010706,-0.435881176635655
"215",1.49806638125248,0.674613023883917,-0.280964636081875
"216",-1.26677759581003,-1.14783259584076,-1.11525671451838
"217",-1.32935163877236,-1.15815619894169,-1.29643467992707
"218",0.146109569515454,-1.00038725826963,-2.34059515651454
"219",-0.356763218372756,-1.00063850966233,-0.686740561389288
"220",-0.638394860682833,-1.08699081943146,-1.34832037201356
"221",-1.50825445582213,-1.14611139787941,-0.245516423053629
"222",-0.168499915243712,-0.965776607271888,-0.87182023202724
"223",2.27847968186267,0.709272486413905,-0.698141034832392
"224",-0.85492798290753,-1.0573372630703,0.0856294426327908
"225",-1.3271451228719,-1.16706162308161,-1.62420060558998
"226",-2.59618813269054,-1.22218975136383,-0.872503861041716
"227",0.248652569317329,-0.822121096137392,-1.00393839926285
"228",0.398394144143742,-0.612405238599102,-0.0780627392000213
"229",2.00965694355037,0.281802252753971,-1.54370672064116
"230",0.821103271698055,-0.17987898882395,-0.853543105600849
"231",-1.0096432921743,-1.10529782523504,-0.614194293257607
"232",-1.12302847982899,-1.11451780968326,-0.495723603769408
"233",0.247618528644795,-0.843984687976862,-1.19866531579729
"234",0.181369206739623,-0.825614232668548,-0.722599609559995
"235",-0.894959324766361,-1.08095621389568,-0.361473109757781
"236",-1.68105648927807,-1.16084979667025,-0.255459034397864
"237",-0.20901810820419,-1.07931578188615,-2.36479448988263
"238",0.220545187650116,-0.775641684361224,-0.435879920383039
"239",-2.28943667943451,-1.21543304897653,-1.40895647780612
"240",0.243885692056072,-0.79466987217797,-0.730349048211632
"241",-2.57021898428533,-1.22109457192909,-0.868934344800623
"242",-0.725342793012594,-1.03746259031776,0.0358368336975299
"243",-1.1285223148862,-1.09741071231047,0.0532316788320397
"244",0.822265191702921,-0.219917405288131,-1.01580678605495
"245",0.459326419327276,-0.776754937623011,-1.6107108129204
"246",0.466760002684586,-0.642311151594093,-0.712579128384302
"247",2.09270655637144,0.298934231747666,-1.53609715829682
"248",1.65020022790516,0.668738681210589,-0.445660606759733
"249",-0.0335177969864215,-0.914140453836015,-0.737468567977593
"250",-0.81105283896685,-1.1049670464504,-1.23903192477984
"251",0.833206452577673,-0.042112688606747,-0.42633795820109
"252",-0.542878500906371,-1.07094594653227,-1.31268398573162
"253",-2.13717080813731,-1.19423709989655,-0.395952567309507
"254",-0.277286347092414,-0.98020492300518,-0.663604718649521
"255",-0.272247541310523,-0.956814341191858,-0.323023311425634
"256",-0.966647494986798,-1.10020457630763,-0.619507035240486
"257",0.30995139079978,-0.898124751821465,-1.92701560199649
"258",-0.748543318238136,-1.07420517458257,-0.714448306347484
"259",0.326520814589219,-0.753926796590441,-0.789895875631478
"260",-1.13427380649955,-1.09557745622098,0.132762941359679
"261",-1.66487782434883,-1.18392175607444,-1.39953353219581
"262",1.21331567141281,0.3752344476904,-0.615759612028803
"263",1.16437214414197,0.267999689899122,-0.80533452846688
"264",-0.88459528202949,-1.07169945851398,-0.161999805272863
"265",1.36847343944707,0.0492491639747401,-1.68912650682212
"266",-0.572096366851512,-1.03628521103289,-0.531720359763993
"267",0.968524640569205,0.311084607238122,-0.0504997595539533
"268",-0.318430363395982,-1.00423973916521,-0.887435571458442
"269",-0.0776664713022587,-0.85919293002414,0.156301713464813
"270",1.57713350549052,0.0589753999299899,-1.8394629474915
"271",-0.630948734491504,-1.04422526943136,-0.47627929383925
"272",-0.00945282387729838,-0.802577494582212,0.502184187151272
"273",0.0427918335084731,-0.842822990808987,-0.239488816239781
"274",0.93519107555061,0.296721874992757,0.0751172335095469
"275",0.245663891447743,-0.751287807283716,-0.342341167127251
"276",-0.531167687312528,-1.0743698430037,-1.41442653280296
"277",-0.653518502862554,-1.04784703255375,-0.469397103287
"278",-0.465972333084379,-1.02259332111894,-0.661958867279594
"279",1.39818510325101,0.270974707959232,-1.16365935312471
"280",-0.285745617740086,-0.964460424673318,-0.385289751267582
"281",-0.0749264622232805,-0.93592304996583,-0.840437159495838
"282",-0.287731126154504,-1.00758471576999,-1.05033529669106
"283",-0.599163707372312,-1.05842455616843,-0.881868541496659
"284",-1.17002066841795,-1.1229851091118,-0.600031244278418
"285",0.761277741673375,-0.617445872016126,-2.22193487326146
"286",1.42751844100644,0.536030672340294,-0.537534710487956
"287",0.0958415388211919,-0.803975965479825,-0.075690420312234
"288",1.78975432707699,0.632568177609845,-0.634611048472374
"289",0.864234734670373,0.142262027640215,0.00727076245870228
"290",3.42450097236581,0.981853640504575,-0.379938672056454
"291",0.238808421631172,-0.751712034578346,-0.309388885710338
"292",-1.2461375957694,-1.13529166333384,-0.751315476047517
"293",-1.16220463715337,-1.12077800067295,-0.556340251627512
"294",0.478188959613711,-0.512060342434346,0.109716059563563
"295",-0.927082790552648,-1.0838770371266,-0.320489574609566
"296",1.05281416557357,0.128657494682123,-0.920662610544541
"297",0.767103955111862,-0.417985153565524,-1.40109651981611
"298",0.430535813567804,-0.832741765155502,-1.88486865357607
"299",0.0917304528925197,-0.864129004193338,-0.705887569202307
"300",0.708396621110475,-0.676848801228321,-2.21901296540806
"301",-1.7796731670503,-1.18212421185633,-0.961582117245046
"302",0.366057336173483,-0.609384840566977,0.152705345464116
"303",-0.822374998361887,-1.11716858050614,-1.50267302621489
"304",-0.191216488790524,-1.00119041321066,-1.2903371409727
"305",0.579860507372853,-0.570854505711662,-0.938111066257699
"306",-0.486339330971954,-1.08275097783828,-1.70220117497941
"307",0.0195764042096013,-0.888505760295735,-0.658648445151897
"308",1.36404270534267,0.369630463440008,-0.873507999205413
"309",-0.816142952729562,-1.09830781242095,-1.0622212147182
"310",-0.180327679789218,-1.02523723905609,-1.66800689209912
"311",1.01662793004213,0.328205964384183,-0.204437970771569
"312",-0.16762376907101,-0.983474872084806,-1.12281965181936
"313",-0.405726884344911,-0.965578364649709,0.107461117640502
"314",-0.714740949361247,-1.09876398407119,-1.37876089541181
"315",-0.189805064330839,-0.924605460813755,-0.201322656066292
"316",1.64922461735545,1.21052548829864,0.834343785271699
"317",1.97422348883354,0.488270271399571,-1.06508635345272
"318",0.589111618515561,-0.406025768648655,-0.0384673719314714
"319",1.85739376862801,1.08330829703629,0.352428323668336
"320",-0.284854602150265,-1.03566007424201,-1.49764980969577
"321",1.18678800584086,0.627905260285549,0.124650045019859
"322",-0.258327627944523,-0.930830069945854,0.0138487578950534
"323",-0.343657027314638,-1.01510665158026,-0.973290757253018
"324",0.0110086773654905,-0.865624484628787,-0.351614194093474
"325",-0.894771687267109,-1.09626405771478,-0.757400675956317
"326",-1.84691914756395,-1.19102134931271,-1.21917607601582
"327",2.65305700283483,0.874646740500077,-0.454816814746065
"328",1.43345513879859,0.187121186995579,-1.41008425465094
"329",-1.78439440647559,-1.16435202808632,-0.0279153477219507
"330",-0.786884971358862,-1.05728749987347,-0.180150509873733
"331",-0.962920154424081,-1.08267275795093,-0.154756425863703
"332",-1.01728847082063,-1.09585232709159,-0.319683273870285
"333",-2.5320459431499,-1.21403399816879,-0.318391201453456
"334",1.26696303339101,0.466692779684478,-0.474527447452844
"335",-1.30498442490325,-1.13543372298252,-0.5591011912981
"336",0.975097729482113,-0.18150096194178,-1.62291907040057
"337",-1.28781674972589,-1.127314824368,-0.333207188763891
"338",0.572149477015469,-0.576618304012812,-0.924469706604023
"339",0.31749398412174,-0.595383710610308,0.588528753125148
"340",2.38572225717653,0.339816999063146,-1.5339377538839
"341",0.365556014645653,-0.718478397993612,-0.707814371917463
"342",-1.64732311309001,-1.1622745580865,-0.446470172463536
"343",-0.00647792886337263,-0.831099591129282,0.144227733213182
"344",1.52681326236689,0.846883006627439,0.104173150827595
"345",-2.60207023048453,-1.22902729420051,-1.58643128604993
"346",3.61427772345815,0.969733964314277,-0.43066518614657
"347",-0.535853848764307,-1.11177809333929,-2.12351878565735
"348",0.0108959920566376,-0.853339327840363,-0.206481090652472
"349",-0.314366476959414,-1.04263117449796,-1.5159142153159
"350",-0.120487049423208,-0.923485640048221,-0.488134094759248
"351",3.92403686444623,0.488923768552154,-1.44381881228495
"352",-0.933413525511312,-1.11310723834656,-1.07517255563846
"353",-0.0535646212118543,-0.893459373802058,-0.393172100715716
"354",2.9145141263602,1.22359582248064,0.218006286930744
"355",0.818586573493291,-0.0795705006781078,-0.447142549406652
"356",-1.92878785059131,-1.19760993621412,-1.33922894062334
"357",0.318636075669383,-0.710241082497071,-0.38282079704973
"358",-1.05465912115647,-1.08815032846375,0.043338174632378
"359",-0.950797515233558,-1.10894570504936,-0.909194446040892
"360",0.954511037246793,-0.255626774055718,-1.79104250214999
"361",-0.294244201114558,-0.955682107945984,-0.212314200585725
"362",-0.212676227115459,-0.913799830722069,0.0584043638458761
"363",0.348521110416919,-0.612235433644418,0.243699582382075
"364",-0.302091080211565,-0.995310503383381,-0.805387713660684
"365",-0.313430677460184,-0.975432519399156,-0.445468153809505
"366",0.623885451527379,-0.524893706716259,-0.956281072417869
"367",0.980228242287177,0.181236459413105,-0.509174013446749
"368",-1.55439006926744,-1.18303774593893,-1.6611705070267
"369",1.30402817606619,0.92703231276464,0.651560884347679
"370",1.00968808331463,0.462112806928587,0.22936203554622
"371",-0.278088470745855,-1.06577738373839,-1.98493491163698
"372",0.289459502620879,-0.696278818154447,-0.0969947841070535
"373",0.516840616409187,-0.577529459726804,-0.584110154547707
"374",1.84287565052057,0.262602981395182,-1.514709631499
"375",-0.94091978832636,-1.08594252827291,-0.324846418821599
"376",-0.124165927445035,-0.869257224194309,0.256015899560422
"377",0.952723806580628,0.200444650268938,-0.326237481698114
"378",1.41655288467862,0.467995211967015,-0.693212901537043
"379",-0.89279681584573,-1.06610546091568,0.0135010547305386
"380",0.773626018161975,-0.440472103568289,-1.54141976792518
"381",2.54291857135346,0.504048068395351,-1.21885967399875
"382",1.87340996828838,-0.513454591829862,-3.29758724307067
"383",-2.62612169440938,-1.22222243162536,-0.742284491322658
"384",-1.2841202102795,-1.16298674884577,-1.59212229191014
"385",0.0681269678034141,-0.944522387423132,-1.4912370751887
"386",-0.162443130620214,-0.935233061970778,-0.469792204232271
"387",-0.666020810960716,-1.11775722168842,-1.92721929938206
"388",-1.09319730098886,-1.12606252195396,-0.946334334353471
"389",0.678759462391782,-0.567521986784274,-1.5223235542718
"390",0.985484912528179,0.311257933399324,-0.127615438272751
"391",-0.82268253009013,-1.05716868251179,-0.0382708923669233
"392",-1.92395163532797,-1.1844940574463,-0.594416363548179
"393",0.650011684475403,-0.275432829673205,0.1889404427581
"394",-0.336217040479169,-1.00842647980377,-0.890653566906252
"395",-0.426661774271892,-1.03525460749501,-1.02806602374159
"396",0.310477071960132,-0.667052608216327,0.0288812186650171
"397",0.54469564205631,-0.630967009016183,-1.09111046097159
"398",-0.574734965940695,-1.0580951976887,-0.957397181209191
"399",0.0674712880202261,-0.879618853400679,-0.767823375214365
"400",-0.67290266121368,-1.02736799658235,0.0455560000721643
"401",-0.651138414639675,-1.05174050240943,-0.560922882491969
"402",1.71828096320118,0.43324352243422,-1.04953388560867
"403",1.46799561288935,0.622068793164656,-0.374350336783005
"404",1.47745510748178,0.657532309766554,-0.298599529982227
"405",-0.123062801467134,-0.912807623580978,-0.333813722198082
"406",1.9141651750292,0.25950557875542,-1.55466581244591
"407",1.93914841203259,0.741248574258387,-0.476896345880786
"408",1.15829676312684,0.109455964083122,-1.22853867673596
"409",-0.608595198601978,-1.03245661882993,-0.316728231953707
"410",-0.27278003135459,-0.986539525819134,-0.778673966966614
"411",1.46245359285451,1.03732927970566,0.654060605701617
"412",-1.1500493062703,-1.11441899614893,-0.39760910575534
"413",1.99315058433597,0.793513505778293,-0.388410599028479
"414",1.17177466204531,0.554427635553784,-0.0380694904744385
"415",-0.570509609211382,-1.05690321299198,-0.947782081310602
"416",1.34605291371573,0.309254819136911,-1.00307500676623
"417",1.49352538957836,0.376883748656457,-1.00254726538512
"418",-1.85037757441867,-1.17484516929939,-0.326780798696562
"419",1.91835761891935,0.867582219706993,-0.178993588178046
"420",1.98114899050098,0.800016292697843,-0.367404187912352
"421",0.821180874171068,0.111945947462701,0.265372259817856
"422",-0.901538599322662,-1.09850031059428,-0.792844297860963
"423",0.777220810121015,-0.106436340044808,-0.166985143886753
"424",-0.422955539198984,-0.971096293519468,0.0867015117127234
"425",-0.546266564928465,-1.02916623692522,-0.487603327922737
"426",0.799405807415481,-0.0153577034741687,-0.0125002572604724
"427",0.250656151778095,-0.888454321101456,-1.61633420621259
"428",-2.15400024697067,-1.19924800470745,-0.680458535488988
"429",-1.0473281088027,-1.08763227558738,0.0298147175210778
"430",-0.282073051539462,-1.12248305966717,-2.85495804927918
"431",0.864560607746388,0.00288401811181782,-0.492424554760101
"432",0.0701034790115537,-0.884472338504606,-0.833142092588545
"433",-0.970171555263953,-1.09431661267781,-0.446182982355005
"434",0.0561027623109312,-0.925391222298234,-1.2322781283617
"435",-0.040047450284929,-0.905619240837736,-0.604432247520421
"436",0.750857456188599,-0.798904873463187,-2.9656885492308
"437",1.01485611144538,0.505091119774183,0.337133525877877
"438",-3.8404543375858,-1.26058042134686,-0.0764318137966034
"439",0.485738466275079,-0.661795896703504,-0.955022972537344
"440",0.227864793680997,-0.902978354287127,-1.66222169554177
"441",0.050652281988438,-0.921094590985266,-1.16250430566632
"442",1.04142763503899,-0.161656368582529,-1.74620640383526
"443",1.35918296211118,0.271837925952101,-1.11501227284096
"444",-1.16499480814385,-1.12237382239934,-0.597593131001386
"445",-3.11516033798426,-1.23883877634613,-0.462178909588313
"446",0.797167139602819,-0.204577077893549,-0.751047652620384
"447",-0.600017596083292,-1.05337901911372,-0.776121075395739
"448",-1.53034023487447,-1.19904997165061,-2.39993661195472
"449",-0.910468818524701,-1.08934963154508,-0.524066553469157
"450",0.755907383223636,-0.252703257700937,-0.601368352669976
"451",1.89680852400629,0.801855060056025,-0.314985930909142
"452",0.993478177298354,0.445153542742773,0.249938009506336
"453",-1.04802561344673,-1.12683934977478,-1.10833159642926
"454",1.37887469823333,-0.175774411882805,-2.26679953174139
"455",-0.430433553712763,-1.06073449497238,-1.4658178865608
"456",1.69290814771483,-0.199763343013384,-2.51510314182068
"457",0.391525704740658,-0.736819758268648,-0.987516185382906
"458",0.309650115362463,-0.782725487596744,-0.947162596386414
"459",-2.22211923929517,-1.21410201612917,-1.52245117567693
"460",-1.24519049204669,-1.12504293678023,-0.407124752798783
"461",1.14352600805364,0.22072163679326,-0.889964157504238
"462",-0.339455736711763,-1.06464819420124,-1.7977948245569
"463",-0.909053327932418,-1.07403034289831,-0.129034365522207
"464",1.65475824714602,0.33683020651629,-1.23236403984659
"465",-1.3690392680115,-1.16774182628491,-1.53855839435811
"466",-0.344655366308156,-0.96042117738673,-0.0719256239722833
"467",-0.620792500727198,-1.00402694357785,0.319843478222674
"468",0.937309522316482,0.333111131593154,0.181705033430397
"469",-0.797490838933216,-1.08398193774972,-0.777572524686093
"470",1.44809492267861,0.210556330133611,-1.36646696097509
"471",2.04454233178047,0.67109006517169,-0.687890321671249
"472",-2.24527949095702,-1.19874761827855,-0.275998829912312
"473",1.18884578242868,-0.00586103913222125,-1.59853893699915
"474",-0.960060642688704,-1.12713016240894,-1.37363834121392
"475",1.42540073403967,0.64374928736454,-0.267177393782822
"476",-0.407937239120595,-0.987338558536192,-0.260264513511678
"477",-1.94029778160638,-1.19849896462837,-1.35629385684081
"478",-0.693565641529683,-1.07108168188691,-0.83106012192879
"479",2.22775891305962,0.652554202982482,-0.804091156159422
"480",-1.00717556384219,-1.12780300923729,-1.25702076165036
"481",-0.0586532829810735,-0.881541458262703,-0.219918039343785
"482",1.4608529085194,0.8453928349207,0.183962741966683
"483",-0.749794960380906,-1.04625638293602,-0.0668476628280191
"484",-1.5068458741239,-1.18675362483808,-1.9369584412128
"485",0.112249062664987,-0.858455300113943,-0.737857060567539
"486",1.047386065236,0.347280873834351,-0.260141125836053
"487",0.895346853819473,-0.258069647792896,-1.57376924799751
"488",1.5447140885576,0.69560408658381,-0.281472323660805
"489",0.623786974003286,-0.539077551371639,-1.03361549918783
"490",0.403197489828624,-0.681208392063578,-0.62774781437701
"491",-0.177355820744341,-0.963728817696849,-0.808749247696126
"492",0.690382046267335,-0.383620266727558,-0.687131282840184
"493",-3.43874584570335,-1.25123642834588,-1.22346503590341
"494",1.78921726280337,0.805032985528062,-0.236540302889818
"495",-1.10697231547398,-1.15631155100442,-1.82422240745229
"496",-2.65069395793005,-1.22350297141323,-0.77344670876513
"497",1.17910505761696,0.629082000896998,0.147154685951802
"498",1.26323609077213,0.44795394537728,-0.516982307867724
"499",0.581838039874415,-0.530312846049947,-0.712356864168462
"500",-0.902826809424611,-1.09688386374334,-0.74658726017079
"501",0.221834131190273,-0.894198793456332,-1.55674706108269
"502",0.157289568134117,-0.828239208479493,-0.634463443128279
"503",1.70759170471595,0.530014326587064,-0.81627035588344
"504",0.385547267701788,-0.753902420804016,-1.0885777193641
"505",0.398041346737128,-0.735634316534499,-1.01199228047702
"506",-0.938692572882455,-1.06227335040179,0.299552484675146
"507",1.66743171673566,0.353793498935171,-1.20121440472425
"508",-1.58306090046381,-1.17040388639654,-1.0290138246532
"509",-1.21816025459585,-1.11353285180517,-0.11987225932752
"510",-1.35432891402323,-1.15134300698505,-0.9731621895502
"511",0.166813059641328,-0.83982630849108,-0.795482025470476
"512",-1.8663072978974,-1.17294952675825,-0.160923549518231
"513",-0.214981264598676,-0.993144445933446,-1.09072793530115
"514",-1.1022657197673,-1.11612683356251,-0.616278775617465
"515",2.08272278998992,0.655955054115448,-0.738772351496742
"516",2.06573663451936,0.903072253676705,-0.180865033907938
"517",-1.88817108563282,-1.2002788290999,-1.60987688113114
"518",-1.75839502313414,-1.16616211075443,-0.222358901529167
"519",-0.864321215489778,-1.11363084598317,-1.29563134414383
"520",0.573551325045518,-0.735816007973697,-1.87972908064172
"521",-2.4016927212205,-1.21693143777531,-1.14172459321783
"522",0.9074487291115,0.0906878487147048,-0.452008877790376
"523",0.318144266495389,-0.76483565916126,-0.838371885852711
"524",0.444007917021747,-0.566346596880436,-0.0351696857972691
"525",0.0569342256359933,-0.862608634798851,-0.530399830535032
"526",-1.97198069020486,-1.19692144995955,-1.1637326747739
"527",-0.49743840214986,-1.0702137807372,-1.43654060078599
"528",-1.06470994715744,-1.11127014006348,-0.598730151100494
"529",-1.63181594858453,-1.14712608801701,0.191286929937197
"530",0.858598815376423,0.0134033568268394,-0.41352104534715
"531",0.826935324537974,-0.312100217008679,-1.39973240628697
"532",2.03338701692411,1.07028321831061,0.209513660760853
"533",-0.605082295988851,-1.04285356177045,-0.543045366245602
"534",0.0691204654048513,-0.830799645829277,-0.233645442457901
"535",-0.235424933355267,-0.963836081956471,-0.580624896462995
"536",1.39149290617232,0.69056963988842,-0.102863455218653
"537",-0.434102733257856,-1.00818974537835,-0.522558041287146
"538",1.39431535115211,0.572396635677588,-0.403349894807324
"539",-0.114805742401995,-0.888974020900304,-0.0530192659909477
"540",0.727909194707163,-0.486495224563261,-1.44005270529167
"541",0.548328694091696,-0.482200088288798,-0.19336536679724
"542",-0.252744336992049,-1.04995790817087,-1.81359128251769
"543",0.892402046005544,-0.00554609003886677,-0.694181109098612
"544",1.36361462445711,0.236844093263332,-1.20910859713837
"545",0.293389076466642,-0.747535102875839,-0.563123147457191
"546",-0.440947166228096,-0.999684625008125,-0.344538376359244
"547",0.458037552548444,-0.706961535333472,-1.11500071120614
"548",-0.455328696124846,-0.994379226291442,-0.191321794129077
"549",-0.720154657768772,-1.05367404300429,-0.349495808882367
"550",0.0596348534237126,-0.9838301433447,-1.9004854645797
"551",0.537025843075561,-0.651960385323542,-1.1786503013508
"552",-1.50183475091938,-1.12473306760349,0.61429542051739
"553",-1.49447923515099,-1.17222770780793,-1.36940778065786
"554",-2.00781839908761,-1.18527471683521,-0.323166888968327
"555",0.919843782739681,-0.276334104858391,-1.73620634566917
"556",0.190905855277303,-0.780267241948249,-0.326382068686328
"557",-3.43049419110216,-1.25426360408317,-2.50265085231682
"558",1.61027685147668,0.0018236048615452,-1.99688269827617
"559",0.292537478955341,-0.642853240734106,0.347596636618512
"560",0.844849490054192,-0.306141245570085,-1.48768925787816
"561",0.313491443552687,-0.693588246589859,-0.213395529498346
"562",0.453020397741624,-0.655586434565473,-0.725533908682493
"563",-0.405862881202372,-1.01438123180359,-0.736978408813525
"564",0.282013443609282,-0.776728230063899,-0.75874904124845
"565",0.00497463066941458,-0.847089364993541,-0.103820456988365
"566",1.87492158214361,0.43586012380769,-1.13524604251697
"567",-0.931006219976031,-1.09604488069171,-0.629319190331631
"568",-0.00511945350746683,-0.964064023841557,-1.45321208928621
"569",1.32573187746108,0.436425486737096,-0.649487818093209
"570",-0.626952956671352,-1.08673777943322,-1.37701637207586
"571",-0.524369622449811,-1.03112258255945,-0.606695073065372
"572",0.31671318696368,-0.782337512424131,-0.978327725242968
"573",1.49287268085673,0.657120096537296,-0.317669837753537
"574",0.954642938622221,-0.123380409016159,-1.36924764185559
"575",0.498418052439288,-0.613380129111056,-0.704896450024459
"576",0.875131476869518,-0.455965145895229,-2.17342321597717
"577",0.216516031526197,-0.767633822229373,-0.339296409326857
"578",-0.14263687102785,-1.00507907908103,-1.50782395804219
"579",-0.16878753013688,-0.912148883450199,-0.119555475234397
"580",0.382355241227814,-0.597131528546065,0.142536964616498
"581",0.401760339441216,-0.722443540386038,-0.931370091430856
"582",1.75352047708612,0.85783264090056,-0.0876648011600507
"583",-2.28458309224252,-1.20541572266785,-0.631699364352948
"584",1.99148012160346,1.11360748633829,0.331243694273864
"585",0.968570342331718,0.235827182775355,-0.287708282857215
"586",-2.40993292905587,-1.20942161960211,-0.441861931075699
"587",0.610339912577305,-0.521584977484013,-0.849436476925955
"588",-0.786020863519016,-1.06960944319178,-0.47540377256531
"589",-1.40516737467341,-1.13002385204166,0.00565653222972418
"590",-1.77457853329163,-1.17984009919198,-0.861014441437778
"591",-0.899768657627499,-1.07886242459313,-0.289647890147619
"592",0.938369847131412,-0.0648973733420092,-1.11684412982559
"593",1.74777843916306,-0.181529913768004,-2.49551828337715
"594",0.556214264545527,-0.48281114956096,-0.25307474155096
"595",-0.873547897247503,-1.07355937143645,-0.251100427243782
"596",-1.29438550746927,-1.13225972509968,-0.483547155278592
"597",-0.165122178875007,-0.934548073503764,-0.448883065455382
"598",0.05187301526879,-0.793042395214499,0.278346268320373
"599",1.09013732458555,0.143459393400569,-0.979851102840613
"600",0.424271694283814,-0.863938936968131,-2.08801238603745
"601",-0.661478806456534,-1.06987890731016,-0.912242718086131
"602",-0.142997623402228,-0.994264390324673,-1.35877287148093
"603",-1.55142263185692,-1.14009220695314,0.175952503135756
"604",1.05972479187801,0.419234470860075,-0.0915072591319404
"605",0.271453398856625,-0.855933026391317,-1.40866338425573
"606",0.817844347292977,-0.223922498916036,-0.997985295581976
"607",0.783522787049652,-0.43251274573007,-1.57545132260271
"608",-0.437765603075609,-1.02615402060342,-0.82820910456735
"609",-0.742035868601947,-1.08415310671877,-0.964283546184289
"610",1.05723950278382,0.292870223191096,-0.452806688528314
"611",-2.0096947227394,-1.18491297619996,-0.293254067857207
"612",-0.309946293920248,-0.931803531604761,0.235206553504474
"613",-2.74221551027446,-1.23118674874816,-1.28701703749937
"614",0.938142162617686,0.0495634994770421,-0.744066134345592
"615",2.66764295021143,1.15841062222335,0.144977633966703
"616",2.14414375632958,0.357839095544831,-1.42337904569554
"617",1.20329647901295,0.484350933975896,-0.301806042151999
"618",1.11666148573917,-0.223236651555,-2.07765270493764
"619",1.13757924270904,7.57685998542534e-06,-1.49091149413517
"620",1.74035655675744,0.774731774565546,-0.27036461223375
"621",0.111199095430976,-0.792101874753634,-0.0290319945159395
"622",-1.56785764065931,-1.15072460230021,-0.219716402955244
"623",1.82984943208251,0.378742737297639,-1.24206015383469
"624",-0.294344323704536,-0.965638279047925,-0.368238367731404
"625",0.163414115154675,-0.886258647814102,-1.24551659677708
"626",0.178738326336439,-0.795927901039287,-0.4173592072401
"627",-0.658678906188796,-1.07030214286074,-0.930584296615855
"628",-0.417896828854584,-1.08370556671513,-1.9054868338287
"629",1.30101594224083,0.704175508006045,0.0813998842174785
"630",-1.51468559998459,-1.18056964185808,-1.66004867103624
"631",-1.99491659278066,-1.17474898773743,0.272909705596551
"632",1.37514566782615,-0.0615490049304911,-1.97551559337758
"633",0.672965202143921,-0.530909597780641,-1.30212934453272
"634",1.50141625541808,1.08983908088528,0.726915311715273
"635",1.45572648508717,0.422703309344768,-0.85092317619014
"636",-1.8526605791587,-1.17906948323065,-0.548759239331428
"637",-0.942662536377391,-1.0825762407938,-0.228231557692178
"638",-0.761996498638292,-1.01852482800758,0.626085421178731
"639",-0.0246124647859763,-0.886207941597882,-0.434181254037334
"640",-0.449599682470505,-1.09057994635227,-1.94403087066055
"641",-0.656442848056342,-1.06416345989583,-0.806927854138754
"642",1.33551899737162,0.225905751423434,-1.20192491831256
"643",2.83437098339822,1.12649775388641,0.0330278697230296
"644",2.44356795534368,-0.00668170511756871,-2.29554154846219
"645",0.161652039264029,-0.81001951141292,-0.472111360263348
"646",1.55772480445617,0.487745167424762,-0.794975751931936
"647",0.820220076871018,-0.289618330211805,-1.26841720638295
"648",-1.18433003131938,-1.11895295084429,-0.420810457591359
"649",2.67885808778854,1.35388145381363,0.557242592533805
"650",1.69734659745192,0.771573516540193,-0.243485507600017
"651",-2.14890365490803,-1.20057532869262,-0.792805946233517
"652",2.50461002179677,0.683128399925827,-0.824899480010896
"653",-1.63297078820397,-1.15353707607259,-0.0975961717200761
"654",1.21766008388762,-0.296535131145488,-2.42124859863978
"655",-1.1280360865334,-1.09022638754167,0.273742633182662
"656",-1.18607076643164,-1.11001889697111,-0.125406952712658
"657",-0.75132889329715,-1.0206587664982,0.529123018526096
"658",-1.30864865797123,-1.13617669341314,-0.57296898946918
"659",-0.239479064928667,-1.07249721017132,-2.18856405097481
"660",-1.7396267610548,-1.17748827451613,-0.858216226855909
"661",0.32769430281487,-1.00932683018766,-2.91516309810964
"662",-0.693148671647437,-1.05134951146867,-0.398505936770786
"663",0.723608547407093,-0.563296070572136,-1.76794195957326
"664",-2.62269071068967,-1.22333687559622,-0.881194170759079
"665",-0.846572704958726,-1.05682482728761,0.0649328927703346
"666",0.430609427429044,-0.608784335287041,-0.254677561922523
"667",0.00655495271986052,-0.86768466300131,-0.355077323617784
"668",0.795464530159553,-0.0685486571550056,-0.187108518839477
"669",-0.325469948620298,-0.950557837317191,0.00482634980170882
"670",1.71374715267111,0.499479975921479,-0.891913917539669
"671",-0.802013442918116,-1.07719781658099,-0.599579733423371
"672",-0.0893839992460297,-0.98089957094219,-1.3663044584568
"673",-1.89327056987807,-1.18587491469014,-0.78246038556173
"674",0.138016518755551,-1.02578557936087,-2.57910413195042
"675",1.0509366284466,-0.0867255466093525,-1.54845655374838
"676",-0.0625592263900098,-1.01434303007189,-1.88283928116302
"677",-0.219866250853603,-0.997866720404589,-1.14255035573364
"678",1.18202030003049,0.0236482441453406,-1.50697261895377
"679",-0.563972615421422,-1.00534501326991,0.0505774382853647
"680",-0.602767242961484,-1.00662206962341,0.188750232160343
"681",0.877442909512958,-0.110949880780362,-0.974608101169755
"682",0.800879061408903,-0.366813452649688,-1.43094898659309
"683",0.59089058259432,-0.476880376212258,-0.462347833964849
"684",-1.44839300245228,-1.17720791812251,-1.69455094293608
"685",-0.376924604578517,-0.986348128498849,-0.368976961652411
"686",0.238158894038189,-0.784090755025998,-0.604573522809733
"687",0.205923662977091,-0.730806787001083,0.0690528122977544
"688",-2.12303328518811,-1.19373699416996,-0.418098269889145
"689",-0.0421422999067768,-0.874085554317208,-0.204072425971651
"690",0.352000869665865,-0.834880840941337,-1.57186110113829
"691",1.51501918162442,0.607685911543814,-0.4626622338466
"692",0.507866275410531,-0.50118916135469,-0.0272738475128319
"693",-0.937919763307059,-1.10621930236225,-0.877350441054074
"694",0.438435817067959,-0.675986546105399,-0.787992997647377
"695",-1.13125419729678,-1.10821143161736,-0.271287286845033
"696",0.454520534534466,-0.606644435192851,-0.389105897240909
"697",1.46683726718362,0.642447667512143,-0.322880794046228
"698",-1.51054886724947,-1.15274362177686,-0.51297331660567
"699",-1.23798014864699,-1.11556736580465,-0.113275872947522
"700",1.32601889377803,0.618765949279758,-0.182510648838757
"701",-1.78435469224163,-1.18034431750196,-0.854363539103846
"702",-1.95609601689711,-1.20606252078917,-1.75788457944822
"703",0.264833452448194,-0.777693458810331,-0.680943255824797
"704",1.85357183613957,0.751620588328851,-0.402589182120895
"705",1.85646350386551,1.13308579815664,0.466795970604615
"706",0.744357838904942,-0.149646581297118,-0.0444528213966199
"707",-0.0292816194015807,-1.00262680925924,-1.83944213938688
"708",-2.07484020744135,-1.19666758521235,-0.797742870017913
"709",1.56119923671119,0.869442879403084,0.119192246218463
"710",-0.547799695096496,-1.0344688146296,-0.585374989711099
"711",1.24407903840461,-0.0334309313340301,-1.75476272886016
"712",0.319795801713048,-0.726520621697421,-0.525700614878827
"713",-0.426441664477201,-1.05361994146246,-1.35248906776431
"714",0.543382200314125,-0.633743010090121,-1.10080791517256
"715",0.833367728308575,-0.0813999160471057,-0.57505840627157
"716",0.370399579579278,-0.630957365999469,-0.0451542387365574
"717",-0.507762433948227,-0.985394795722174,0.196056103251451
"718",-0.786980572036847,-1.07310421137183,-0.554808898125599
"719",0.644754758496359,-0.605964761892213,-1.52195862044641
"720",-1.33806356564073,-1.14225629111915,-0.692638943049364
"721",-0.317754628068991,-1.03031260724732,-1.30793891064796
"722",-0.804451622315467,-1.05811696050752,-0.132301024836931
"723",-2.50876914114703,-1.22886400938573,-1.88454946312865
"724",-0.542483422157481,-0.968711248108652,0.673335635777016
"725",-0.375283894658312,-0.974988960219602,-0.184022926086708
"726",-0.19653568634344,-0.914986366005402,-0.03316249867592
"727",-1.07593236324354,-1.07945656003478,0.385665825416234
"728",-0.0253333378450549,-0.844318088149349,0.0803317209261243
"729",-1.04934389577834,-1.07313552019595,0.459950362688525
"730",0.06062238819237,-0.825601247119712,-0.133341103307707
"731",-0.314434112920303,-0.96960567799652,-0.348267107152529
"732",0.264525467163619,-0.741439017865652,-0.355005154689383
"733",-1.4218667329301,-1.16203484031245,-1.17250362644922
"734",-1.91613229003572,-1.19503988047136,-1.22949993973904
"735",-0.93213073537725,-1.16732878275158,-2.52070593557468
"736",0.937312950718767,0.407156774039877,0.422435720156843
"737",-1.15207695889478,-1.09933227024969,0.085403186212645
"738",0.737140173918156,-0.256399827437339,-0.459872498316679
"739",-2.65777768704148,-1.2306088318261,-1.55690843100789
"740",2.76336520920637,0.756253007139314,-0.732439881412347
"741",-0.964186453424145,-1.08044475459528,-0.0892274339600789
"742",-0.860044383222872,-1.08696938773424,-0.638269212340534
"743",1.47006616339787,0.78203812896375,0.0160181791438216
"744",-0.742632323870472,-1.04066741106386,0.032842312504352
"745",-1.15389104647717,-1.10423079518621,-0.0621742162062878
"746",0.343428839952983,-0.71692818742663,-0.575238456996046
"747",-0.0232127436011211,-1.02765225944599,-2.16316468360983
"748",1.16685152074939,0.557824194595024,-0.0163482327380687
"749",-0.941913744978991,-1.11576491717009,-1.12019431912732
"750",0.790129615469432,-0.0275948921053549,0.0321693301411907
"751",-1.03959919307441,-1.09905239888536,-0.330398424906723
"752",1.23776623842682,0.209682616534471,-1.10147380858704
"753",0.885621885632025,0.196187961355045,0.0434410621175355
"754",0.606491860759556,-0.469497698695023,-0.529821686299282
"755",1.34851589876306,-0.0176157371444354,-1.83788364908332
"756",-0.689577245122912,-1.06248483549109,-0.655953790231101
"757",0.0636604221093629,-0.838540241060181,-0.29292133169275
"758",0.176357833853604,-0.760980391973472,-0.0597248510917071
"759",1.11267548732076,0.288588391672329,-0.62545702294379
"760",0.378147603095579,-0.734324331849428,-0.898999732972729
"761",0.123584929556785,-0.810043910082079,-0.282104918788796
"762",1.65233725368581,0.140790278268488,-1.69325251741123
"763",0.457630538723365,-0.615588038380094,-0.47129008243211
"764",-2.13000551423851,-1.19753697464088,-0.652241729467869
"765",-1.24585554855915,-1.11851919170124,-0.183589415161212
"766",0.21617826007029,-0.791376093119134,-0.5620797521375
"767",-0.601971469207867,-1.06310923055005,-0.968004730770255
"768",0.681412422768349,-0.472054479099352,-1.06129539202342
"769",0.794106124982829,-0.123217566684966,-0.395182230899102
"770",-0.829032321263059,-1.09126156396504,-0.849062835974044
"771",0.622416343104046,-0.647843118958606,-1.62412415913798
"772",-0.415920226146207,-1.03431461512016,-1.04808291223913
"773",-1.92082305179527,-1.1859097854987,-0.687565371769881
"774",0.714284439902125,-0.478801284028186,-1.31458164305957
"775",-1.21063848511391,-1.11120092141848,-0.07115494457683
"776",-0.0288757123556642,-0.840542907600739,0.144413565793298
"777",-1.95014569637536,-1.19343466747229,-1.02666057025711
"778",1.57515162577733,0.831881253067656,0.0138688717723097
"779",-0.309363744673369,-0.966798425845407,-0.324442898475464
"780",1.11340559287516,0.257584465081618,-0.714867330024394
"781",-0.599470868067213,-1.03594898529384,-0.422861204242458
"782",-2.12595087131296,-1.18207314473044,0.395110744543142
"783",1.01945541252466,0.0873993691286976,-0.940530893367138
"784",-0.806118176162034,-1.0547033748682,-0.0436759235475604
"785",-1.05023606579258,-1.08491863896563,0.120269683974819
"786",-0.584232073379068,-1.08988416372531,-1.56523301481314
"787",0.375508595454193,-0.720697809173298,-0.778713431365007
"788",0.67345528154928,-0.286695406486467,-0.0686084377059241
"789",2.00169971423156,0.705806217172173,-0.589613628993652
"790",-1.72976832774288,-1.15603243890111,0.17035851358383
"791",-0.940916966896718,-1.07572989785063,-0.0514595363460659
"792",2.13615331413436,0.664230647277237,-0.743014248242486
"793",1.01732086735961,0.0788970329409135,-0.959209330414847
"794",0.564478803794064,-0.435422701365834,-0.0258189160855486
"795",-2.76935146388775,-1.23909090963959,-2.19822309594624
"796",-1.26482334856094,-1.12190570854113,-0.229136638503446
"797",0.406842117694947,-0.69736472059654,-0.769714582971172
"798",-1.59314687630198,-1.16097135758311,-0.578794334365612
"799",0.619429115689504,-0.565015421956807,-1.14941356357835
"800",0.875284720877277,0.0861155033896522,-0.270151117042467
"801",-0.550897577603336,-1.02589231010037,-0.406113825137228
"802",-0.969201506982646,-1.12153954941282,-1.19467501996648
"803",0.710006750872838,-0.455371390184048,-1.17488327197431
"804",-0.0650268695285654,-0.921181092022221,-0.693152957375815
"805",-1.19394555706068,-1.16080151240773,-1.74986522821888
"806",-1.12903048520712,-1.14571698227847,-1.44137678997695
"807",-1.55056085117072,-1.14023470551726,0.166348973402634
"808",0.811462351635844,-0.0589912055483009,-0.303518825695785
"809",-0.146122854735889,-1.02535968357757,-1.77445478548093
"810",1.50557587148136,0.714929060623398,-0.19140022066335
"811",1.28046413702177,0.166046764098459,-1.28183888371025
"812",0.11572001453044,-0.894641211357597,-1.13568752609925
"813",0.710626681999159,-0.32827092231603,-0.576008479259096
"814",2.30633723836505,1.35339148891233,0.695674220687896
"815",0.311496974731082,-0.842868720340191,-1.46513525339452
"816",1.60267046497762,0.49900841927784,-0.807726825556506
"817",-0.477836933992656,-1.05651145709789,-1.24266947709403
"818",-0.148814565372335,-0.966320441833195,-0.954638218177199
"819",-0.887354736181532,-1.16913543919097,-2.65263926652501
"820",0.141354502081527,-0.797181035424034,-0.239218239127134
"821",-0.456198416363149,-0.976531846536071,0.134869580627055
"822",-0.0459787659883742,-0.926662429481554,-0.840844586416821
"823",0.427326453563899,-0.81383885424987,-1.73339222747911
"824",-0.443619174951652,-0.987387555404158,-0.113982929579585
"825",0.750295872969938,-0.422722225064239,-1.30416149329407
"826",0.888948540930523,-0.0451412544353444,-0.810875530850076
"827",-0.216975384164111,-0.925111306280339,-0.0872850672471032
"828",-1.01462324246966,-1.09933165884146,-0.428019686029985
"829",0.962213996280144,0.402751651394484,0.270473874242389
"830",-0.933673725634531,-1.11614097825095,-1.15512930145023
"831",0.535882912471105,-0.49066262684737,-0.157824598362136
"832",-0.408895326556604,-0.919567529628231,0.920193552768921
"833",-0.13117885993614,-0.872142564479635,0.25203921248286
"834",-0.216202872222239,-0.961685639035862,-0.625985310690458
"835",0.675497206122515,-0.374724296419871,-0.529970218456091
"836",-0.238659540169596,-0.977298457407235,-0.768699283254287
"837",0.536839560745219,-0.434180915086276,0.19013805286202
"838",2.43055872013794,0.818934987508417,-0.510750390823305
"839",-2.52352077153275,-1.21615538747023,-0.570440247235285
"840",1.82365869079231,0.749932300177564,-0.387071249922521
"841",-0.463733487635858,-1.13863068068079,-2.78131058929668
"842",-1.47355598245081,-1.13005727160757,0.276906650367786
"843",1.35965511561931,0.0479389553632288,-1.68314436761627
"844",-0.132289061730979,-1.01194433606458,-1.6346783110236
"845",-2.08986002159432,-1.21600854742669,-2.03129050631197
"846",-0.180391315681131,-0.987160970598485,-1.12869381080595
"847",0.410565992332244,-0.631780069679289,-0.299934729008893
"848",-1.05671142651926,-1.12031830944159,-0.89099761889487
"849",-0.151595905898323,-0.926698566563595,-0.397932614199276
"850",-3.34790323591265,-1.24349673660112,0.524330911957037
"851",0.165891092576136,-0.83506115850788,-0.743564322634253
"852",-2.79828218055384,-1.22309252841833,0.0586104409778673
"853",-3.46237191122624,-1.24884025287127,0.0663884633100553
"854",3.00727704697635,0.78576072070335,-0.719170405751251
"855",-1.05072187068631,-1.10154762637698,-0.362692900617849
"856",-1.26763594829265,-1.10100441922244,0.501855521219083
"857",-0.00404286360579468,-0.909042257266737,-0.799594496935235
"858",0.775102855885222,-0.1230277647478,-0.216568556109896
"859",-1.41471204468967,-1.14783126213312,-0.645036285175378
"860",-1.10418961352549,-1.11597299979186,-0.605075700488339
"861",-0.598013108908555,-1.02560335204482,-0.217792713672905
"862",-1.82295849188995,-1.19054253031211,-1.2665797292515
"863",0.438516966576384,-0.605198588497326,-0.278475971429123
"864",-0.0983834685722615,-0.938267985301126,-0.776055882041209
"865",-1.00409560467452,-1.12938097602534,-1.31035260540294
"866",1.25359362625586,0.555055606676705,-0.217353768118134
"867",0.141015610464382,-0.813776679225358,-0.408034461202314
"868",0.663446788091101,-0.531477032501136,-1.24492442878918
"869",-0.438788041367778,-1.01763372115578,-0.672807412825143
"870",0.0447271862307062,-0.914676012238729,-1.06609123390075
"871",0.832065377909837,0.0619607612240831,-0.0257115358102916
"872",-0.534186431055145,-1.03706907321938,-0.68532995938669
"873",-0.629351382031968,-1.07108632951239,-1.04307976903744
"874",1.1837898047564,-0.0216189871128459,-1.63301329775238
"875",-0.584471056720043,-1.03910831474373,-0.542637809571954
"876",0.564854435352148,-0.60209433240586,-1.03278503707405
"877",1.04689329087703,0.144184160042702,-0.857366087864169
"878",1.71005549343654,1.00964872020416,0.302169708452928
"879",1.03365180196064,-0.184948551950056,-1.79646201144095
"880",-0.403763506720078,-1.01744469166467,-0.797633482188345
"881",-0.912175751690994,-1.09357118238276,-0.628569636507147
"882",0.45345940499179,-0.564703751074013,-0.0863363698086947
"883",-1.79715598377867,-1.18087245080799,-0.838909130285403
"884",0.709193255831131,-0.360470472203882,-0.717835525641237
"885",0.211942420197698,-0.72119494938072,0.126180143648675
"886",2.19341388843092,0.971028044197259,-0.0907297708464903
"887",-0.236136195753768,-0.935170439897416,-0.150576436320036
"888",-1.01161370208007,-1.08064999176723,0.0897511853210981
"889",-0.131772488749167,-0.937719049680844,-0.632163669464101
"890",1.15848059512285,0.180417199825223,-1.0335765351355
"891",0.365011332549534,-0.74652646070997,-0.927103960862559
"892",-1.17625674557386,-1.10577291933848,-0.0257468314234845
"893",-0.98467978594433,-1.09665823937541,-0.459258297209594
"894",0.390924192715461,-0.635620109459671,-0.20854026403013
"895",-0.595255157812391,-1.05803557112825,-0.887189518341069
"896",-1.87352305963203,-1.16395814433034,0.367189144605078
"897",0.381423601781861,-0.696916162214611,-0.625731821493037
"898",0.805377518614189,0.0850035794175031,0.323934595188388
"899",0.378920070548814,-0.841969358263158,-1.74105126959872
"900",-0.50606041203751,-0.958501642838474,0.695710401698714
"901",-0.684707665271434,-1.0571311884354,-0.556087768957308
"902",-1.65731601905551,-1.17895339862282,-1.18905283546565
"903",-0.918199247311233,-1.05559324234261,0.390887993456188
"904",2.09350728663807,0.488832379504399,-1.11462134540553
"905",-1.46058202334492,-1.17076279293627,-1.40517882474229
"906",1.14967337646741,0.510704757131403,-0.101668709558446
"907",-1.60721012473371,-1.16983132465294,-0.927297912739178
"908",1.32259913040177,0.40059460326539,-0.736712061366967
"909",-1.17284326019409,-1.12425252194606,-0.631053946801992
"910",-0.442368107612285,-0.954659229444844,0.465523497682511
"911",-1.41966971082599,-1.14865316609371,-0.660152711553948
"912",2.49450951287837,0.835839838504578,-0.493890489172778
"913",-0.737358093584202,-1.06016226273152,-0.432660882465916
"914",-0.660736067352383,-1.08649097503513,-1.27057968450959
"915",0.604069366667289,-0.63989441046643,-1.47929571608142
"916",-2.20766713570361,-1.20460199758084,-0.865532873339983
"917",-0.715944513352002,-1.02031603148171,0.382011916190339
"918",0.393600467215217,-0.641925977815795,-0.273149793248781
"919",-0.565913191944424,-1.10685590448374,-1.953218622505
"920",0.392289409335961,-0.624564006996411,-0.132306898479273
"921",-1.00193059568472,-1.10589644724846,-0.657230815452873
"922",-1.43059711303689,-1.14551563195673,-0.50056816457247
"923",-1.14721963531539,-1.12173849468003,-0.637630485102898
"924",-1.28547795600538,-1.09914055656643,0.643231768352717
"925",-0.837088767910447,-1.11429558390912,-1.39082165131279
"926",-0.04739697439847,-1.0390635771887,-2.23702917903092
"927",1.19972311207663,0.532149217116159,-0.165066204499381
"928",-0.927914863635772,-1.06439579590828,0.198803908397222
"929",1.33523413161283,0.819341359529541,0.314856745078268
"930",-1.6555290440979,-1.16121288789331,-0.367347073428681
"931",0.0513385231511223,-0.899183136817212,-0.917702724592149
"932",-1.6164986432826,-1.14906267259729,0.0414754661347084
"933",-1.61511089065204,-1.16891020696175,-0.860312183652775
"934",-0.438340256458078,-1.00073501677222,-0.373589167210735
"935",0.274659034981323,-0.647906149504824,0.417195431705554
"936",-0.862668479946526,-1.06719935102169,-0.131512752747072
"937",0.0700367564585948,-0.910392526108669,-1.1200399576489
"938",-0.0299308668598613,-0.868541378636241,-0.193485753287978
"939",-0.55122795928599,-1.02089766591887,-0.307058565521723
"940",0.109293331134849,-0.792652660118573,-0.0248214767038378
"941",-0.271430839496438,-0.964893530381569,-0.45075278666477
"942",-0.072958360647706,-1.08610909362872,-2.7689046746959
"943",0.73844978611397,-0.377293012022331,-1.01617019345808
"944",-0.0346841459399094,-1.01650941313102,-1.99353894851539
"945",0.39135874098645,-0.789899905205289,-1.39338622387449
"946",-1.39358926895985,-1.14463248933466,-0.594099253268371
"947",0.558456836693502,-0.436143176392922,0.0149286018178869
"948",1.142520061329,0.264276097232181,-0.766794430812628
"949",-0.160529395737541,-0.999636638763144,-1.37305479017014
"950",1.65708573856044,0.288039225769075,-1.34901732773271
"951",-0.343824112212289,-1.02214030748973,-1.08809621355537
"952",0.343606560414749,-0.693461375600951,-0.38525634372718
"953",-0.514612488864709,-1.01614141890918,-0.357916380871975
"954",-3.01617880929328,-1.24230752714245,-1.71857616598011
"955",-0.315598743162408,-0.968036628949491,-0.318358924379366
"956",-0.402103326576186,-1.11577036357688,-2.50067831569026
"957",-1.13358496483359,-1.09875926541272,0.0311081298979128
"958",0.964289697301846,0.315829547092483,-0.0151193095178258
"959",-0.456888814555876,-1.0537434668761,-1.25872380001635
"960",1.90450356983229,0.38999813497451,-1.25428204211691
"961",1.47657216572563,0.532597473471204,-0.603837650037971
"962",2.36373711753307,0.999181447173224,-0.0979285899380152
"963",-1.03940357299447,-1.14118665531536,-1.54897841924506
"964",-2.4626450674732,-1.20754114180995,-0.0246836711884774
"965",-1.75639161305285,-1.21215387726462,-2.5535134334375
"966",-0.179243957041943,-0.915204858149899,-0.115081876313696
"967",-2.7343724024686,-1.22881542298062,-1.02356666232834
"968",-1.81603445325874,-1.19146310489583,-1.33627254802752
"969",0.27957530242478,-0.820445148697188,-1.13083480196418
"970",-1.13561560999306,-1.14843949174934,-1.50800375048394
"971",0.254729363370436,-0.777212572379189,-0.625517129132522
"972",1.1836931503809,0.596680009694052,0.0475067982616554
"973",-0.202051219226212,-0.934633810068034,-0.291670028738672
"974",1.35471532985265,0.581696639345286,-0.322712087039266
"975",1.66181370580645,0.25774344732882,-1.42355952448484
"976",-1.66267640754201,-1.16965513006789,-0.736900544715326
"977",-1.09563041266167,-1.08132598428889,0.411969563098502
"978",-0.811852534108818,-1.07454835753584,-0.500999146916797
"979",-0.573262864717742,-1.02885097681383,-0.379164958890334
"980",-1.04162606960478,-1.0877936534138,0.00294204344679361
"981",-1.69287124050661,-1.19611144733181,-1.9040766721995
"982",-1.05123051614725,-1.11951728854337,-0.885055396858404
"983",-0.645997502181838,-1.10672351958194,-1.74329826116734
"984",3.35630753955138,1.16878864263979,0.0162085490702817
"985",-0.379922387132069,-0.948057207233643,0.291406637950872
"986",-1.36806430127164,-1.13666551646112,-0.383372954685213
"987",-1.79152838650068,-1.18715208815242,-1.18410273247688
"988",-0.967096082315353,-1.11997673545537,-1.15821798057833
"989",0.949682149239104,0.0718386518294763,-0.724283818903322
"990",-0.52326423809953,-1.05783162410873,-1.12166412959402
"991",-1.40319851871818,-1.12624524633828,0.142689668317695
"992",0.595329566778252,-0.501052905501355,-0.632493022529076
"993",2.10701556672603,0.615042161720616,-0.839956872691262
"994",0.894254283674953,0.293875108761269,0.320149725262658
"995",1.0284400995643,0.21643175995524,-0.58335226646064
"996",-0.62202121072589,-1.13109123855507,-2.3122351465057
"997",0.0431570399788761,-0.945468765060792,-1.41052093128175
"998",2.42287358517189,0.566292848819161,-1.05401856663443
"999",1.00938723680252,0.310944833153871,-0.22832980659067
"1000",0.917017329896825,0.0243625010806292,-0.724904888850759
