"","x_pa","x_child","noisetmp"
"1",0.560820295545696,-0.793659172750054,0.907582985305199
"2",-1.79656593285813,-0.375159653410771,-3.06560048866805
"3",0.353449381837726,-0.613227930917898,1.62893292223215
"4",-0.633364506182276,0.325884102103092,-0.51874350977877
"5",1.32084123276432,-1.09142811455393,-0.851981732963395
"6",-0.345399778964433,-0.225658753390873,-1.09759878771599
"7",-0.198195343891653,-0.469736078780226,-1.08922600581414
"8",1.86285705296304,-1.10644839400661,0.828195350801514
"9",1.58615185896786,-1.1437069158956,-1.45544236107916
"10",-0.0480521934792701,-0.265527275925979,1.21725579728098
"11",0.545893817768692,-0.864918307444032,-0.0662742452808862
"12",2.31644712766271,-1.16034228262821,0.512553351835181
"13",-1.90287665470999,0.947786860457891,-0.215983627475193
"14",0.769204371947699,-0.839849577331876,1.46847343758859
"15",-0.679686463087951,0.842086077970217,0.790153720088163
"16",-0.75163283661081,0.786673569851633,0.450201030885919
"17",0.700506775107739,-0.890920151824867,0.338208225953863
"18",2.17322944610158,-1.15986534029183,-0.0933202609819483
"19",0.279606808678401,-0.814590722853463,-0.788066004546696
"20",3.04677263596195,-1.21661658059973,-0.0545659238627572
"21",-1.6628216717245,0.602254638155276,-0.880936425784102
"22",0.358755157323598,-0.699892700617582,0.774296588012769
"23",0.45519248955438,-0.7257923618038,1.09106528624559
"24",-1.52980435993738,0.357262799082635,-1.37226846219032
"25",0.470296681793737,-0.792517041279654,0.413569244593433
"26",0.494122198734994,-0.777747772351797,0.719899135844133
"27",0.447664960277994,-0.726486765579263,1.03657873520639
"28",-0.0429572611582312,-0.419222740943223,0.295570744636956
"29",-1.13532720761028,1.11385425082238,0.650368112283575
"30",0.811758082808771,-0.94231536765095,0.0835296861885171
"31",-1.03573748528355,0.665957749802073,-0.315042362287123
"32",-0.0487895766272784,-0.592729554700955,-0.831489598932763
"33",-1.19873192351433,0.392430186379262,-1.11339540234484
"34",-1.24679718385552,1.00077920924297,0.272699464341488
"35",-1.20522784207456,1.1372568729863,0.631245463161983
"36",0.175881655289436,-0.662173590496857,0.0117551818515434
"37",-0.2095620346729,-0.262469398483023,-0.159158733828873
"38",-0.0972155047190657,-0.660911066848746,-1.51503513370166
"39",1.57812607399098,-1.06726346741552,0.824702341424661
"40",1.09130289206047,-1.01703820566605,-0.0526828630185679
"41",-3.14464363926045,1.10448442712148,-0.16225363520875
"42",-2.0212834410411,0.727423240069598,-0.72932438996019
"43",0.472975923053678,-0.765898226927821,0.73693359015722
"44",0.891626046610119,-0.931436404828684,0.640399957962688
"45",0.151823295097358,-0.673621971929207,-0.224946754057598
"46",0.309776200674028,-0.636141457411672,1.0978935708053
"47",1.02678946385616,-1.06791257906203,-1.29226566613399
"48",-1.1381556386681,0.949515207363102,0.256340545770279
"49",-2.42991926103339,1.43896319658736,0.667989604097335
"50",-1.88356998279775,1.16421574944957,0.260552242405417
"51",-2.84407757913373,1.63833210154551,0.985889692060339
"52",0.347588566303133,-0.820692261205651,-0.523666189665833
"53",-1.56561079465376,0.267158713634454,-1.58793380140365
"54",-1.61422717530851,0.782161469674566,-0.461160135553979
"55",2.08655992935867,-1.14661703301922,0.167313931017932
"56",-0.563629040435889,0.0209692248697502,-1.21200012893425
"57",-1.84893286758336,1.21282181388246,0.380501098523933
"58",0.666062069055782,-1.01200055675755,-1.52301580232705
"59",-0.949380321034899,1.33330499093117,1.44933836870042
"60",0.428404791496523,-0.947046426460794,-1.52553651093144
"61",1.77789586138295,-1.10273217385431,0.576392133097138
"62",2.45294530272698,-1.20113952455518,-1.31563075676671
"63",-0.931157892636714,1.03008942991831,0.724971187427546
"64",-1.34579350745214,0.324269426307597,-1.36123523692396
"65",0.453319998085554,-0.891891371972391,-0.8085967718991
"66",-1.18753391442778,0.708711654976669,-0.360323325654286
"67",1.39708325880106,-1.11271759755112,-1.14431663391389
"68",-2.31124988763383,0.997430754407647,-0.231264784993463
"69",-1.97684768269274,1.16053066257758,0.216874562125291
"70",0.615368108989174,-0.844247172417628,0.551324736359266
"71",0.186685929481167,-0.716112302634886,-0.380773301288058
"72",0.837285326115524,-0.972173889203368,-0.287780918223266
"73",-0.803313216453331,0.155345035081941,-1.30822284599664
"74",0.762017872888946,-0.961087433105473,-0.425065431495373
"75",-0.49671939848751,0.535148924762151,0.603253918918936
"76",0.438359211359643,-0.936118304050779,-1.36739479968427
"77",1.05457942527923,-1.02829581986669,-0.424185617196676
"78",-1.17284784727517,0.944489001367585,0.209345850952893
"79",-0.251191336851584,-0.411486387013352,-1.17371975604027
"80",-0.743107860283514,0.456981502656584,-0.410572586179351
"81",-0.674068902076403,0.361644655351698,-0.51977701600401
"82",-1.64596637262041,0.464897427604503,-1.17833898319951
"83",-1.45997693216957,1.54202566607259,1.33669628798108
"84",-0.327836132795423,0.100352103573466,0.297599230302513
"85",0.344474182855656,-0.824962759870755,-0.581976834663329
"86",0.612413755159393,-0.998299303012397,-1.5123780430374
"87",-0.373673231506241,0.17227078457452,0.161806632385802
"88",-0.879910216581048,0.12173499185494,-1.4908771102931
"89",1.28919060711393,-1.06523352915532,-0.330958272698216
"90",1.56040525322001,-1.10844498963585,-0.480034106834665
"91",-0.526055567149534,0.786489945950625,1.22806366504016
"92",0.769169486723597,-0.827388068174738,1.65983072790397
"93",-3.60749051705702,1.12031261359968,-0.185666639938852
"94",0.00503030118449439,-0.972929108603898,-3.0634538201235
"95",-0.907519200263491,0.741112353866544,0.0378651398660453
"96",-1.64249078967269,1.52964909886986,1.18198612998731
"97",1.848536467258,-1.14932424524784,-0.840626291940558
"98",-1.36863841835831,0.286760517773533,-1.45891928753685
"99",1.11834800838257,-0.986809219234182,0.687879375411353
"100",-1.65447752173442,0.0565048609631494,-2.08528519412807
"101",-0.69204578429764,-0.236865592477223,-2.19850811162575
"102",0.715412385801189,-0.8762006141796,0.627398888976912
"103",0.724444257376277,-0.907953253788479,0.205499132866018
"104",0.760713065005683,-0.855459038090712,1.18092550869089
"105",0.148267002310978,-0.46956346851686,1.40712957597872
"106",0.717133343113642,-0.815151874499554,1.53136300566587
"107",-1.53573293592415,0.873042077397376,-0.218971208379131
"108",-0.490484401849519,0.242695485403496,-0.282361824443365
"109",-0.219412118171178,-0.432915238980296,-1.05358912587566
"110",1.3125724548034,-1.07093737843757,-0.380618659329106
"111",-0.571305273040494,0.350679345205813,-0.263516825914854
"112",0.50341848480743,-0.832497873255118,0.118672372425936
"113",0.331560370732082,-0.68924034383737,0.713906511349384
"114",0.888558075832516,-0.890316295063122,1.32801294135041
"115",-1.82826779803908,0.21932115231663,-1.77532663880678
"116",4.13520631192718,-1.26028170148558,-0.143676937635558
"117",0.0809166987512845,-0.527735938270359,0.455674695360169
"118",-0.138148404911852,-0.35138726296798,-0.0401310895368182
"119",1.96247429569375,-1.14888837682966,-0.423099587342906
"120",-0.659394290242511,0.566295772017509,0.0850568071232642
"121",-2.50556173955207,1.316323334906,0.391893930013925
"122",0.414555883678336,-0.716254552283932,0.945697561166465
"123",-0.695453570832124,1.28686009540909,1.95934553257771
"124",-0.150765370145386,-0.418710703305125,-0.498628319020598
"125",-1.92986087270704,0.417604668130441,-1.37175839876149
"126",0.395109792173363,-0.741251274975232,0.558574864873979
"127",2.29303797112607,-1.17419834609264,-0.343452335455822
"128",-0.0675490235628442,-0.37819505024904,0.359372338599679
"129",-0.250195259785215,-0.157079619196885,-0.0183547091134247
"130",-1.88587500419409,1.21542237093625,0.370695442395368
"131",-0.0531701617703978,-0.460120670758904,-0.0353250388003786
"132",-1.36428025427543,0.971370468963587,0.110897955502497
"133",1.70164168411028,-1.10075205453965,0.313336870385488
"134",0.883310161861874,-0.987668720929531,-0.356896555100445
"135",-0.18759077276871,-0.336384752692125,-0.347507653398287
"136",-2.46474186942897,0.214964723441539,-1.90687341952932
"137",-0.455685140580319,0.530200660590445,0.817036067659124
"138",-1.41589596011585,1.16906133112741,0.524521816676405
"139",0.148910491910807,-0.715070280135951,-0.577851991289354
"140",-1.52733701014176,0.865688077640453,-0.230904962461869
"141",-0.470982577560004,0.00462637334260707,-0.954250861040681
"142",-0.954641084689417,1.21960001477035,1.15764378006192
"143",1.13519712231855,-1.03342661032021,-0.214080091555802
"144",1.79363910341009,-1.12713109612747,-0.225660749996572
"145",-1.15316991567785,0.965189318976116,0.278036523834595
"146",-0.845744382816308,0.0895325916346085,-1.53344178397029
"147",-0.666669366394777,0.894557678143487,0.975272982364758
"148",1.74668585175821,-1.07367069633029,1.44039680600011
"149",-0.411968771144795,0.136609312489963,-0.225870436772714
"150",-0.256058971610696,0.0466427309649473,0.838655295115096
"151",0.197273656911033,-0.514042786898819,1.4133729749427
"152",1.07812841076338,-1.02284514994757,-0.223478115996788
"153",-0.931869735219804,0.983696749910175,0.607873866404124
"154",0.508511695702598,-0.759377645407924,1.02335927167163
"155",-1.17866790405993,1.44982915562708,1.39619142548426
"156",-1.33572733505529,0.935011569514452,0.0483861863225873
"157",-0.854563931653086,1.13364881744992,1.12884230209304
"158",-2.54457436488034,1.45490289368697,0.672205825972019
"159",0.112111985618768,-0.875016488202931,-2.01349964224759
"160",-0.0986865162913694,-0.475536292214567,-0.447956180596626
"161",0.808864185280254,-1.12590454504503,-2.85398699007699
"162",-0.506332402250098,0.648628327242013,0.906489080219846
"163",0.473362205587266,-0.793613948095537,0.417653179383118
"164",-0.83947587696972,1.08911394751348,1.0461557552518
"165",2.99223996265716,-1.22218896756409,-0.941949134296389
"166",-0.918541213797024,0.459181565110695,-0.685951581707161
"167",-0.373121907075085,0.220948694279095,0.341599664155993
"168",-1.32635752010533,0.769920513058291,-0.324721337107749
"169",-1.30272426726306,0.930761894487483,0.0637248038648649
"170",-0.932185120973516,0.956679568602205,0.539862372452811
"171",1.72976491805203,-1.08537278221662,0.956399259662904
"172",0.0947283372306222,-0.636854453103903,-0.27388677230396
"173",2.34221167525663,-1.13790525432016,1.89736533311217
"174",0.557921919841988,-0.807299239883171,0.718872354550428
"175",-1.94190195170774,0.442446561248622,-1.32127028505918
"176",0.524104650880057,-0.821597335108455,0.357848592019564
"177",1.49684424445019,-1.08178331901586,0.0494509146043565
"178",0.256918805986289,-0.717958147485539,-0.00503572940497706
"179",0.547871780914665,-1.0069187394634,-1.83062224661542
"180",0.666234148741456,-0.886422499094332,0.234008260365808
"181",-0.293097702885073,-0.0863888611859017,-0.107453118362256
"182",-1.25437145871082,1.37868436676523,1.14606589668134
"183",-1.55155624977723,0.784239509718317,-0.426059988255247
"184",-1.53628894831983,1.45085733311924,1.075389727744
"185",-1.15632660911112,0.503317299939425,-0.819745516055036
"186",0.211592273939915,-0.717112931045855,-0.251848061908201
"187",0.0565074390018308,-0.812136298415738,-1.76554692531752
"188",-0.808314696263227,0.928288174088144,0.696268179948225
"189",-1.00703051365584,1.11342641758039,0.813552351890131
"190",-0.062321065629689,-0.311720210540461,0.807341390322919
"191",-0.136197658680177,-0.245429851786599,0.554932984311417
"192",-1.82937354414853,1.71973606993198,1.49336128399166
"193",-1.00081493670615,0.501612779594611,-0.677906061682698
"194",-0.612665351935978,0.575762365061025,0.252252236612827
"195",-0.508601139826155,-0.293097104911357,-2.01276417189651
"196",0.119264675445648,-0.5028413749306,0.921713684671905
"197",-0.764111363605179,0.0342669718822397,-1.57092340978731
"198",-2.19643652237969,-0.0954010269844501,-2.52381074809716
"199",0.823695154969939,-1.00203640435126,-0.826171710591866
"200",2.77584446017681,-1.19568852852733,0.450835044331167
"201",-0.673411700542303,0.314317279107103,-0.648984758414644
"202",0.235612615310526,-0.614525781219338,0.803866717319444
"203",-0.551070102922854,0.724518729093043,0.922091260217267
"204",1.28631358629604,-1.0326667669542,0.434551800895921
"205",0.826853124757681,-1.03724615092967,-1.38436652010903
"206",-2.34817632292384,1.53346104068313,0.889688529470809
"207",-0.674950799423851,-0.05373739125477,-1.66847139865212
"208",-0.320304782261024,0.0762241772812339,0.280156095245362
"209",0.581345225133479,-0.890499207344049,-0.223540820900241
"210",1.82887183881187,-1.11358636190843,0.409024505439078
"211",0.525158261286705,-1.01855977080544,-2.04277671581155
"212",0.943874073482695,-0.971675194963398,0.180016815703502
"213",-0.849184273799847,1.01951579117839,0.847387652335727
"214",2.53339770119612,-1.19287286491103,-0.488016048262034
"215",-0.800620681289754,0.408850712153986,-0.64281066094538
"216",-0.147938377644574,-0.255769507642475,0.396897133029261
"217",1.65466556170169,-1.10847903640902,-0.129031385302742
"218",0.609311081365167,-0.910095039992665,-0.353469975296314
"219",-1.36479750952276,0.41214478113712,-1.16991477252184
"220",-1.52897250472079,1.40740121410989,0.982983368207726
"221",1.2029976685331,-1.01842138848554,0.39503918448835
"222",-1.8292450246085,1.4379741655136,0.879543524773731
"223",-0.860514848316451,0.885397875201978,0.482386428804302
"224",-0.419437895027035,0.342558291347081,0.427069198792012
"225",-0.764986342390572,0.549689260397724,-0.207748440420687
"226",-1.25237449979054,1.34344262725797,1.06600850483179
"227",-2.26119132609216,1.49588920139596,0.836813498665815
"228",1.6616165908818,-1.10154448612729,0.121223792365327
"229",-0.00948770657778168,-0.436367828311026,0.438274867013678
"230",2.6542373849866,-1.22144274549362,-2.0794530758011
"231",-1.12791368133995,0.896793133295274,0.141497011630457
"232",1.04030845834935,-0.942066483009538,1.19925235351349
"233",1.18408796837156,-1.05994782471008,-0.598781861916528
"234",-0.272094577399902,0.0934033936110661,0.870963039652601
"235",0.0435578252680744,-0.434762370974014,0.855222811269746
"236",1.68166535838879,-1.13149177959587,-0.77598902203791
"237",-0.129009860751397,-0.198407760844824,0.878178630421466
"238",0.67562790281989,-0.858284935299189,0.677058076020907
"239",-1.48964150160544,1.76232159418741,1.8100876467846
"240",0.727137358938499,-1.04578431242557,-1.82108201745041
"241",0.524954151091266,-0.777318502356474,0.903171083015875
"242",-0.662212574628426,0.896365646746949,0.994607919178965
"243",-1.52289033668522,0.43308484868014,-1.19925339579218
"244",0.0868246717923399,-0.649121173967097,-0.413301744649416
"245",-0.40294893112898,0.109153791802536,-0.264841953136288
"246",-1.38380883391356,1.03591933096303,0.244400565475146
"247",0.759413341899245,-1.00981597711526,-1.17832149192736
"248",-1.89386757286923,0.522698787320096,-1.13421326003498
"249",0.42919234352709,-0.878938427047184,-0.767460970438669
"250",-0.796322311424442,0.48015998833508,-0.449202099077658
"251",-1.72208756822165,1.20256296747762,0.416186489273705
"252",0.482662466461125,-0.82252725438327,0.130126569245877
"253",-0.613315653416745,0.741172725939321,0.723029577367828
"254",-1.11435383900849,0.362774258018014,-1.12042007004637
"255",-0.824228758292367,1.00514582631559,0.86180958432537
"256",1.59687876653984,-1.13334383616562,-1.10819093117905
"257",4.09452703480039,-1.25912862930245,-0.481019163095477
"258",-0.369857732004306,0.627555513510529,1.84144974535784
"259",-0.0305175575017304,-0.602076610856465,-0.781218054650665
"260",0.204716481846493,-0.794787842830639,-0.963080988489035
"261",-0.107894402954012,-0.605931465014743,-1.25679608946447
"262",-0.806513660653889,0.323357447248622,-0.875167180001465
"263",1.97881894178336,-1.14534287065905,-0.214918188813968
"264",-0.266280166101488,0.0761921710482089,0.859388609195728
"265",0.497396721815556,-0.822636574136295,0.205193216017832
"266",-0.24419741233308,-0.162476743667155,0.0112468008079388
"267",0.108675711365251,-0.597248720641276,0.115642504630314
"268",0.176833196616365,-0.557265258624585,0.897027845031002
"269",-0.796683985312521,0.517571000302829,-0.352049346313472
"270",-0.172922758313585,-0.525431466318573,-1.20802956869002
"271",0.402762173283505,-0.938758962598177,-1.5274966792906
"272",-0.819931237528365,0.491163021989895,-0.460834837447017
"273",-0.318174596145265,-0.0441389088252851,-0.174840546944888
"274",0.159990301030806,-0.809026163608024,-1.28977480627326
"275",1.39774809044664,-1.0420754959136,0.70021834673621
"276",0.380008990724528,-0.925299380748129,-1.46786979539728
"277",-0.60191373968448,0.361089291571615,-0.330116296613146
"278",0.0373351418726055,-0.512248510077268,0.262171990606599
"279",0.569076888616995,-1.06484442070626,-2.50323658214235
"280",1.47971204843932,-1.07488199847102,0.173069648455487
"281",1.38832249216889,-1.1103679776975,-1.11052344399844
"282",1.46968302373567,-1.09735760315024,-0.489167203560769
"283",3.25089282206999,-1.22414246983868,0.295833289755076
"284",-0.531133049426402,0.502095222526196,0.340783326952976
"285",0.316881622361259,-0.769772461948079,-0.169425053240138
"286",-2.30932619988625,1.35621445573619,0.526991286522957
"287",0.134627867051803,-0.548942183647748,0.668495787790619
"288",-0.0670260162173413,-0.431307846130138,0.0406600227638439
"289",2.89538224214065,-1.19866626659688,0.884089600600887
"290",0.317815843937423,-0.771347127150481,-0.179990739769433
"291",0.456887007410439,-0.924916709571562,-1.17009508964196
"292",-0.725840620327092,0.354399000471214,-0.651224994677754
"293",-1.56495285816058,0.949593318934316,-0.0634705092570768
"294",-0.827889188981009,0.805078782972374,0.337168350841662
"295",-0.782097561566099,0.877374685804857,0.620452654302023
"296",-2.88951543481201,2.29542221343829,2.33132171792074
"297",-0.271801400238942,-0.0762923908486506,0.137989122144526
"298",1.37891126250413,-0.99531134752709,1.81600332424893
"299",-1.55731664050206,1.62115635266801,1.44185084014708
"300",0.0826658107498594,-0.454369275966974,1.01532031644906
"301",0.693911707403419,-0.917503233741576,-0.0757098490895913
"302",-0.842441048452518,1.30722533471358,1.60055332661662
"303",-1.29111488176693,0.926409693935867,0.062801015390163
"304",1.52091359010662,-1.07662730700027,0.295717031837435
"305",1.36966831886602,-1.02424802335449,1.02764718189065
"306",-0.493660325690465,0.445456787551584,0.338268076910004
"307",0.139469152137859,-0.401997735785119,1.87979294600269
"308",-1.02919291298447,1.06171841784752,0.656165258473095
"309",-1.38416587254964,0.952542565757946,0.0537528379031664
"310",-0.248931190938132,-0.14223811243668,0.0602135190284581
"311",-0.497142928540119,0.494625257391735,0.474708061400914
"312",0.396928616427846,-0.848859149368007,-0.584668678641114
"313",1.94700922923817,-1.15529114183586,-0.739001694754937
"314",0.471047322151617,-0.735763170657898,1.07452543757456
"315",0.7015949670439,-0.876497005515836,0.552034145350092
"316",0.465511365631945,-0.853925320522868,-0.319349993251309
"317",0.02294764799291,-0.502139186487082,0.231389608845061
"318",-0.196752638606441,-0.114211192936363,0.682626932425125
"319",0.261747940643381,-0.669955233867607,0.466663177222073
"320",2.03579712644654,-1.1254642419169,0.876426166894499
"321",-1.73825506790364,1.42852720193383,0.904446975677722
"322",-3.00062573187884,0.30933635291992,-1.7748959797069
"323",0.230720849835011,-0.777212878733668,-0.681960738032036
"324",-0.778137372171502,0.353918874024197,-0.748891802370482
"325",1.41780301124369,-1.04945998584021,0.596923614657581
"326",-1.25727254703672,0.964072675901079,0.178092053993623
"327",-1.72799602576222,0.373522998405716,-1.40867058024593
"328",-1.42780746704337,0.451180466733623,-1.11382173177154
"329",0.306961254361587,-0.859032486383229,-1.09070223078311
"330",-0.732434887629014,0.766460344242483,0.442047328706835
"331",-1.16809049814466,0.857107147556877,0.00740654965576774
"332",-0.183874919929019,-0.41971724760388,-0.740657619504099
"333",0.116677507146276,-0.724453669674422,-0.823595188369596
"334",0.0982483736036754,-0.648809121977577,-0.343696231632567
"335",1.81378564162286,-1.12048333630859,0.093456736551436
"336",1.41586283470879,-1.0703122870217,0.0363998324659861
"337",1.64508421934592,-1.1001527107345,0.0985167736241281
"338",0.573520568297771,-0.827141555527364,0.551967227969411
"339",1.24880589869596,-1.02019553915751,0.559761591219713
"340",-0.517409221093522,0.50630669060609,0.41439621350634
"341",-1.61769134758571,0.83616558355211,-0.342823917980266
"342",-1.28576238257019,1.01022420941018,0.261256728130912
"343",1.20101244309747,-1.10644786333196,-1.57130451825618
"344",-1.87419139422956,0.528613540408196,-1.11554835120049
"345",-1.35277980809366,1.09760024436725,0.408799041573829
"346",-0.919477519792099,0.504897224192236,-0.572503427688762
"347",0.112134118668589,-0.665378030610653,-0.389749006962304
"348",0.739896305958815,-0.845278930161237,1.21765786195617
"349",-0.246991784579242,-0.579454738884691,-1.90717830163839
"350",-0.158321651047736,-0.23223888812979,0.4319174929961
"351",0.713777459805537,-0.894776285015441,0.34744741407735
"352",0.671739723783977,-0.885825437458995,0.269348463903524
"353",0.705145337738311,-0.80432451646965,1.61679667347416
"354",-1.84824961072414,0.428062465311635,-1.32638954405426
"355",-0.297126619750213,0.406291730830388,1.89149219208038
"356",-0.542772713813974,0.0859410161681703,-0.957395557502971
"357",0.0564090941597872,-0.642619844490236,-0.543591264640977
"358",-0.0936549250276462,-0.087191438020878,1.85559230654852
"359",-1.08681223077661,0.944198958484472,0.299866867926013
"360",1.23464582894726,-1.00885210548739,0.755237270289551
"361",-1.1133799878679,0.999116301284534,0.401389384444934
"362",0.51325943409886,-0.925900087426027,-0.95867418411926
"363",1.03277607499822,-0.974076415637245,0.541033911458122
"364",2.99018099443429,-1.21839250131,-0.551443786367133
"365",0.200689829197632,-0.823245975299374,-1.22760666253565
"366",0.218089527598726,-0.708183554537227,-0.137113785687039
"367",0.509257154364818,-0.824265434544417,0.247510357602864
"368",-0.643816117312993,0.351381039630918,-0.474094649800197
"369",1.37447238523117,-1.03364208620955,0.810505937997472
"370",-1.00846792008863,1.17941258086462,0.972996487040689
"371",0.63304693686992,-0.914294975925954,-0.304520199964803
"372",-1.5915886912092,1.76836054316424,1.74594676292428
"373",0.078553634656459,-0.656114225550269,-0.513641250109466
"374",-0.597799729129709,0.732392744978467,0.754361101981281
"375",1.77711080625916,-1.07573860546627,1.52563896050014
"376",0.222773265413242,-1.04229169115642,-3.06761088517137
"377",0.140829298085899,-0.859369798863812,-1.77953806019329
"378",-0.0962580905664725,-0.383045536350673,0.107030621735448
"379",1.26700679907884,-1.10386426985489,-1.32091881483777
"380",-0.346489226342678,0.166075680445402,0.369352380335281
"381",-0.0920356535853885,-0.583373999134195,-1.03361716846031
"382",3.05993130626896,-1.21101601099152,0.661193032966049
"383",-0.809816430404442,0.565720075445077,-0.249923595565189
"384",-0.68113767836385,0.33386901811972,-0.612576762135867
"385",0.862088419898704,-0.837500142005322,2.06500241693921
"386",2.41113228232073,-1.16800952450638,0.527868051140002
"387",-0.218560672064821,0.0592728314683993,1.30242119924884
"388",0.0835696117980478,-0.428311641999256,1.21693712539185
"389",-0.116686429680462,-0.425294855365908,-0.28805683729488
"390",-0.349806605925073,0.527667369386443,1.69220000113225
"391",-0.938855599260041,1.11719064380598,0.929555528001412
"392",1.60243073417249,-1.16467512292867,-2.05318854598649
"393",1.36619899583741,-1.04835263410052,0.397892482692606
"394",-1.94639276460565,1.04071859469892,-0.0305784543788542
"395",-0.00939569724288805,-0.586878071350628,-0.554190313155013
"396",0.0403193790849382,-0.437684782196509,0.80948326163824
"397",-0.136362142986087,-0.39373515657377,-0.257790535029724
"398",-2.25807929764832,0.0535346359113511,-2.21684806246699
"399",1.12871379772519,-0.95274916171444,1.45063097782226
"400",1.49757184077409,-1.12157422121279,-1.07172298595412
"401",-0.55921044358237,0.292631315269748,-0.394257918890402
"402",-0.325188224317225,-0.255594169239663,-1.06806851298023
"403",0.276221251812569,-0.786430822068612,-0.539117903664913
"404",-0.19201142278011,-0.612607730501184,-1.76206833810296
"405",1.0275637023684,-1.02304432355353,-0.426029802404488
"406",0.0467734814630219,-0.661489670419348,-0.73411520139962
"407",-1.92437892562044,1.7540537819173,1.52018756534521
"408",-1.73235142472632,1.71777358364177,1.54298879180151
"409",1.14641253993009,-0.988578610728928,0.78405272009291
"410",1.81363403591925,-1.1110275858443,0.436463338586547
"411",1.09344802201181,-0.962158098115432,1.07279716632012
"412",0.547041706602554,-0.912394131206886,-0.653328556980924
"413",-0.0338483401286748,-0.612368405976542,-0.866707436993302
"414",-0.0774367801080185,-0.625572715396183,-1.19885146032882
"415",0.401726411182832,-0.649482520980468,1.5862512954723
"416",-1.66828347245597,0.727894466819095,-0.605455342043791
"417",-0.44736801198836,0.242145991293369,-0.0747628635742996
"418",-1.38474871320637,1.10687195528596,0.40572947414184
"419",-0.848745950691367,0.49886578365952,-0.487132928683819
"420",-0.251520668957699,-0.386144402993548,-1.06188231313555
"421",-0.628836695905745,0.839937390000311,0.949103670855189
"422",0.410555675794528,-0.759295887566481,0.452844359118415
"423",0.365880999832399,-0.79862836981317,-0.206096021215039
"424",-1.30953286655634,0.81153341123076,-0.216781499373021
"425",-0.582494785640008,0.466499762759922,0.0377088942288828
"426",1.31317283752288,-1.06046958432116,-0.123335905981972
"427",-0.412975440387717,0.0594379150229559,-0.495286440648407
"428",-1.11324761374565,1.22886026169171,0.950702000186687
"429",0.712012627736216,-0.806456506420704,1.62761915095928
"430",1.26210086558752,-1.03893789859834,0.182136884864596
"431",1.70322028673327,-1.12187152170445,-0.382756191435596
"432",1.20492279199958,-1.03749159511385,-0.0218961182287458
"433",0.446057143807192,-0.693739944445207,1.39613418782327
"434",-0.218108611932752,-0.398483669113456,-0.880096248026994
"435",-1.28654743866058,1.36821915014185,1.08992761391331
"436",0.556809753595448,-0.841267808219776,0.284621212957426
"437",-0.173924935732459,-0.0721680354943156,1.11970604341951
"438",1.73277590715902,-1.10935696990515,0.153592472697363
"439",-0.682650138075335,0.790127565944535,0.638498955986431
"440",-0.674200450778812,0.379157028965747,-0.471724546206048
"441",-0.602389921737874,-0.125457731391802,-1.73217281472552
"442",-1.39904508779344,1.31209774069994,0.862903956757309
"443",0.702836297665717,-1.09348735348998,-2.58147907259087
"444",-1.25080698555133,0.42006841682493,-1.08391046079418
"445",-1.45184747576838,1.55957202127603,1.38285091184443
"446",1.26379552784127,-1.08745941663161,-0.946506896848158
"447",-0.263167677917711,-0.382405624143343,-1.12846561043391
"448",0.0288430406962909,-0.507512011682169,0.235691556217846
"449",-0.925947246113711,0.91801330961607,0.453114510613379
"450",1.56602261213382,-1.11450587497923,-0.640594346876499
"451",0.414620029871646,-0.761157847315003,0.455622204687
"452",0.947358443573165,-1.03974732274456,-1.0284273152442
"453",0.0783366235095875,-0.817580049350801,-1.71287076822919
"454",-1.30518545945457,0.826486073315528,-0.179056269058182
"455",0.138659175825899,-0.561031717141162,0.599946892498421
"456",-0.90121405031297,0.248076256175574,-1.19567364471755
"457",-1.30444026330273,0.789224820499583,-0.264582101302932
"458",-2.1627591010732,0.966961889832969,-0.256981685518585
"459",0.667840687359425,-0.887784947974872,0.222777148188452
"460",-0.901684465143617,0.604479482923416,-0.297650294745456
"461",0.0655924957380905,-0.51607136004649,0.433735231079074
"462",-0.377636521780075,-0.223097220619512,-1.28447943517367
"463",0.413622148265706,-0.884145500510144,-0.892018922858973
"464",0.350462497381058,-0.708897549736055,0.631236747889933
"465",0.824505271007499,-0.956608070010149,-0.0893972680141382
"466",1.78432348585028,-1.09983151804279,0.70805319805677
"467",-1.11209945843248,0.906968325960393,0.182506876032975
"468",-1.80159083798636,0.787461386106774,-0.527605952387562
"469",0.187598544668833,-0.569064155007375,0.873034100149991
"470",-0.704513816079415,0.750131529460085,0.468844157518817
"471",-1.04674388218263,0.725872495442315,-0.181808204774703
"472",0.512636415006221,-0.760507976253917,1.03445716906264
"473",0.18153736845688,-0.725045945804133,-0.484338186854922
"474",-0.552459446117744,0.416765030712573,-0.00122011034142222
"475",-0.213497194664402,0.202055024784123,2.04574712542095
"476",-0.356426747728296,0.0549530306185274,-0.130749985937214
"477",-0.515856630361143,0.523883562340259,0.475439362748516
"478",-0.0581678970732954,-0.666437360790163,-1.34148416505577
"479",-0.738518193728235,0.422181872191413,-0.494464848602768
"480",1.55097270639375,-1.07787331529045,0.387357826079893
"481",-0.925627183932489,0.634663392268719,-0.255664217989368
"482",0.884901973555687,-0.90092575305885,1.12713889012173
"483",0.784651300410891,-0.924447339862153,0.240320197895882
"484",0.594082627769289,-0.861009590438032,0.220588641347978
"485",1.69944735977492,-1.14064506952132,-1.01944458003849
"486",1.38271024421975,-1.08021274219906,-0.350957902941299
"487",-1.34702726627572,0.759811784508452,-0.362102313191615
"488",1.12603651534555,-1.08165186730202,-1.2584459077828
"489",-1.99908105794842,0.139544312590476,-1.98767432042711
"490",-0.124017652720096,-0.569092984378406,-1.14323856340921
"491",0.831687630397808,-0.859053161786889,1.52776841047949
"492",-0.695435594354338,0.763240668296492,0.528946138955806
"493",-2.02664135334467,0.0419600576072297,-2.2028177564815
"494",0.885942146435591,-0.869351399802937,1.67102917427657
"495",0.178020195076133,-0.760027603807648,-0.796979002726874
"496",-1.91634776844445,1.49505625075412,0.963556143818166
"497",-0.244557082367932,-0.0717587395769627,0.421717238635518
"498",-1.00387024096316,0.0209274323311075,-1.8592605391983
"499",1.47622517457647,-1.0551206191072,0.707516393963023
"500",1.96649682476832,-1.1368777434133,0.0854040372486524
"501",2.02573610372775,-1.17796073243292,-1.4353416288905
"502",-0.0472295577524844,-0.0801713361095252,2.38406794795891
"503",0.546500314244087,-0.926263591528717,-0.828658085469553
"504",1.4462363331535,-1.08270087191206,-0.175517816080541
"505",-2.15950960644206,1.08225521173609,-0.0105440765281406
"506",-0.814432090493709,0.971679911699864,0.795965985427347
"507",-0.714693091525171,0.518781619730249,-0.18377943025871
"508",-0.509584547618092,0.47247373484771,0.346360895742264
"509",-1.19618598127705,1.38901374203617,1.23260086069212
"510",1.18780073531324,-1.05223975607502,-0.415769174865884
"511",1.76979601811262,-1.15798751916769,-1.39843173923257
"512",1.00058411533569,-0.912463361813608,1.55146965509811
"513",0.405576228678482,-0.846889773889294,-0.523207206204874
"514",-0.419775359447891,-0.047162491080304,-0.8939044529397
"515",-1.70020074400909,0.424047617829478,-1.28818954458686
"516",-0.984841998613961,0.994253125148239,0.55305294475126
"517",-0.578840615146554,0.608220794645132,0.464747473260831
"518",0.500762657701341,-0.911019780833399,-0.831186373156615
"519",0.499215682617656,-0.914272741732046,-0.876348993997939
"520",-1.66978054440719,1.14911634823993,0.324657883151924
"521",-0.196463541130452,-0.455255708874356,-1.00593247376033
"522",-0.180423500031375,-0.345368053158783,-0.337401104291065
"523",1.74423565257726,-1.09592042256716,0.662849218096428
"524",0.161515472894063,-0.464330191403645,1.55424439020365
"525",0.801616829983253,-0.817030877139793,2.02057111030734
"526",0.74252242033383,-0.947507946141635,-0.301470657280444
"527",0.0936510320646697,-0.691477382201561,-0.693652241605927
"528",0.340473724070383,-0.925295450383959,-1.61410329914739
"529",0.5723685490629,-0.882442109817626,-0.161704448089354
"530",3.37580821162541,-1.22882632980795,0.526363939804471
"531",1.98150223231926,-1.12557453876625,0.617819623828147
"532",-1.15422361923861,0.712766975759939,-0.321483296966213
"533",0.701744180514095,-0.987959253386492,-1.05844803067429
"534",-1.99112605205071,0.389176953415585,-1.44867886386682
"535",0.46191195942717,-0.750074280184438,0.854421621887973
"536",-0.328524558522399,-0.217126049740857,-0.94347546046264
"537",0.467179039213303,-1.1664905584554,-3.91477208675326
"538",-0.565916643632996,0.0476674503929118,-1.1394549873706
"539",-2.7208019013336,1.29324709005198,0.296867610151518
"540",2.30294554276989,-1.20470552000265,-1.96145810492377
"541",-0.940098356181119,0.481618850701014,-0.656901824711526
"542",-1.63384391473794,0.561071813961186,-0.960453512973059
"543",-0.0171204017793742,-0.392215145487135,0.668997820409129
"544",1.93099747751514,-1.11532833563825,0.802045432928146
"545",-0.483809634875635,0.400189720218644,0.244657856315886
"546",-0.489018926373653,0.542791607795619,0.667103992753738
"547",0.684121032009124,-0.971661466722033,-0.890388114052225
"548",-0.678369589120677,0.673186388795261,0.328680690609388
"549",-2.13525001702071,1.8802121845859,1.69846937547085
"550",0.734753803149613,-1.04140791282091,-1.73368896035275
"551",0.780723570823009,-1.02831972333441,-1.39158388237136
"552",-0.464244979398286,0.526244938877845,0.752704735977496
"553",0.862027055867478,-0.98398979728619,-0.381204891489369
"554",-0.0182854831036822,-0.634017533611176,-0.916149290331851
"555",-1.20682339879844,0.768836507228114,-0.235317208474221
"556",0.375294363346797,-0.713336177407545,0.736087629983451
"557",-1.16070929617419,1.46948865974882,1.4644708659032
"558",-1.20220346826749,1.72177940949867,2.00774334823905
"559",1.08156792089535,-0.943744720070511,1.38381172646735
"560",-0.317084889611998,0.108913626149602,0.444082218649924
"561",0.30597604527403,-0.673169404448004,0.712364486923393
"562",0.138450172969654,-0.790675963123073,-1.23922055495952
"563",-0.394686950859479,0.424443550445523,0.889998461611786
"564",-0.412319884693072,0.676399014501073,1.61556388756057
"565",-0.46120631881656,0.122973620890181,-0.531638811963616
"566",-2.60264311970565,1.30583647489352,0.347783065294383
"567",0.48311723209887,-0.883133614020813,-0.577548536124888
"568",-0.306676421527338,0.0648574407667542,0.378734093940904
"569",2.63374218314068,-1.19215964724861,0.00481930523347662
"570",1.31010628982417,-1.0285680481069,0.639913301655973
"571",1.91882314128724,-1.08616239278936,1.89862790275494
"572",-0.401320432060727,0.100188631999706,-0.285696013545181
"573",-2.09031795537564,1.21330374288478,0.290733052838366
"574",-0.242905693348052,-0.357618963272018,-0.869683490191543
"575",-0.741319933577254,0.36962985793111,-0.640557870094849
"576",-0.802229643392669,0.467375807614055,-0.492829206650143
"577",2.37200371492909,-1.1562848339437,1.01794393234491
"578",-2.34299727193601,0.615064396161644,-1.04518164378929
"579",1.76283630025572,-1.06711252869141,1.75273579127904
"580",-1.10207178484152,0.35458651898676,-1.1300692218467
"581",0.840353694730737,-1.00493988796117,-0.811710502884528
"582",-0.259493313093076,0.0210798159232316,0.688591471549331
"583",0.102112372437586,-0.554414388369841,0.401066709733574
"584",-0.0838835815861158,-0.344408350692518,0.431789207930832
"585",0.132028812751615,-0.612052179926703,0.149276345510014
"586",1.53686159679119,-1.09073942656635,-0.0479019015527775
"587",-0.207130082596806,-0.285311934897052,-0.250157909004639
"588",0.934309310323541,-1.02205499220988,-0.758223113984857
"589",2.14120513278152,-1.13315545305618,1.04416753797339
"590",-0.398276693953088,0.0181435443590873,-0.551880632485105
"591",-0.820507929271624,0.589233447853163,-0.207727950738987
"592",-0.650284254592842,0.912564218257352,1.0793071202532
"593",-1.35438606159443,1.30848877061125,0.891132486198042
"594",-1.39287523011972,1.07333357302047,0.323235202340456
"595",0.205325278979019,-0.591342431727298,0.804107977136742
"596",0.226927111072089,-0.706748243549326,-0.0741975554129789
"597",-1.12652238885693,0.438857900078957,-0.948699705897595
"598",0.151594498541556,-0.867803294631014,-1.80542666641595
"599",-0.73632041419683,0.397594836725785,-0.555961209890012
"600",-0.182622809825844,-0.624137723638311,-1.76935652538791
"601",1.32198245507981,-1.03400008483438,0.561031676688229
"602",1.87173143257857,-1.13476973862928,-0.208390833418074
"603",-0.656371049747067,0.449007423668072,-0.233535200680241
"604",-1.11143882030489,0.59130948918235,-0.571594909959822
"605",1.42770996858512,-1.05209505485879,0.571127935198358
"606",2.23287900461545,-1.17266938198046,-0.497053723583167
"607",-0.490717353851132,0.703676397091654,1.16292998574737
"608",0.365080641897393,-0.607802546138263,1.76821878820417
"609",0.721241294561299,-0.863941379416973,0.837974340858105
"610",0.0289047607502413,-0.489531211591302,0.361138980138548
"611",-0.402769792863464,-0.0758106614476317,-0.903273850386228
"612",-0.747480325854834,0.068135596601329,-1.45631498913296
"613",-2.23426080419567,0.58076502419084,-1.09519741347231
"614",1.8799867637491,-1.11521607234802,0.572881303044577
"615",-0.377905026605339,-0.151693413508067,-1.03034798579925
"616",-1.26049416359603,0.981211744416769,0.215219634493128
"617",-1.28079276644249,1.83440552413799,2.17643028375583
"618",0.328501587411384,-0.709791442476017,0.490097504981164
"619",-1.70325545561255,0.899452395779194,-0.242090105429629
"620",-0.0998397758538332,-0.773937482998328,-2.18304528801053
"621",-1.61931407626777,1.49231682938251,1.11353640415849
"622",0.832877859332705,-0.929025618321562,0.396016088567344
"623",0.0352568703038184,-0.650368028721132,-0.720880713854516
"624",0.960504761306504,-0.978262903577085,0.1347126019617
"625",-0.800269218959837,-0.188727876303485,-2.20206284278668
"626",-1.13549045130051,1.31092238750891,1.11911644180142
"627",0.728835774585879,-0.890817515751136,0.480387889566017
"628",-0.817645682600058,0.579109515016689,-0.228958973049983
"629",-0.0152385013948054,-0.445053033169736,0.338081423772167
"630",-1.22459316716558,0.492748754472182,-0.896332488044428
"631",-1.36682524372049,0.852084550688467,-0.163983738071987
"632",4.1464146397177,-1.26062662065711,1.04504463817968
"633",2.09464062627982,-1.14777041765981,0.149166314418681
"634",-1.1428551961949,1.06718367233885,0.531040465645718
"635",-0.210272916299438,-0.403585651159898,-0.848618863890664
"636",-0.960690906474599,0.595368504520908,-0.399770193922581
"637",-2.20065288453745,1.25471949787813,0.344011799795843
"638",0.273795260264053,-0.652336824682669,0.706766234990307
"639",0.128103300576967,-0.599064530536281,0.226927468450308
"640",0.4153170148764,-0.743082345544812,0.657155669915864
"641",0.148318824095147,-0.598179796632592,0.365755343641893
"642",0.80373279686449,-1.02672036388477,-1.29107958515229
"643",-0.111146002047752,-0.430911299282017,-0.279680374031352
"644",-0.926501736298872,0.869869244455953,0.331747845902196
"645",-1.67066917510636,0.672015387313051,-0.729927596054199
"646",0.843879235076629,-1.07274430137084,-1.91278894580451
"647",-0.171786022166633,-0.702759525166662,-2.11727023388447
"648",-0.304642154014853,0.111745776531188,0.591281070138644
"649",0.00779718789890038,-0.711371092010953,-1.28883372259067
"650",1.19194581558159,-0.956253700184023,1.71862318936664
"651",-1.63760684858896,0.451199416900771,-1.20552232138279
"652",0.20551243493456,-0.565465104993714,1.0298439571634
"653",1.94239135434617,-1.09472045902907,1.68618813565595
"654",0.24777365965123,-0.722851984211562,-0.101376950822276
"655",-0.318922177308091,0.16990895246684,0.66571009755966
"656",0.462339982613361,-0.649953548405071,2.0055355335511
"657",0.787775940411942,-0.994019355901542,-0.832490385053215
"658",1.57900716618212,-1.10112836518959,-0.19204334395355
"659",0.115835820290085,-0.640081190019621,-0.171479805361701
"660",0.977367800213547,-0.944722157707475,0.82809322935136
"661",1.37109620503013,-0.999238101979019,1.67305947796841
"662",0.135209536519372,-0.493137530942545,1.11736199061387
"663",-0.1310587731432,-0.527559494568808,-0.956293268834938
"664",-0.365779915385886,-0.546304215018737,-2.39540271541553
"665",-3.14833163223916,0.766582650483572,-0.853853746247119
"666",0.134777716125902,-0.758487829664596,-0.999774983603947
"667",0.72045202970541,-1.09341497056485,-2.5409427881357
"668",0.217095422312689,-0.75320366995837,-0.538572512568196
"669",-0.743567184471252,0.473365841787744,-0.367724552706218
"670",1.24969289927436,-1.01942182981598,0.581684425272545
"671",0.708696281802484,-0.92724135989229,-0.149782550027906
"672",-0.827884135443883,1.59497254844956,2.37803228137675
"673",0.378025050332308,-0.735556006886063,0.519161637310381
"674",0.24057243120562,-0.538577438023889,1.5231850319737
"675",-0.841383590675667,1.2970107864217,1.57671689309641
"676",-1.60727143340269,0.905070364636359,-0.184616036033129
"677",0.45494525947466,-0.729010223327908,1.05289247203133
"678",-0.737963694517391,0.965951722314371,0.962883578361033
"679",0.85762696012524,-0.964858514702939,-0.0808400264226602
"680",-1.11346147642126,0.241449543843613,-1.40969720484753
"681",-0.909881878730684,0.963828778315962,0.594389199658607
"682",0.866480634301123,-0.902451844007767,1.00359233335236
"683",0.288494940423471,-0.876661318897952,-1.33801863728915
"684",0.676165594597968,-0.904741672578519,0.0240643440812027
"685",-1.62624083529468,1.35493403237063,0.804355214977106
"686",-0.520593055259129,0.278528621501107,-0.29615685268308
"687",-1.38535398574179,0.586075855082887,-0.783759253371178
"688",-2.74248772083594,0.765997202481482,-0.800084093086724
"689",-0.234799651198479,-0.221345529060648,-0.177088121726681
"690",0.969853249778688,-1.01551007746934,-0.506806218334243
"691",1.69975106703078,-1.16706627999262,-1.89525445130543
"692",0.0304962509321119,-0.759807040228309,-1.51054964011532
"693",-0.109389371690194,-0.103345481465652,1.60161391553268
"694",-0.674100066033384,0.877436101088504,0.904586868198067
"695",-0.260105508228881,0.0847430282054256,0.964437935810979
"696",-0.534523092000393,-0.0123900651052874,-1.22827140021031
"697",0.268288730209383,-0.674228885314085,0.467377339974558
"698",-1.69899111454229,0.661142462421096,-0.765325899042358
"699",-1.33527358019735,1.67651592434021,1.75376301982743
"700",0.531138363685701,-0.850594076256807,0.0388084672080269
"701",2.00188935161655,-1.12653084105963,0.671172098762957
"702",0.58825204685468,-1.13032441868009,-3.30724130707091
"703",-2.17353582374486,1.00284779007302,-0.183606579341089
"704",1.13870597791094,-0.966818976705724,1.20699880351168
"705",-2.56601503912012,1.8855626364841,1.56577506462816
"706",-1.13683707219007,1.04388038461325,0.482205663671786
"707",1.79803357947933,-1.10511856957113,0.581158036350327
"708",-3.59811971456622,1.66675436668491,0.920466690684684
"709",-0.117742919307155,-0.710715335888366,-1.90311270829945
"710",0.264461102428443,-0.788283140350436,-0.615020548268831
"711",-0.976157126066256,0.615518151103455,-0.369106172712321
"712",0.365713335182146,-0.736026420406671,0.442516982926087
"713",-0.692808077481906,0.563920100269874,-0.00907624079282095
"714",-1.3800736303864,-0.108497122471879,-2.36763679606071
"715",0.322648656836753,-0.740239832443015,0.15362501994809
"716",-0.160448330705176,-0.125393044949888,0.975678616381168
"717",-1.45315992291799,0.833348153004467,-0.261565512770462
"718",1.58563078333098,-1.15530317303666,-1.80832040453024
"719",-1.50888298843349,1.08135003285926,0.264006985850897
"720",-0.842931265075026,0.953030036199233,0.689140572439008
"721",-1.02331651634888,1.27836095794171,1.19257557939658
"722",0.586637652772093,-0.833129846330819,0.545001983366358
"723",1.10226603479979,-1.010596422932,0.124766700906035
"724",0.832493165359901,-0.913918186544263,0.639932455814115
"725",1.05962545592183,-0.962977436653123,0.887166986993272
"726",-0.799089456736271,0.639474158205189,-0.0379991850977657
"727",1.45965445747044,-1.09937027303548,-0.580338653134078
"728",0.594622431147767,-0.813362536005739,0.846075265299518
"729",-3.13218982099259,0.904906121614635,-0.568907525703857
"730",1.61870302099758,-1.08830735206707,0.361144818394519
"731",-0.582605237082529,-0.0599737410707962,-1.49818061058788
"732",-0.418753611095456,0.547738859272217,1.12678990760466
"733",-1.54380492565294,0.584534166303066,-0.869196514855992
"734",1.4000623362962,-1.0895737210895,-0.530329427390801
"735",-0.537796745968473,-0.183251996635804,-1.75297415853705
"736",1.02265800424881,-0.986104796523568,0.263272717066692
"737",-0.808428857001436,0.34729033851274,-0.815856278159575
"738",0.947090244514318,-0.944404377413665,0.684598562326491
"739",-0.758530950538557,0.674777525620546,0.137234563390289
"740",-0.655736098986818,0.414906284981139,-0.326979845694133
"741",-0.576387529945431,0.451703527985266,0.0155741069464677
"742",0.778669450291584,-0.869089049014478,1.07051902660823
"743",2.09359162358544,-1.16850059569176,-0.800295731249983
"744",0.662049726945305,-0.835832748598836,0.918425141665604
"745",-0.0670011789995686,-0.691763271096755,-1.54228117913026
"746",-0.155910749006153,-0.482321669274968,-0.87298897910738
"747",-0.498127115431469,-0.414228037850039,-2.36239364001792
"748",2.15430124792316,-1.16005151394724,-0.17898433031659
"749",-2.11233669107968,0.879611414297369,-0.429149267543393
"750",-0.652436338665918,0.393997605623376,-0.376876427365128
"751",1.78210183425103,-1.19861933103148,-2.80270928383128
"752",-1.3639309723832,0.608212251368828,-0.720461947109682
"753",-0.208441553756834,-0.0262873568130458,0.997803159815751
"754",-0.966489321946935,0.471445012480734,-0.713667593148766
"755",0.877796135610632,-0.958488782371298,0.114759103152118
"756",-1.45062198370597,0.654094823597708,-0.665814069833179
"757",0.0906689058778405,-0.517696234820881,0.599907887016411
"758",1.22205258219649,-1.00204616937788,0.850327371560127
"759",-1.50089237220624,0.436557874870514,-1.18169714578467
"760",-0.158451534697585,-0.43839318655394,-0.657895669864007
"761",0.819407608461254,-0.937140220018683,0.201454949474698
"762",-1.85519511541009,0.906725840840885,-0.287683984572119
"763",-2.51764624316227,1.14065539812598,0.0216632977554313
"764",-0.851763882092585,1.42859339067126,1.89038681817852
"765",0.487580222372135,-0.846781938521665,-0.129882424112835
"766",-1.68213766797016,0.992846191721304,-0.0265256553743172
"767",0.494473080380634,-0.79561490908714,0.510190328972683
"768",0.991797885724491,-1.00068127090963,-0.144947557811381
"769",0.194133474646795,-0.507591990771093,1.44482538193119
"770",1.78125181289995,-1.10561338929537,0.489323095617681
"771",1.61358866949943,-1.05617733272983,1.33493308961999
"772",-2.15619877954756,0.811506462240084,-0.586275341154185
"773",-1.27451547016023,0.671181730307154,-0.516228630770853
"774",0.964768062795155,-0.962821317056519,0.43532434517535
"775",-1.39860521350545,1.86174182145416,2.11589329824436
"776",0.610849848994875,-0.942389581713963,-0.775362442321003
"777",1.20559627746936,-1.01280147225971,0.531987932196837
"778",0.610802859554156,-0.867450606693842,0.219228317381583
"779",1.1043379657581,-1.08513392120298,-1.39678781412332
"780",0.698068547870354,-0.862568950503862,0.734654169248047
"781",-0.390307745560118,0.00292033060507577,-0.556622553028721
"782",-0.831920595772619,0.253686686375845,-1.09309666572363
"783",0.429096891497715,-0.847528977216319,-0.419613017963482
"784",0.105954310301372,-0.610358028302648,-0.00260601948112171
"785",0.00754330491993041,-0.31746766889054,1.37045078196412
"786",1.14993561603484,-0.996496154279164,0.632088902285342
"787",0.202770173996734,-0.611288494110784,0.614249838613512
"788",-1.80685005442403,0.723231232163627,-0.669757993616282
"789",-1.38796075166017,1.15586001290994,0.515154482316766
"790",-0.264519916144579,-0.326949616311793,-0.89426079003936
"791",0.0157952574067936,-0.679952381597144,-1.03357802083588
"792",0.0975263390973573,-0.437831839522761,1.25623672163735
"793",-1.2350385403839,0.611798636214356,-0.625564246499744
"794",-1.41346188207794,0.272336887240392,-1.51329234988521
"795",-0.668091894654954,0.622818490393869,0.217919489045676
"796",0.0575872500907506,-0.458459184125707,0.793318001267143
"797",2.27405263658738,-1.17924205863988,-0.685617244491672
"798",-1.24878652080867,0.907173520758952,0.0527667737288162
"799",1.84554135976584,-1.13369889537817,-0.268078747342358
"800",2.13285933897117,-1.15048381118833,0.186518682568233
"801",1.04664916422839,-1.14553618746447,-2.748326535758
"802",-0.939699757000264,0.442660165580523,-0.75353814112712
"803",-0.202451212274575,-0.307630172675847,-0.32160017510465
"804",0.505598186383083,-0.804625123906629,0.463769085840783
"805",-2.40880817585943,1.23946167399639,0.254365619999928
"806",-0.797627326000864,-0.324108253058063,-2.55296519172018
"807",0.535715692166726,-0.87505099878788,-0.240353780078926
"808",-1.28444288722078,1.06039020046318,0.378607442797248
"809",-1.4450236517959,0.78693169218524,-0.361843921048554
"810",-1.00797508655548,0.575749041682881,-0.504165389887562
"811",-0.500193517022326,0.269963883201025,-0.239121724374359
"812",-0.448836221091985,0.470142934546444,0.66340784646864
"813",-0.121041398394365,-0.416022324235893,-0.267729764754412
"814",-1.29300788140411,-0.051250719740905,-2.2012287268184
"815",0.501116525704982,-0.953817568435851,-1.3402275223266
"816",0.663230548595794,-0.895270471834448,0.0959333606331655
"817",-0.640526653407687,0.586013190648896,0.194410917620564
"818",2.03691163344671,-1.11398195026052,1.3814451029233
"819",1.1012506118456,-1.04895087628663,-0.665036104204105
"820",0.56754436855988,-0.840946129423842,0.344139135399268
"821",-0.578732247464115,-0.166820023391384,-1.80133155303348
"822",0.517157286388582,-0.996088199503586,-1.7937230284998
"823",0.00708643866539648,-0.447947303407455,0.485714534850378
"824",-0.591277236959529,0.344866828765575,-0.344632897029206
"825",-0.0602649036345502,-0.575973577182918,-0.797322882472689
"826",0.232482073283005,-0.710395714929122,-0.0751230155474595
"827",0.48140485197236,-0.671374251162504,1.89139369972488
"828",-0.666250483399627,0.924263719339936,1.05898786554529
"829",-1.07275709759538,0.399758282523534,-0.996514310447005
"830",-0.211284775071422,-0.154912732198488,0.346595676194514
"831",-1.01734754223873,1.21329912890836,1.04267537479395
"832",-0.380066324143382,0.233815738231893,0.332709174480913
"833",1.10888721087614,-1.07181384288861,-1.10859811825134
"834",-0.804929059858133,0.298994325250466,-0.936182042952622
"835",-1.00343081493177,0.811791040131872,0.0794914401435413
"836",2.06679223585207,-1.17350686628509,-1.11501211501604
"837",-0.498114229935527,-0.0397412326405961,-1.19534746168213
"838",-1.13745701467821,0.967450402400868,0.299731770134911
"839",0.0991301650900324,-0.716819186974612,-0.856665222238206
"840",1.10960484480566,-1.00908483178778,0.187332117405636
"841",0.0237907744324288,-0.826560823790077,-2.0027849921776
"842",0.683963305132243,-0.827929757680027,1.15283870259759
"843",0.336242665765894,-0.789088118698683,-0.260554414132191
"844",1.09348362452381,-0.996924613367673,0.365578719508866
"845",-1.72837367303264,0.821860906211474,-0.423525613697861
"846",0.808363246768024,-0.960829308359241,-0.226604851528827
"847",0.243642323653627,-0.625094747697036,0.761807474820248
"848",-0.270737236895326,-0.353007418178994,-1.05465429657801
"849",0.321557246687763,-0.875646156930405,-1.19190868313936
"850",-1.11900193741717,0.535642461363267,-0.711409898280436
"851",-1.92956218615725,0.886054383145964,-0.358895178250274
"852",0.0411946499408892,-0.647880177936892,-0.669339865098313
"853",0.192202451785883,-0.748837382941296,-0.629868057511868
"854",-0.892192279813649,0.311282206965492,-1.02520195648364
"855",-0.532601637955774,0.456664792991114,0.197007682568987
"856",0.718482418966416,-0.900783052223097,0.282406295902806
"857",1.50117356036304,-1.09188808002409,-0.21936113246479
"858",2.08983723719207,-1.17175963168127,-0.961363047917089
"859",0.547224177259713,-0.736462730579796,1.5438318085452
"860",-0.393212633826372,-0.203192112877615,-1.29636229932297
"861",0.83499649835376,-0.914684283724736,0.6399517855069
"862",0.091602408720944,-0.633015370151765,-0.26368634909978
"863",0.656904569734792,-0.909047091012978,-0.12516169711597
"864",0.316134532428432,-0.632567249471889,1.17577418947747
"865",-1.96886664366229,0.888331189227292,-0.367045226936482
"866",-0.905422890418599,1.10756405448754,0.963924925502677
"867",-0.929353149535295,0.402877770024917,-0.840388017973792
"868",-1.65682767215297,1.94772756378195,2.09821750539007
"869",-0.380507099614305,-0.503899932271407,-2.30146291474779
"870",0.553928140698967,-0.842959203010309,0.248545507926411
"871",-0.266021155935503,-0.217445874042359,-0.425456712287962
"872",0.962144711788659,-0.953695410311544,0.589313692011745
"873",0.489376432152572,-0.972609530330731,-1.60450440661145
"874",0.336920044628827,-0.931305785064131,-1.68755708472759
"875",0.0639035069107985,-0.680397840323663,-0.774816615139449
"876",-1.08185577653319,1.04557855695698,0.549541074702851
"877",2.76804934715555,-1.21737913224029,-1.39807534856548
"878",-1.2996395713545,0.918622728326819,0.0380758941496133
"879",-1.78411478188981,0.716594757120077,-0.676004732170611
"880",-0.758334100607567,0.971077810227267,0.924210004097777
"881",-0.566786999020154,0.738171918890362,0.894423966668599
"882",1.78553905533265,-1.16923744630387,-1.75263191881335
"883",1.12582239605725,-1.01114972517972,0.21450954755359
"884",-0.664688719709572,0.336942342841926,-0.566026761938936
"885",2.45683008736414,-1.15125122847973,1.79771812090718
"886",1.09303475726044,-1.05510674828117,-0.81982589217701
"887",-2.1781607686204,0.211078767238143,-1.86923346902773
"888",1.40501422114043,-1.05411745317886,0.417637275283178
"889",-0.0242886344537181,-0.392891601280713,0.607928239492163
"890",-1.14057393741744,0.640964123494929,-0.479649873217823
"891",0.126907103817659,-0.746678301220657,-0.945372418857606
"892",0.423891072516586,-0.802767816620211,0.0494514980891888
"893",-1.36534167616727,0.923221587384864,-0.000104565075050485
"894",-0.247229716757995,-0.229391998605576,-0.319749001116462
"895",1.54640664491652,-1.13120103508041,-1.19853303141881
"896",0.970004492898351,-1.0861558447375,-1.80138932636839
"897",-2.94679840263933,0.822038430924953,-0.714363420930623
"898",0.585922189805284,-0.782819938889563,1.19329902473072
"899",-0.0196978131120337,-0.548405436251481,-0.367351869418937
"900",-0.360634632206786,-0.0405823647800721,-0.51502579603271
"901",-0.230154852700537,-0.255875470480802,-0.298834178320616
"902",-0.15100338996461,-0.458442887775014,-0.712694958460731
"903",-0.172178712671581,-0.387531540906975,-0.491264819899383
"904",0.774311710618336,-0.90313669957104,0.52093748650796
"905",0.717351597410605,-0.90217871681563,0.256464346499094
"906",-0.507237802974117,0.187142195882759,-0.524716126430832
"907",0.691212162069301,-0.989946632342923,-1.12505987594278
"908",-2.42740440788964,1.41207383413654,0.612196014803382
"909",-0.355302869006539,0.287333279883876,0.739920226330135
"910",-2.20180401591529,1.92927156237879,1.77669756841413
"911",1.98232603456839,-1.13792322819544,0.107558306620861
"912",-2.28146299265621,1.50951399838789,0.859314019017243
"913",0.777152670490495,-0.930893171143103,0.10531762382913
"914",1.07243061185714,-0.988652359860064,0.437396104177485
"915",1.35437872198818,-1.09485298140919,-0.824484776108242
"916",0.310919930500934,-0.759819732967062,-0.10362804932888
"917",-1.62738046852173,1.17703135542293,0.40893603751732
"918",1.14086113033035,-1.06950685860364,-0.955185372657638
"919",1.57615008939632,-1.11992271928893,-0.768220303954787
"920",-1.07479977322232,0.566508577249651,-0.596443334828214
"921",2.16816732422347,-1.15304386616189,0.216792632663354
"922",0.840753158706449,-0.986227507694488,-0.503605086186509
"923",-0.437598085723597,0.50843385031784,0.861501054731212
"924",-0.986992011144613,1.26034797095839,1.20489308989667
"925",-1.19091741584588,1.62551634011894,1.79541900351569
"926",0.150212508506172,-0.696524404699209,-0.420251862116808
"927",0.631930098518526,-0.863532814506724,0.378020122148985
"928",2.25019618085313,-1.1605151031835,0.200748947105785
"929",-0.571779419122524,0.193944990364862,-0.725671276139712
"930",-0.79768018147874,0.78656256752312,0.349005009799512
"931",1.61257767243038,-1.11131438823846,-0.377228126636887
"932",-0.296067740027722,0.0949324704838292,0.615748968493006
"933",-0.0878270228188821,-0.490826567488788,-0.463053922328959
"934",-1.42207702739157,0.929073769087447,-0.0251887138224231
"935",-0.491531906204055,0.749593908027573,1.30224046688023
"936",1.29443339844126,-1.04987846492233,0.0574061956810705
"937",-1.1727657723087,0.99318574637264,0.324468726097585
"938",0.88338638992816,-0.967971176304672,-0.0215034820848177
"939",-0.190406534040468,-0.646020039219641,-1.92072675843607
"940",-1.53040897991027,-0.440152714895004,-3.16040928764775
"941",-3.02529547593031,1.77872859258058,1.23884883085453
"942",1.01549036323023,-1.03559770038474,-0.711713990077902
"943",-0.948981157627818,0.659446317329657,-0.225557176229615
"944",0.76862515910825,-0.85075118321642,1.29759492683639
"945",-0.919245449523081,-0.414445419067673,-2.87784144126896
"946",-1.2803918403108,0.439390055741715,-1.05793099883001
"947",2.33593509689651,-1.15509970671858,0.898906992052653
"948",0.157224742742322,-0.542381384831239,0.88114990096451
"949",0.264993291878481,-0.706328773394733,0.148895613680926
"950",1.73489114957876,-1.09504451140613,0.650719587795696
"951",0.245567868230174,-0.572609782581761,1.25140565161486
"952",0.812027216862981,-0.981600567969635,-0.542798992939383
"953",-1.22572018597975,0.641119292454446,-0.549948615857587
"954",0.518849658568676,-0.843172195301183,0.0681475158420393
"955",2.2863359480805,-1.15859161137464,0.466027693720814
"956",0.442376283214172,-0.746930411308213,0.774171565992319
"957",2.45972977043277,-1.19035164573384,-0.621076864465734
"958",0.941358281758744,-0.970630462655517,0.187503847085907
"959",0.417258632756208,-0.913984201556134,-1.20328197170925
"960",1.51313751326549,-1.04453598656737,1.1809026269667
"961",-1.2023796550449,-0.372293683803929,-2.91275484755052
"962",-1.19283367369699,0.702394518870547,-0.379684135002796
"963",-1.73865259693659,0.381513739149843,-1.39455849546408
"964",-0.314357855800175,-0.360266601907047,-1.40146000873451
"965",0.151226623817474,-0.54677861838374,0.802653161384514
"966",1.84035086461415,-1.12164075159305,0.15995031196023
"967",-0.495213531477451,0.198798740003718,-0.439998113512788
"968",-2.43070989713813,0.437781760306513,-1.43419748127825
"969",-0.510652546809631,0.0793585582185152,-0.870158451135709
"970",0.63207420087994,-0.877921926139604,0.183848111083423
"971",-0.0716679860219955,-0.566048033693552,-0.80699341337909
"972",-1.06431075293092,1.03651002616116,0.549281230910476
"973",0.76157606770931,-1.11076564922949,-2.71205119697309
"974",-1.44511021805478,0.544917372660105,-0.910102835276957
"975",2.87563758970964,-1.19064256183806,1.50859291624238
"976",1.29619543324587,-1.06927780011413,-0.401567084455
"977",-1.27222745241362,-0.0787846585819573,-2.25590720724696
"978",-1.04864381180696,0.657937000159519,-0.348634499247917
"979",-0.857996414714347,0.209882628640935,-1.24016064752666
"980",-0.370029958735272,-0.297127464589069,-1.50987514912999
"981",-1.22602878571222,0.264564940950998,-1.43126949636848
"982",0.551090442767584,-0.787514012875885,0.928848069390516
"983",1.70142000508426,-1.12071162335211,-0.350828299880274
"984",2.9628579000347,-1.20067655566462,1.12527696474859
"985",0.605300859340258,-0.80562035486098,1.00837084600398
"986",1.22769798961657,-1.02840596496435,0.278235205222878
"987",-1.16797192539535,1.15978828598349,0.723228169802453
"988",-0.669331329783588,0.968254650193486,1.17086127004815
"989",0.473254627727754,-1.0676859006327,-2.76200447538899
"990",1.93573464987518,-1.12523443349793,0.427187984114274
"991",-1.05405211973247,1.47081465098472,1.61385527778466
"992",-1.5655455908489,1.03736722275439,0.13224117548173
"993",-0.721472726578351,1.07350910496205,1.29774464682035
"994",-0.884704596852901,1.71708579506668,2.54736093552036
"995",1.92784378330728,-1.12378251722997,0.450566103839269
"996",1.67984751746095,-1.13681256057519,-0.95588764656729
"997",-0.235954031842282,-0.196488806396078,-0.071856585519036
"998",0.921764321655366,-1.03141940883672,-0.96862766100401
"999",0.552463763726799,-0.843105315219163,0.239219710841771
"1000",-0.379824957153773,0.456533647578089,1.12960937370088
