"","x_child","x_pa","noisetmp"
"1",0.725338185086309,0.438829198044724,0.346888352001925
"2",0.398727330208092,1.33438158386862,0.55778971948472
"3",1.197195064669,-1.08432925887462,1.25961220715868
"4",0.883049234447649,-0.498834181420936,0.416500717452725
"5",-0.0969040913219841,-0.0793593614017083,-2.70639167876416
"6",1.02294916378791,-0.278583593216208,0.95596417555933
"7",1.00659522531194,-0.872644991283421,0.707279697155537
"8",0.65522811329269,0.94611827017428,0.666385311313326
"9",0.469277344854051,0.0208133595157137,-0.771105818551166
"10",0.833848097913435,0.344664643781735,0.658701369934797
"11",0.230885644595217,0.665713757886601,-1.26910252323989
"12",0.061264758766295,-3.26317209631393,-2.46742360868951
"13",0.404340640664631,-0.558095708314086,-1.15485658747742
"14",0.586724256149363,-0.472451999214926,-0.540999173942128
"15",0.769617750828499,-0.884366781778046,-0.0519175071898352
"16",0.834033064083598,0.569311818846007,0.851243218293409
"17",1.09712641530133,-0.334875028277462,1.17685996067413
"18",0.586629645174993,-2.08733454464159,-0.800631978783997
"19",-0.177599445506127,1.58326262245857,-1.30131639759714
"20",1.05497048986851,0.0215742304147604,1.2102960348985
"21",0.598345397048016,0.886787798931313,0.35046364653061
"22",0.891084485623136,-1.49521621011129,0.215624839188747
"23",0.358274096041639,0.394275458098688,-0.981284462498708
"24",0.543474164155713,-0.749428713279817,-0.746657472440799
"25",0.739284754097486,0.462330997357944,0.415015655574372
"26",0.835662544036059,-0.592693074655773,0.234156958435721
"27",-0.37223645685532,2.13895882970722,0.831921559753216
"28",0.554597727307991,1.08425866030221,0.524398845961957
"29",-0.0225525682137688,-0.960380507588601,-2.58773502033573
"30",0.288134829012906,-1.66510639275842,-1.68177350116668
"31",0.161706494151668,-1.89765313981242,-2.09218134046534
"32",-0.287437005325225,1.73061882739758,-1.10573172180733
"33",0.528032577069498,0.784416055935761,-0.0507843057986168
"34",0.622235376609839,-0.271949896008661,-0.36483961089079
"35",0.962563973699009,-2.4511980935398,0.312884057056711
"36",0.679178075231958,0.487086796220829,0.220407085371345
"37",0.011147939935642,1.5904087785254,-0.0871257832841913
"38",0.646505018262826,-0.394116070073733,-0.323374067567523
"39",0.981557744169221,-2.68631141214017,0.34758892421586
"40",0.889173295513177,0.23767383618812,0.776680419299738
"41",0.0535723364517002,1.45864609453918,-0.636650685514556
"42",0.774333229798432,-0.132156831066638,0.19196172409926
"43",0.494261249980282,0.520056023780838,-0.417099648123992
"44",0.803551247475001,-0.722627437920166,0.0952916228384796
"45",0.112545333623839,-0.566619036820689,-2.10277549436033
"46",0.396542091779398,1.43754319589124,1.03089826771594
"47",0.621056487664348,-0.421821849115026,-0.414811845149525
"48",0.292462470963893,0.414493850149128,-1.2027887176575
"49",0.888719455077984,-0.715355916458191,0.371114687647016
"50",0.538700709949697,0.612525077645856,-0.182375539165206
"51",0.833432964864081,-0.553589131441323,0.238372118297656
"52",0.433415507604763,-2.05877571292073,-1.26862047557165
"53",0.887712284770556,-0.571740431401682,0.408956888027822
"54",-0.450654660531657,2.35413642493882,1.23532768281887
"55",0.369963843247478,0.211037263495206,-1.03108499629398
"56",-0.292762875995215,0.664674665375011,-3.20012122673631
"57",0.763409034842678,-0.0823020625932649,0.176587195703983
"58",0.766382498113212,-0.881617212719396,-0.0616314695107937
"59",0.867200704433067,-0.525745830822275,0.356474891317251
"60",0.47327771279737,1.23031236196307,0.545540325144013
"61",0.638322777883158,1.02559987629057,0.74539779311534
"62",-0.0930338114072053,1.5426471560774,-1.03004117360048
"63",0.612893911805316,1.30882078313757,1.45477257276197
"64",0.919618288440373,-0.377331821104654,0.577386867685036
"65",0.835241925258735,-0.152461574052253,0.38659468556482
"66",0.448595795483106,-1.35731352689264,-1.14751434379039
"67",-0.601688712674094,2.08462631426133,-2.62120630874742
"68",0.594829334659594,0.949240917538028,0.433211861785367
"69",0.589720354021983,0.539458475767165,-0.0585731511595696
"70",0.777958982046064,-0.41818658216467,0.0994618442157121
"71",0.727380197543925,-0.570933072536947,-0.11050977614773
"72",1.01921661237862,-1.16763891703947,0.678245034746111
"73",0.45754534922971,1.25363877399936,0.546686803611867
"74",1.25251739785145,-0.615748234909754,1.57546365287596
"75",0.515314817721434,0.744039684940232,-0.142969851479552
"76",-0.109637052165098,1.57546303137185,-0.935455241481663
"77",0.479749714283843,-0.796329728814057,-0.960472308382827
"78",0.266735160298755,-0.106359875119355,-1.49512653874445
"79",1.0091905520419,-0.0864068366136432,0.99832385691121
"80",1.02757793442581,0.0164957436683353,1.11478002699492
"81",0.203282037924446,0.86161487402579,-1.20743267351721
"82",0.76153258737377,1.13151617060324,1.50475196939756
"83",0.334077293229927,0.988726296004678,-0.541685967245253
"84",0.655681903793655,-0.0250030706643504,-0.160694115129004
"85",0.630761310574166,0.364257369194333,-0.040229903578967
"86",1.10028390094468,-0.124426886953789,1.2839134094918
"87",1.22462027492043,-1.39751624872544,1.2754464543874
"88",0.635264680605612,0.214065946964088,-0.114612660770395
"89",0.608176869985264,-2.26532682796603,-0.751069469301469
"90",0.42089323517245,-0.970427427423938,-1.17904793266615
"91",-0.558094383544488,2.55200175639752,0.415310012554027
"92",0.801221493905849,-1.48991117586807,-0.0638609854251667
"93",0.471485892984241,-0.7878866519228,-0.985330942720524
"94",0.642694451339369,-0.320114821834706,-0.312980645312302
"95",0.261350177664074,1.29286171829169,-0.221898600037772
"96",0.942139004757704,-0.416194042459169,0.637199969587163
"97",0.580898230141107,-0.741287382186685,-0.624722567576379
"98",1.01480974198549,0.253509210521389,1.22262887105434
"99",0.654166964098269,-1.43666830245358,-0.51510780394814
"100",0.955336450403764,-1.82045695418991,0.366269735593704
"101",0.17440421087406,-0.762480646559291,-1.93379338677197
"102",0.451868385055781,-0.172133324052346,-0.897373769230752
"103",0.838043868221417,-2.99431513731526,-0.112622752016347
"104",0.285662937575688,0.9767837553518,-0.75156596323195
"105",0.399548647471767,1.31725369381036,0.497242097059437
"106",0.703229108473069,0.370009712643647,0.218340118643505
"107",0.957770698831863,-1.7578503139604,0.382701117381522
"108",0.898268189872069,-0.281843692269869,0.54305032763664
"109",0.871073471022035,-0.352636378436696,0.426977867314546
"110",0.39201909849598,0.988110511448099,-0.310966980641825
"111",0.696880657683136,0.653712625977889,0.436422894486244
"112",0.748315416526486,0.0666642462826056,0.195095660007666
"113",0.682353455221046,-0.772770134778088,-0.306030521108028
"114",0.352106257871427,0.792803892240245,-0.707555052587188
"115",0.931877322419171,-1.13872167589313,0.408669409647347
"116",1.09554101165594,-1.01230862383763,0.955223923819953
"117",1.05143538472498,-0.399523131861159,1.00109746174069
"118",-0.11230690143717,1.63794022018877,-0.48949046455375
"119",-0.421544277042473,2.23793439039071,0.841036249017157
"120",0.271499899114692,1.21817624237448,-0.376232808972513
"121",1.21945847334179,-0.194988033652292,1.64523058261084
"122",0.276259893618273,-0.0252270479437758,-1.43877121274273
"123",0.822376916668649,-2.26828926411328,-0.0962416681043562
"124",0.345090881500193,-0.904188809696776,-1.40973788137562
"125",0.894687071950089,-2.49013719132915,0.102247663341065
"126",0.943723096998822,-0.487736032809592,0.617689846724809
"127",0.799956345863287,-0.908192446612221,0.0395455050404266
"128",0.898645522047027,0.0934626777484742,0.720720866202041
"129",1.17370358789949,-1.74391424525969,1.05342386273277
"130",-0.0399569147682353,-1.1667524173613,-2.66245075780827
"131",-0.285701610758677,0.138806141759829,-3.30519426200643
"132",0.128773618663261,-0.943674644393244,-2.10438814738566
"133",0.295899744866068,-1.37143533005616,-1.62750304256635
"134",0.775295936330698,-0.253491774460711,0.147522174042842
"135",-0.78103923308055,4.03420585224556,-2.11435583787715
"136",0.739606112540256,-0.876068302618777,-0.145871834149145
"137",0.531867713468705,-0.373152947338624,-0.693087251118126
"138",-0.23501218464731,1.71955156242647,-0.769392300341731
"139",0.898851606816313,0.934519681111931,1.60469190372265
"140",0.733941147429714,0.599260221505957,0.517241214915259
"141",-0.441284360894324,2.28083363916165,0.83579556014058
"142",0.50486402812538,-0.112317967179641,-0.700663970971669
"143",0.793751832401568,0.176986275174638,0.409969751472608
"144",0.674196848319393,-2.80702763829428,-0.594004114281033
"145",-0.672980484314508,3.10397073321786,0.57388018261138
"146",0.700110847673718,-1.20014279860821,-0.333882206197647
"147",0.866234306506725,-0.136647232805321,0.496762470892672
"148",-0.310289539845053,2.0377172131784,0.85695336408144
"149",0.657297904797759,-0.369577804444455,-0.280518580009758
"150",0.740255234417461,1.2560630640786,1.82210628300614
"151",-0.244722866198569,1.97095038152236,1.08008756701983
"152",0.460216642429647,-1.20586778721313,-1.09044932436197
"153",0.819828164071705,-0.0953639257147259,0.359857078365076
"154",1.38758946437545,0.0403620862864254,2.34822974672043
"155",0.977072906610753,0.0441921965043002,0.959375846193291
"156",0.443199674160535,0.283494350720608,-0.74285514589327
"157",0.673079271161334,-0.0700632580745322,-0.121147637269545
"158",-0.0585133053925225,1.75937957323881,0.970706506116487
"159",0.308968522017676,1.16902892119775,-0.325956907911844
"160",-0.21992078303055,0.209022501425688,-3.06557373439558
"161",0.761550010750121,-1.54886667494713,-0.196278357951711
"162",0.222930710459366,-0.265936945744509,-1.68236586585185
"163",0.750022291482029,-0.365811176018055,0.0249696162371212
"164",0.707087638480033,-1.2418739385255,-0.31898907625355
"165",0.551513986640173,0.204123731573835,-0.408595546352646
"166",-0.612302476681391,2.61264387795319,-0.57032014292383
"167",0.37325794789111,0.814049671278889,-0.60529585127039
"168",-0.601346860475591,2.56687146155031,-0.551532515955412
"169",0.331038834940881,0.651241725612811,-0.911224750441104
"170",0.780344248328863,-0.0230782466992583,0.260100942306572
"171",0.871831818424244,-1.87604675748947,0.100913761264276
"172",0.736357782774831,0.909689509032,0.923252313710876
"173",0.816038198653589,-2.02697017604639,-0.0893811836600689
"174",-0.183700745451632,1.66801533232178,-0.755026704723812
"175",1.18888208348054,-0.883637102033267,1.28614348545845
"176",0.603334192740564,-1.23919354450967,-0.6449348847466
"177",0.938428992188904,-0.557397359032079,0.577843057203741
"178",0.522444347050794,-0.594624729386976,-0.780351973034143
"179",-0.623246550237379,2.83254762309404,0.52720025019713
"180",0.93793373657544,-1.69542423813154,0.330378306487229
"181",0.955381723826449,0.721069581419436,1.47398952150578
"182",0.545040925297112,-0.675392131368777,-0.725674810509992
"183",0.789971510307892,-0.989305174521879,-0.00971544384013405
"184",0.465935776892479,0.985291265078078,-0.0200425024510779
"185",0.431259339905382,0.793177396141566,-0.407315782089753
"186",0.417181485567705,0.0407996157537173,-0.939755197172438
"187",-0.530774137124074,2.27055498666033,-0.758036102076849
"188",0.84372082060379,-1.89846707517466,0.0113314602511938
"189",0.564434356229713,0.616538702935359,-0.0848708108688771
"190",0.937119398439836,-0.230560277042789,0.692235113181352
"191",0.77337082623098,-0.374872565861468,0.0985775432313026
"192",0.737504226274184,-1.81250891152593,-0.305967631733245
"193",0.857484398541981,-0.878438510110546,0.229854634977533
"194",0.833178176065021,0.00208883552691642,0.450361311503845
"195",-0.292475633511668,1.45839993279088,-2.44642425672037
"196",-0.633903433833183,2.81208974819041,0.0141726415123133
"197",0.332683046711235,0.785731609789197,-0.788063547395792
"198",-0.400306853915058,1.71030544499672,-2.09470911988101
"199",0.635823216778993,-0.8718533594506,-0.476301239656906
"200",0.628220858105767,-0.793059555168324,-0.48407155726006
"201",0.788775419176751,0.0545545483894231,0.326346442546797
"202",0.17092763120691,1.46312913958616,-0.000358909628541682
"203",1.11546017388906,-0.425101703300358,1.2007314785732
"204",0.82432621135907,-1.08248427438024,0.0801345144734119
"205",0.627834677745169,0.330629675648734,-0.0720749604001192
"206",0.765838341502425,-0.578393113276329,0.0120637547640083
"207",-0.0268960410891332,1.53189789718867,-0.710605536601125
"208",-0.707767217469815,3.25596809972759,-0.171690778608385
"209",0.806199526764079,0.66830320806019,0.854986073698768
"210",0.574476554804259,0.956756500543363,0.36509738514696
"211",0.467712113881447,-2.17155725019173,-1.17298434350277
"212",0.846870908762555,-0.0987067514169828,0.448893272673317
"213",0.435485571367142,0.409395508443336,-0.699953773094416
"214",-0.406807151556025,1.62547567884872,-2.53095050535048
"215",0.322651266169982,-0.54573170866732,-1.4173273032369
"216",1.03732411753544,-0.399831849602768,0.954767611697154
"217",0.862864423038486,0.681100325777075,1.07927623455135
"218",-0.567277265884245,2.65799101947616,0.949475095075124
"219",0.183396866186175,1.47178772113801,0.110964084524605
"220",0.589902385756163,-0.251062290810185,-0.464865804458103
"221",-0.393417626485835,2.10690043371595,0.297824870954352
"222",-0.498989057682623,2.36326757936531,0.385659691179555
"223",1.48482158884638,-1.07706147808319,2.17179094920756
"224",0.23542055966777,1.27730957229645,-0.384860888174936
"225",0.707750616180408,-1.96338738750312,-0.415386182643805
"226",-0.0718062140822388,1.67359325115299,0.0884340145024861
"227",0.917178703628266,-0.239542124592746,0.622475123124512
"228",0.694529680330169,-0.568308514696472,-0.21629030084508
"229",0.993555729243258,-1.73632810108685,0.496675442087312
"230",0.426583745952428,0.7482431341541,-0.471272021084617
"231",0.492462336377748,-0.182151574652241,-0.7655584295982
"232",0.579292554107826,0.843195688620822,0.216590460159935
"233",0.942100363403074,-0.953576279649532,0.481808649049889
"234",1.11802491024871,-2.06390762982059,0.834131334197027
"235",-0.545776245360547,2.21879240677515,-1.271620557882
"236",0.531891710113258,0.277016973679756,-0.437998866760005
"237",0.951611872262752,0.33100456505853,1.06071452433887
"238",0.291252239698525,1.43769407256176,0.492445406039965
"239",0.907767765064349,0.835318280836623,1.46340928170481
"240",0.75139337851693,-0.426953036737389,0.00981056169690353
"241",0.813387424242303,-0.550908393688696,0.174118839330609
"242",0.253783398295243,1.2486724681032,-0.378729542860448
"243",1.22736403521908,-0.767771778082455,1.44370342300681
"244",0.281946516220325,1.39546196686723,0.245295566381036
"245",0.195325910028588,1.18583702511715,-0.779786243435939
"246",0.801650230799783,-0.0967971742375897,0.298367468071707
"247",-0.202080219908131,1.60905493857095,-1.29118751559209
"248",0.708409195151596,-1.32825469773447,-0.328933862573024
"249",0.803602807975547,-0.0257341601305062,0.337203116672951
"250",-0.527064820771321,2.65142435850095,2.00893056621524
"251",0.487049324207392,-0.160402763039497,-0.776458785459256
"252",0.675632529431429,0.900273686984479,0.671228908126785
"253",0.855982239791104,0.359377882191218,0.747286947209015
"254",1.17399949908117,-1.07972336038557,1.18734058666284
"255",-0.650238178740771,2.90889245653416,0.0851833645130906
"256",0.598158423613349,0.830277157865357,0.271852750787512
"257",0.564412600405071,-0.0277764249265155,-0.469224978118864
"258",0.872114464801674,-0.356761179705144,0.428914019889442
"259",0.914706291682223,-3.22945639252981,0.101051905537883
"260",0.216070301751141,1.08583446850449,-0.873267031966202
"261",0.616236029725214,-0.235979569994607,-0.37268516624599
"262",0.78579590151014,-0.537514840384792,0.0884709164013664
"263",-0.348074277764503,1.92614190647797,-0.395669297220906
"264",0.970580866634812,0.173326704947601,1.01507093747994
"265",-0.345649430337109,2.11040371529223,0.978743074348754
"266",0.882847628255302,-0.464322729413772,0.427051959729441
"267",1.10309714240832,-1.20770141456869,0.934016528970606
"268",0.609788623190341,0.723775158656381,0.188448968805291
"269",0.835494970689787,0.190681679447908,0.561638792101934
"270",0.745548535448171,-1.24151211967153,-0.197945336085549
"271",0.123649775897708,1.70529349205941,1.84638073255321
"272",-0.476147464517308,2.26701921895307,0.144298881880815
"273",0.158099863333745,1.58366281708711,0.760024160771991
"274",0.909239418652997,-0.588323337696027,0.473685088200281
"275",1.03855595487406,0.221199687609247,1.28153804270108
"276",0.61754953646378,-0.378505527499435,-0.413611824168743
"277",0.675926603032176,1.1985844850813,1.33699010427241
"278",-0.509849107108244,2.08463814671266,-1.40304537703089
"279",1.36923613018133,-0.33178387815359,2.07324045758782
"280",1.40707906173718,-1.65754899916815,1.79236823258936
"281",0.893670750273552,-1.30994049218502,0.255356642141732
"282",0.265183029803871,1.09121940232873,-0.66083738925421
"283",0.45909719265212,0.622995510488916,-0.464346557713779
"284",0.564036469485383,0.837372375891939,0.150526689775158
"285",0.902152928660209,0.585436685996386,1.11497840445136
"286",0.838113941090728,1.16302215718562,1.92381833586364
"287",0.849119298643798,0.189441332949152,0.60775248832865
"288",0.870552148616457,0.217710974612018,0.699319172323084
"289",0.0483286525162647,1.56148193969013,-0.0846180142614491
"290",1.08557723765725,-1.59269299627297,0.805205300868121
"291",1.01750902345214,-1.21722519475618,0.662494867551614
"292",0.982072626917474,-0.876001814229327,0.628134549000943
"293",1.0955687935971,-0.464104363626209,1.1209596159575
"294",-0.202237367990905,1.91845802521647,1.08724091303467
"295",0.563930941185415,0.816006438255642,0.123070248204478
"296",0.752229403321019,0.138836183201445,0.246119938804031
"297",0.520461178157687,-0.216269572130727,-0.68359080448309
"298",0.859082948741407,-1.21250218659563,0.164598337479968
"299",0.560951000198144,0.871476464739269,0.184075361365102
"300",0.142093336101438,0.953199946135303,-1.35023089520236
"301",0.45485315428614,0.5228762695336,-0.556710545369512
"302",0.352619737384385,0.516380629065649,-0.928486661343476
"303",0.575445562847042,-2.92800630683952,-0.901053745327651
"304",1.11465585228246,-1.62005467866006,0.890944544217194
"305",0.492011419175472,1.07195755141299,0.240676905118532
"306",0.236723379821562,1.4554233262275,0.303661618182336
"307",0.526184240881604,0.170565800557288,-0.512318298579375
"308",0.627789969132939,-1.18650320391829,-0.559485432876696
"309",1.04765966735447,-1.33073827674612,0.734506927960033
"310",-0.477472056621435,2.30198894074366,0.358369679584583
"311",0.350934298798361,0.791531415269013,-0.713268684319554
"312",0.618367624621026,0.985585194101821,0.589243806241352
"313",0.482679487002263,-0.682165410480486,-0.928109709623572
"314",0.816107286675547,-0.0377378205703051,0.373654503579234
"315",0.355536254845355,-1.00230468171541,-1.3916467047163
"316",0.180495428041792,1.32348536117495,-0.504008726598582
"317",-0.677727836503675,3.29171527047389,2.24349577567424
"318",0.544392515874149,-0.565878659546255,-0.702440297570012
"319",0.408108009823143,0.825062040969585,-0.4604450371565
"320",0.844440479042911,0.0907251053934579,0.534608757814241
"321",0.268462348492212,1.15939395493867,-0.519563088489089
"322",0.796754271865193,0.0399578929006848,0.346027511999916
"323",0.353801392795558,0.0915969798337893,-1.13563920320285
"324",0.881465468139282,1.02406429183497,1.72602459176557
"325",0.280000322761038,1.17835679687758,-0.430187233546372
"326",0.478134856338304,0.190512658978391,-0.667928349118752
"327",0.87323057570424,-0.676222726387522,0.331942179084161
"328",-0.41790278159932,1.95618309208025,-0.968479439524431
"329",0.683521267134964,1.08653997633537,1.06304209487661
"330",0.472820645326664,1.07638236475866,0.170399356757133
"331",0.302949270346344,-0.921871819254818,-1.54677971347152
"332",0.214918321238306,1.39217598168302,-0.0987441284983914
"333",0.897923043415345,-0.134422498338909,0.60349917370532
"334",0.537154334433126,-0.788915725216185,-0.775054659403149
"335",0.575210643485986,-1.6285803087985,-0.786438140986056
"336",0.221110141023514,1.41215749338115,0.0157116921321632
"337",0.668363755456787,-0.311277479092978,-0.22559122957955
"338",0.585193282725913,0.203396224854616,-0.292930983494265
"339",0.67317455639429,0.400809607744117,0.134081807120462
"340",0.474712104264424,0.778257969556391,-0.259084399487596
"341",0.871870576375671,-0.638288117839542,0.338185316902139
"342",-0.237965207934194,-0.56594539996346,-3.23915165959763
"343",0.925723002171818,-0.140814494362628,0.693380585042301
"344",1.10959769908964,-0.164720850618804,1.29490443506047
"345",1.05137267997516,-0.513583307528313,0.959214598222421
"346",1.0309799763319,-0.314949652763238,0.967383534024268
"347",1.15277341345135,0.0877470525034016,1.58252013727844
"348",0.821096406502289,0.901701912319478,1.24003960489709
"349",0.0979248136924597,1.59033881158783,0.450398983673227
"350",0.344512506025916,-0.414890551449635,-1.31757076341453
"351",0.953571118643869,0.0432615702866715,0.879197028679214
"352",0.207808290198927,1.40151558728276,-0.0957935088545359
"353",0.796946807238285,0.0360367149583311,0.344713665549598
"354",0.495393863673875,0.927082069217575,0.00753377152912978
"355",0.179650427858403,0.291545249937251,-1.65604992738019
"356",0.687252275021603,-0.964186708598907,-0.331053299238464
"357",0.626751524247309,0.909427480261459,0.494991066995789
"358",0.859216464104594,-2.47376687348892,-0.00419311769267535
"359",0.785799058037794,-0.0261730498366329,0.277034245047854
"360",0.431543196161539,-0.385503296377746,-1.02538425920336
"361",0.4705994425953,0.267752410310185,-0.655776748374996
"362",0.852946920166251,0.267349301430351,0.671014312358433
"363",1.21222870641993,-0.766178498286834,1.39563881884511
"364",-0.0329772288215688,1.68090259201185,0.434116807818103
"365",0.622441074083788,-0.0148250968562586,-0.268386854415181
"366",1.04912766991056,-0.759723629674344,0.874157011793317
"367",0.65541869267022,-0.58194478149548,-0.346627507065662
"368",0.886409732947152,-0.505968094050756,0.425157102195651
"369",0.354155591833815,-1.38812394715124,-1.44703011467655
"370",-0.585646729038303,2.59139055175629,-0.00858520419867818
"371",0.250961375177929,-0.426397076742833,-1.62607854739478
"372",-0.387164476266783,2.18212784815452,0.949198702248322
"373",0.728443426161836,-0.551838674800847,-0.101794118574315
"374",-0.696333389048385,3.12811846654599,-0.465264816231543
"375",0.741077820705313,0.0833845148409604,0.178925355496939
"376",0.413389686163433,-0.40829936448606,-1.0905975754312
"377",0.656700044459811,-1.03710194859787,-0.442041300048741
"378",-0.630231558838244,2.45901097738251,-1.74638510198212
"379",1.11211476493472,-0.640366976999136,1.11339402922101
"380",0.895728194943373,-1.05679737733302,0.311508799334978
"381",1.15488500129151,-0.891370808576974,1.17551844564759
"382",0.841868170415966,-0.66262182379636,0.234562392371003
"383",0.840032399930213,-1.1509602997411,0.116284181798898
"384",0.976569185684603,-0.121148476799602,0.872241110210365
"385",0.238289421068216,0.895210882499203,-1.03702586985656
"386",0.688328056015652,0.416299728418713,0.198793897930891
"387",0.73790711645341,0.25793054087937,0.265888184188621
"388",0.443310096771105,0.444631171771925,-0.650512401642613
"389",0.712060617619725,-0.629234572852552,-0.175598698878348
"390",0.50038276906844,0.188581582465345,-0.592316520023021
"391",0.600864404762874,0.515279870337785,-0.0377891393931244
"392",0.410580824279994,0.272923185795178,-0.861542908713051
"393",0.394651448684377,1.13937423443748,-0.0254372619384731
"394",0.732392452754078,-0.67293558578725,-0.121166863694614
"395",0.498498067894438,-0.836813143031729,-0.908189806941759
"396",0.675370070920326,0.543234194576007,0.253439778170158
"397",0.184167591709911,-0.554756005139358,-1.86846378101063
"398",1.01568723807372,0.436206604715792,1.37506976928545
"399",0.577888653222556,-0.311531065189071,-0.52369881979682
"400",1.23799707935951,-2.51355070646323,1.14483534205216
"401",-0.628970833604439,2.79936676391714,0.0948652820027488
"402",0.639259568059903,-0.439602916935394,-0.36042779861101
"403",0.773315450328826,-0.609177657757279,0.0277665173311648
"404",0.855109165763058,-0.0874740816925933,0.481572535011402
"405",0.573373607653717,0.237348898525972,-0.315735118938047
"406",0.472517599498845,0.59102739790434,-0.441425142370007
"407",0.837062773639324,0.154783238546407,0.545616449600644
"408",0.962374014240646,-1.22081700625397,0.488194070504363
"409",0.393376245351875,0.938156823797713,-0.377678229746071
"410",0.673838449439308,-2.08808265921541,-0.532937411871472
"411",0.231730808768615,1.29540806523908,-0.350264139079258
"412",0.939002990338248,-0.0929073711481081,0.760038122961973
"413",0.232429758789337,-0.053144194789797,-1.59469807540162
"414",1.01600224740703,-0.535956591281431,0.836613805669583
"415",-0.50216510941687,2.59798816105567,2.18453327310957
"416",0.661152406619127,-0.187453332714636,-0.206600111215393
"417",0.408884363214912,0.726022538677955,-0.558912578067753
"418",0.908209163710791,-0.488854132857093,0.501651544044095
"419",-0.310617030067443,2.06173301279873,1.0484608468075
"420",1.13220157352558,-2.00913627448161,0.885220010597407
"421",0.0133122832550567,0.0718676106080044,-2.30029312980518
"422",0.463092613705747,-0.85472784515759,-1.02469218229113
"423",0.142719424108243,0.995712222905087,-1.29831368949438
"424",0.778309515493481,0.59178659426786,0.671345646779138
"425",1.44261815319588,-1.30082213860898,1.98018592571476
"426",0.314917029307133,0.379072280524436,-1.14219429946147
"427",0.174747418337614,1.48857554427059,0.158389059946998
"428",0.0522781371098919,-0.484541391950631,-2.28530061130331
"429",0.7349467343064,-0.543956942719905,-0.0784828616809078
"430",0.988139989866235,-0.346442088687728,0.813921146017587
"431",0.618597338331437,0.905070398527223,0.456473487092326
"432",0.671845233465378,0.46651253451572,0.178039823193426
"433",-0.554427124040645,2.67925583316311,1.48330359562871
"434",-0.10344542213234,0.0210212884963646,-2.70815843716926
"435",0.614500421093638,0.765534907601049,0.253509955095022
"436",1.28365177756274,-0.235596432604606,1.83776725923007
"437",-0.312016243931858,1.46453465941935,-2.53317423366308
"438",0.439150309817896,-0.768101121214681,-1.08524148911376
"439",0.989201401097432,-0.812667160501039,0.667408827872219
"440",-0.151525802742761,1.76888929537698,0.281281752597769
"441",0.425566661516293,-0.00573060165874482,-0.92880313824653
"442",0.407841338988328,-1.57660464119971,-1.30081046352871
"443",0.335943231302586,0.890963907423447,-0.662425918879962
"444",0.513819669197765,0.72620216764328,-0.16708459827614
"445",0.53767549936507,0.339472280724983,-0.382207351825417
"446",0.675179973738717,0.30161865682415,0.0750440033811536
"447",0.530920126836106,-1.28296764401015,-0.879129495161228
"448",0.775229853305683,-1.12879883215125,-0.084093232134436
"449",1.3295689293452,-1.59047497275081,1.56445050314319
"450",0.495133358856436,-0.640065599203807,-0.87890316724829
"451",0.675802022954485,1.14585917115764,1.18174727459529
"452",0.287677225828028,0.24566152766151,-1.30027309315535
"453",0.6653646171671,1.11182491349387,1.04895252063486
"454",-0.111118039259142,0.48550460903859,-2.6055522981769
"455",0.712559791865576,-1.12233416226556,-0.280882135586452
"456",0.796392339213454,-0.303315314577125,0.198991329286658
"457",0.367808398070444,0.640565819669647,-0.784536384788441
"458",-0.518878022615712,2.31411125327842,-0.299786865873665
"459",0.223613227735731,-0.601484877019557,-1.74895412883298
"460",0.483333342642305,-0.0862039897378884,-0.763535700925252
"461",-0.606255147900991,2.72877591791176,0.334121388541676
"462",1.20063853436959,-0.672277305297487,1.38853135743466
"463",1.17789591607925,-0.13448071621778,1.53787198319213
"464",1.1344167485544,-3.27393206573957,0.758387299257535
"465",0.540494483325675,0.83660896137935,0.0594125632958479
"466",0.539637194512939,-0.0724869928038383,-0.569780553945529
"467",0.0612628711616431,1.35137019693314,-0.983661311738997
"468",0.706530130856843,-0.594049929204601,-0.184275677217845
"469",0.663485489076735,-0.362077901065486,-0.257881956832131
"470",0.935539460093648,-0.274611284375208,0.668967047063021
"471",0.057279751893849,1.59919756550663,0.277235595572071
"472",0.402957696548663,1.3224621510241,0.532369451177868
"473",0.995020910844739,-0.0395893350628524,0.974650788530935
"474",-0.672652408057597,2.521479888821,-2.4678808018686
"475",0.333521264775675,0.720328954455427,-0.845171303890562
"476",0.899072522887687,-0.676723019665144,0.415094031746407
"477",0.597119488193322,-1.29366586380829,-0.672809437712987
"478",1.0979230217245,0.460913335001321,1.69098646217746
"479",0.514958676041172,-0.243946300015192,-0.710573327166465
"480",-0.336732633442662,2.04768367276177,0.604072468116281
"481",1.05883833701729,-1.87394848137707,0.678335035142272
"482",0.291728032887326,-1.75294515993272,-1.67867777725155
"483",0.671200801703268,0.628961141322971,0.317219605479029
"484",1.21434126683974,-0.295757802268327,1.57993743953991
"485",0.373458396064037,1.21655272436675,0.0673972613463958
"486",1.06359382563912,-2.45779547614118,0.620013313435045
"487",0.289323812871334,-0.3512576015436,-1.48367316156138
"488",0.24964676481616,0.955002874185223,-0.922758384072913
"489",0.889805250222519,-0.440114450831308,0.457836231102823
"490",0.479451993583587,0.477557266728532,-0.500171589578366
"491",-0.522370407810429,2.34938052436311,-0.147788178660909
"492",0.822952995014124,0.508364569754862,0.753403123750025
"493",0.596293881793983,-0.813146508641275,-0.590580425134831
"494",0.963835208733128,-0.0230615702507001,0.878267158062123
"495",0.817306921839406,-1.13415486475185,0.0477838945903097
"496",0.21947265671156,-1.1620868921679,-1.84359608235783
"497",0.493655893536542,1.38914338747898,1.25745451203735
"498",0.583209575591449,0.400786412977118,-0.183553751496392
"499",0.927713380196708,-0.900658822710763,0.44859742396823
"500",0.529860906039403,-3.77164212481677,-1.08392140731019
"501",0.484681700331852,0.90212304491413,-0.0696585513594158
"502",0.523151030254531,-2.05153758522092,-0.992237971294026
"503",0.598149785013496,-0.120590380112819,-0.39186547416186
"504",0.566220487262769,0.309127236895567,-0.300321753113281
"505",0.031742498422088,0.437598105319535,-2.11554317771501
"506",0.152050483113388,0.149169325598403,-1.80396795799344
"507",0.577321896239574,1.01948908916128,0.486879829422187
"508",1.25125025147154,-0.173929160008441,1.76171345695525
"509",0.0228522907978839,1.3802603645849,-1.08173218915345
"510",0.500629287876314,-0.791500390332445,-0.892628844471801
"511",-0.471018920008896,2.317200283723,0.580371260832833
"512",0.811019013425989,1.01092879768435,1.41213269864719
"513",0.9314832622145,0.352519871444147,1.00695425466991
"514",-0.571258419952759,2.40084278720659,-0.79740100234179
"515",0.740360358744425,-2.2002480818126,-0.340321302794179
"516",0.378063783702011,1.31436506228959,0.38688689467447
"517",1.23745389803148,-1.04598640791454,1.39677810875045
"518",1.1512746714477,-1.91394615727512,0.957635677869472
"519",0.381685961055956,-0.512741157395126,-1.21849757274428
"520",1.48026383593631,-2.2660703842619,1.9161086853334
"521",0.611184025839775,-0.399503287028699,-0.440658235419598
"522",0.606296146547205,-1.40082781094868,-0.659678373410958
"523",0.114014418095935,0.599347409846989,-1.74035173524789
"524",-0.0927639350917224,-0.281626650006344,-2.72810933106141
"525",0.420779038350255,-2.06109664040375,-1.30764393026915
"526",-0.459043690711133,1.92844907812012,-1.56435519949946
"527",0.485370526435502,-1.29814640709793,-1.02430033205934
"528",0.684677308734936,-0.636065122408142,-0.265807271572736
"529",0.722486809687637,-0.85631305580158,-0.196212081844653
"530",0.0842791619884753,-1.0650254610476,-2.25982638861096
"531",1.32901811819437,-1.89842446095341,1.50816595560148
"532",-0.0929989433191661,1.70505432783984,0.204788283581058
"533",0.283688991019083,0.860191284176095,-0.899146924932641
"534",-0.0608230657911665,-0.0891988749905023,-2.58741322247752
"535",0.896900226538096,-2.0984702903063,0.150734136657303
"536",-0.451202001181718,2.10687652275359,-0.49208879643705
"537",0.910060638220652,-0.601932722206832,0.472249143950336
"538",0.849041026191824,0.0482005519642796,0.527487722341042
"539",0.929149841818938,-0.896913763126008,0.454085168426084
"540",0.619962395663671,-2.5099237855798,-0.735830830564406
"541",-0.259325160769314,1.95438001061578,0.777201842706411
"542",0.320658746527776,-0.211038588282431,-1.34480811430955
"543",0.945333345208408,-2.59173100022268,0.246531813474683
"544",0.170221003232025,-0.616915039406304,-1.92431375428538
"545",0.585644090819529,-3.55429530067224,-0.906545948898473
"546",0.668133756250513,0.0463905381207553,-0.0867979389040796
"547",0.215521213384584,1.36173415867978,-0.211530723302308
"548",0.663072891307449,-0.842293308494405,-0.38306867024957
"549",0.371368986583079,-0.699426416340703,-1.29005374368871
"550",-0.477112641418978,2.16953815601456,-0.484938952770388
"551",0.871246936304091,0.643666984292934,1.06626027285045
"552",0.658025166004505,0.0106664547426651,-0.137244136258343
"553",0.110613318612293,0.985960942998188,-1.43829967522863
"554",1.21584670948566,-0.121684691338488,1.67138783806331
"555",0.629055537936196,1.35335897310242,1.73352365174491
"556",0.822004638068881,-2.10259157029446,-0.0796313258530764
"557",0.67756747128551,0.547621433290772,0.265177397154413
"558",0.225489808716473,1.2719278888203,-0.444576077325435
"559",0.112571452304406,0.74222922902895,-1.65323672037561
"560",0.628599674229365,-0.164606595044206,-0.306544093913133
"561",0.0992755468961661,1.51865133720688,-0.0770944702773975
"562",1.11038522281925,-0.795188173658539,1.06039334807609
"563",1.06302536137408,-2.20682033295216,0.647121076104756
"564",0.254201566974659,0.942577108111146,-0.920084018236653
"565",1.19105432674226,-0.742949396043008,1.3349071751324
"566",0.431564070719691,-0.0552777676474912,-0.926344861349133
"567",0.446147147240579,-1.3024540864936,-1.14800996814242
"568",0.670572229481034,-0.490921068683871,-0.272881061768432
"569",-0.419145546257564,2.0419021067834,-0.471449004248309
"570",0.231200405521446,-0.345380593774844,-1.6733171474435
"571",0.349287039183247,-0.333518252598087,-1.28227407219659
"572",-0.555789389974229,2.36055747825862,-0.71380637162807
"573",0.467998787302761,0.278594541705357,-0.659183343054416
"574",1.30649701939732,-2.31936732368813,1.37759152390322
"575",0.814218604308046,-2.2846094026768,-0.122856747022686
"576",0.822837455189416,-0.973420647126137,0.0980894914741981
"577",1.0624127536385,-1.39492308299389,0.768409657336732
"578",0.378384747129909,0.14033484984468,-1.03238267863463
"579",1.06720576538437,-1.08458265551051,0.848236191636788
"580",0.491725107998173,1.21125621750872,0.571293866642781
"581",1.12806949814231,-0.602275660564001,1.17759061614418
"582",0.745966736995758,-0.719550726636127,-0.0891146891282017
"583",0.380503163064555,-1.98439965790117,-1.42493167558983
"584",0.448630149593337,1.04286244696635,0.00798537113913718
"585",0.772233747904482,-1.61145385979957,-0.171942171998164
"586",0.580296891375959,-0.41533656917708,-0.546288371231613
"587",0.9661606759559,0.861773619765216,1.73219988685572
"588",0.579231554962509,1.04140614029824,0.536984506478339
"589",0.150515764918158,-0.518196651481935,-1.97129112238527
"590",0.568333199527624,-0.556974270524984,-0.62261889352938
"591",1.00796554428806,-1.06115999969606,0.666053875043308
"592",-0.323115465720135,0.420746175160469,-3.37879555374707
"593",1.01860519699195,0.415033668754711,1.36622011039459
"594",0.731224142338312,-1.73393801627911,-0.315572506159986
"595",0.821648685116999,-0.877031382458543,0.115798204472188
"596",0.695968316066214,-0.449404483569626,-0.178096706029645
"597",0.518308718565003,0.305682051306558,-0.469390866673218
"598",0.831558524866543,-1.06831640823688,0.105887413977329
"599",0.828919220923461,-1.01238361206044,0.109098568606255
"600",0.568696559916025,-0.0261477362798029,-0.454146129718711
"601",-0.32420564785058,1.75417618539919,-1.25612868328282
"602",0.977639809830101,-0.296232810342276,0.799202707846627
"603",0.400069837207683,-0.336913192509908,-1.11613314595327
"604",0.992985801995514,0.398137272429186,1.26086336905585
"605",-0.574758813286553,2.57886093155406,0.185637603560188
"606",0.0402005563923405,0.465578134079448,-2.07353273995985
"607",0.571868072592017,0.074488274930441,-0.40079870856581
"608",0.786899931719742,-0.014391634920557,0.286264706897723
"609",0.414023536245488,0.495200546816446,-0.722199248959365
"610",-0.58463461477167,2.68946929492459,0.694132590062679
"611",0.632147799929228,0.697549785506618,0.243340983615889
"612",0.855836156572782,0.397694683819941,0.776484912762692
"613",0.77829462538588,0.915432843178009,1.09688326731736
"614",1.2608570336911,-3.17142804539766,1.14741217829806
"615",0.621520251012756,0.407228127763517,-0.0438746561958592
"616",-0.356384994839883,2.00794510287143,0.0703834545040831
"617",0.169317594294379,1.03262397021735,-1.14361388613825
"618",0.309236216798746,0.930252638298637,-0.718817845436612
"619",0.900588499038382,-0.482441996105472,0.478929379619666
"620",0.375253729925944,0.740590960184296,-0.670969869010194
"621",-0.361184128088048,2.04901715644347,0.305342562529298
"622",0.960457022939829,-0.799013143112138,0.578986383743655
"623",0.646207835938569,-0.248018790931002,-0.277566184969379
"624",0.800442999106982,-1.66979364808513,-0.092452042080103
"625",0.818516304752487,0.767686547426548,1.02443893923331
"626",1.09410419389601,0.421303969800886,1.63916348141762
"627",-0.660701618069264,3.00883118800113,0.388954396644608
"628",0.480555877174023,-0.533832175460455,-0.901962691740546
"629",0.310690509133891,1.11602675939617,-0.426375431217259
"630",0.585014583989022,0.421800667369963,-0.162987437536536
"631",0.900949244943076,0.892547448321895,1.53449431433981
"632",-0.362269717655165,1.84800485043151,-1.03066839038376
"633",0.393254364691168,-0.5926950659132,-1.19816318690695
"634",-0.51633140135255,2.42939450780172,0.499536349215663
"635",0.901128119558591,-0.881266947354985,0.36847384560745
"636",-0.408529383642123,2.05419233974242,-0.259482021558484
"637",0.523792774066168,-0.630573580509765,-0.784219250684576
"638",0.663043691542652,-0.0523384171076828,-0.147479136689272
"639",0.992459709531008,0.0122481003446527,0.993713474910191
"640",0.225657497661636,1.21363356680974,-0.587991921871578
"641",1.20315977704783,-1.25549827512266,1.23841089315805
"642",0.20716439359319,0.574650689940712,-1.41657117970668
"643",1.06617339403128,-0.432558863898494,1.03677460819587
"644",0.428932787137661,-1.11039365925511,-1.17525501716663
"645",0.599121470071932,0.606959690722955,0.0331516907253038
"646",0.841043045304478,-0.120485626496043,0.41973333748072
"647",-0.603564943185837,2.58247085391117,-0.517840361961417
"648",0.751791509102443,0.865047794132587,0.911264333581248
"649",0.628526015916126,0.880336149318451,0.45800540818994
"650",0.46430810447872,-2.66306067403774,-1.22016412939241
"651",0.425099142563984,1.06259871840781,-0.0522400506704794
"652",0.539660766115973,0.620473787199172,-0.171918266954105
"653",0.18349451152497,0.359508736183009,-1.61363777305284
"654",-0.412871824707258,2.14516540850774,0.295735598512722
"655",1.00143766299018,0.41494740158486,1.30541376901337
"656",-0.205867664994698,1.72864833939483,-0.476739796727445
"657",-0.0249192108991287,1.21595982278076,-1.68220613017549
"658",1.00646209732813,-1.68054826596871,0.545178055223091
"659",0.991215450828,-0.232497735416388,0.870619657892486
"660",0.926119357732197,-1.46756902070319,0.329496820200558
"661",0.397215843928491,1.54156989627825,1.78883173645597
"662",0.331117519671585,0.442190160918667,-1.0504765558576
"663",0.966485731286024,-0.634381731308498,0.644927314117316
"664",0.370227613965697,-1.44933443534628,-1.40384455878516
"665",0.215183917006701,1.5362297576415,0.698846806902769
"666",1.05752541424905,-1.24177858812101,0.78335808497312
"667",0.0766021905938006,1.23116644689638,-1.20649294837487
"668",-0.00451277322430704,1.71874972220478,1.00859264028784
"669",0.670550444765311,0.990559754117943,0.807016478593707
"670",0.923733000114197,-1.13983155975041,0.382725490878665
"671",0.743064671319818,-2.28973824068124,-0.340891119816318
"672",0.655167384350725,-0.955610824597616,-0.431406739575356
"673",0.61982238176716,0.546586127900368,0.0558672704562705
"674",1.21177620851367,-1.30091208325067,1.25554059412128
"675",0.423747054969619,1.21310298473791,0.278727130535096
"676",0.315127649425001,0.802845551109978,-0.837797511458243
"677",0.806981088774457,-0.0599128648159342,0.332723727129762
"678",0.383870093422601,0.368096385784286,-0.905494231234762
"679",0.550557323130649,1.15627648657839,0.676693041938875
"680",0.481996722315924,1.20383315259076,0.507934687107994
"681",-0.577424469458678,1.65767893705138,-3.57853172451353
"682",0.240889193302294,1.28942543328535,-0.325673532999728
"683",0.0985448502349249,1.1343742813937,-1.28638483168509
"684",0.797045522820298,-0.220793444425088,0.23194053352565
"685",-0.708101071233967,3.2053786346534,-0.583686681684289
"686",0.34591986829525,-0.248739388492963,-1.27134473004184
"687",0.230909849678612,0.942266463618485,-1.01224747734135
"688",0.506467618672061,-1.64337932592986,-1.00170349037877
"689",0.976222988493744,0.26978596324053,1.10063092280321
"690",0.795883093474903,-1.98161044576756,-0.146124127732086
"691",0.927415306309239,-1.18797417788132,0.384616144608171
"692",-0.317047609776937,1.94143823552045,0.0439580305363137
"693",0.0506602783468133,1.42008528809579,-0.808185332212734
"694",0.637553039169205,-1.04170174963945,-0.503580339783284
"695",0.468241850947291,-0.421876774544624,-0.914566318310707
"696",0.481181715646736,0.928328224441707,-0.0464241960554649
"697",-0.271395775032878,0.0589439799963763,-3.27006576346779
"698",1.10530706581794,-1.79760797737422,0.833243321307365
"699",0.0753652426719489,1.49684992049219,-0.334352937256751
"700",0.623417959487449,-0.613540304439969,-0.458173152749339
"701",0.975407358454484,-2.0609601772213,0.396362203485023
"702",0.576001181686253,-1.31672827957347,-0.742504460305127
"703",0.573165674429593,-0.166647685338371,-0.491829304734366
"704",0.969196405742558,-1.28700077065324,0.496724756355621
"705",0.561405026700087,-0.0811308604310372,-0.500035820734852
"706",1.1930916625444,-1.28358431270565,1.2006208481207
"707",0.865220244424376,0.853775975098441,1.33013336228925
"708",0.248807928037311,-0.400998493290558,-1.62771260664362
"709",1.12428665403436,-1.16167740943799,1.01099364455556
"710",0.787682343391681,0.384577890663246,0.526064901485965
"711",0.652967993387125,0.980862611241908,0.71875590084281
"712",0.218050805187579,1.39055036927879,-0.0898627324649167
"713",0.793050277767845,0.380879634193704,0.542202015485915
"714",0.583022275406529,-0.406275056842742,-0.534811068562597
"715",0.382645021472744,-0.348632013059141,-1.17642948584723
"716",0.54895884452618,0.888417459554291,0.161187250137337
"717",1.03914224674277,0.244494872408334,1.30032772975652
"718",1.06921212376426,0.232432277125528,1.39552711819767
"719",0.404150590983529,0.776233309710125,-0.527547230529086
"720",0.588521248929264,-1.64985804698422,-0.747674741030033
"721",0.848921853711835,-2.74998611280747,-0.0602502777343291
"722",0.59074271129441,0.900586721769074,0.341193969677298
"723",0.605754002760113,-0.982039243372009,-0.593535246160773
"724",0.726132782121426,0.591073411879496,0.4808937806266
"725",0.749796242597651,1.02822818170788,1.20230323157062
"726",0.121161836487008,1.0290745777025,-1.34357845075941
"727",-0.486670398394547,2.4157424856699,1.01028623221036
"728",1.08808366643993,-1.71256512968922,0.79323329213956
"729",0.602213375486341,0.508220761180579,-0.0384861176671662
"730",0.629608849698172,0.994138206191796,0.64983095484029
"731",0.864102247998514,-0.688440662552803,0.299179274011097
"732",0.541463556747835,0.41477889221321,-0.321829984269975
"733",-0.172937498572417,0.31087594287611,-2.8782824999393
"734",0.47936199727592,1.40729966665125,1.2818136976874
"735",0.253961906959108,-0.451679295051479,-1.62156172323321
"736",-0.237053206250949,1.76699964936732,-0.449892419543748
"737",0.897703633411949,-0.756409903297089,0.389015113728461
"738",0.974679434300691,-0.613813340699088,0.677675452177597
"739",-0.0635775917196994,1.82242199417163,1.54171888243566
"740",0.279683591365733,0.738010736684836,-1.0309827928631
"741",0.629252811680013,-1.36130891997374,-0.582100005266013
"742",0.404943179165088,0.768555412166253,-0.532336159702812
"743",1.15084602836208,-0.992503010763442,1.13577459869489
"744",1.04626379266345,0.584557406776115,1.63751365706722
"745",0.823066319439044,-0.686832107701018,0.167425241295975
"746",1.06314007211064,-1.82466339967776,0.698813388069039
"747",0.639635556233743,-2.75625785443488,-0.694971338962884
"748",0.448350743353153,0.322564119401983,-0.704264858557558
"749",-0.476838016344947,2.08802103351087,-0.946709334627681
"750",0.616058880942083,0.701870049249346,0.188207365404277
"751",0.52199415581066,1.20429904468898,0.683690381246429
"752",0.982084122918913,-2.00601425394215,0.423853284287696
"753",0.25926060157848,0.795839190441004,-1.05645789206037
"754",0.866558796676645,-1.15628447874311,0.198959204812577
"755",1.08812206772426,-0.51546876435371,1.07805852923996
"756",0.831393525674011,0.230989956414946,0.572571710948514
"757",0.627339961057527,-0.747436232336062,-0.47689988695984
"758",0.64925122848964,0.745604831575757,0.360671617880213
"759",-0.0203433726958513,-0.333703365835851,-2.49804678792321
"760",-0.551921737418516,2.42778941938444,-0.24960912731092
"761",0.839075664842833,-0.932339117006075,0.158782434911265
"762",0.703553029809417,0.545835751301574,0.35739636045361
"763",0.687954295068899,-0.242145779296535,-0.137365098790564
"764",-0.63747519561335,2.71191650992865,-0.71425670306503
"765",1.38578879487762,-0.866574866629501,1.91981221551106
"766",0.895608150985,-1.9287885718364,0.167475975015228
"767",0.960880555786578,-0.234671274287043,0.769216019377842
"768",0.637179148286939,0.848259748455473,0.445575615045174
"769",0.575928479308471,-1.5561257767308,-0.775235302133905
"770",0.842092873100207,-2.8395428709037,-0.0883087971731822
"771",0.696587544706931,0.51490992818297,0.305626780999482
"772",0.686347839486885,-0.38823067790103,-0.191029363728072
"773",0.564371513862817,0.714008325204574,0.00877220914529205
"774",0.575017931472608,0.160334188111857,-0.349745465266653
"775",0.529375397437077,-2.6221904516877,-1.0197777170331
"776",0.152997761772123,0.363525144505869,-1.71896995836805
"777",0.909166227968044,-0.861169572133448,0.399034733249275
"778",0.40066975284247,-0.459065758346773,-1.14442103938608
"779",0.434317167650001,-0.842146154315207,-1.11439094470232
"780",0.855873425552815,-0.795540232739756,0.244813318252171
"781",0.615594040958602,-1.56390800146716,-0.652751409273657
"782",0.950879873402057,-1.21193343135671,0.453771683544816
"783",1.12010777896802,-1.80114000361816,0.878465868562074
"784",0.266759011798045,0.979228659634433,-0.82360808845156
"785",0.466704638470955,1.16926259132836,0.351010243841396
"786",0.903744805206706,-0.221022780476142,0.585593632963447
"787",0.36384991105086,0.283335186446976,-1.01886105682975
"788",0.422868088697239,-1.05385020598656,-1.18592253780894
"789",-0.489315294720742,2.31608176115633,0.243495468379655
"790",1.10195350030366,-0.561550850567449,1.10687393636211
"791",-0.399063429999666,1.60331516415764,-2.57806627082582
"792",0.712875955811368,-0.496901718530803,-0.136846479007688
"793",0.720148872508188,0.0186808401776238,0.076408766667219
"794",1.08026469500189,0.102607029323444,1.34505572822941
"795",-0.667433367904626,3.02924915448804,0.240957003053954
"796",0.33270631633345,0.912789522125261,-0.648608577082472
"797",0.117453236704511,1.50362517276288,-0.0662302462491156
"798",0.808056660995431,0.628095685860025,0.817374634924404
"799",0.480894459221108,-1.67824127942384,-1.08498238509683
"800",0.274062227405182,0.154466416378586,-1.38403966132372
"801",-0.236018597667931,1.822156974693,-0.0325877316579411
"802",0.663730006703304,0.471567241515173,0.153021114645996
"803",0.206137225122323,0.675166972629774,-1.35362277118306
"804",0.925247527439762,-0.144610773261864,0.690080943123893
"805",0.341398798790657,0.812573574423492,-0.728113880511483
"806",0.611220760920476,0.211188989949157,-0.199095990237873
"807",0.960873474012019,-1.10611839158816,0.507133961690241
"808",0.310542724932431,1.19584911595521,-0.258654801739158
"809",0.728686617730604,0.760418470903418,0.676871386121192
"810",-0.00620465335795883,-0.179067229835153,-2.4230356899055
"811",1.03358500157257,-1.24730212752183,0.706924821144122
"812",0.593323325673746,-2.12561285091349,-0.783732446537062
"813",1.20105935305974,-1.41933484189981,1.19733289458729
"814",0.343876620972314,-2.16967579502372,-1.55235735330483
"815",0.275628138011853,-0.761596813230939,-1.60879967791014
"816",-0.16583206589859,1.7231245466005,-0.205372121853498
"817",0.431728182089976,-0.166349307607774,-0.962583515647983
"818",0.814651380326628,-1.04544972013176,0.0569902188236441
"819",0.738767452267933,-1.79116130393522,-0.299426065383327
"820",0.540841039671188,0.933587497951193,0.195704349378352
"821",0.554736104740673,1.51814006458016,2.4651785247674
"822",0.744742040197292,0.106684564976299,0.203407086637796
"823",0.495211594034908,1.10414745254234,0.320645453903747
"824",0.711149324540879,0.343527285076247,0.227985434100718
"825",0.304319214307879,0.0427609984020081,-1.32151677070956
"826",0.575557453338584,0.2055402683558,-0.325016928494866
"827",0.255297541953124,1.03924399669619,-0.784846897765428
"828",0.474005228481758,1.0629483360081,0.149051746824822
"829",0.595962587384893,-0.459803081438625,-0.50743814279976
"830",0.0686088044897948,0.739958669785269,-1.81944814652165
"831",1.01129933001593,0.832131804452844,1.85419986784347
"832",0.851812855918246,-0.971189378743836,0.190681087737185
"833",0.3629677933459,-0.65205303056326,-1.3080448880392
"834",-0.281069878610807,2.04806041193851,1.30940560042879
"835",0.720674371720118,0.195748662839438,0.169473940043888
"836",0.390935693897814,0.833996069875763,-0.51609273322865
"837",1.1793890894109,-0.503955815396838,1.37914022867674
"838",0.545936618668727,-0.000476664553552579,-0.520542302446
"839",0.851287652037838,0.191774753841841,0.616644969117061
"840",0.656424888257691,0.684815691506705,0.319774911280556
"841",0.755087007025855,0.808577562083596,0.840730261663394
"842",-0.285002459483496,1.90400431561656,0.108352807798353
"843",0.722640175175781,0.616119216459368,0.492650826979998
"844",0.821341675605975,-3.29953646520291,-0.184506258193147
"845",0.786474746700969,-1.23622409413028,-0.0682721823263218
"846",0.501121145322473,-0.175394190112221,-0.734553640725573
"847",0.493358108481287,1.24962114591931,0.694175055312177
"848",1.12959620538752,-1.55857117732643,0.948111237463304
"849",0.427978131674017,1.31716447600684,0.629286193399823
"850",-0.139297174551641,-0.29596204740311,-2.88383085749338
"851",0.450454195668257,-0.0888022411237226,-0.874595709071649
"852",0.200205392229204,0.00945526777370738,-1.68463387518161
"853",1.00463097453579,0.224826531448102,1.16695457172793
"854",0.542057165078111,-0.240571632901785,-0.619809218162565
"855",0.814217510685667,-0.375996604210454,0.232174566187024
"856",0.600537462378615,0.225230026989091,-0.228396239051952
"857",0.723776332669434,-0.801643333411077,-0.179836278418802
"858",0.902084297774777,-3.21362337405287,0.0642180072122689
"859",1.04772800076014,-1.76568720351346,0.659984834842467
"860",0.225488484730279,0.557892455252997,-1.36048249986881
"861",0.468292105656147,1.04518185487433,0.0923094019410916
"862",0.930417260062274,0.0988138132611137,0.832028666276164
"863",0.651394413428235,0.444193548881421,0.0883808573733165
"864",0.49200398463577,-0.0336408835591424,-0.715267392129693
"865",0.872591373806409,0.0925555792144403,0.631479079966909
"866",0.837139857939754,-0.0310218121494989,0.447621738881761
"867",0.485753869444995,-0.479344904647455,-0.871881648596111
"868",0.67726308176055,1.12164213583407,1.12367200155009
"869",1.11747769930118,-1.91537257590723,0.853226831283009
"870",0.405854871424838,-1.16509430124122,-1.25602210473736
"871",0.235635553186229,1.19533217255447,-0.585144592263527
"872",0.668993977392312,-0.855423460348898,-0.366934026647807
"873",0.539220066002323,-1.04015975539447,-0.814998569988571
"874",0.532112370136138,-0.797207342776006,-0.792879784790466
"875",0.682885805902052,-0.741106802486195,-0.297041468366309
"876",0.87726259980398,-1.29259450947854,0.20698733970119
"877",0.246740789158165,-1.58465469326164,-1.80283320264953
"878",-0.346319210244108,2.06813754725452,0.638364643224949
"879",0.638387973292266,0.403472003498248,0.013114242452091
"880",1.08527567719015,-1.6374468155249,0.796742996956561
"881",0.875565134715309,0.332253706979398,0.795630471468816
"882",0.371004282079469,0.473251086442705,-0.889994387510392
"883",1.15216863205147,-0.00700706930198222,1.52206883858428
"884",-0.484422536900774,2.29367445984249,0.179918455938451
"885",0.345451408139619,0.699959745872271,-0.818339000857111
"886",0.762806858570563,-0.0604893725768154,0.184126971865054
"887",0.624187583596876,1.12590639168577,0.911430541649091
"888",1.0110249856977,-0.253079955659442,0.92736333652449
"889",0.00286018819032008,-1.19170867770482,-2.52968825364886
"890",0.565526398415291,-0.323713422554229,-0.568107835140822
"891",0.604076770443053,0.33813152407738,-0.15052348736898
"892",0.626913389310629,0.709462820954927,0.236673876147016
"893",1.58949135050941,-2.95512858499293,2.16006780197455
"894",0.804038566431426,-0.663296393180674,0.112365525685638
"895",0.583425697437149,0.576108350578785,-0.0509326720626794
"896",-0.236961639149251,1.91699371130628,0.709921656421278
"897",1.03571708073009,-3.01351031772848,0.482455861829884
"898",0.744587356693831,-1.29388761273238,-0.209821581275519
"899",0.000353989051765202,-1.00726992195626,-2.51977536176211
"900",0.852464858754493,-1.88770097833741,0.0396628197524973
"901",0.288148640213451,-0.488822263725523,-1.51779436874675
"902",1.13003658860753,-0.174924944995748,1.35793022647555
"903",1.03917031168056,-2.9403160913641,0.499131966677514
"904",0.713067369999685,0.932602533469161,0.870947030156295
"905",0.733392942332037,-0.481412456982765,-0.0655080563234378
"906",0.729584446145824,-1.54261351956596,-0.294935852664504
"907",0.275887209221428,-0.467392434946169,-1.55329496480647
"908",0.581306919332709,0.341285104935651,-0.22830766242222
"909",-0.521056803677936,2.49017653866852,0.836134076467362
"910",0.767639127677468,0.313133202621428,0.404989105856845
"911",0.446754964247545,0.870891888754071,-0.257795251124692
"912",0.878160922438871,-0.887422866266108,0.293714284574096
"913",0.690010211950256,-1.03011227064143,-0.335113757268402
"914",0.512056019234104,1.38599338973557,1.3316258443043
"915",-0.457417062388017,2.29891416422773,0.689799039218033
"916",0.539620181779999,0.165420559934144,-0.468684394111683
"917",0.0599568067747538,1.12322891747183,-1.46614754298233
"918",-0.609790168079534,2.58862919359509,-0.640800204198279
"919",1.06524504516774,-0.0482244797234592,1.20623165440402
"920",0.750779391813461,0.318293515419777,0.349604041271751
"921",0.487096755422769,-0.606122160142311,-0.897363165455944
"922",-0.65845742563521,2.56026720070758,-1.99088165824767
"923",0.502165458354472,1.30224714923006,0.916907634481309
"924",0.89830802461995,-0.748734405874481,0.392986698117549
"925",0.830107392125132,-0.586659804690043,0.217909064945686
"926",1.11297777660235,0.477703986356809,1.76160281413393
"927",1.29920224769426,-0.697821713662069,1.69746662666834
"928",0.171805952005453,0.971963305257891,-1.21081146830002
"929",0.56192622029007,-1.37240458468165,-0.794560902262257
"930",0.49565640706121,-0.896137753803492,-0.928258877928435
"931",-0.502288681954415,2.14414063424962,-0.995894675205917
"932",0.219843466812893,-0.722586951393168,-1.7816292922225
"933",1.06958394869199,-1.4135133180668,0.78734452668026
"934",0.475010989520183,0.410347497663079,-0.559653320388415
"935",0.880472284397637,-1.86280276414074,0.129304172863082
"936",0.700277639732595,-0.209359339333126,-0.0846990032756597
"937",-0.60390148320788,2.73097727718975,0.421577418394013
"938",0.91522393896244,0.306018682252205,0.914832815223426
"939",-0.4668461502316,-0.74786141145438,-3.99096989347014
"940",0.0154620113741258,-0.0316833180094143,-2.31872355801688
"941",0.743049148980238,-0.969967695120893,-0.154817514566486
"942",0.892363868226671,0.477025522189862,0.973401661801852
"943",0.642023328418244,0.185008208374082,-0.107023304518329
"944",0.57573928314516,1.06129750711238,0.563010850085177
"945",-0.112697718108505,1.69369381460286,-0.0391794069740451
"946",1.22159010216437,-1.02879795184817,1.35093476731921
"947",-0.0671613977517169,1.50435344426262,-1.07660353774905
"948",0.434953673564787,0.736409960416738,-0.451558157745689
"949",0.719007653974048,-2.03876243981447,-0.389000617079522
"950",1.20951460424364,-1.40622145406048,1.22641503667886
"951",-0.56697727236244,2.52107885380755,-0.00166861128148158
"952",0.880401442503465,-2.79578468674851,0.0312617407259378
"953",0.639453128236914,-0.494074365208774,-0.375085549169702
"954",0.75873520858893,0.469828026840321,0.490438925931523
"955",0.052963555907854,1.43627194546624,-0.733821357886887
"956",0.550346392173925,-0.257895307417184,-0.597884366496437
"957",0.700073693200899,0.610844829532928,0.405069910098309
"958",-0.167249995532342,0.649248936898117,-2.74413600871573
"959",0.549622173959079,-0.626188107049342,-0.699755586556075
"960",0.567241206658428,1.310658445126,1.25085363457129
"961",-0.0992816142041219,1.22203708540184,-1.99901940397209
"962",-0.42263601939566,1.8206196688136,-1.7411223615046
"963",0.220224898481882,1.52845616992925,0.669479904735871
"964",0.432106984859633,-0.157812160839811,-0.958633380353013
"965",0.391827105216124,1.05811502775613,-0.196732257897629
"966",0.934617758951931,0.105176406536551,0.850059692741802
"967",0.632044940667259,-0.464365478050776,-0.390995919257658
"968",1.12427545974728,-1.55178127205601,0.932752818568138
"969",0.608041916909972,0.837796415212924,0.319596796399838
"970",0.291124030804414,0.425715403847035,-1.20150439351667
"971",0.547023866707094,-0.0715027825568713,-0.54463114540352
"972",1.0163891849411,-0.661037765039473,0.797947240850609
"973",0.0795374591915395,0.936530639025394,-1.61453080350828
"974",0.959808034240816,0.122808171350886,0.946545496050439
"975",0.296330013669363,0.529420106608451,-1.12255043357283
"976",0.829219629274011,-0.874877932175606,0.140464068743559
"977",0.587038741657156,-0.018943148583348,-0.389430504865104
"978",0.352921001549243,1.53132637338013,1.444879536816
"979",0.668571643548176,0.529676499225442,0.217362716090338
"980",-0.432560020769142,1.95278698548743,-1.14985722000479
"981",1.19232378420901,-0.464847732036572,1.43625635949619
"982",0.27664709550059,1.41759156091095,0.318995935536523
"983",0.440693672054135,0.79087646873674,-0.374060702958653
"984",0.483124303817277,-1.08403550105395,-0.999834222587287
"985",0.588697249646304,-1.63101557336216,-0.744836302361344
"986",-0.111986809084681,0.605510397215086,-2.56074071661911
"987",0.785989694106297,-1.04769005022186,-0.0342921498373139
"988",1.02826555910067,-0.149666694175659,1.03121323198918
"989",1.09134216783984,-1.02221526735774,0.939478905691498
"990",0.499738467197411,-2.06572416368999,-1.06547672939767
"991",0.26759914031031,-2.44421767306096,-1.80429167310301
"992",1.08634238500187,-2.88104256423233,0.646986241821446
"993",0.683186578958296,-0.404850287590892,-0.206493904763298
"994",0.44914522450151,0.490066011010254,-0.599967940143863
"995",0.875001817264367,-0.0652483294682788,0.558613692768752
"996",-0.274916602466747,1.5947042507878,-1.83842434611517
"997",-0.120591283323812,1.74820941199579,0.3609998508018
"998",0.372801968284203,1.44545071467432,0.954112022969963
"999",1.18794537501236,-0.397154841477676,1.44912512503685
"1000",-0.4766886912531,1.9121331602447,-1.82838459431743
