"","x_child","x_pa","noisetmp"
"1",-0.647346013009972,0.253946850315748,1.30695228913963
"2",0.811582910920761,-2.36484592214642,0.79562662348954
"3",0.958509406956626,-2.1303579759088,1.60668417258458
"4",-0.673103920053323,0.0690544829124577,0.0729992628589038
"5",-0.81046008885956,1.22203118518738,-0.196796779768575
"6",-0.701217563126016,0.447735511269367,0.766534079084695
"7",-0.204068935012336,-1.21642601748228,-0.129206868766983
"8",-0.505012264359993,-0.521648819417285,0.494192529867643
"9",-0.594534909711315,-0.260849871459721,0.276716782286325
"10",-0.756927971515486,0.254897909318271,-1.15272235924023
"11",-0.687541905239799,0.165555506569126,0.101566207474244
"12",-0.718958037610373,0.0963790807319767,-0.762891056671884
"13",-0.877931522488935,2.38783724235195,-0.652422942354793
"14",-0.786136828669251,1.25013767111434,0.896506775837806
"15",-0.420914669220519,-0.716078791546277,0.610728147781641
"16",-0.889975048434589,1.63316332674043,-2.99778849790847
"17",-0.899301539340389,1.82653920096268,-3.29183229263379
"18",-0.5552313745715,-0.485762743819156,-0.0193559333211546
"19",-0.654153109791359,-0.376911184849472,-1.02246153098886
"20",-0.617824818014061,0.16104773550267,1.56087261972123
"21",0.149180764691532,-1.47869076282354,0.23546991059988
"22",0.18341915235696,-1.33272071854475,1.47862355694563
"23",-0.602655570313408,-0.0888257358722079,0.815469005070943
"24",-0.654479357462087,0.136300150498931,0.692205008648344
"25",-0.766346724103676,0.89459415946601,0.414863933919579
"26",0.609286713675598,-2.47476437015944,0.0276051221460764
"27",-0.684830965722504,0.223119628718361,0.356667200692092
"28",-0.787586491449794,0.558121723775902,-1.17389575640756
"29",-0.789156823996062,1.35668315990883,1.15802078323712
"30",-0.809659050412926,1.1904749073861,-0.255854747803633
"31",-0.527505691725119,-0.277634672932341,1.26030346470505
"32",-0.361545724360567,-0.735087322332087,1.16544644482919
"33",-0.737188748298111,0.630913941109188,0.438598666148666
"34",-0.784864138152922,0.941099757735162,-0.0677506914968055
"35",0.988198230191171,-2.14562903813059,1.68529636647565
"36",-0.772224054251671,0.832474679744614,0.0244148504705614
"37",-0.902826153727742,2.99968491882431,-1.41872999049283
"38",-0.425587662621866,-1.18156069625922,-1.48042801738509
"39",-0.414565510586387,-0.67647757465428,0.876012636982508
"40",-0.741875100008565,0.533844753395636,-0.0048843138571586
"41",-0.625826251843388,-0.216768141764018,-0.0639647490752759
"42",-0.576834152253239,-0.167137392668413,0.94232368433688
"43",-0.844546531758605,1.46363888945975,-1.04689565576494
"44",-0.69228449608879,0.498196687942771,1.18636097641856
"45",-0.619518990957006,0.107609702680476,1.29889116198368
"46",-0.714567712234468,0.093735207276576,-0.681528638728911
"47",-0.73847782394291,0.791391187094379,0.961131264703139
"48",-0.85394885634534,0.976904899005533,-2.39122655483902
"49",0.14727628974399,-1.68362027549941,-0.53495835387387
"50",-0.794799192739474,1.1095869509634,0.083902422748614
"51",-0.688207255095369,0.147036764736603,0.0258948036867065
"52",-0.840223645691944,0.782935620268022,-2.25235027840496
"53",-0.622268760885417,-0.284042614213467,-0.243056108389824
"54",-0.677444402891881,-0.226675750270885,-0.935970681008333
"55",0.095234680652682,-2.06715166629395,-1.35628529946935
"56",-0.776756259363744,1.18420315378281,1.03947981846175
"57",-0.8540319346797,1.37916229714944,-1.67271762701827
"58",-0.501136987453561,-0.520538943911757,0.549397075080323
"59",-0.788441422347886,1.13862977959165,0.421084222763294
"60",-0.607725335163631,-0.328106738332068,-0.175710633927927
"61",1.32505430632852,-3.21465631114959,1.79711349300251
"62",-0.638432053719657,-0.282457042258505,-0.489275272175428
"63",-0.30955277864048,-0.800188491817381,1.35572204979124
"64",-0.845260028746413,1.74022473162644,-0.344384317356092
"65",-0.806890301134175,0.73848376256555,-1.31133223097831
"66",-0.0571467859138864,-1.37222144975546,-0.182286200130982
"67",-0.582911407834988,-0.0906779636689423,1.16041681337065
"68",0.210239342764289,-1.42560602046585,0.868683693302665
"69",-0.828817594254866,1.33075176463215,-0.669345584083446
"70",0.545239113076004,-2.11324424094776,0.181914987323741
"71",-0.0316669824712374,-1.40036074875078,-0.227592286069842
"72",-0.81884980672087,1.47751297242329,0.213758630460565
"73",-0.785311190303087,0.610674087405227,-0.983143750173291
"74",-0.723695190412717,0.238837248159333,-0.453110104222058
"75",-0.836912192525767,2.15866086192919,1.7356141026156
"76",-0.181940014771292,-1.31356787968551,-0.542426445861268
"77",0.945248867445453,-2.23989136877892,1.39600963989378
"78",0.182584395861663,-1.29863991993764,1.76208292874527
"79",-0.522628912263437,-1.15962655810114,-2.08882620373208
"80",-0.768675613952492,0.5875752542408,-0.578720256424695
"81",-0.615385487049327,-0.334413701672346,-0.313035389080749
"82",-0.531927809007172,-0.483557582276282,0.301082042969538
"83",-0.733474683328597,-0.449970405039968,-2.32727262513828
"84",0.148929578377865,-2.79436111294798,-1.62355063443262
"85",-0.753725768537848,0.761185887344592,0.381393703586374
"86",-0.720397854948664,0.300844202128298,-0.191274942927399
"87",0.339012596269752,-1.49496035713748,1.05949694455601
"88",0.52090246307459,-2.05085270989642,0.183062651042423
"89",0.019608601134139,-1.18374563880064,1.6214185819534
"90",-0.771135947649894,0.793918326985017,-0.0581347606229018
"91",-0.540924669533656,-0.440406872688628,0.356808146766269
"92",-0.085987650444328,-1.87390261814695,-1.8055200227181
"93",-0.462416425439029,-0.812586941910898,-0.26813578430369
"94",0.602070879838943,-2.17333735039868,0.30281723728909
"95",-0.822285080476415,0.841996999531264,-1.56979111957918
"96",0.137980601882188,-1.37085962145652,0.907963319387877
"97",-0.669609354736227,0.396048640733323,1.35918973978097
"98",-0.677871971922266,-0.117183683790882,-0.616034559324212
"99",-0.296344143611119,-0.747618770084403,1.80044797090166
"100",-0.726906302791671,0.454291746554726,0.134628633983798
"101",-0.585554464880344,0.0372568925819199,1.67119874857029
"102",-0.644330412575192,-0.159533513558376,-0.17379634560537
"103",-0.537432231194918,-0.469671248878916,0.284265333062724
"104",-0.686261413898475,0.635469621788082,1.90910604835672
"105",-0.857679515533685,2.04710067130085,-0.174319116764693
"106",-0.672323299645062,-0.526136969998794,-1.6905024467023
"107",-0.820231544264132,1.30031351667604,-0.38115401391448
"108",-0.656274855923679,-0.193803036928983,-0.487861355975251
"109",-0.426109019487773,-0.89096723322823,-0.254433822342306
"110",-0.074815693633275,-1.47969154830791,-0.857383795773609
"111",-0.67569040405658,0.161297024945836,0.338000640407639
"112",-0.654633527999887,0.0302668092462016,0.3006864547224
"113",-0.600420292739856,-0.181620549839303,0.486720942150501
"114",-0.879122592332845,2.72916957578176,0.503563408522185
"115",-0.841165493309716,1.07850312458628,-1.746861807426
"116",-0.279006927643616,-1.07922116225115,0.0869330466525849
"117",-0.692287357527584,0.193522688511191,0.0933126470017768
"118",-0.652826950142013,-0.693089998234841,-1.89451206226638
"119",-0.810527788682716,1.24037915165115,-0.14574876754262
"120",0.399110561924861,-3.63154049908833,-1.10236682894438
"121",-0.801120145482553,0.604248591709581,-1.4421710491278
"122",-0.849580495361051,0.456683183713072,-2.99373076466295
"123",-0.852156202399126,2.25767205511173,1.00402281860821
"124",-0.504924462950487,-0.144159459414614,2.27578550136343
"125",-0.704357551683276,0.495254055931395,0.858788890165103
"126",-0.772343033705573,0.991552514589655,0.530304357526192
"127",-0.895788666614208,2.55115256737461,-1.84259793925303
"128",-0.865132281610344,1.90759254314073,-1.06222995591968
"129",-0.134780138042081,-1.5487042306842,-1.38396363228588
"130",-0.610993510630988,-0.688245039948773,-1.4077333601516
"131",-0.814912947519948,1.36376072245767,0.0378976028358139
"132",-0.734288754863861,0.844736757142398,1.29437479898855
"133",-0.876427385816371,2.33041207101307,-0.70191665090846
"134",-0.451777049413412,-0.85420372419406,-0.340256423231473
"135",-0.266933283128267,-0.976864889502292,0.753405034217025
"136",-0.650205532387379,-0.340394296616891,-0.853443138684575
"137",-0.600842417056045,-0.57361335390002,-0.923459364773106
"138",-0.524349790631864,-0.581495288967299,-0.0024987671142022
"139",-0.835820286989791,1.38378560758154,-0.842433396870777
"140",-0.797304447536883,1.45719015885113,1.16483138218066
"141",-0.563253101071819,-0.493288408832629,-0.155136448798385
"142",-0.684896111316506,0.143924612871057,0.0848424403491643
"143",-0.478745215483556,-0.839866623279672,-0.545830995504031
"144",-0.872848074019854,1.84995048839821,-1.67102558755566
"145",-0.779897375632321,1.25766641723002,1.18398078028159
"146",-0.79071462920816,1.08555712091808,0.163948102413738
"147",-0.53803980406082,-0.488269986133794,0.200103940932464
"148",-0.723618519318256,0.695059730800141,1.06002305029077
"149",1.13342709256475,-2.71407478004538,1.52316109976318
"150",-0.605282231617521,-0.0894868118505567,0.765885533315742
"151",0.00574432997204821,-1.61956322901492,-0.963306174382481
"152",-0.742322648225834,0.736682071969395,0.648012469715566
"153",0.0474979415270713,-1.29363298714983,0.977081386761987
"154",-0.365365805323385,-0.484352987192138,2.52535733036201
"155",-0.861747709670002,1.34219224595533,-2.08605963984512
"156",-0.673655193895682,-0.244565865654143,-0.927334789033027
"157",-0.802030695740114,0.82329510843677,-0.959281567228285
"158",-0.595506286916991,-0.0973013581272621,0.908412515044551
"159",-0.401333143194413,-0.705927703815311,0.878352239155781
"160",-0.693073220442001,0.105456523673149,-0.209575616358505
"161",-0.691663975353277,0.338900859563127,0.609046380508205
"162",0.46468725755296,-1.99109996554222,0.0717106859645071
"163",-0.803344181594913,0.821258715674043,-1.00635709265957
"164",0.0531919629563626,-1.28503876961166,1.07680290079484
"165",-0.0595237239318804,-1.14963737047218,1.30646654261314
"166",-0.835712129312722,1.16430122464285,-1.35806792753577
"167",-0.84612518192484,0.83786864017643,-2.34958720889796
"168",-0.102608069284668,-1.02131752321149,1.87003012268118
"169",-0.745954401417056,0.355159611100656,-0.63411020443117
"170",-0.720927138137617,0.601092826109615,0.794127273584841
"171",-0.700169890485521,-0.117789309235547,-1.00844105130887
"172",-0.266488717183747,-0.991545458088283,0.673860412876525
"173",-0.599530757724468,-0.144380076142556,0.648160717391368
"174",-0.637727228877996,-0.5595648937958,-1.34177759508297
"175",-0.84057113452729,1.56870722597227,-0.581242974055658
"176",-0.72258271091947,0.577298708457575,0.663676840745491
"177",0.728197256907334,-2.28756096068391,0.599478521721739
"178",-0.375571214944297,-0.890402031535619,0.226141053759735
"179",-0.823370195832984,1.33585468386912,-0.417395348052835
"180",-0.857684809323325,1.7122464307536,-1.11221004678638
"181",-0.646677962675581,0.262489840686845,1.3569464603482
"182",0.384167824449238,-1.73048341417629,0.309884023369917
"183",-0.628629714995251,-0.111943276877539,0.266024888600163
"184",-0.706914573904818,0.247917824849849,-0.0507435485186599
"185",-0.782579853147877,1.12574540398435,0.604714444254987
"186",-0.857873741956271,1.96265048019402,-0.447917306278919
"187",-0.0705808565369899,-1.17647726495591,1.04107818279939
"188",-0.824841564085419,0.69962815115625,-1.93181939010368
"189",-0.679700704774717,0.199111833482746,0.384826045857893
"190",-0.672742504020733,0.270347522259008,0.797413453068177
"191",-0.76167814387549,0.703416516353762,-0.042754011276173
"192",-0.771915659369537,0.470563769852014,-0.973339087301405
"193",-0.392369493828876,-0.471499372850357,2.23633256958023
"194",-0.675320038284515,0.379929352083076,1.15546448845967
"195",-0.489796776609003,-0.763894866150624,-0.348918481523925
"196",0.58112730178342,-2.13614655713457,0.277475014465091
"197",-0.500227972702443,-0.569062082154015,0.349647188152836
"198",-0.546290155253848,-0.252202021029242,1.07796318877
"199",-0.83396067257467,1.76508547482737,0.374846328756515
"200",-0.551965030803988,-0.613690620025747,-0.465138090964611
"201",-0.65454180081928,0.0955388102852287,0.539304012043516
"202",-0.635744071469231,-0.121345553204145,0.107303319627194
"203",-0.914371226894365,3.72774005363571,-0.298787485450928
"204",-0.76406684478036,1.1921074171837,1.57747331004309
"205",-0.814612323065998,0.549646300124697,-1.92624739765483
"206",-0.791880029726238,0.878795669080963,-0.483711516312157
"207",-0.796794459492831,1.02492842265789,-0.242762013220827
"208",-0.475229533511572,-0.28273319544933,2.05105431654527
"209",-0.805909174083638,1.31901811036539,0.29231836266373
"210",-0.826569646343808,1.10833117706059,-1.13108998552444
"211",-0.787245104581638,0.781028170677486,-0.600230989048664
"212",0.126453068019371,-1.9741210157385,-1.13914145066287
"213",-0.567201750540469,-0.745283887065292,-1.10742307606316
"214",-0.834034803420053,2.09368879480645,1.6503043444413
"215",-0.886457810389854,2.83410697836355,0.103031807692358
"216",-0.279077796944393,-2.18839795706289,-2.75875297132685
"217",-0.63480668686156,-0.435271529004317,-0.926205454503524
"218",-0.0674088976645784,-1.28420683830012,0.335446638898046
"219",-0.401381474004254,-0.760416247527658,0.606516623302716
"220",-0.788814424206268,0.481822062364468,-1.38368895324634
"221",-0.758792379738784,0.709325883951783,0.0615564097091107
"222",-0.618428410882963,-0.186375821340041,0.167679570156091
"223",-0.770436456675527,1.16104739136373,1.20396368504653
"224",-0.769725048800069,1.0889924814816,0.965532565809555
"225",-0.544743272143641,-0.435968475567368,0.322084339998491
"226",-0.605913032272491,-0.713294692452923,-1.42743494977452
"227",-0.235219233252475,-1.06790447853792,0.495266757079523
"228",-0.841907314531955,0.252691742401605,-3.06593495587253
"229",0.24956712126672,-1.99501116683046,-0.716899092174613
"230",-0.646867678344143,0.0818490666876166,0.643040478061187
"231",-0.178189932783287,-1.28994244242903,-0.384412966114208
"232",-0.371150291837721,-0.930589435871004,0.0703426543234994
"233",-0.873839908992527,0.459425898025262,-3.61151555640771
"234",-0.630418095680611,-0.558034225079328,-1.24506511935562
"235",-0.830720807353539,1.47681413813149,-0.354968935630094
"236",-0.813452144671951,1.5548270769025,0.738875171579411
"237",-0.680008622575139,0.598263034888984,1.92659533580153
"238",-0.86266090321015,1.69372240027856,-1.4289550172322
"239",0.755928910450634,-2.5303278184248,0.460730186436709
"240",-0.57494204516113,-0.2331439965829,0.699659932957214
"241",-0.848094502125356,2.08656695533531,0.628973551718709
"242",0.252244395399733,-1.63005498884064,0.0664699035472816
"243",0.17654983835983,-1.64503259419179,-0.304386727610515
"244",-0.790241968738186,1.23676167148577,0.67958742336709
"245",-0.657253825011524,-0.00200191037614834,0.13654595799921
"246",-0.581087792431581,-0.0559613583839073,1.34312197027349
"247",-0.277738973065986,-1.00174887628008,0.520649222951908
"248",-0.776146841023758,1.24441057309889,1.28962911482257
"249",-0.127490446283346,-1.14226408302209,0.860727738811491
"250",-0.443968662366015,-0.863774709744954,-0.305581436067535
"251",-0.0545112714312949,-1.26808268584266,0.524199224265214
"252",-0.576218518711255,-0.675555890547543,-0.970678255047701
"253",-0.797336770927266,1.54751877833304,1.51629063551912
"254",-0.200908372502148,-2.6615232592379,-2.6840546000426
"255",0.638247815814555,-2.20081695480937,0.393923775440726
"256",-0.872240397406183,2.43906925478703,0.0244594005798112
"257",-0.686568270867243,0.250897369907501,0.415036403530367
"258",-0.563928865841467,-1.39143103701785,-3.03776534911132
"259",-0.802803155857512,1.23218919428281,0.147608526495412
"260",-0.0332368373675133,-1.44231447785267,-0.476757121435298
"261",-0.775358025419778,1.3130276750857,1.59187311329368
"262",0.163550098155504,-1.52856600775383,0.0616582556773075
"263",-0.797243988684925,0.809584435577197,-0.840744446377128
"264",-0.635637834696309,-0.474311538312506,-1.05847069637198
"265",-0.746525639199455,-0.235227672669983,-2.07425629254696
"266",-0.0158032448395997,-1.65758880642605,-1.1525297289365
"267",-0.589186098034335,-0.674347975510392,-1.11522506881167
"268",-0.0123641705424536,-1.40923245081273,-0.181188250409507
"269",-0.222818781889117,-1.0031892777667,0.978207880332719
"270",-0.754245916992229,0.5147558520759,-0.391969720455235
"271",-0.512864699243778,-0.671215989060772,-0.227704208966008
"272",-0.183775978411751,-1.07669522008718,0.848898988991852
"273",-0.805180694019998,1.03305950637002,-0.524680257070995
"274",-0.485608537450087,-0.398422357455481,1.32156144842029
"275",-0.274280420845089,-1.23279794792428,-0.685773479556408
"276",-0.831383557762071,0.972053745233518,-1.60690993444251
"277",0.471887937181594,-1.82730375731824,0.412327968243173
"278",-0.396120649851475,-1.13315457725607,-1.06650138320071
"279",-0.566267234395059,-0.12592140012581,1.30101643953932
"280",-0.78880261492768,1.52788452202241,1.8579377841841
"281",-0.766004526998848,0.774396202874641,0.0429486624307018
"282",-0.743810220015096,0.656086112002352,0.332085323784969
"283",-0.645922878346447,0.0589532604778279,0.576011265368297
"284",-0.218544422850385,-1.16063001763515,0.088903419064091
"285",-0.336659729725968,-1.19085843451359,-0.901388371432443
"286",-0.656415633924072,0.0495075667761726,0.334737237180829
"287",-0.526663512305764,-0.280681365915978,1.25954012641933
"288",-0.625625915255221,-0.449249793485329,-0.843604134136039
"289",0.201054982617151,-1.72743456391288,-0.423777168572297
"290",0.306179489944218,-1.70613699945393,0.0599488558098963
"291",-0.665739657229012,-0.0306033044902954,-0.120379379863535
"292",-0.794498298531961,-0.429449950717038,-3.13630055123685
"293",-0.18390289187662,-1.158487110601,0.350206814194817
"294",0.721787446666808,-1.93831302439059,1.1131646153352
"295",-0.244811666402806,-0.862429924965508,1.63398130658239
"296",-0.851380412344843,2.36399835556516,1.53754028324723
"297",-0.740713378433918,0.275519899591227,-0.731776888526004
"298",-0.53880234019628,-0.179944804963679,1.52634050973897
"299",-0.677749884461683,-0.200039327442572,-0.862807809593524
"300",-0.597488467584038,-0.217607873925031,0.395597084218651
"301",-0.84353766942387,1.24076016779163,-1.50829921626208
"302",-0.52761784595061,-0.821413153515277,-0.963053511322971
"303",-0.72080454908391,0.617469097228876,0.85659051957184
"304",-0.303508565867731,-1.09821368148918,-0.203113137432786
"305",-0.666012598613148,0.173526814849949,0.587351315899209
"306",-0.687005075648654,0.101826066747309,-0.0977021272916027
"307",-0.788188912349648,0.6626356310902,-0.935844782166597
"308",-0.775687183301174,0.908974418334877,0.146904083838733
"309",-0.885805421041347,2.17840541965214,-1.83523473930165
"310",-0.0247587079797326,-1.36805019520074,0.0250373602459416
"311",-0.441429008448503,-1.13538579442952,-1.41036455963149
"312",-0.810647799247678,1.1585025615496,-0.385860484927492
"313",-0.687241258086172,-0.0356964642867245,-0.535916403370716
"314",-0.835796957242531,1.68453706042767,0.00895461150391667
"315",-0.584472458892016,0.0002923847587455,1.5271902032936
"316",-0.424035928829231,-0.966412221609005,-0.568308902234009
"317",-0.841520048645415,1.576908950516,-0.606877149212439
"318",0.150752522278815,-1.42442111620833,0.570026481109417
"319",-0.489347876432039,-0.788384453672069,-0.444032396994606
"320",-0.541546313734396,-0.629321563386413,-0.39920522200779
"321",-0.554739660990517,-0.765640631740205,-1.04421260900033
"322",-0.450199002347872,-0.856619847201667,-0.335227785118577
"323",0.29965221134757,-2.07107781765576,-0.633135981790474
"324",-0.755928175256672,0.338838940125234,-0.915934407645443
"325",-0.618597280972274,-0.533146950398121,-1.01747577274882
"326",-0.788330302441809,1.52426257446429,1.86581955882999
"327",-0.805968019449995,1.24255470482395,0.0492484102267195
"328",-0.500483902761028,-0.537147120785487,0.485046100043395
"329",-0.559063808054925,-1.02675292991727,-1.94591024921188
"330",-0.63524462202978,-0.189017989132529,-0.122145968821744
"331",-0.879489584498827,2.70499309904074,0.356958470193015
"332",-0.670766281121008,0.0370691975601829,0.0108396476546502
"333",-0.82581098910255,1.6199339904005,0.331319836301776
"334",-0.726419847402772,0.691848992214493,0.965205093550975
"335",-0.288152409760388,-1.11189779663536,-0.157095204613441
"336",-0.55109882647783,-0.392773834812817,0.408940664765178
"337",-0.69903239846621,0.394318957298833,0.629064798272757
"338",-0.768602458259565,0.454811647133061,-0.928374056432683
"339",0.805837434411876,-2.87020024356461,0.392058405032755
"340",-0.723831065464638,0.629465903396255,0.814005586558467
"341",-0.695770307057841,0.192636067181862,0.0151669191571635
"342",-0.742299107203881,0.32863948011312,-0.621179762681758
"343",-0.776631464709771,0.788337489462776,-0.247428517899679
"344",-0.412351269891683,-0.756630653047153,0.508016010647339
"345",0.0724921499354936,-1.45909667116246,-0.0361131501311066
"346",-0.819479638482551,1.23735450234771,-0.523709348319557
"347",-0.723917276687152,0.459018654955793,0.226428262433269
"348",-0.0450744031595278,-1.32381509308954,0.20640693401931
"349",-0.783771416008934,0.516517670124109,-1.17051938599819
"350",-0.533085216331494,-0.832276639253479,-1.05728580740247
"351",-0.726074130537051,0.750181109021862,1.19310036158008
"352",-0.675859088158737,0.399966170388427,1.22082212719647
"353",-0.359486566206441,-0.829206160010914,0.691500970623922
"354",-0.867010768860288,2.13456637242135,-0.561655847381359
"355",-0.25834132327528,-0.935361254674498,1.0694247677834
"356",-0.772535272840006,0.585321104505373,-0.691810685556788
"357",-0.723393581292429,0.530240891041126,0.478634508345019
"358",-0.541113928312176,-0.154169094085646,1.60683413893112
"359",-0.777709366573643,1.33530972764186,1.57914113812203
"360",-0.824450695060603,0.509915324163655,-2.2614802033837
"361",-0.804072119988803,1.39714792194205,0.634443534499498
"362",-0.709820206220042,-0.346260917415345,-1.75728822044692
"363",-0.744191526072294,0.347329331963608,-0.613779497841668
"364",-0.25385138113644,-1.11684313827191,0.0752057728061743
"365",-0.885430285016102,3.09460645491735,1.61661221644163
"366",0.0626611906949981,-1.32302469211199,0.847604248526459
"367",-0.776765191331657,0.835422435672843,-0.113226942300204
"368",-0.682639740004503,0.165494001586042,0.20533473899165
"369",-0.836855122127324,1.83724553248508,0.454565915566175
"370",-0.84372007382232,1.55402800964713,-0.778853847098537
"371",-0.462440218709212,-0.616757847505483,0.600184652083603
"372",-0.672804697166553,0.0111300834207674,-0.115130800066859
"373",0.31007868137002,-1.52610309529534,0.753500285893842
"374",-0.677877573559817,0.387103521461762,1.12096293890827
"375",0.601640347422724,-2.12517924402179,0.363933636189196
"376",-0.772034457424934,0.716928926430427,-0.312598153399071
"377",-0.101327521099256,-1.0345769767661,1.788058799993
"378",-0.72193355820018,0.0252088864634721,-1.01761032381409
"379",-0.785506526781446,0.977491946421381,0.0197956099702656
"380",-0.504975687639239,-1.07548721709125,-1.67098241529407
"381",-0.61554881094777,-0.857597292193432,-1.95208890681245
"382",0.630402360522572,-1.81153759084174,1.06633951118534
"383",-0.0830196371037609,-1.06342005084231,1.7340173592949
"384",0.241903076575946,-2.35804633468972,-1.09745369143614
"385",-0.28464856069426,-1.3339351242227,-1.25557941863051
"386",-0.577502471659121,-0.241727170189448,0.62344646686523
"387",0.183447712471123,-1.40843426475941,0.855296632654559
"388",-0.679873962187077,-0.218438707718878,-0.951513053886373
"389",-0.690339042776269,-0.310329384437111,-1.37258117494041
"390",-0.83705384038225,1.64533100759848,-0.179095930086405
"391",-0.807495243318201,0.890811147685774,-0.97224618393966
"392",0.52472191337132,-2.44495647830684,-0.226181508392835
"393",-0.749671863833524,0.897403324053378,0.983423330261876
"394",-0.779971641879035,0.7138981143765,-0.559317460200979
"395",-0.743681968816959,0.567013970594624,0.049764684119807
"396",0.99742544684673,-2.14194157721007,1.72357727063191
"397",-0.216219471782208,-1.10013844939413,0.456035488378387
"398",-0.652218506079917,0.109025411469323,0.636618314349207
"399",-0.668438933403405,0.260872488363653,0.859203665746792
"400",-0.63668177702714,-0.233331183284935,-0.297512317979651
"401",0.992737446914355,-2.22709284127156,1.57626973582611
"402",0.0806726856362561,-2.30014760826168,-1.59817763997563
"403",-0.608920009538292,-0.625215017157637,-1.18825702153166
"404",-0.605243551227214,-0.107577987863617,0.694595096600889
"405",0.598213593935721,-2.03611085225172,0.482814459287387
"406",-0.271341241729292,-1.30551233087567,-1.03615614774164
"407",-0.852010535507901,2.04189719258879,0.196412015926655
"408",-0.33375172886503,-1.06060106949922,-0.250055010324995
"409",-0.38657741489678,-0.972566960711238,-0.267730812819373
"410",0.161183209762905,-1.26997770781523,1.87223728342256
"411",-0.412182540824269,-0.750616509965329,0.538913954034346
"412",-0.345137767920801,-0.852678073757891,0.711080903016009
"413",-0.509874879927691,-0.966254043842184,-1.32248645351933
"414",-0.783508950352049,-0.047580197829189,-2.34216437304576
"415",0.0937078662505778,-1.4077416096522,0.387387319501365
"416",-0.130962280332896,-1.08410344106773,1.21498851288431
"417",-0.725679819669452,0.598910829206177,0.653537354193268
"418",-0.62576440072558,-0.154254057322879,0.161176664795402
"419",-0.372659956043791,-0.960761060382879,-0.0894145465307838
"420",-0.477493355538134,-0.462978331636171,1.12683237918484
"421",-0.722542229475002,0.624604118200381,0.833152297767259
"422",-0.183152550878348,-1.67069998268665,-1.88330581103538
"423",0.350809436338556,-1.66658285680359,0.36407444124309
"424",0.773294422157722,-2.5016803099828,0.540798190002934
"425",-0.256601718645571,-0.966964561353569,0.900670694208076
"426",-0.714504548135937,0.712714099311565,1.39917714428036
"427",-0.440466443210127,-0.60654311613397,0.913877326777258
"428",-0.706661974647169,0.0332062356315939,-0.699436306884153
"429",-0.537911524827045,-1.10085398832546,-2.01193139901265
"430",0.66753631079074,-1.92362092983196,0.942549244147194
"431",-0.119918770258856,-1.22546676708505,0.379377547575607
"432",-0.871157646286609,2.52772495357601,0.469740622053691
"433",-0.769302291951422,0.764603000353332,-0.0891719079461624
"434",-0.783851762112814,0.438650261876673,-1.35500585842034
"435",-0.749809466004234,0.201153279040712,-1.13009573113605
"436",-0.671352311361568,-0.219593662425849,-0.81597025560479
"437",-0.840453986278712,1.71465924483958,-0.152952554928937
"438",-0.796064614428514,0.71034153749699,-1.05052366028107
"439",-0.630605398657164,-0.148238019462171,0.100070252610648
"440",0.366818932738285,-1.91038555169444,-0.154515822161446
"441",-0.676451566451365,0.125100071943632,0.196458254562661
"442",0.60746190842114,-2.6969384561054,-0.131023172176804
"443",-0.806961357729543,1.32218010671055,0.2568538603049
"444",-0.477697049377598,-0.676356738387432,0.154112464775928
"445",-0.737119787873471,-0.120554096011496,-1.66207651104319
"446",-0.762596370563797,0.0232224868860905,-1.8075048718672
"447",-0.878467309982946,2.82315835154332,1.02719257513153
"448",0.141012333622158,-1.84306628169595,-0.894048710227235
"449",-0.667433555398729,-0.554002311260291,-1.70137801353515
"450",-0.574785649601151,-0.383095316728827,0.106240125603326
"451",0.13032937303827,-1.40297986572336,0.615344133328726
"452",-0.769077639713387,1.15640148561371,1.23983571995944
"453",-0.682259113968394,0.360816974801422,0.914209897976292
"454",-0.912393205572345,3.51992204930771,-1.06851460863166
"455",-0.649331601159043,0.10908123557455,0.695821041422412
"456",0.0127413745041374,-1.31457774494092,0.613425472497528
"457",-0.752467257126298,0.589469662367745,-0.123381645148476
"458",-0.827355624473384,1.89136899179568,1.23594821050037
"459",-0.739538175466742,0.250477782953118,-0.77387074487536
"460",-0.700671442841984,0.0798474485180007,-0.442796537625208
"461",1.01960792688623,-3.28253734947769,0.846409639813683
"462",-0.641034739880838,-0.722946627667355,-1.84327387611759
"463",-0.729097737109207,0.0848702838101034,-0.999125056845995
"464",-0.571874023652838,-0.506159635515187,-0.317216497444403
"465",-0.415625973372026,-1.05458166562744,-0.878645652334281
"466",-0.39174251155876,-0.530451792395117,1.91676479567617
"467",-0.45356745166129,-0.653325493504754,0.536387176551329
"468",-0.695999477310217,0.431546978307011,0.839351953636927
"469",-0.633127766303443,-0.873786652092795,-2.16641944690306
"470",-0.215054462022169,-1.29501472176559,-0.639094912342658
"471",-0.627643241079309,-0.120272743418825,0.252773065796782
"472",-0.789506740022048,0.387656353801751,-1.60897062004276
"473",-0.724678466121224,0.135395987609707,-0.770905055885075
"474",0.511008117279215,-2.02634016989329,0.184394970182664
"475",-0.752601568527006,0.226610454523298,-1.12708445165751
"476",-0.285543661318107,-1.4516534524842,-1.7862226004999
"477",-0.398742667117783,-0.428450690103165,2.39167601149106
"478",-0.708769137598875,-0.234724604915902,-1.46446301265388
"479",-0.197450060932368,-0.945766579703734,1.55489308279855
"480",0.873462004089568,-2.72403666751524,0.693755682710301
"481",-0.43466759454233,-0.562937775875894,1.19995015031351
"482",-0.322299124197162,-0.89137476816513,0.724814761089529
"483",-0.880267299798019,2.48632594108058,-0.545758082382672
"484",-0.81553550206156,1.47031204354333,0.348242098393881
"485",-0.766308869435154,0.710326417398517,-0.160235737577623
"486",-0.758844102034163,0.33752229088967,-0.988491129813546
"487",-0.612164783222004,-0.276119404251741,-0.0573867243103902
"488",-0.782161055233851,0.419289272785009,-1.35701647416979
"489",-0.624010668862352,-0.249939527664568,-0.151457488135716
"490",-0.832158641899387,1.70578749253717,0.27646353643915
"491",-0.609929197204575,0.0421939648542657,1.21704894378505
"492",-0.759698081736754,0.342286549267608,-0.996584874931587
"493",-0.478913738193556,-0.81507025960083,-0.446000033941771
"494",-0.831496092517032,1.37694825110863,-0.66568381186157
"495",-0.791379802000162,0.957251248174103,-0.245784145344894
"496",-0.801746370273226,0.999618991873798,-0.491955347847476
"497",-0.651044617326875,0.167979241303653,0.885052846169147
"498",-0.646641864480857,-0.133618933503044,-0.125126879159706
"499",-0.820104111847549,0.967917780534015,-1.22052821781321
"500",-0.122598047170131,-1.19446613518436,0.559011595080407
"501",-0.780242621757163,1.01584309152362,0.327666337501927
"502",-0.896778891461138,2.85983207885398,-1.07801342742646
"503",-0.675157061173327,0.0447677681804204,-0.0491055853951661
"504",-0.813545116687474,0.508956859460402,-1.97504356431729
"505",-0.697021400028259,0.311899137852457,0.388098888176153
"506",-0.777322971534037,0.418115446007667,-1.23900130040676
"507",-0.0245457347908987,-1.49779346654221,-0.690907397113865
"508",-0.745646134103212,0.0366192989195743,-1.4485354161678
"509",-0.818596460827818,0.903910056137977,-1.31386805708173
"510",-0.574500772503739,-0.0191467096929555,1.62843612912437
"511",-0.835809557442539,1.78965483640315,0.352078111210729
"512",0.396963064852327,-1.76119334660178,0.279233902452309
"513",-0.423192064601498,-0.449465840130685,1.93732012957965
"514",-0.482666327640124,-0.628961627205886,0.30324147011661
"515",-0.118015783040353,-1.2373032079913,0.316798451515501
"516",-0.731373625101866,0.119247003433646,-0.953545562351616
"517",0.314340830760271,-1.88158517722102,-0.300767456000208
"518",-0.755390191379171,0.921127649408003,0.87573909655611
"519",0.781398969739215,-1.74527455511247,1.86494856697423
"520",-0.511179033514551,-0.35574930170729,1.15053735735964
"521",-0.847955987541725,0.640940157337567,-2.70338773430441
"522",-0.886822976527958,2.66370534850308,-0.598747502719073
"523",-0.746162901651162,0.553489170394095,-0.0598803072461178
"524",0.534019060011669,-3.17352045486888,-0.57528112969135
"525",-0.341953733505659,-0.871698939477208,0.642016389871825
"526",-0.814354278393254,1.20812342503305,-0.39491028683239
"527",-0.343960288071485,-1.1839720959176,-0.919916069422682
"528",-0.608885835190894,-0.0266450868164184,0.953272371206261
"529",-0.734951699924077,0.357378773842597,-0.363780841189511
"530",-0.0566065890495796,-1.30580623567651,0.257988707401425
"531",-0.864632187491897,2.07819542527096,-0.560071470267669
"532",-0.778854245481344,0.434113684606032,-1.23945123660678
"533",-0.837262786165475,1.3979031450072,-0.871951918707799
"534",-0.914856131720709,3.76401146561755,-0.167101318112272
"535",-0.645824879798702,-0.424429152309827,-1.04657228382512
"536",-0.720275396160348,0.225188900554585,-0.417775996268944
"537",-0.650038628769607,-0.0576890733899628,0.07657412506526
"538",-0.333378307364081,-0.793380128636617,1.1482317916692
"539",-0.484063806101783,-0.4987610931834,0.871286839958076
"540",-0.717130565185058,0.474217145575932,0.451944479478386
"541",-0.451962224452072,-1.00161256926165,-0.957798604646647
"542",-0.609995688051416,-0.149140055171807,0.449980443376328
"543",-0.79513276764066,1.37083822412688,0.944265126915952
"544",0.0143818701557553,-1.31421916607847,0.625789030409213
"545",-0.500400397644037,-0.462623141607085,0.816941790702859
"546",-0.648732467098861,-0.0565791940901175,0.104316985935804
"547",-0.255973983672108,-0.94780630496922,1.01788762268654
"548",-0.526498231305888,-0.606960925693587,-0.131244715809511
"549",-0.809426215556988,0.177616856193509,-2.4637173691453
"550",-0.843999369505175,1.78138690828105,-0.148631084620427
"551",0.50344047943087,-2.69240177779149,-0.45833265544766
"552",-0.928059757889724,4.37559202397116,0.212040699754529
"553",-0.849637820767831,2.19355965542472,0.93480451244048
"554",-0.718565988769186,0.140918967109312,-0.627904352780747
"555",-0.860719493633395,1.81999286823194,-1.01684937894007
"556",0.570662584428912,-2.11268107239033,0.272099621477788
"557",-0.822138753817933,0.526730902357881,-2.1708368536733
"558",-0.725130755149756,0.473986042685961,0.244401230649739
"559",-0.279594098103364,-1.19467417039943,-0.525592327323404
"560",-0.0361705127098307,-1.52383245939612,-0.847168756194128
"561",-0.715836653311423,0.621217812352711,1.01088433003195
"562",-0.474975478143128,-0.512754578487413,0.925817967755978
"563",-0.717163882239109,0.357660013714399,0.0641829422281518
"564",-0.213585409268145,-1.59098536069489,-1.84846707227603
"565",-0.651498894198583,0.220260798640177,1.07943960297142
"566",-0.610595702980243,-0.292402940133552,-0.0915734121005407
"567",-0.659923624074369,0.0262845601206912,0.184192056838139
"568",-0.768121781739202,0.749418382764108,-0.0984160635573487
"569",1.14948510385695,-2.62447671900906,1.64881651539233
"570",-0.766621726049757,0.347308864147457,-1.14890750569829
"571",-0.783139860006656,1.16426091492087,0.715095510155277
"572",-0.865569275234564,2.05372506308336,-0.696395930354086
"573",-0.783977470528935,0.747306736886448,-0.590047372171785
"574",-0.791328321016837,0.651832161431811,-1.05342479513561
"575",-0.721548348748759,0.299396718540982,-0.222356686797127
"576",-0.421782719349187,-0.674283135030869,0.80416894770958
"577",-0.746329188828079,0.285016079691134,-0.83433209399852
"578",-0.749415431249334,0.441580322472695,-0.476256450890467
"579",-0.855179874732814,2.02641888439962,-0.070914983719604
"580",-0.874816326302894,2.23537257865129,-0.853034092645082
"581",0.320558999505501,-2.20724892716863,-0.706321220359801
"582",-0.577198639304,-0.291038468327146,0.4302129070687
"583",-0.658859020329307,-0.317938694265662,-0.915201857323482
"584",-0.818573283726704,1.38101549298146,-0.0734007910935001
"585",-0.839875410720853,0.0140734928812391,-3.30903356815148
"586",-0.803240543913615,1.40699235610544,0.706521451969673
"587",-0.884456631529508,2.39116966618474,-1.20925129258402
"588",-0.0320648305336602,-1.50502270842037,-0.755943290795781
"589",-0.735182128493733,0.0139810755615726,-1.30173358226565
"590",-0.655541122804007,0.0781774481284665,0.455600415651398
"591",-0.436428433113187,-0.443704930976321,1.78549179828889
"592",-0.819543445338599,1.08236938127807,-0.927844515819132
"593",-0.778827289740865,0.990029523450424,0.295120483511859
"594",0.853025747244033,-2.35883500934506,0.94016347902561
"595",-0.5644184879811,-0.0327936391419168,1.75425762511382
"596",-0.856229535864152,2.29755234029369,0.842407920599542
"597",-0.60825498760656,-0.467898905616997,-0.667839890082131
"598",-0.0401412913051428,-1.17651674395813,1.25524929717063
"599",-0.854886957069324,2.39818185475624,1.39372509958591
"600",-0.760947375111518,0.928870722375959,0.713447906460341
"601",-0.742562405801658,-0.996804536994812,-3.41745837237405
"602",-0.529109469318113,-1.02113084909649,-1.67900460950611
"603",-0.818851452112133,0.875974252898903,-1.38440870215219
"604",-0.588471820219662,-0.500481849109825,-0.515443469575557
"605",-0.776713069556225,0.720303326424473,-0.443733824434601
"606",-0.614242040361621,-0.139308535985693,0.414482117344415
"607",0.275538847400745,-1.58731320175547,0.323434912515415
"608",-0.713162692229343,0.52767245601286,0.743298032991315
"609",-0.860827558572736,2.69116258044795,2.3337251633903
"610",-0.420643036346547,-0.628693758343052,1.04308374364371
"611",-0.796190992642959,0.631174668132556,-1.24198161026941
"612",-0.797292488937225,0.695470969516836,-1.12283249268261
"613",-0.618107108031171,-0.254412036812784,-0.0732863046306095
"614",-0.644891471734488,-0.239276048360166,-0.449534063032536
"615",-0.432735711049562,-0.96578326999628,-0.642109022266032
"616",-0.670382652157323,0.422066781974304,1.44529758527162
"617",-0.717748260232426,0.400613072856789,0.189701192511373
"618",-0.702751395193092,0.43080869041975,0.666815035257241
"619",-0.76414348697273,0.358040019291115,-1.06297295146211
"620",-0.641723645138901,-0.345449900247591,-0.742905446069139
"621",-0.917637381722401,3.90623083617233,0.0889055420234356
"622",-0.0124624793040461,-2.73214997384309,-2.10901581539874
"623",-0.768535727098993,0.42375010589723,-1.00557239943128
"624",-0.637582338904797,-0.720840908075046,-1.79949624676746
"625",-0.546879364901331,-0.428689905733044,0.322038640778933
"626",-0.641658125905245,-0.181303014202582,-0.202776211654762
"627",-0.825970702038886,0.85144996631175,-1.6701935235742
"628",-0.765044995175515,0.951717173126874,0.651216862704992
"629",-0.725820738679078,0.788032296278051,1.3460809840104
"630",-0.576853949177423,-0.0373543508955057,1.5029677467818
"631",-0.548889332910915,-0.43615345879041,0.263771688561706
"632",-0.545987344398185,-0.312581741746875,0.820439842027359
"633",-0.872059640975184,2.71915114695272,1.24712029156016
"634",-0.744087131824466,0.836508472452042,0.946199981213547
"635",-0.46183253638438,-0.476457176756518,1.2737472068785
"636",-0.649439453996914,-0.0442008018743737,0.134835908105007
"637",-0.44101051989873,-0.619423579366163,0.845082088407184
"638",-0.877406670788455,2.37605834624207,-0.643939653763253
"639",0.654602975120993,-2.44184352061541,0.203255184329105
"640",-0.654329717720912,-0.360014611358131,-0.974322923922073
"641",-0.673015686691686,-0.201958465863641,-0.790325324413656
"642",-0.0146030757522836,-1.36211255556664,0.122138706106691
"643",-0.665495444283397,-0.411583327997516,-1.2858943632227
"644",-0.662758695470745,0.318653959120534,1.21396654830791
"645",-0.0834849979254985,-1.30449092400423,0.104308643774795
"646",-0.292295972573926,-0.942144366590521,0.724031941317268
"647",-0.699799749344522,0.552952276208877,1.19722270732779
"648",-0.812253044323495,0.831670760075762,-1.26801891514222
"649",-0.628569837300318,-0.474936220589584,-0.965163930955923
"650",-0.850879317098043,1.41926249686498,-1.44481848048559
"651",-0.64570166375847,-0.176188250248972,-0.253326811029956
"652",-0.254609957155079,-0.952216820682355,1.00426254979823
"653",-0.349328950371671,-1.12520021483547,-0.683012120813432
"654",-0.0465587299430103,-1.47801186296944,-0.712874913617892
"655",-0.522657400142082,-0.426196421275955,0.671036785600177
"656",-0.668131220726142,0.0415709419648503,0.0775116994743863
"657",-0.493342707616304,-0.372076871617168,1.3357285888598
"658",-0.491001969640249,-0.501271129314979,0.768152304360895
"659",-0.678150967710706,0.101796814046507,0.0822639701981072
"660",-0.878696906277794,1.33973339550443,-2.83410751039361
"661",0.260720396814223,-1.5777828318206,0.295613832227899
"662",-0.163622722194518,-1.06953393056381,1.05276634910742
"663",-0.750863122849791,0.638961438350762,0.0741107473400874
"664",-0.839146406892166,1.63727816883827,-0.313575318271762
"665",-0.616794841164781,-0.36396292717002,-0.435816743558603
"666",-0.708444645110379,-0.125882590992363,-1.17505644431978
"667",-0.61003269088186,-0.390990970800603,-0.430535281445666
"668",-0.484980134268654,-0.504301474951954,0.83370672761113
"669",-0.759586796516574,0.250924538043026,-1.22221362860965
"670",-0.854361371294315,1.411125286392,-1.62209607683895
"671",-0.400177894499106,-0.771481372535409,0.564813352858891
"672",-0.768987020971037,0.823463034958463,0.100680396064213
"673",-0.670841646198267,-0.307537660167095,-1.06699386880313
"674",-0.84140313354279,1.24124662693682,-1.41906066146081
"675",-0.311586212806827,-0.946268134377713,0.52819118682515
"676",-0.846853450945114,2.24808648669817,1.38085146835796
"677",-0.382668755363596,-0.866037802286491,0.277778845266086
"678",-0.596432223950749,-0.478380347540911,-0.544163375092343
"679",-0.748039591963305,0.0707935110164622,-1.41387143576472
"680",-0.671887361246813,-0.168441277402124,-0.669857010818717
"681",-0.495640992523049,-0.594904661632417,0.294822752443426
"682",-0.574884643740531,-0.320648741956004,0.348295081711898
"683",-0.667688694392415,0.0408971908722824,0.0838522690772107
"684",-0.78227500375867,1.13550805431866,0.649807240490574
"685",-0.519521571590133,-0.561511459591846,0.139574243780323
"686",0.629394357202496,-2.95506281410773,-0.197087206329338
"687",-0.175852639220617,-1.29202153119479,-0.382043099828916
"688",-0.578363194969007,-0.124546021222435,1.0962098229564
"689",-0.840231102807874,0.830148524431732,-2.17226364430327
"690",0.10586805814391,-2.60113198956293,-1.68070509251081
"691",-0.729937057977244,0.343443817910923,-0.285429166869788
"692",-0.703115260718995,-0.0645140198167298,-0.911830479561297
"693",-0.816980335518994,1.5707175867756,0.617247317832685
"694",0.964305769573765,-1.77246517040967,2.49882718852038
"695",-0.874117868689281,2.40532007022734,-0.262257912100733
"696",-0.431872898821732,-0.738599021420597,0.383618350798339
"697",1.09617446318657,-2.13387333482145,2.08255115840496
"698",-0.734724766928709,0.322580597108964,-0.46025470113543
"699",-0.76011489865234,1.02552271809671,1.08875036727573
"700",-0.852658277286385,1.70973710245917,-0.841099424993807
"701",-0.770403760991545,1.16689268005696,1.22729406404182
"702",-0.832812099171281,1.89163644155323,0.899082958654087
"703",-0.35766523656867,-0.74609661200018,1.14848734988374
"704",-0.714936063231693,0.255587648247524,-0.206550283459925
"705",-0.783447162839869,1.28977541773629,1.1548922267564
"706",-0.856643822757771,2.071351284378,-0.0236665876226994
"707",-0.81060140056493,1.2094610259715,-0.23905286023387
"708",-0.797615089036499,0.992532925061724,-0.364480585353304
"709",-0.746525159362811,0.93008609604924,1.21111648881833
"710",-0.723119518023985,0.162311247335613,-0.662309988394652
"711",-0.847341755394793,1.44316152350593,-1.22696562211647
"712",-0.806117288547161,1.0587296277388,-0.489130103323845
"713",-0.799180764531993,1.36044050371153,0.726752273105358
"714",-0.63724524668175,-0.292501195634402,-0.503935177825391
"715",-0.733106090410813,0.465604445083719,0.0118631892002859
"716",-0.658163917839215,0.209054410102296,0.889825556046752
"717",-0.645998006269749,-0.712260272650381,-1.86919173900166
"718",-0.715955150579082,0.35542186085909,0.0859567496189724
"719",-0.825266576060334,1.56450078879356,0.178218493126459
"720",0.456244277001051,-2.26180798084619,-0.295337421409238
"721",-0.752111204726487,0.738509005003078,0.356348139637698
"722",-0.710309650118716,0.235532658951358,-0.165662613343017
"723",-0.725387504728328,0.450230313858194,0.160203370801012
"724",-0.595996446385027,-0.117568463625074,0.817084053837895
"725",-0.806405860177316,1.47010831854246,0.781446677448368
"726",-0.854052735026391,2.08166958997953,0.192527048438866
"727",-0.872490438922212,2.24480783623461,-0.643511575374175
"728",-0.840574876657155,1.82136966999442,0.179249597124065
"729",-0.599755101485261,-0.395112743952075,-0.297547158225955
"730",-0.515829277590519,-0.620164710087702,-0.0558391769288891
"731",0.399751822621464,-3.12486943355342,-0.965974329642543
"732",-0.819698020191536,1.66068893042087,0.795696972937486
"733",-0.229738274832806,-1.15075510380004,0.0642265904138021
"734",-0.837736452682418,1.61542398997188,-0.303695695722005
"735",-0.750831719663508,0.784277931411156,0.548516848315488
"736",-0.865156280682648,2.52451632113059,1.03206619104104
"737",-0.356861082699514,-0.602977431422855,1.94816161028995
"738",-0.538508570919157,-0.316616240211347,0.916743181189345
"739",-0.10680032661924,-1.15977740964065,0.89601037952673
"740",-0.615508366421017,-0.659294808414698,-1.37132316610279
"741",-0.861602389946743,1.57137428657576,-1.63790529828316
"742",-0.501242801490622,-0.333138582608864,1.40400969596003
"743",-0.00882322895750196,-1.51796383054333,-0.697333665205102
"744",-0.74301016330368,0.459361255860434,-0.261365445843983
"745",-0.469810034722918,-0.768860166275635,-0.158040978860872
"746",0.590506333634437,-2.06163739415969,0.41556028727368
"747",-0.736790296878949,0.69077825517753,0.654688862815363
"748",-0.789930052907869,1.03492778839664,0.0364581477701946
"749",0.706501373174716,-2.3334695043942,0.477132261386393
"750",-0.757488485496423,0.624021316195589,-0.160461426576702
"751",-0.632354056237926,0.0282769309470195,0.72491480465125
"752",-0.485592722499188,-0.677889217498124,0.0571985749790427
"753",-0.755115587433343,0.921856201107619,0.887689148086679
"754",-0.602668971268884,-0.0306618092074579,1.05260567907288
"755",0.366294735938569,-1.57478132575106,0.779130412780046
"756",-0.65784666665543,-0.727344834228283,-2.03944303082916
"757",-0.703953297981821,0.303726359479078,0.19912846005542
"758",0.0343569762460487,-1.39130629244564,0.18717806136972
"759",-0.573033163616278,-0.661668198887534,-0.886389219313875
"760",-0.776024707492473,1.25109676099214,1.32032158072275
"761",-0.730506355410996,0.132563263428825,-0.899764048423292
"762",-0.840824698021626,0.994604855300836,-1.89609097417168
"763",-0.83771646717197,1.13954451306762,-1.49021490874232
"764",-0.429578848778176,-0.756922619264703,0.322653943309261
"765",-0.549456246553502,-1.46585166708868,-3.13525079100406
"766",-0.664163680733687,-0.391840152496431,-1.21073123246777
"767",-0.707104797986922,0.437787457873133,0.581812598790662
"768",-0.671743746015164,0.427197922755966,1.43203969323507
"769",0.366130309256681,-1.62856189620899,0.560833381347923
"770",-0.0884436578188802,-1.32348753227798,-0.0472251088578979
"771",0.129174001038435,-1.41914976619788,0.494197067294085
"772",-0.217828124837127,-0.825439997480539,2.13390185428272
"773",-0.812703740676828,1.36168362011543,0.129750704818592
"774",-0.633747295730061,-0.564773500191885,-1.30714252121266
"775",-0.740828866275085,0.182674369293897,-0.983892259973837
"776",0.371691845160533,-1.43683519974954,1.61194999180359
"777",-0.668358838569428,0.384006768840053,1.34138505976115
"778",-0.215125907301855,-0.993014164119689,1.10539963934864
"779",-0.841976484527909,1.56141269544743,-0.671835861832345
"780",-0.489947527935777,-0.399404233686155,1.25491189524951
"781",-0.77247076434698,0.504103160256955,-0.902492493377084
"782",-0.685136448351932,0.0594822102574534,-0.197284391159423
"783",-0.681137718230683,0.40857181493975,1.12386049123048
"784",-0.528037062160926,-0.826210391632329,-0.984793566426053
"785",-0.693595977605618,0.459786427321588,1.00560603599244
"786",-0.693781675742007,0.390644614408142,0.744730880514021
"787",-0.566936979613356,-0.43976486883795,-0.000658975637043054
"788",-0.744638847370584,0.684287659890894,0.401059513465404
"789",-0.865248993493605,2.59626836022987,1.36077499792019
"790",-0.851083182265649,2.00852310743718,0.145034871904154
"791",-0.331702255330933,-0.761658576178586,1.34132752271174
"792",-0.854606698921106,2.09255219750118,0.191317996252588
"793",-0.846664701426219,1.9785027447771,0.33411098421574
"794",-0.580846152099097,-0.412675587075928,-0.092569149993329
"795",-0.822278361143648,0.907410237579795,-1.43026754231273
"796",-0.191968872255642,-1.21482890527108,-0.0385230207847516
"797",-0.855476867867096,1.43256545858379,-1.62921566437777
"798",-0.777599205391977,0.961947364443771,0.248493750967624
"799",-0.796226407933866,1.35779514601991,0.848573095160706
"800",-0.565986346226338,-0.381457011483839,0.239890817205513
"801",-0.778837904988652,1.00563261711157,0.345093904848614
"802",-0.688271010905628,0.524294395735701,1.39506259973168
"803",-0.903929402957084,3.27470150834033,-0.494367592603351
"804",-0.876307116346763,2.35760801035097,-0.607765463422168
"805",0.568243715811229,-1.97374660787764,0.479037917626259
"806",-0.752715297547035,0.916909184334893,0.951488019752814
"807",-0.41729270589953,-0.921890287983069,-0.310758047392602
"808",0.0155492016238084,-1.66977165584469,-1.04973797317343
"809",-0.671026882391204,-0.82584659435447,-2.41919357196936
"810",-0.730017308958904,0.687707608359997,0.843884440755938
"811",-0.425478504891643,-0.629713194061102,0.980449007941481
"812",-0.459909113157351,-0.700698932982537,0.248048188498632
"813",-0.46991628121438,-0.712262315276567,0.0852583076194809
"814",0.287317128711045,-1.57593026301692,0.421738755242357
"815",-0.756142822479427,0.333436519715847,-0.935070683500243
"816",-0.138817996647546,-1.18414550817275,0.511962749264285
"817",-0.814400853585354,0.715752369545024,-1.58785782358572
"818",-0.904696998801143,3.40976757795275,0.0945247737090771
"819",0.505273056905415,-3.48182606554218,-0.753865542207377
"820",-0.592738903998545,-0.248290301693075,0.353599622109649
"821",-0.69183699180402,0.102865307311943,-0.192651264721633
"822",-0.523803425134918,-0.37288853175917,0.888191776976425
"823",-0.622593589771668,-0.129622557656064,0.306276420895299
"824",-0.64101920919351,-0.338879468830767,-0.711525887514757
"825",-0.275185549393053,-1.12277149330736,-0.117011574525259
"826",-0.861139818029631,-0.611937279108542,-4.1919317273602
"827",-0.696062109753522,-0.264305477113272,-1.33874566331742
"828",-0.590221290296765,-0.467999025876441,-0.423906378210583
"829",-0.859882704740578,1.77324042033509,-1.08560233439224
"830",-0.614570643940324,-0.348562122775025,-0.35000195892767
"831",-0.8260598834597,1.65236453858147,0.427099304001102
"832",-0.707507758124643,0.595946241628634,1.14987747603916
"833",-0.695772768106305,-0.182771107265303,-1.11324633908675
"834",-0.0101469604994742,-1.39464088582725,-0.0752306474844167
"835",-0.760235233143591,0.825914209337569,0.389356610315948
"836",-0.71736584280373,0.327897786917524,-0.035797144656405
"837",-0.56725516264305,-0.206262530771757,0.937055653242192
"838",-0.88368432016957,2.63767151164704,-0.359559889796359
"839",-0.523651710191792,-0.302519342000628,1.2064761863774
"840",-0.624799411309967,-0.290236598049386,-0.303739976087347
"841",-0.69532786056103,-0.469925975324112,-1.85231159154849
"842",-0.859049452280326,0.839229230782097,-2.76580871128236
"843",0.394306674793713,-2.22891943822123,-0.474385398546699
"844",-0.681768958288481,0.218524322260978,0.40792590919188
"845",-0.853758750945312,2.24009463357349,0.806015242438188
"846",-0.837529824285249,0.565322464300536,-2.52315702502156
"847",-0.222222503102158,-1.41146342945281,-1.29618730926787
"848",-0.741227501332661,0.0712189728896827,-1.2771113596757
"849",-0.806345113101646,0.931322716675171,-0.832464376789961
"850",-0.845891573417658,1.84716703416895,-0.0545267148334139
"851",-0.786680134004628,0.605913996560624,-1.03336414039078
"852",-0.787779368922676,0.403433407088046,-1.53222237291258
"853",-0.598408490043229,-0.139401265631895,0.687297714995101
"854",-0.750227843792361,0.507068134651488,-0.308028978455188
"855",-0.719995083059176,0.576767675623859,0.733111778380959
"856",-0.625884744953772,-0.109629149817481,0.322871897428952
"857",-0.657625651147224,-0.201076127385936,-0.533492260658313
"858",-0.633782417282733,-0.0794235794910526,0.293507588879656
"859",-0.695145724366184,0.135108265663631,-0.157723053856875
"860",-0.84440107247292,1.88905334164633,0.172697443153771
"861",-0.70886498169733,0.0927005814264326,-0.569226129716351
"862",-0.571852539021671,-0.459203117066786,-0.142087381569511
"863",-0.690341734065933,0.463929816606037,1.10482621934251
"864",-0.743634291397714,-0.462599901809057,-2.49143448615004
"865",-0.607010914779202,-0.379815599485482,-0.348065247452379
"866",-0.821113920069595,1.56229836849346,0.380060727023084
"867",-0.672507688642088,0.189414012686955,0.505808866220467
"868",-0.567099717324258,-0.281091034302658,0.627278483531223
"869",-0.832093138117933,1.4973535966946,-0.362168680740269
"870",-0.540197470002627,-0.489920806582504,0.164660516730658
"871",0.258904738446674,-1.54333241288051,0.434770493814905
"872",-0.686706098248444,0.208352541113345,0.264554204618487
"873",-0.665015412189856,-0.41816035583772,-1.2977042049895
"874",-0.353936408316724,-1.19678092288868,-1.04816789386858
"875",-0.748875297129429,0.726846613792418,0.416006757173214
"876",-0.82588566622401,1.08865857448761,-1.1511945009131
"877",-0.720775420882614,0.763345248768998,1.40697331980084
"878",-0.856543657461338,1.08260236065795,-2.31592597209932
"879",-0.779630570735721,0.432323292255117,-1.26323616050958
"880",-0.769032150229877,1.03128934303611,0.785655379160043
"881",-0.317882759636507,-1.18383775116292,-0.737103513162429
"882",-0.764280072953177,0.67010673134973,-0.219195128253088
"883",-0.676414284194523,0.110941290987081,0.148732368482146
"884",-0.786672021994573,1.02271927630557,0.117229645843161
"885",-0.792140582527833,0.736671253326099,-0.866910442166426
"886",-0.806407441217311,0.898060818715858,-0.917949686325579
"887",-0.698064253337822,0.125898708880303,-0.247399169810003
"888",-0.791777484154779,0.984560443065194,-0.18040082809199
"889",-0.627427042342704,-0.383052389747719,-0.654500366188691
"890",-0.82519554116154,1.50225545812046,-0.0137820825346531
"891",-0.660277812262352,-0.171087687557379,-0.482080860553894
"892",-0.797251482206157,0.491608282437305,-1.58192193538696
"893",-0.585938691365641,-0.0369431828479812,1.33653595759681
"894",-0.70862918908489,0.601864998831243,1.14107309480621
"895",-0.651080155266516,-0.129486396414775,-0.188107456328421
"896",-0.648242038834571,-0.0455932882034675,0.151983990749951
"897",-0.398891059993072,-1.5640365715323,-2.61750763901821
"898",-0.0451647931187349,-1.32497408119127,0.198103392227424
"899",-0.57779447288986,-0.278040332572837,0.472715665273373
"900",-0.110383687281342,-1.18361259034952,0.714022761952079
"901",-0.778657754002714,0.60566848686702,-0.808919986024308
"902",-0.710195937111653,0.0935258285155311,-0.593711133343287
"903",-0.854432982163863,1.86355651941495,-0.521735608590569
"904",-0.730166414730466,-0.0906935172637515,-1.46791781430267
"905",-0.583332174382091,-0.409951755399067,-0.117595786899951
"906",-0.396908638619974,-0.832037979506079,0.303209006754709
"907",-0.595910432566243,-0.271838353636738,0.213163254502509
"908",-0.823841512688243,1.27316918544372,-0.608943829461942
"909",-0.797262954638881,0.661402944147983,-1.20238911504104
"910",-0.65756645062132,0.374007952683008,1.5631366341418
"911",-0.815107559656776,1.29751582920711,-0.169903468290022
"912",-0.805062572198708,0.861616983066576,-0.963325334384765
"913",-0.683130360955851,0.399676621605257,1.04036078591376
"914",-0.556492700109515,-0.237469967510425,0.978796550011409
"915",-0.808454115061293,0.686030555633967,-1.4742849182458
"916",-0.864695461098337,2.03443440942014,-0.691697916019026
"917",-0.7665556670723,0.400494020409976,-1.01498329583832
"918",-0.00930557349799306,-1.4173201207044,-0.214531710049572
"919",-0.728274818077792,0.881243193736028,1.63557629936276
"920",-0.89232135980239,2.94273468552931,-0.182553909252515
"921",-0.744426732368094,0.553346153041588,-0.0131713863862259
"922",-0.576228542915724,-0.76941609011246,-1.28430361611049
"923",-0.649578846656992,-0.0205153129695325,0.216023768588989
"924",-0.770676905560198,0.216266014511281,-1.54934035876502
"925",-0.5774648651451,-0.113091094701529,1.16092328000004
"926",0.263814971408892,-2.36664925963666,-1.0305559532449
"927",-0.777375604820939,-0.0466053141112853,-2.22753846227189
"928",0.488057666103406,-2.5667440676803,-0.431994599375816
"929",-0.559871387190666,-0.193713012223971,1.11300854972235
"930",-0.461725191040827,-0.923544408560202,-0.725462671503558
"931",-0.813839231913532,1.40074777817504,0.20204043464218
"932",-0.568006109363593,-0.937886621934934,-1.7449090047685
"933",-0.8458352857606,1.65741913504396,-0.611236124255972
"934",-0.786945404060437,0.226113624896279,-1.88616595118606
"935",-0.74041502313965,-0.0895743563852116,-1.64824110498712
"936",-0.43454054920643,-0.769345051852011,0.21239284369169
"937",-0.867656574500664,2.67267879094077,1.49277991728917
"938",-0.835349066763656,1.343859652422,-0.921880766322657
"939",1.18857678200141,-2.12680897985831,2.418988473494
"940",-0.486053515367369,-0.67929625420287,0.045925107608024
"941",-0.194956024648253,-1.30426733954408,-0.568128978728086
"942",-0.332390619866292,-1.07546686058025,-0.312904048869669
"943",-0.813867726577396,0.732796814910029,-1.5358336496797
"944",-0.483289730540236,-0.290666649111266,1.88549752344586
"945",-0.100069949852681,-1.1892155409412,0.749097324872876
"946",-0.716748741192803,0.261055819851703,-0.230502569349763
"947",-0.633219822015585,-0.510071138898121,-1.13566144980279
"948",-0.689805643689612,0.387303642727544,0.829870029542967
"949",0.250408178021348,-1.95750220506773,-0.661716882344419
"950",-0.627880613514011,-0.0421273775531318,0.540019473969737
"951",-0.125958643485685,-1.50983858152465,-1.21767443116612
"952",-0.678865984856911,0.329852975246451,0.878646580483431
"953",-0.528918935661484,-0.963056377625327,-1.47891765131879
"954",-0.511314081028357,-0.64412360785204,-0.0999212047779707
"955",-0.753594574596614,0.662968327629917,0.0703839847816671
"956",-0.768505254903437,0.594936893486438,-0.553758886801838
"957",-0.809991235650369,0.500610312769285,-1.89739363862099
"958",-0.615304811706736,-0.168453802871938,0.286524481946468
"959",-0.716353167430396,-0.216678438354234,-1.54221546997917
"960",0.0130519793354654,-1.63308713631835,-0.968340120215685
"961",-0.711796553735165,0.401528212069833,0.339658146218669
"962",-0.87967501266573,2.22342461995126,-1.26242777571667
"963",-0.869819570504212,2.64158583644001,1.10897270413883
"964",-0.38245659419607,-0.693902426989095,1.15185606214635
"965",-0.856724256190745,2.04263270751946,-0.12329686748419
"966",-0.675101560457767,-0.546739460911724,-1.77974790389118
"967",-0.638969950437683,-1.06665273302832,-2.70406956438616
"968",1.03212941802619,-2.79314985862341,1.14617871798941
"969",-0.550056437265723,-0.507103347047965,-0.0340725259776524
"970",-0.723706170699519,0.314121638627261,-0.227433392581426
"971",-0.473967746984586,-0.942071577394431,-0.911342261486953
"972",-0.580848844855009,-0.308163230117246,0.306602309646597
"973",0.798883338761645,-3.22167257764503,0.207026119643847
"974",-0.221647968563512,-1.45627263930261,-1.48458531034982
"975",-0.889939435225035,1.9028840891093,-2.62182693706389
"976",0.00869275669437596,-1.31898106970584,0.557861433530262
"977",-0.768950997907423,1.0975177370236,1.02575962287085
"978",-0.705134745582982,0.565959280513416,1.1015033593399
"979",0.304695179284576,-1.98235473864282,-0.498464525134299
"980",-0.607818788386146,-1.02647746068908,-2.34869757012537
"981",-0.654895578977028,0.239785830755556,1.08134333184002
"982",-0.59519612663331,-0.452400949789887,-0.436512379700556
"983",-0.858944636610045,2.09766832212765,-0.0984916677211996
"984",-0.786647501869349,0.719003946953157,-0.746200069870691
"985",-0.721475333419363,0.708264039543918,1.17341261444547
"986",-0.298535428072052,-1.14740485622722,-0.417641676679853
"987",1.1002576737521,-4.23828439352629,0.795413836487898
"988",-0.797806937356931,0.827142402262844,-0.814051674619609
"989",-0.729322802299331,0.107532689627391,-0.942972124511494
"990",-0.700779644896195,0.458326764252655,0.816265945230334
"991",-0.76455319158965,0.430342315729814,-0.88879398316805
"992",-0.861092776421764,2.32352875764794,0.547498328171492
"993",-0.777776025603411,0.0583353762469988,-2.03109732178523
"994",-0.708711578505081,0.533286884589569,0.882808711164616
"995",-0.829840665153463,1.70223976380273,0.391952780003701
"996",-0.758798034124975,0.773772881729432,0.265198528695831
"997",-0.252577954082277,-1.07670605867099,0.308162992759588
"998",-0.607527269311229,-0.322073680856242,-0.151135355344874
"999",-0.815148067785211,0.770449838668955,-1.49480257888134
"1000",-0.841925066422107,1.49235551339739,-0.850120981417137
