"","x_child","x_pa","noisetmp"
"1",0.923344480149947,0.485232089099282,0.229089900455213
"2",1.16084014299589,0.618811134839487,1.0027057816445
"3",-0.171552632669798,1.54216193976318,0.506593503958538
"4",0.630239441033757,-0.440031586314267,-0.943943090065139
"5",1.00925910704322,0.960558270476589,1.22567664346115
"6",0.905685481106021,-0.955887185674598,-0.414066270584505
"7",-0.0546903906483402,1.48854613831756,0.597912020479534
"8",-0.970858793204504,2.92730399386289,0.437886021280479
"9",0.879052574073113,-0.983749946753059,-0.480343197871163
"10",0.707443283476024,-0.802179028872021,-0.842277380782515
"11",0.810460717780747,-1.53968759247013,-0.717604795235114
"12",-0.996057968349345,3.10540721478765,0.812012856421906
"13",0.247793865283474,0.237239396863832,-1.65230092754569
"14",1.58475735909379,-0.40985497220511,1.31889596452161
"15",0.307617539894857,-0.551802649796526,-1.72623811718996
"16",-0.052637083909191,1.36058732878169,-0.66836619934813
"17",0.995479964820582,-0.186789939783821,0.00432700097508176
"18",0.980705113482141,-0.607989354595762,-0.164093758112129
"19",0.793049683871132,0.679680884530706,0.0932909900021868
"20",1.67625225182042,-0.945896215350779,1.35948308140411
"21",1.54409414984279,-0.578021748142375,1.16175522596929
"22",0.694775067661049,1.08636750713171,0.648684022917804
"23",1.36170982987527,0.34768323318844,1.22828030950515
"24",0.815367812125317,0.156447277058461,-0.27761006824164
"25",0.80976628841067,-0.895107364923285,-0.623477715270247
"26",0.448223285336182,1.02640183235671,-0.293052565669919
"27",1.51218228866603,-1.0357907785115,0.960982310033742
"28",1.05048741262795,-2.55991751767376,-0.280020531462067
"29",0.791711076018248,0.458670679497019,-0.135421083675148
"30",1.76412624414266,-1.14283558377476,1.51235714466157
"31",0.188713310319611,0.504713609548,-1.66747641293017
"32",1.0351902161523,0.549147672757524,0.585979967896028
"33",1.25791553083248,-1.09519250993896,0.366456807680395
"34",0.875447885482257,-0.0623914593507272,-0.234675941712288
"35",0.830663828574525,-0.322106406829241,-0.43655031873106
"36",0.819660076886507,-2.06613442682003,-0.750757198591273
"37",-0.634310553122153,1.83808126915076,-0.527349753737544
"38",1.36445257624669,0.517178671492305,1.41214532145687
"39",0.0948322349069738,-0.584936999047964,-2.22981527029596
"40",0.694875025632652,1.07818421427916,0.621193981798975
"41",1.29014376686766,-1.2656152265699,0.40797688299487
"42",-0.665728990477822,1.92900613240865,-0.235818690233349
"43",0.500258963787066,-1.7343526306753,-1.43491532977421
"44",-0.239860168425887,1.60990143644093,0.764003531876845
"45",0.306375538500484,0.478760854316842,-1.37769235754745
"46",0.0881739316711641,-0.830722888688036,-2.27846056137212
"47",0.90090018956053,0.515014247140928,0.198894300148564
"48",0.56235905423945,-0.975082149371695,-1.20605735301116
"49",0.598013759090565,-0.211750004756604,-0.957347426468676
"50",1.68387183491975,-0.240867411911967,1.62914248147325
"51",1.14026625095279,-1.51546905761007,0.0290705589994977
"52",1.36631323893627,-0.50627347360977,0.769054272160937
"53",-0.664508985260063,2.11153432638177,1.17949059181571
"54",0.334020968256041,1.17027774647276,-0.223188351644802
"55",0.347520193981451,0.93255156140498,-0.787419904081563
"56",1.14690428395532,0.879906604207051,1.42353696287891
"57",0.531262825134495,-0.645607173145124,-1.22131180878038
"58",-0.895767379741518,2.48704270804305,-0.315287568111368
"59",1.58191377391399,-2.19468611226327,0.93032826345673
"60",1.85778138222727,-0.652723103711036,1.86845026111129
"61",1.71741021431554,-1.11536963561289,1.41208580998834
"62",-0.313947041344675,1.63187196244636,0.467117426939301
"63",0.937480600865388,-0.553354773662655,-0.250961405831792
"64",1.26423906302968,-0.259617490895004,0.618454726710688
"65",-0.980129579857671,2.72590367723834,-1.30549328660312
"66",0.524374040329104,-0.747470802021707,-1.2562918908577
"67",-0.27222549245562,1.47607612351429,-0.68744194106213
"68",1.3358481689456,-0.227116827831912,0.803268111670623
"69",1.48713518298355,0.0824797008332274,1.33630770368294
"70",1.43461418380162,0.452860728291612,1.52040933393358
"71",1.66388215286579,-0.0428917746259765,1.68888787067268
"72",1.56070998570559,0.313300399774786,1.70098063427804
"73",0.975852492202532,-1.72326305519877,-0.367249383515027
"74",0.991658948680626,0.59420302008065,0.522041237354631
"75",-0.131597359962895,1.27828036746095,-1.43446743289016
"76",-0.77734999448405,2.19157332771374,0.0639000854375338
"77",0.654776061424743,0.0427011163389722,-0.727772064259583
"78",1.49545759807425,-2.16041368506488,0.742263293417507
"79",0.388033206018949,0.216626469526078,-1.3107549174805
"80",-0.101794997813839,1.52411973740624,0.726139914070556
"81",1.77506813483128,-0.544062617135978,1.71471292893872
"82",1.16967921085491,-1.10487298531373,0.162922328558304
"83",1.37089073429787,0.0186084309679494,1.01172844415484
"84",1.03839892262112,-1.09723993672247,-0.13570403649779
"85",1.22357064224933,-1.23965634394102,0.261219550979471
"86",0.741675145474123,1.07273792430138,0.750055366954211
"87",0.0145300557465995,-1.7951281561184,-2.52768962571368
"88",0.859768579231913,-1.34155911671814,-0.580779707369623
"89",0.118011338729506,1.35641345472303,0.00937415757398252
"90",0.273573200223637,0.101630292580497,-1.64098769181599
"91",0.670686676999918,-0.236068061243551,-0.790974273969648
"92",0.581452518000077,1.11687067445299,0.393917563573545
"93",1.17199753515304,-2.50014271521033,-0.00712016903184676
"94",1.07331519823583,0.6797983182908,0.851640194095172
"95",0.582252288999037,0.650975792946535,-0.50788504953559
"96",0.682197370362804,-0.829920390492517,-0.905806040432811
"97",-0.861163438330531,2.55584509975129,1.06518072122438
"98",0.68524936829216,0.568055384104431,-0.316310842612727
"99",0.228905473098564,0.370672540652872,-1.63838480718696
"100",1.34542649382976,-0.447380665587454,0.740056246302988
"101",0.48298243075664,-0.25565325039565,-1.2451805598886
"102",1.06439083630265,-1.19648707079467,-0.0936375231081247
"103",0.736406803133767,-1.39172062539272,-0.86681524518483
"104",1.04166576210156,0.0469085755179234,0.221909590709589
"105",0.458739711966403,1.29692425860512,0.894284686231717
"106",1.20453917399566,0.217589790958696,0.728359249916741
"107",0.789792891014185,-0.0491389542101844,-0.436979556821949
"108",1.03360835399106,-0.0388646651555164,0.159746468102504
"109",1.41225681079126,-0.470893123202674,0.889220617128446
"110",0.0231495209621996,1.40436132560627,0.0495956995683633
"111",0.881396130658651,-0.0907695037044772,-0.232094053332608
"112",0.943394986074406,-0.405585839374067,-0.195136840570804
"113",0.91788508588786,0.590165725378597,0.321781832177933
"114",1.61540425519025,-0.771735034652856,1.26707891452741
"115",-0.83276962782728,2.46376725620654,1.01335560586069
"116",1.69500341247141,-0.317395742242299,1.61954414403032
"117",1.61342528363879,-1.91966823056226,1.03471248324169
"118",1.21430671144203,-0.486404362259726,0.418288413664184
"119",1.01410736378371,-0.99774047655317,-0.172976800995476
"120",1.32327569136801,-0.0546167652012914,0.855318675969395
"121",0.202214709382145,1.46444176921275,1.65661075260359
"122",1.55874382777223,-0.496389371748611,1.22464115611413
"123",1.27558792615378,-0.170604824207386,0.683798095126575
"124",1.30106262904174,0.463197503296643,1.18635100041921
"125",-0.577924689406934,1.99826369052838,1.35110818065883
"126",1.40269061127835,-0.826180954769998,0.759935473663877
"127",0.784457908303156,-0.537548728983912,-0.605552692703468
"128",1.77299856157292,-1.07500119437091,1.54878938756576
"129",1.26304762275083,-0.386034841906538,0.567252390878374
"130",-0.957638678540261,2.62859532741294,-1.12271840633186
"131",1.55004901991033,-0.422321119994839,1.23201549281422
"132",1.21180528635274,-0.628246662140699,0.369952242837162
"133",1.70698660760779,-1.37718414212908,1.33276981759466
"134",0.72756857878644,1.18590342898416,1.17483111201914
"135",-0.22406193450891,1.56888198451893,0.454810398800875
"136",-0.380018200965851,1.7028848913199,0.636131450116697
"137",1.33013979487594,0.293774305697228,1.10165290411472
"138",1.49387622863499,-1.20806321717381,0.882261103673374
"139",1.30678424867422,1.01450840139828,2.2903100972005
"140",-0.770616078504325,2.30099256819662,0.996692064608928
"141",1.18428123837313,-0.05208425552286,0.519289271973045
"142",0.947143257109627,-0.0754110269034959,-0.0664854258395842
"143",0.443752459984114,1.10236490295051,-0.0971850286854566
"144",-0.7197042341269,2.15042256809559,0.671664690190195
"145",1.14185089706956,-0.234999189948375,0.33597970063178
"146",1.07577222634447,-0.178695929231425,0.200318924260641
"147",0.732017358245627,-1.15171633254136,-0.844190073617739
"148",0.35627500864685,1.04948804297124,-0.519597884375928
"149",0.675480425788301,0.315436463583288,-0.535789439897347
"150",0.937757501437267,-1.66716074050517,-0.44623267763773
"151",0.383546825971585,-0.646283569404802,-1.5657753137264
"152",0.507082021493425,0.946386183776138,-0.292658856773396
"153",0.838834659015825,-2.3537503532956,-0.731791841758005
"154",-0.847152075581995,2.22329058499872,-0.895060563586469
"155",-0.259563582372808,1.65830712719913,1.12102767692518
"156",0.448921377225276,-0.631888748044918,-1.4107081312633
"157",1.17658586977107,0.322883416883654,0.737505995718811
"158",1.48038505266481,-1.01444425099636,0.892996196668722
"159",1.05855961763183,-0.793921087824851,-0.0280933671901806
"160",1.03379649304672,-0.338779064726833,0.0404534434779798
"161",1.07301964636294,-0.683654233995458,0.0318613636347057
"162",-0.516043562023557,1.74881829098955,-0.093563835341303
"163",1.0845878874004,0.0817148373705319,0.346042586145236
"164",0.982936631832318,0.835730139192367,0.861959899606788
"165",1.2133268656071,0.744566338155162,1.33633522569655
"166",1.41880466015526,0.0863638305083144,1.17079228580037
"167",0.790541112008656,-0.251236612232363,-0.509433748916486
"168",1.38593027864044,0.222000080169189,1.18462117896625
"169",-0.683955757095561,1.83460403277487,-1.03585011952777
"170",-0.277007951260425,0.324711428992003,-2.941974768815
"171",0.235833595136475,0.231260941156131,-1.68472435527872
"172",1.11118062258092,-0.590845446812447,0.145381073407853
"173",0.991703747559284,0.0558829560853052,0.104109559739158
"174",1.30872705836968,0.242504214759704,1.00714759283287
"175",1.31352137938795,-0.369656316181809,0.692739739864557
"176",0.698202551096306,1.217890312532,1.24812606274493
"177",-0.00773324275640863,-0.113545222047719,-2.38787220450188
"178",-0.43894298929659,1.67728981248922,-0.04602638229476
"179",1.05235598856896,-0.147322684900791,0.156997674038451
"180",1.48431998826655,-1.11499363212261,0.879736698801198
"181",0.0278907294296686,1.46106895301,0.718840504521476
"182",0.705992972512978,0.533599603985868,-0.293646172347078
"183",1.40554704472908,-1.54671827036635,0.622440889332065
"184",0.710058410721271,-0.143875572425288,-0.665863743592876
"185",1.28524554441731,-1.56988673507371,0.347976491129109
"186",0.924988346087772,0.457351981734807,0.208005807361342
"187",0.245823754988976,0.341786633845319,-1.60973380978023
"188",0.376212797983552,0.0525456924727827,-1.4064264721532
"189",1.37637455736129,-0.687993504111253,0.736411641060413
"190",0.333041057369103,-0.260859870530472,-1.60445210272408
"191",0.707102628506835,0.791323796527647,0.0108648263033562
"192",1.32796962740879,-0.421542858992703,0.708002049603748
"193",0.159844597193674,1.35612264551831,0.180401729181881
"194",0.833381246282947,-1.79124522095139,-0.693946894286384
"195",0.655324449689927,-0.113725449962985,-0.787173479205142
"196",0.732375401850302,-0.0152049777367635,-0.562590820160627
"197",-0.831391169591643,2.17482780241245,-0.906407212830205
"198",1.70448500268426,-0.481904108807304,1.57277208257641
"199",-0.19258270856959,1.42767120846483,-0.719039898742687
"200",0.244356018056886,1.27084240635044,-0.0776960785836171
"201",-0.343764763916973,1.73284444801881,1.21908867429815
"202",1.82558042662493,-1.56583627781084,1.56543746854639
"203",0.45171428496762,-0.809220495629345,-1.43504739737294
"204",0.116105119208412,0.725539999172948,-1.69953040205367
"205",0.802548353492096,-0.252329891524263,-0.481118554006235
"206",1.68880922644243,-0.367813161629542,1.58250997031679
"207",0.649790120983522,1.09683074840096,0.54208575623036
"208",0.653810135801783,0.839887569376452,-0.0620625928069218
"209",-0.28319655677662,0.958053592795195,-2.61044325823592
"210",1.20821675230105,0.180609515607387,0.712129400913663
"211",0.86066354392136,-1.76916615141582,-0.630532796744306
"212",0.407538754415331,-0.451219609386887,-1.47153751318393
"213",1.13754912252526,-1.82825236122473,-0.0172518514517916
"214",1.30441590521486,-1.12278026262585,0.467248048068721
"215",-0.420059270575294,1.75566847114952,0.789954229412138
"216",0.835760506323277,0.949377836740522,0.683511468030641
"217",0.673441443182802,-0.0175223796665101,-0.707043391749824
"218",1.09631359511477,-0.733526725011115,0.0736426628847327
"219",0.732931113077434,-0.00250898938410319,-0.555933636859036
"220",0.706487677572768,0.610109870182133,-0.218263490019142
"221",0.786669019559571,-1.40344809324159,-0.754557366281185
"222",0.0330577284028957,-0.514498346949465,-2.36393385621705
"223",1.21086330420687,-0.800915178532574,0.322692331233894
"224",1.52606240220996,-2.07509957390997,0.820240019163312
"225",0.480415779123481,-0.980696830865241,-1.39504758340084
"226",0.873059014960864,-0.301116512888025,-0.329037277738697
"227",0.988111689491786,-0.431027686656202,-0.0972738949440914
"228",1.24226014535316,0.23125847987997,0.832411617716705
"229",0.366841997552336,0.901737257970585,-0.782573822683984
"230",-0.517287809642522,1.88384883457533,1.02027520231278
"231",0.817475300248433,-0.295949936986265,-0.459673890607396
"232",1.25783474252434,0.600427906495328,1.2364755769651
"233",-0.811112498083542,2.25137415244027,-0.10287382380989
"234",0.49845236691819,0.318642282220611,-0.981696259594287
"235",0.848908174083757,-0.627629694811454,-0.476621486830976
"236",0.889120404891448,-0.766998698223586,-0.414524801220514
"237",0.906681269233849,-0.78556453828859,-0.377820923674537
"238",1.2235092229543,0.0349832575141567,0.66071166912418
"239",0.992014099043274,-0.115897143510897,0.0247384694087131
"240",1.70764510865217,0.76678903017025,2.74478256413413
"241",0.100737219840084,-1.63817185100307,-2.32419941578638
"242",0.107421125710529,0.158590545281978,-2.03177179551774
"243",0.822657986603171,-0.0130700263660965,-0.341791820095205
"244",-0.879639385949368,1.07694504088115,-4.3387883674466
"245",1.08312987888772,-0.614281373290307,0.073448355115359
"246",-0.357568653064864,1.45214134196417,-1.32183912961165
"247",1.27265811228365,-1.96147829272893,0.26908527930298
"248",-0.363417747778443,1.72232864684044,0.953470981646258
"249",1.02895380192111,-0.4207725854575,0.00228422675460601
"250",0.746455445787804,-0.0909786069215888,-0.558581484253883
"251",-0.389646453778186,1.62814192553759,-0.0981270620178195
"252",1.19849975788925,-1.29231428792661,0.195205592316343
"253",0.983009341184035,0.703840957046672,0.641218644614792
"254",0.656780403907131,0.576614632592295,-0.383377477218185
"255",0.963944084046833,0.618205121503422,0.476810413097602
"256",1.08521724242609,0.850597755879727,1.18209673733238
"257",1.01104006360474,0.388428738107345,0.370061445169689
"258",0.692939577554051,0.694405596490394,-0.159858062720099
"259",0.621124537974534,1.01382831252189,0.202711251286429
"260",0.878102419647695,-0.736485730850832,-0.433461634899686
"261",1.24987768772895,-1.21161113241637,0.326086237632601
"262",0.381917352524513,1.14795729650428,-0.145644013797589
"263",1.30666227400725,-0.421846715378756,0.657589352271194
"264",0.661644357761616,0.950263851574153,0.171522020924608
"265",0.952906274485936,-0.871603153616658,-0.288932111612158
"266",1.07665280157684,-0.121124451335323,0.226748302212741
"267",0.904208898173839,0.508419672571992,0.201176735490007
"268",1.06611431887169,0.880497673315867,1.19284312605278
"269",0.213414910154476,-0.203088874072484,-1.87652020241276
"270",0.46379848611755,1.14463213598852,0.112022413625386
"271",1.1462803643772,-0.756144765840915,0.184026278008723
"272",0.630651386880081,0.276935818188997,-0.671887140278857
"273",0.937688818058521,-0.892407094831239,-0.328199577986797
"274",-0.714204395612193,2.00068326701543,-0.324082476438283
"275",1.18074809922778,-1.15994820921363,0.177968123402599
"276",0.378337639062289,-0.374871701782594,-1.52369181355989
"277",1.41155428226755,-0.167974087422508,1.01177970740183
"278",0.840237616022666,1.10623070203766,1.18581216884325
"279",0.279236198526535,0.677924736021746,-1.29828046332717
"280",0.940179415937703,-1.2137143664963,-0.379273759542104
"281",1.19566902111765,0.620321493358978,1.097634405124
"282",0.240708353930367,0.434931317138174,-1.57377192616744
"283",0.425748338304762,-1.23237205815717,-1.55246816468035
"284",1.42453795058946,0.594109829789996,1.6703717599791
"285",0.809085573241283,-0.642038028413578,-0.572857885352402
"286",1.35490577190711,-0.300781856412714,0.817787609135443
"287",0.762908348529516,-3.06363786799855,-0.944174521176691
"288",-0.892952669467495,2.64110127849079,0.878523072669595
"289",1.12381691911659,-0.344969717128914,0.251946265391893
"290",0.0572825231831589,-0.144629550916592,-2.23802236115039
"291",-0.592783596965845,1.89333074083464,0.299965285325414
"292",0.0202703383458649,0.98060694411147,-1.67793138548644
"293",1.19220355005746,-1.45055084630746,0.155784403944366
"294",1.07967234428258,-0.498357206201876,0.0980981684273807
"295",0.192655651869706,-0.662476962765111,-2.01322658472221
"296",0.590265039537439,-0.314536254061527,-1.00574241629459
"297",0.916548245689623,-1.17658874905552,-0.427227813474094
"298",1.08249395875566,1.01608614665228,1.61324691947233
"299",1.17410859761872,-1.56833690712618,0.09793117106208
"300",-0.845181378764039,2.39400878032887,0.208156287876586
"301",1.07570842500922,-0.28359351724831,0.159580541548599
"302",0.0473043046094532,1.35995093643612,-0.256018935157917
"303",1.3017279824054,-0.853101130104975,0.520028609243672
"304",0.205770283529928,-0.341690610379825,-1.92558792669876
"305",0.502595101890382,-0.611177696881988,-1.28145235890226
"306",1.33121743712344,-1.55858542743659,0.45317884825616
"307",1.1929839698618,0.482599925915017,0.92673177392167
"308",1.32828578024429,-0.423823314256382,0.707936589152887
"309",0.869544934448318,-0.460173228432345,-0.3852641296741
"310",0.175666035272298,0.882824865441107,-1.36197068129212
"311",1.40913535702169,-0.273569261485165,0.95829816525516
"312",0.53852903468849,-2.71577939295859,-1.41787543473567
"313",1.23159196573548,-3.37801147764381,0.0622794893240486
"314",0.94515672735785,-0.0148841180649409,-0.0442466650863797
"315",0.102383030997976,1.1390384151104,-1.09303107501445
"316",-0.416996903158638,1.69353701438909,0.26097384237508
"317",1.60494206490195,-0.890223902685193,1.20994929885631
"318",-0.17871604557206,1.5933901286879,1.0003965689415
"319",0.729886493364612,0.740547536685755,0.000714080844005741
"320",-0.0446239912969892,-0.260709374350699,-2.50576159471662
"321",-0.340584722424129,1.49110143451778,-0.927781138966021
"322",0.918339767393207,0.659168295725192,0.405473224611232
"323",1.04701790614256,-0.590347232849396,-0.00448818231688482
"324",1.72819031573456,0.233496147588188,2.04972808757102
"325",0.822483402760979,-1.23809152868263,-0.650766497282757
"326",0.857048999402236,-0.722318800599714,-0.479232611278822
"327",-0.881129455685949,2.03871830080111,-2.25984679947529
"328",0.735954325397345,-0.330678918571937,-0.664144390402163
"329",1.16085024202013,-0.852663683771085,0.194947947894497
"330",0.893097511566768,-0.537745249968753,-0.350872274235637
"331",0.788387495675877,-0.578620906962133,-0.606353974894236
"332",0.292848964778174,0.365839455305907,-1.47792512050546
"333",1.22121960562717,-0.0178178220682065,0.626541372865324
"334",1.13874901966146,-0.623786863304515,0.20071049761224
"335",0.465225553629597,-1.42682169605469,-1.48430158291684
"336",1.51213530780683,-1.13646768060797,0.938673505977998
"337",0.436937860148484,-2.71155922231485,-1.64116031822213
"338",1.46568234554761,-0.608839040411425,0.968405645571852
"339",-0.303107817135832,1.65890839731824,0.805864138098727
"340",-0.829145097065057,2.55479816830978,1.90492254554476
"341",1.31219052751232,-0.115136411343561,0.797929995286297
"342",0.341730323349366,1.19862394244015,-0.0833714147704686
"343",1.60358128878237,-1.6729208404619,1.04833654616389
"344",1.32885584099821,0.580433575975617,1.3981997018325
"345",0.962651336333569,0.141639049516578,0.0789864307986177
"346",-0.694632452235062,2.03021554294122,0.128689405077194
"347",0.824181422611524,0.383955875228083,-0.110962494318011
"348",1.02008783861717,-2.08667215611956,-0.306695950104148
"349",1.52081111193264,0.0674605892582684,1.40915365848394
"350",-0.0464017012038135,-0.0745176185948365,-2.47277587323218
"351",0.770272977475162,-1.20433158993259,-0.764684052298114
"352",-0.678641728097434,2.03546567400854,0.375695038840721
"353",0.351404509161115,1.15353244316071,-0.226624895150579
"354",1.07536130390363,0.320413345265632,0.479334615363363
"355",1.07726070029997,-1.09496219269547,-0.046461175793547
"356",-0.847844383288283,2.39484380666374,0.157237474846069
"357",1.05858005708311,0.0147806431253868,0.246749354768507
"358",0.937465252155242,0.902861277478955,0.872181673952984
"359",0.64116137654358,-0.967977832142474,-1.0239551808549
"360",0.669160072920707,0.352006075298243,-0.528441663128573
"361",1.08944554710995,-1.71019500836377,-0.110881068693011
"362",1.30512417505376,-0.107631752712986,0.784529359894823
"363",-0.490650212352233,1.61110087766968,-0.928359056558865
"364",0.921909113615576,0.320258402578445,0.0908693872347429
"365",1.22882010854638,-0.765383934009111,0.373054983079781
"366",0.140089476399277,1.40039277258504,0.533873078202036
"367",1.04648583498092,-0.985914071689467,-0.0963920122041776
"368",1.38205564527483,-2.02719208738518,0.505313076471859
"369",1.15028583895534,-0.276753100367991,0.339876531559323
"370",0.757844996988372,0.763407522293715,0.110189947825613
"371",-0.224356990048256,1.53863297113766,0.155622856579176
"372",0.0933813050468496,-0.727994404008395,-2.25337512345879
"373",0.897282534198871,-0.184025998640617,-0.23031085061502
"374",1.1463972444562,-0.00919935817730643,0.448760275384096
"375",-0.12906090301713,1.47079567328082,0.0140678176904759
"376",1.44637940212138,-1.62051875131834,0.703075912937497
"377",0.372295744677471,0.270978502236235,-1.32475420462588
"378",1.40734977636612,0.404643693051331,1.39930994362861
"379",1.13417413458474,-0.363039543926434,0.270193564853344
"380",0.940452531044307,-1.51086431094371,-0.420958082789027
"381",1.15195716026444,0.696475881264211,1.08961571126233
"382",0.705534871418123,-1.68364464729787,-0.96951281206788
"383",-0.333630607228314,1.53473853033465,-0.528354850109144
"384",0.879093839972031,0.880857079219647,0.656348421813734
"385",1.19047703520713,0.272625595372713,0.733261460969038
"386",1.72061192962503,-0.534900606431826,1.59047337711883
"387",1.12739368620656,-0.152413016417349,0.335450072075455
"388",0.941276653861218,0.29719369775828,0.123514830690276
"389",0.390857998006537,-0.499379650526131,-1.52083710358809
"390",0.867597071852848,0.757075790468678,0.404002844730881
"391",0.950597452898338,0.995351315138993,1.14882284832041
"392",0.708820857666937,-0.143347068499033,-0.668657412592271
"393",0.661676527208561,0.135561207786033,-0.668771220044143
"394",-0.388889902517519,1.67798145234017,0.34116304251999
"395",0.482966733680978,0.717434171629449,-0.704607013921468
"396",0.865709166587292,-0.766376925205409,-0.468642899481428
"397",0.881725528381419,0.51439158297239,0.148218988942504
"398",0.545734614663362,0.681326841555053,-0.573963418637143
"399",1.16801991274762,0.224862564384794,0.642238295726834
"400",0.932966441748113,-0.657913733181298,-0.287867510928249
"401",0.446686318115946,0.498118570019145,-0.999821299997913
"402",-0.285096076290362,0.399733155057657,-2.9395744345976
"403",1.09836212779336,0.489045268739902,0.687581345064751
"404",0.466084469419495,-0.444999693991698,-1.33217642206572
"405",0.730944525335023,0.71499112822492,-0.0304973042226283
"406",0.475401934546462,1.07594241245522,-0.0766766649834801
"407",-0.491304166225623,-1.04796194400188,-3.62967495067652
"408",-0.212936637830216,1.355502081656,-1.36878518551875
"409",0.507011104104291,-1.59964272027373,-1.40735114899705
"410",1.44120179994015,-1.2889612165338,0.746864381702857
"411",0.843774061592667,-1.29025927635529,-0.609879744589491
"412",1.10278281863089,0.503520383955431,0.714016970551311
"413",1.56436586225933,-1.44739010896631,0.997206462082416
"414",1.35124051964247,-0.754347478590845,0.659695594664481
"415",-0.858162575812836,2.46010256148323,0.392221789438082
"416",-1.05630464167686,3.064861530428,-3.07340383466088
"417",1.24074452456138,-1.37711765049799,0.27703448375567
"418",-0.766787614587103,2.26962397558353,0.817652791266616
"419",-0.924924231510034,2.1847010713448,-2.35333196417728
"420",1.16959323257838,0.366815444709316,0.756421544394612
"421",-1.00546053292185,2.97302039934328,-0.847783878085722
"422",0.197705981979218,-1.30184161182492,-2.07791441767292
"423",-0.0732357521846699,0.81111675742742,-2.1479255474905
"424",0.467149762244855,0.224829754577237,-1.10930347348797
"425",-0.00181054076952124,1.37871763348973,-0.308257868079263
"426",1.74430398424588,-0.740904722802404,1.57526749928622
"427",0.744274319147386,0.393045291157079,-0.308507917016727
"428",1.23106319037588,-1.13872271021772,0.296703838781066
"429",1.22117763163707,0.295203711603028,0.828035220874324
"430",1.57118238731765,-1.71911207124365,0.968603401772943
"431",0.30395659605177,1.36637928657491,0.879016287576548
"432",0.690336783360159,1.20566594338242,1.15193288786174
"433",0.287077657616595,1.39780386509521,1.16229130893027
"434",0.699048457429164,-2.53759326867812,-1.05364011165527
"435",0.725495403793177,0.0225782959448045,-0.563385598370054
"436",1.4140824995557,0.101504891334732,1.1690418416473
"437",1.31238577196408,-0.486519370602592,0.648899540435108
"438",1.22604020478403,-1.02738544764946,0.307142814392711
"439",0.484834108752261,-1.30459019314778,-1.42652741350244
"440",0.99939039391311,-0.987288161918159,-0.204760672645932
"441",0.913987182441279,-1.11233167993319,-0.422603828890566
"442",0.93367254825822,0.151247333234828,0.0126885916736263
"443",0.72013166279468,-0.45638445160643,-0.736208647865825
"444",1.01525425910341,0.256443497441454,0.281523772181319
"445",0.940844599303988,0.349739457412943,0.160545238361492
"446",1.44916057277915,-0.0720792638787017,1.15125882282079
"447",0.702200580652974,-0.759562764977971,-0.846217640076266
"448",0.995297393057875,-1.18411457738931,-0.248981497631881
"449",0.496910410091423,-1.02070801144462,-1.3629061929093
"450",-0.48819436513057,1.78103715746025,0.41234414520814
"451",-0.853895944414829,2.36342539139053,-0.180073511734022
"452",-0.656447061887077,2.10991542844267,1.28264725915013
"453",0.346135487037855,-0.630543914177554,-1.65024992662505
"454",0.978788477105366,-1.32603986888494,-0.308688286000634
"455",0.494142525508535,-0.0951662309795891,-1.17026699495198
"456",1.67882290563376,-0.0976206986161456,1.69286312338914
"457",1.10003006303731,0.0991812058311462,0.393920275636373
"458",-0.182649511389381,1.41501808462288,-0.788002377694745
"459",1.21490954218739,0.420633860917638,0.921243884572207
"460",0.94351817838872,0.389086554672162,0.19798611026291
"461",-0.965099721667012,2.67287651180336,-1.10609205079708
"462",1.06442667750692,-1.32861467600728,-0.114859987855522
"463",0.918241619708039,0.281382754981677,0.0546239641229566
"464",0.718123790808204,-1.4568357640891,-0.916105304372306
"465",0.977313201417694,-1.06661205286372,-0.269949225041034
"466",-0.139949246378421,1.34823011001737,-1.11245943800631
"467",1.70175859549901,-1.63489206162685,1.27499158598239
"468",0.629957791422562,-0.766874101029067,-1.01504944215874
"469",-0.343739653329027,-1.17570204373493,-3.29968836200795
"470",1.02614474804002,-1.24909398830077,-0.18930908714851
"471",-0.35426238451681,1.51859506938881,-0.782062658531276
"472",1.21377766632041,-0.0871774869353487,0.57362915879229
"473",1.35000052062822,-1.47362454608976,0.508621840237939
"474",1.83410734848108,-0.204502942968002,2.00737543738357
"475",0.590797476084624,0.781508617973122,-0.32724849184373
"476",0.907623190550971,-1.34808835894281,-0.473222483107459
"477",1.75812104451254,-1.27364622821743,1.46970412094103
"478",0.667384853810212,-1.42073970094746,-1.02650333801231
"479",-0.43941191445265,1.71417484065805,0.260517088449755
"480",0.290426425545526,0.638803528185352,-1.30233326007594
"481",1.1574744590756,-0.962412602693245,0.163243425723991
"482",-0.491752162069201,1.73864714492519,0.0318890101224478
"483",1.43775927145975,-0.726241370329504,0.868178274329785
"484",0.948953741982113,0.584194058666737,0.397396035479138
"485",1.14258651660549,-1.93224673404874,-0.0178234121917168
"486",1.33520949335698,-1.05933861952921,0.550557973416018
"487",0.942192483589767,-1.72298188880157,-0.442711812910059
"488",1.59517472826998,-1.07514350820514,1.14196370784286
"489",0.856843161207191,-0.733274345777014,-0.48209992812332
"490",0.759210363118674,1.15964490398653,1.1524518090643
"491",1.65733456328544,-0.210169369573936,1.58086241314021
"492",1.67403795197586,-0.769623220756788,1.40354960905641
"493",0.701003743028981,0.0979689894522857,-0.589556419019348
"494",-0.905102662851484,2.63099191011662,0.437810092887265
"495",-0.742455880241638,2.06370129805903,-0.276296916449531
"496",0.279867605194625,0.151964775005624,-1.60675768296989
"497",0.968521131982213,-2.1810358937056,-0.430034010991568
"498",1.25500314165045,-0.422701672045418,0.535332278779975
"499",-0.74197049254052,2.13425974856157,0.213838140712392
"500",0.666984740040433,0.771907215797471,-0.129176622243613
"501",1.08328449929878,-0.970439036407413,-0.00883438375590166
"502",0.475137307720476,-1.70951714952433,-1.48907221973519
"503",0.465539889488918,0.750291792641823,-0.714233777495766
"504",0.716881768267508,-0.405792610544525,-0.730513764929079
"505",0.812302726556156,0.976618435570973,0.682149386749475
"506",-0.460278666307117,1.89551777727713,1.7348493238997
"507",1.35566080288283,-0.555808992593589,0.727914134130314
"508",1.36362173770869,0.113066614597982,1.05222167621865
"509",0.315228104362642,1.00116853061746,-0.754100636235934
"510",1.14574528775282,-2.37191183460229,-0.0541491564020798
"511",0.870014057508026,0.234939460738849,-0.0963388526732833
"512",1.68603256010781,-1.58871685476438,1.24729316781097
"513",-0.388302724349157,1.53799432284809,-0.826154140644289
"514",0.121338906222491,1.32602763899164,-0.206176989052228
"515",1.92499658352209,-1.78109439620317,1.75196684209404
"516",0.765335947897096,-0.848003057293871,-0.71713676444801
"517",1.24212105665694,-0.508121058385116,0.476748532580138
"518",1.21890064918133,-0.523802034574128,0.417327638357005
"519",0.548423645818742,0.815383590702168,-0.397437579642679
"520",0.879756840216176,-0.635846497630932,-0.406610518296332
"521",0.609029533240826,0.852917342230085,-0.167595450212009
"522",1.18620622208843,-0.247482641939327,0.437020662898215
"523",0.272936781673653,1.13103325502179,-0.559196099879242
"524",0.523121870589436,1.20905927938093,0.590973522585584
"525",0.793169939783008,-2.52554744734743,-0.84516425511764
"526",1.43176570409785,-0.709032251265762,0.859165989635763
"527",0.646378089774094,0.143836443339782,-0.702637762473753
"528",0.289737186370792,0.707245773283478,-1.24233894171124
"529",0.895541028255989,-1.58766983324983,-0.531718685728329
"530",1.46437562779111,-0.684260813206306,0.942219004413655
"531",-0.0992798047690079,1.36783895861675,-0.811347393657241
"532",1.36569928581983,-1.00438656198291,0.632246589473743
"533",0.499480228933208,0.337547952395499,-0.968290336971093
"534",0.10299448859088,-0.433249807255499,-2.18613749030159
"535",0.181929252838563,1.18327660903267,-0.688542708476443
"536",0.847621261275868,-0.553480225037624,-0.461503639629015
"537",0.431380236804163,-0.146082365763118,-1.33762328751805
"538",0.810164168719633,-0.51959274234587,-0.5407290689666
"539",0.626975361962773,-1.02976826737605,-1.06613005151643
"540",0.517835003721709,0.415125653870144,-0.873403987607513
"541",1.48987299371141,-1.36721214400802,0.842931451140702
"542",0.622533665995694,-0.118012775104559,-0.867822316985798
"543",1.30576798115074,0.784591246211014,1.66688335082104
"544",0.0981447424031462,1.36008642203105,-0.0427677674804983
"545",1.23572088809303,0.309539586459648,0.876252834729629
"546",1.18541101045352,-0.749387276434571,0.276435610467071
"547",1.74719683653427,-0.293982665277356,1.75459047861314
"548",1.40640992695426,-2.19154468352751,0.541092094465043
"549",-0.318307070603318,1.42110575382513,-1.37045505366569
"550",-0.352387901302634,1.5814098760137,-0.246895398186253
"551",1.1636484793589,0.355446451626813,0.731588079768994
"552",1.61027811423793,-1.76571754515093,1.04935082964914
"553",1.4250979487325,-0.974752758519019,0.775278363715403
"554",2.16720202084253,-0.874692325451281,2.51070161278908
"555",0.836130396669752,-0.9111440321409,-0.565736502324195
"556",1.45960213256987,-2.37901743250048,0.639534180698106
"557",0.0651610718937655,0.0836368140474624,-2.15989532881381
"558",0.770453693809418,-2.12561858726007,-0.865278357917709
"559",0.680006190986529,0.356909168472248,-0.497620140377868
"560",0.592848127038462,-1.36729886402373,-1.1888994907192
"561",0.704119132952565,-0.010611298444524,-0.62952498410423
"562",2.00583401898145,-2.66572663836303,1.81542286367813
"563",0.682271520516277,0.852612153767286,0.0402273511794797
"564",-0.222295591029627,1.60109488679152,0.792264332641444
"565",1.38592187154976,-1.54855033220423,0.577938770274574
"566",1.00209997757077,0.0931505466700551,0.14940006752715
"567",-0.170533395113055,0.283335967463553,-2.68554678945764
"568",0.730061174985579,0.597160350687474,-0.168969619917087
"569",1.03794923473464,-0.0367555406897541,0.171288764805771
"570",-0.131583089054956,0.883867953703565,-2.24427337982056
"571",-0.285037666078617,1.60597767597092,0.419952556968619
"572",1.12398602103786,0.919141563132435,1.45337486123492
"573",-0.060043139767158,0.814822902092123,-2.10752168008099
"574",1.17559274400446,0.295267651060907,0.713120319852958
"575",0.647501685653375,0.60504099259247,-0.380360444175984
"576",-1.08317786088126,3.75915372846449,1.20514129644614
"577",0.689045329801607,0.588725750781177,-0.286256202425138
"578",1.60773408041543,0.30550361399933,1.81251440797198
"579",0.729053298816377,0.635226681688798,-0.131126599618669
"580",0.698376037421738,0.641948218786429,-0.205907548197316
"581",-1.00242146026965,2.30087301413354,-3.35983102225791
"582",1.58889355928286,-1.72625191939395,1.00726279793517
"583",0.715970977816047,-1.11290498338653,-0.875052444374891
"584",0.0446780869466467,1.38706540440697,-0.0299656265482658
"585",0.657180897319863,0.450138874595289,-0.489800043028447
"586",0.529665668651177,-0.374806212376286,-1.16533417470809
"587",0.742978701340788,0.750994157844915,0.0512885435358656
"588",0.663390695219296,0.608053834512881,-0.335074106068924
"589",1.37623546785101,0.115311375792581,1.08481743177102
"590",-0.461809159164769,1.63111656193845,-0.580701214845837
"591",0.761762526873731,0.402486397436484,-0.256773398148023
"592",1.14539012182281,-1.16424368714892,0.0965611303988726
"593",1.1872388032827,-0.521464147169557,0.343744515846439
"594",1.13137435406779,0.0934875373592264,0.467828563383117
"595",0.304245884080774,-0.498396658662592,-1.72417743940213
"596",0.849267302147522,-1.59718203302066,-0.636982926656538
"597",0.424443904056934,1.25846884252502,0.51082064556149
"598",1.84720256876342,0.22198534248571,2.336952871608
"599",1.11081738715313,-0.60631572210965,0.14026919137953
"600",-0.110204710652234,0.518170130673564,-2.44030673301625
"601",0.753236274724153,0.901964655968202,0.336687850547683
"602",0.135369878006992,0.776249103848244,-1.5988770233292
"603",0.876214916123726,0.048264375810364,-0.182793208528174
"604",1.53192363950752,0.539766691959558,1.87920057806619
"605",1.41598940064873,0.153620121077441,1.20923914581315
"606",0.951105059985019,0.49446326742155,0.30997437940878
"607",1.09633478676413,-0.613517492325141,0.104487263879041
"608",1.5173264909245,-0.799057056198735,1.03224770358017
"609",0.537883412489013,0.0170666261054083,-1.02406338628094
"610",0.451915215860492,1.2488504377623,0.553891460384735
"611",1.37040199599321,-1.93481183031779,0.490316334914986
"612",0.29331108776704,-0.0964802492412945,-1.65625022555961
"613",1.41509158004487,0.172463832606772,1.22045658622163
"614",0.800086014784464,-0.487050498034117,-0.55599051888423
"615",1.24655290687706,-1.8770047608416,0.220707177228818
"616",1.06151856895766,-0.410143413181534,0.0825615347777275
"617",0.668325855173901,-0.0964149833195565,-0.749549393950675
"618",0.319560573583367,0.550395107626911,-1.29437018256452
"619",0.671955202751342,-0.137508570299723,-0.755413808573747
"620",0.718854173938628,0.497992168339851,-0.29131101258546
"621",0.833290367727071,-2.22565491937637,-0.733966275516686
"622",1.10766411664827,0.139031439073045,0.436266274971655
"623",0.315554814717213,-0.534995752156832,-1.70453489776552
"624",-0.51301190118816,-2.07915498853512,-3.71691763751074
"625",0.896849050948563,0.409921912989756,0.0952933236970025
"626",0.994611513284688,0.574102607573067,0.506797077893921
"627",-0.664008893146199,1.97025760651935,0.0764138314758981
"628",0.887155006036875,-0.561653308223679,-0.370988431543906
"629",1.1820864888777,-0.954605640405213,0.22144582601169
"630",1.34882024069701,0.740628498716732,1.70184820389513
"631",-0.909192636512259,1.60010718999537,-3.79667337779181
"632",1.41506263950069,-0.742668551505894,0.810897683951105
"633",0.975127490137554,-0.307382632965349,-0.0882782371740613
"634",0.310641746528335,1.21848374651235,-0.103561379666119
"635",0.885256226763925,-1.18648020263015,-0.50009615123809
"636",-0.114198323340415,0.517181951311164,-2.45121407220619
"637",0.4660343501643,0.973887583694289,-0.358069764918733
"638",-0.701858598733741,2.01514560644554,-0.0706835623060916
"639",-0.762530712489395,2.18924855213581,0.287432240559428
"640",1.02459644109923,0.345476295529973,0.370057341606508
"641",0.893594940961021,0.20320632051775,-0.0566790321611406
"642",-0.370639503344453,1.65131364291232,0.239442556019784
"643",0.789828433101656,-1.50777943566328,-0.760322237007817
"644",0.73940024392493,-1.06816069457704,-0.814617558182054
"645",1.18348794722949,-0.737095149573477,0.275066271473952
"646",1.45853252603412,-1.92957356808533,0.687661262296559
"647",1.25714759780319,-1.39786833355865,0.310826335725094
"648",1.57570377516321,-0.998958153912368,1.11526178812967
"649",0.2091050483172,1.0927790041743,-0.872412043642507
"650",1.46092219252268,-0.658264826171263,0.941977929327802
"651",0.477927464702076,0.317718435945469,-1.03414062610581
"652",1.50025074236739,-0.416154204352283,1.11680991209476
"653",1.28021250310897,-2.53090264806313,0.229098930754936
"654",0.740325836851534,0.867190357906596,0.231893363823408
"655",-1.07136471983374,3.62217472117244,0.0663636750855405
"656",1.31237721755938,-2.14864969760489,0.336840560557254
"657",-0.145966621587921,1.48598776008086,0.0783623436107102
"658",0.281950326364568,0.908279911749764,-1.01835476759662
"659",0.896306538409065,-1.14852611547917,-0.468893685018362
"660",1.38488408355483,-1.55531396708055,0.574563671873949
"661",1.18258468408887,-0.970361770992762,0.219264854835122
"662",1.25097435936281,-0.681220637935906,0.446558007938345
"663",0.0284411396253343,-1.40640870452135,-2.47032570943313
"664",1.4250544127965,-2.93632374594022,0.514847845461441
"665",0.465184405466961,-0.386405454128495,-1.32079101255658
"666",0.664026513255702,-0.175039835170815,-0.787257598189199
"667",-0.100177099655311,1.54928578787256,1.01416594276751
"668",0.180274753595669,0.611223778707094,-1.61829726916798
"669",0.726578078403062,-1.55859366629393,-0.908780921506502
"670",-0.471337031946379,1.30103306980116,-2.63377652033942
"671",1.57420961247955,-1.27346525743533,1.05193015141133
"672",0.739303579931333,-0.622575503096551,-0.731230819761213
"673",0.974988437490205,-1.7943113783036,-0.377209610787048
"674",-0.71899006059195,2.20639991985846,1.13206474554001
"675",0.392209742070172,-0.822637498672124,-1.57473928697147
"676",0.758383850314106,0.45498907892171,-0.224588954661453
"677",-0.0294182495804672,0.611846617902931,-2.17628178616214
"678",1.20942914891959,-1.24609640632956,0.227934039804905
"679",1.70053152428404,-3.75878452470264,1.06005549271568
"680",0.888263201831424,-1.98147635799614,-0.590195160726757
"681",-1.06297786155267,3.48473453606916,-0.865658247595856
"682",0.965504784658701,0.259861616119951,0.158979360801301
"683",0.621784108893983,1.30093863355418,1.54827711695445
"684",-0.693143672398184,2.16587950700043,1.20830385297695
"685",1.33993960065772,-0.471709088676968,0.718719141016826
"686",-0.983694883980945,2.72044994011488,-1.45375010953231
"687",0.686263025264,0.253890238557876,-0.545406716637992
"688",1.54574663954893,-2.00284530450483,0.872935061905724
"689",0.256464917610456,0.0800992968566678,-1.69065465888262
"690",1.73716505387712,0.250314073408179,2.08726609169497
"691",-0.810293726699863,2.21426561383253,-0.328682429059114
"692",1.49774904171576,-0.697278212779323,1.01597053769558
"693",1.10776833210866,-0.703200392330956,0.107754545359842
"694",0.345273505070209,0.171171360129712,-1.43687550386987
"695",1.81529575680711,-2.42344586070959,1.42138907583688
"696",0.761714441356383,0.778687991409899,0.143699266972643
"697",0.338378357898257,-0.946253174744644,-1.71659368093299
"698",0.417719531724524,-0.499914342546091,-1.45782608624062
"699",1.44135296449237,-1.39832522829855,0.727594842669922
"700",1.45339242693174,-1.38620157346806,0.756954015359296
"701",1.10928629528864,-0.19685783559739,0.273332718520597
"702",1.67096588534685,-1.50205174942339,1.22826735905686
"703",1.21342761001425,0.164307033501969,0.714253710856899
"704",0.516442507040481,0.172104784214575,-1.01142442379033
"705",0.779399284816115,-0.807445122692026,-0.676842048402237
"706",0.629734318905897,1.35184972066644,2.07890951133188
"707",-0.656523655158289,1.92053564502237,-0.191980098068082
"708",1.60074412647601,-1.25813093620071,1.11529125198206
"709",0.28531472454261,-0.660824914670181,-1.79714438017032
"710",0.58109726263885,0.643515560850441,-0.518733975570919
"711",-0.808764540257425,2.18717758767225,-0.472481402054434
"712",0.899777626753455,0.0131949938687084,-0.141835210810076
"713",1.01577025079769,0.647365286395623,0.652118261540452
"714",-0.0351933190392993,-0.0399670037620616,-2.43773754255777
"715",1.01492891927977,-0.77100454837307,-0.123906254559255
"716",1.46875928764875,-0.928536548444235,0.886623575527687
"717",0.803068898084514,-0.380538286531405,-0.519587603745584
"718",1.12960667639573,-1.69351352608052,-0.0186827758508009
"719",0.815183672156809,-0.0381374351128892,-0.370726941396395
"720",1.03184124684198,-1.36851324248028,-0.194733211093177
"721",0.667368162454328,-1.93504534264542,-1.07868726598381
"722",-0.338800578269424,1.57403166750098,-0.223587617840118
"723",-0.978780520063111,2.64873429808505,-1.64993607621849
"724",0.793025793769695,-0.470059999240011,-0.56812590339966
"725",1.11194196173984,-0.618441636631534,0.139593676362137
"726",0.676241538572058,0.620550364023332,-0.288013649610989
"727",1.1173379405597,-0.243680649513641,0.273974372714492
"728",0.356124438189363,0.73821064961803,-1.02901773187811
"729",-0.630508361889423,1.86528310269834,-0.30190300689546
"730",1.25413227832937,-0.831731048323339,0.41527611183741
"731",1.11031444023374,-0.731127333608654,0.106727024893294
"732",-0.101264043543426,0.365809776714937,-2.48193925748269
"733",-0.544395258829858,1.88621906214008,0.755322134458742
"734",0.467229995201861,0.168466487654325,-1.13526310831701
"735",-0.1036759490566,1.46268982999866,0.0623718260031062
"736",0.501231393735406,-1.74433741132672,-1.4336135038441
"737",0.826773936157197,-1.59468268257671,-0.68730787012806
"738",0.821609076991825,0.38472732690239,-0.116955572249743
"739",-0.696877441509388,1.97980356114029,-0.251261497807838
"740",1.60448977307425,-1.0378466834047,1.17197363936125
"741",1.20893156102412,-0.212794822577656,0.505561920323578
"742",0.579568412029602,1.23465816456734,0.927914428701713
"743",1.05042925549236,-0.544718103518106,0.0160590410327129
"744",0.645560301879472,0.293393336118598,-0.624739070680806
"745",1.47999388897027,-0.00538211070672901,1.26389254323037
"746",1.34917668972352,0.312937288726168,1.16585608923284
"747",0.379630507725954,-1.48602908378672,-1.68355590189917
"748",1.48929565391391,-1.78428666483856,0.775694560532283
"749",0.923640798212963,0.721998435600613,0.505610408022788
"750",0.295042712719095,0.969541680007586,-0.876344554792392
"751",1.31565196496965,-1.05979879217152,0.505695877716218
"752",1.26805771524156,0.635764124671527,1.31256901695152
"753",0.302221027682909,1.19553283551269,-0.23181286243338
"754",0.390459909321871,0.809194917052437,-0.849376292414227
"755",0.780503723608637,0.833270269841112,0.285130933754748
"756",0.692075096988893,0.546390107946069,-0.31853931521505
"757",-0.667300456191603,2.10939467133886,1.12087799009467
"758",1.53533351144142,-1.26502040118747,0.965261843721286
"759",1.25044264319692,-1.38157834985401,0.298272570316382
"760",-1.0340527253563,3.28892625870485,0.0268688986726688
"761",0.917606132232724,-0.918974789145142,-0.379652646253346
"762",0.678420422556354,0.280986879814734,-0.549313053968321
"763",1.41126940164487,-1.29017877496578,0.678674196445738
"764",0.526258847753836,0.633332677231979,-0.675865815093718
"765",1.50265723782955,-0.266428161988254,1.18446699583031
"766",-0.825929522767061,2.36455755751244,0.399761948004529
"767",0.951499986611746,0.354029910172394,0.190890191876368
"768",1.23841811830014,-2.68918196174802,0.123957956820198
"769",0.702699181401665,-1.43647719451759,-0.94853321767341
"770",0.544779686100264,0.764514210104337,-0.477695814229178
"771",1.6489271987528,-0.771421693967996,1.34483591388795
"772",0.145185719698192,1.25166004162594,-0.538041349397471
"773",1.56813954638739,-1.84401242104879,0.943859064620358
"774",1.59909150976071,-0.790061952126289,1.22400267599467
"775",1.3325111304258,-0.721023058938034,0.625238634274723
"776",1.05401064819376,-0.57402845470944,0.0163049569538698
"777",0.402721752046289,0.908459897130552,-0.667478320969577
"778",1.74801228024407,0.205942738855359,2.07526435453522
"779",1.04094554176177,0.954531187215532,1.30310203599831
"780",0.232453574763776,-0.840489863993747,-1.94642296808134
"781",1.00450793169755,0.733578300810065,0.744526166542983
"782",0.913017065369633,-1.90465249900655,-0.527431672203752
"783",0.831668830245315,-0.774363386239854,-0.549185197508475
"784",0.57517336037037,0.511718497461711,-0.654469569968682
"785",1.12218602739063,-1.00250737407561,0.0740478876757211
"786",0.124248945538002,1.49505649515387,1.65075734024863
"787",-0.596432624476221,1.94757912401398,0.693804592313493
"788",0.738379402438164,0.876464768725229,0.243704856536528
"789",-0.175975858620323,1.54889160381973,0.54940438308475
"790",0.405464306754781,0.42839968105367,-1.15360467452139
"791",1.11744011315827,-0.384603393879889,0.223188805895575
"792",0.428535538783571,1.06700080312422,-0.249014241146504
"793",0.422722975342555,-0.0709373116688728,-1.33525788938885
"794",1.11267436959899,0.082229111143796,0.415390298109456
"795",0.770458030854214,-1.3887427377672,-0.789364216935435
"796",1.13248416047161,-1.3007079621673,0.0439587797497976
"797",0.914749575189583,-1.06488364009453,-0.412817946039933
"798",-0.324351274610452,1.72149091954987,1.26520374719565
"799",0.824306061776738,0.752415055839587,0.277544268759279
"800",1.34795370305101,-1.97038240120494,0.43597109005539
"801",0.517807047322879,0.919685762562316,-0.312743439098656
"802",0.504954842472001,0.385316583426523,-0.925575214869485
"803",0.238371810162646,1.02851097170798,-0.93086455335855
"804",1.09890036821363,0.719759762913002,0.981326411996323
"805",1.12010139780892,0.605197488697446,0.876585793656705
"806",0.542345634548916,0.666068860013622,-0.599449640920848
"807",0.549332841301698,1.15336503426378,0.428289303557636
"808",1.49342494134478,-0.90027442550525,0.950412885788605
"809",1.18700501239595,-1.94550944221807,0.0798223091785396
"810",0.823305283039497,1.10794871493199,1.13837091624195
"811",0.864878708923756,-0.357463467206863,-0.366280756529129
"812",0.040078136444636,1.41533680053916,0.249878194843491
"813",1.23291711690265,-0.0644458093355896,0.631126972985065
"814",0.251611846354146,1.22416759304538,-0.284841192149593
"815",1.43176756849037,-0.124119859649682,1.08200960226559
"816",1.31325578898625,-0.299706582730613,0.719096911989397
"817",-0.550924815998076,1.79045608632177,-0.0805498642438929
"818",1.00235675134017,-2.18617179061621,-0.355372522388733
"819",1.98334405802897,-3.54202545430382,1.68939752075277
"820",0.411532780153501,0.0726479705717869,-1.31229389722302
"821",-0.0779518955827744,0.152090175986905,-2.49324818473443
"822",0.933807184174274,-1.25689142579085,-0.400439366376344
"823",1.49913766392613,-0.845795172226348,0.977617212988447
"824",0.927108267352117,0.2368132777712,0.0477122527167732
"825",0.280481195479122,0.931367492955569,-0.9858615165287
"826",0.30084108632784,1.32729044081493,0.514356341843109
"827",-0.562478594944327,1.69844253003216,-0.843322624751741
"828",0.541632050919455,1.04709804227709,0.0481082337024515
"829",0.531135408763715,-0.493948712381631,-1.18999320670051
"830",1.26255371099018,0.325639074939914,0.957465450918716
"831",0.681564000570839,1.12129632819523,0.734059270457079
"832",1.28431231756908,0.737552689241384,1.51907469252533
"833",1.14363421505218,-2.41051982184128,-0.0621782366515955
"834",-0.163010766199988,1.51980069041438,0.327111372684155
"835",0.869611906948177,0.935248875715924,0.749228811767026
"836",1.39410472741232,0.0905917554514037,1.1127459341557
"837",0.51321272671187,-0.53271082941224,-1.24052503289496
"838",-0.176721105466768,0.81072235263671,-2.43860741200614
"839",1.13279432622546,-1.0005506673644,0.0987753366797358
"840",0.939156324418101,-1.90344121853142,-0.468932865866987
"841",1.22460523480927,-0.00762141324304649,0.640168274040122
"842",1.09852685879637,-0.610745417101968,0.110356339304224
"843",0.258179091121469,0.208586788492954,-1.63824122761972
"844",0.156528294089589,0.646787316235007,-1.65494404207462
"845",1.28074786051289,-1.491822337804,0.349465270819067
"846",1.00015367656898,0.344476658708723,0.307205363075488
"847",0.129713393291278,1.35040878655316,0.00870384056377072
"848",0.641335543469722,0.250350955117128,-0.660068380937708
"849",1.31519335695921,-0.0891200913909666,0.818043240380456
"850",-0.56390106988706,1.83927536585276,0.173495909481755
"851",-0.520105177787337,1.7675585402912,0.0181896668428812
"852",0.0290458304475952,0.678663697524252,-1.97426372206492
"853",-0.50676571110806,1.63842582641304,-0.84506106080215
"854",1.11294122732566,-0.840685750906522,0.0870425788769102
"855",-0.325066819103375,1.6829780200622,0.876266590090351
"856",0.590448689951469,-0.421868121608047,-1.03332125430722
"857",1.83494968808771,0.143407783773839,2.23909781261526
"858",1.36207908185691,-0.360615455961445,0.811214038890322
"859",0.51485373899617,1.24927237206097,0.783175384066988
"860",0.602351311473597,0.627426700256157,-0.478260540696499
"861",-0.775480645204326,2.25204299036518,0.528436222284076
"862",0.878053194501843,0.131673955996012,-0.135761539272422
"863",0.920718983103957,-0.140571333700675,-0.157253514684008
"864",0.379786283666703,1.12243801575346,-0.23919010614015
"865",0.877640893846683,0.501689722299607,0.125544171621757
"866",1.31517366386185,-0.871670544211096,0.54658038029805
"867",0.455398121698726,0.891016229671923,-0.544244798431102
"868",1.19062046101922,0.634565939039554,1.10358446577393
"869",-0.816464803142592,2.04141755596638,-1.39676397905172
"870",-0.800624931654591,2.22158857731283,-0.118912596171408
"871",0.558239933834567,0.633201181429828,-0.590419496699145
"872",0.327823826647305,-1.37508002098247,-1.78996262742059
"873",0.642074261914499,0.664161488857829,-0.332676188894891
"874",0.249815309846653,0.601965651832749,-1.44024997048136
"875",0.724168198040659,-0.648068201189878,-0.772161970843598
"876",0.929117453377887,0.480774807184171,0.239943397436927
"877",0.480972992465103,0.0711384145080332,-1.14231878468499
"878",0.673848921237577,0.00873333344649115,-0.6953808798653
"879",0.792865856107039,-0.608334231893361,-0.602913469768981
"880",1.31440077492754,-0.107315825617515,0.807091440025186
"881",0.734485923791921,0.675016682821875,-0.0707524833223709
"882",1.23919163464074,-0.00157303764265884,0.678961517527619
"883",0.862006145914876,0.841510861134959,0.530587629706798
"884",0.964750688616504,-2.57054261875208,-0.46988527954348
"885",-0.871253331074584,2.53620390332218,0.643114576617278
"886",0.617069315264317,-0.121649770264234,-0.882260552234626
"887",1.23068010747882,-2.41616658779272,0.129771246599926
"888",0.814415932432227,-0.232024256719348,-0.445954300192762
"889",1.0400142752451,-0.354484914715737,0.0499072524644798
"890",-0.0446549405130992,1.22565982630637,-1.32108500581093
"891",0.836081102361551,0.51015249518351,0.0250712384322416
"892",-0.0234767713759882,1.38464088940703,-0.350261242162698
"893",-0.578263002364152,1.66027164357149,-1.21631978165404
"894",1.3677196787712,-0.796152697864634,0.686837690748728
"895",1.30670154884741,0.205197505667825,0.974410889087458
"896",-0.655400700893956,1.66790860113763,-1.74535195381203
"897",0.395838171756473,0.718794384119848,-0.941126367966194
"898",-0.282522081741294,1.57498693881795,0.143310519938827
"899",0.839226014462668,0.553589961300014,0.075271028503503
"900",0.605328739694269,-1.76051209580782,-1.2017653533501
"901",2.13616138694836,-1.58996783569112,2.26014159060048
"902",0.363772170111442,1.01739648983134,-0.571963020506341
"903",-0.619568929660063,2.06419490148611,1.39971618021284
"904",0.890637664941498,-0.719892086922867,-0.400691577312794
"905",0.774330172065571,0.579817537301263,-0.0693977384651282
"906",-0.841567463490665,2.12675255445857,-1.317540299365
"907",0.483520038286382,-1.81131157680889,-1.47901520186826
"908",1.69511082457932,-1.95971848011678,1.21157250844003
"909",-0.633279431463946,1.7682170184162,-0.974702309833121
"910",0.625631868711117,-0.268088968533171,-0.908291840891273
"911",-0.211323721334762,1.64278915779205,1.30776817886973
"912",-0.00484310889462015,1.35404127228622,-0.517698136699625
"913",0.206626742038001,-0.844220138453417,-2.00656408092043
"914",0.217199841637048,1.31549430698699,0.097611850238036
"915",0.714136082215506,0.807933744621344,0.0562614146495869
"916",0.707933612437203,0.189433288465134,-0.526808098136458
"917",0.875455494869803,-0.529909147083375,-0.390194200721585
"918",0.51491664929499,1.06362428585921,0.011556717486089
"919",1.28365665102722,-1.57167106121779,0.344139303305768
"920",1.51796868432508,-0.581350192329019,1.09952984744735
"921",0.431085190156507,0.171704218317532,-1.22356841678732
"922",1.83364527622282,-1.64394908448659,1.56990736459561
"923",1.03549509826435,1.01590714418199,1.46957634328328
"924",1.3045580032819,-0.121889204685295,0.776242581487422
"925",0.817187987830411,-2.14553254415585,-0.763083630168517
"926",0.414495880682437,1.22542521337134,0.294078125764588
"927",0.725835813010167,1.08212862938937,0.732251814847943
"928",1.56913185555534,-0.202852380025631,1.37312838804535
"929",1.64187222682311,-2.2922771268404,1.05223575673353
"930",0.327357855070396,-0.927096857857208,-1.73935940053571
"931",-0.717410486944778,2.05539534323468,0.00617815172629118
"932",1.43092685712203,0.50250510881312,1.56799736356424
"933",0.647540894745743,-0.645098086144965,-0.950147317559402
"934",0.966354272906839,-0.778773980705756,-0.238166676664782
"935",0.571775352589481,1.00060176011994,0.0198374993970966
"936",0.964731441315779,-3.23779028559865,-0.512223238557642
"937",0.366806833230507,1.23073983736994,0.152544395629036
"938",-1.04422932432129,3.32567033198108,-0.520089994680668
"939",1.22246146868162,-0.137327372559357,0.571066503805775
"940",0.971757981401609,-1.4911686823584,-0.347751744513796
"941",0.977030332872052,1.06740321234655,1.46887056741805
"942",1.24029903688642,0.941340027620101,1.85427267778986
"943",1.15702261392355,-2.37871119919766,-0.0297982627473751
"944",-0.816004797861232,2.41076224878974,0.96273571381025
"945",1.0147862167356,0.13938483133361,0.206693378435856
"946",0.368109378689608,-0.13886851161049,-1.48789565388139
"947",0.377688959407115,-1.36477792336194,-1.67598980711051
"948",0.457237773215325,0.702717851540983,-0.790956042013805
"949",0.532264123062559,0.0397728788924905,-1.02895905362112
"950",1.55589520853151,-2.94658323620574,0.800960318688234
"951",1.84912581742052,-0.913024071729143,1.76615760615281
"952",0.7115646630742,0.487552973503392,-0.319091043763079
"953",1.33208687019431,-1.23156228265936,0.509517542666883
"954",1.31231883297219,-0.0946925934108101,0.808304809076563
"955",0.501270813793732,1.13440907416857,0.197201146004283
"956",0.513662732176913,0.446959353302337,-0.862556482480485
"957",0.362839225660987,0.864119671489676,-0.851803142043711
"958",0.63941477732475,0.717396276844609,-0.277353933793201
"959",0.382566723222692,-0.605647913220627,-1.56074646326287
"960",1.06920475561982,0.266031017252305,0.423639885330178
"961",-0.842242330403212,2.21805047112222,-0.841552781330905
"962",-0.996363338382837,2.84038511839191,-1.27073310642415
"963",0.21400686923567,1.13735238953485,-0.732321888029677
"964",0.671702186704213,0.363505374542193,-0.514359517890804
"965",0.995580702156254,0.0168763177284707,0.0939186536324721
"966",-0.273645381773229,1.5130053462242,-0.369827880356216
"967",0.709397709881045,0.400660314826282,-0.392248180224493
"968",0.477293579529303,1.0464517527836,-0.152695853562358
"969",-0.950650777010066,2.856752635189,0.696297396366667
"970",0.000859596211968544,1.32405497722381,-0.695206661255861
"971",-0.71585853200761,1.97520943873984,-0.510229669819863
"972",0.841720786694771,0.952597156556879,0.708975002430406
"973",-0.307057995719458,1.66758259241575,0.861848843205724
"974",0.60172961671014,1.16497362729636,0.651519796325923
"975",0.397805389751088,1.3011044139948,0.692533463869773
"976",0.153549776650634,-0.678079855573789,-2.10659034009464
"977",2.13112434463218,-0.708949409838237,2.48429817985774
"978",0.876588934418064,-0.560404600844626,-0.395411917068972
"979",1.01261115171102,-2.13869252399607,-0.328239652364394
"980",0.74663718773512,0.841665260777565,0.203935965469622
"981",0.812524834314274,-1.58734772964211,-0.718529107823283
"982",0.809846600855769,0.624557874510092,0.0729849535146602
"983",0.518633475685881,0.650768922257768,-0.679019777540155
"984",-1.08971221872195,3.81930347885853,0.423953132434658
"985",-0.916661987430219,2.75304685620053,1.06915660318639
"986",0.825185541152038,-0.0904834243897207,-0.367947502824604
"987",0.648931201535192,-1.14234333748496,-1.03240837297683
"988",1.38180571277888,0.72567850833835,1.7650968126265
"989",-0.21417137764371,1.23489747742234,-1.89006311456869
"990",1.30002530683801,0.474460536121968,1.19576460606558
"991",-0.189160111063861,1.547828679842,0.458511624951463
"992",1.71818119677569,-1.38951962773599,1.35572877446717
"993",1.61957029010004,-1.10572627679524,1.19077267315111
"994",1.29472863160102,-1.19167203224442,0.431899418390549
"995",1.17102244403115,0.0400724639673368,0.53506043196196
"996",-0.255643566534736,1.66748502550126,1.24590308754811
"997",0.817600083012646,-0.440419833169666,-0.502209153049935
"998",-0.125324903010192,-0.509044325875925,-2.73507613402249
"999",1.14038552132329,-0.731348312385467,0.176473307122461
"1000",0.978545427894589,-0.205385304748037,-0.0434430259871288
