"","x_pa","x_child","noisetmp"
"1",0.196724271455659,0.686343677993735,-1.18277225258099
"2",0.376213179694027,1.75088118188559,0.743806389439612
"3",1.85002055234571,0.682487378768762,-1.46478307488058
"4",2.25588151227564,1.74938949483246,0.341780845600759
"5",-0.21921687573864,2.0838420937398,1.69383559600982
"6",-2.00952749405309,-0.640288260653328,-0.664462667130968
"7",-2.31321277580289,-0.808656405416803,0.113755554200744
"8",-1.25769553209528,1.14459985786989,1.17893669233247
"9",-0.267336954516022,1.06206977137036,-0.274913026265216
"10",0.998589419325801,1.46023887914195,0.0349359112045722
"11",0.363341771801471,1.11399942758179,-0.433774275148169
"12",-0.700320139472759,1.46436117528183,0.883600327087879
"13",0.984504136292218,1.59137942413026,0.273488965028655
"14",-1.11177113440673,1.34880015485508,1.2890177173352
"15",-1.89289731204579,-0.461207734332621,-0.450145548793167
"16",-0.794406698949661,0.876779193108475,-0.256224385101868
"17",-2.17789867700056,-0.762908543598896,-0.421564632279168
"18",0.624319910818287,0.744416939023039,-1.18079176983103
"19",-0.774691065895366,1.14105792210624,0.285450282083057
"20",0.686617102127003,1.42543273946401,0.0468609572252883
"21",-1.5249944965528,0.690735293963112,1.0566215361171
"22",-0.75358100418549,0.930943361612455,-0.182547881026909
"23",0.274914039925899,0.916612395558566,-0.774561489395915
"24",2.1356131099696,1.68272258941408,0.241131063237137
"25",0.419051936736083,2.18101876319236,1.52358765122147
"26",1.58264630772316,1.46534306324982,-0.0620767842498597
"27",0.405295107697004,1.46782498232811,0.208817260884705
"28",1.67367312028681,1.42111091458451,-0.153098538308411
"29",1.94793736357439,1.82531403470464,0.51332826766507
"30",0.812310110130871,0.989408335567567,-0.774251174661503
"31",-1.61148789151214,0.538393493038351,1.16190921896742
"32",-0.393508383168588,0.990149664760239,-0.343527187222912
"33",-0.0921651330253476,0.155814146627187,-2.10827401576443
"34",-0.320674633094523,1.08247190371503,-0.204352975875466
"35",2.66124864264197,2.24991086454332,1.15447975226934
"36",-1.46080240257925,0.493056642189916,0.172370053970191
"37",-0.750551648946991,0.643915671231499,-0.792627304440733
"38",-0.86385342252639,0.506503594679174,-0.983107461635761
"39",-3.04869861303667,-1.20216678649716,-0.712914566465616
"40",-0.523255513111511,0.781354100438297,-0.680302467650256
"41",-1.72666981935393,0.111470451666034,0.706148471963598
"42",-1.23180813294903,0.193608432865384,-1.22728142594962
"43",0.913881243484582,0.688361824146561,-1.33660217088793
"44",0.0865612806827851,1.48302911906751,0.360944403765084
"45",0.439621767627693,1.06207894172203,-0.552188943618588
"46",-0.754118541488404,1.3436849374546,0.691591931765184
"47",-0.0159179253277869,0.619442540137954,-1.24240789881253
"48",0.126444430277022,0.99631271457782,-0.576092040319203
"49",1.58901072985108,1.51549822862434,0.0250523151951709
"50",-0.675433220282587,1.56380870433143,1.06324473967019
"51",-0.987053697914309,0.771823031780797,-0.254694309927266
"52",1.14964265234319,1.03278803835773,-0.758574014767268
"53",0.218647011895919,1.3148875816593,-0.0100970063599437
"54",-1.63346259198046,0.21603269995216,0.257715548985304
"55",1.06943177016721,2.06064019059118,1.09422586805069
"56",-0.137557235672048,1.54524197629258,0.593594193861586
"57",-0.668748863589656,1.26837124224036,0.440756025779379
"58",1.07242863975819,1.29522414302243,-0.275889230600879
"59",0.703433210661021,1.75167795421433,0.636135037984629
"60",-0.722463111829218,0.964455701044651,-0.142277494062149
"61",1.3583230284295,1.61900441789535,0.246314080520334
"62",-0.605606635246035,0.647080214277325,-0.898680766370109
"63",-0.377819977289354,1.23812139291635,0.140225527190386
"64",-1.58529500853056,0.55479984799197,1.02153023371964
"65",0.29113707403733,1.374710403132,0.075337368333203
"66",0.206793143291886,1.00991570461318,-0.578208255264043
"67",-2.35590838206773,-0.714836968869845,1.38196526731487
"68",-2.4556992132826,-0.908974678573695,0.0893308307824525
"69",-0.53154989688012,0.71485577297167,-0.809991839841704
"70",-1.39479246485708,0.648007864233573,0.34639950933117
"71",0.675198432815247,0.881294989679457,-0.941811271742765
"72",-0.616855796086877,1.7121533027004,1.30586845988598
"73",-1.29773846147444,0.124408268124238,-1.27813050289827
"74",0.314225187626453,1.48521499556022,0.273014475761589
"75",-0.494019535845091,1.05495283308188,-0.146128903333914
"76",0.0165102838698176,1.12392570511874,-0.291383414305593
"77",-0.129301353846792,1.97321870422946,1.41636766740356
"78",1.63969122770747,0.758852143680093,-1.30966817766734
"79",0.182594640621211,0.606842257683033,-1.32817347364799
"80",-0.576157530144637,1.79195990077081,1.42626956350945
"81",0.00120301560908431,1.52333093079155,0.477726792718383
"82",-0.887959420591526,1.10067047676168,0.337259417764946
"83",0.788727708832658,1.82324011444938,0.741528129523152
"84",-0.857683681572265,-0.176843974647589,-2.4691254961479
"85",1.46247694476244,2.124026381852,1.11849628787453
"86",2.45494346401561,1.78920684466216,0.387559425401408
"87",-0.708360644653261,0.779533173804329,-0.543525774437974
"88",1.04144777440527,0.841300125835841,-1.0829476373874
"89",0.44370077108186,1.06975697268771,-0.539146050016425
"90",1.8168806953562,1.30743291054954,-0.371124222528797
"91",-0.948497263725432,0.703831061986401,-0.457048772298781
"92",0.772076442494548,1.18754431329454,-0.406579142247744
"93",0.362944602145888,0.704019975591698,-1.19487351933988
"94",0.384453197128443,2.02055467964014,1.2406933340094
"95",0.759595093779124,1.70648405298729,0.537971230131823
"96",0.890066762637667,1.76918524896326,0.616429627060911
"97",-0.0534668566548936,1.46528144160498,0.394030981149684
"98",-2.42416946647989,-0.922304203481642,-0.282736552783418
"99",0.716057293708387,0.486736619495587,-1.66805208638879
"100",1.37646574830376,1.29921416488529,-0.322591385023694
"101",-2.16861157853964,-1.04320861120219,-2.65633274659959
"102",-0.915057290229956,0.572365456440617,-0.786420765579559
"103",-1.85584561629475,-0.0872749067872098,1.10585403360157
"104",-1.1437543857975,0.258125732646355,-1.2119233296737
"105",-0.230573401125653,1.43832021522431,0.440654813748166
"106",0.644661625725665,1.51816941057695,0.227486836244195
"107",0.38472540489107,1.51739851343613,0.307702082555615
"108",0.785868104274287,1.77730240438145,0.659085067700018
"109",1.20696885014535,1.58020587892394,0.206216617707888
"110",-0.92728719080713,1.12681218379656,0.449332044590626
"111",-1.66196352349078,0.0217699853666545,-0.201968396772669
"112",0.023740811722448,0.51990500455904,-1.44545405059212
"113",0.321061531885623,1.9267772062554,1.09271644307602
"114",-0.540057687498164,1.0244621332938,-0.173901560151108
"115",-0.4678654170422,1.37628680013785,0.482586808651458
"116",0.462001614283918,1.53442081142029,0.313058953176433
"117",-1.59536863034011,0.126595538984054,-0.279801212379092
"118",1.93853622005736,1.22982193031329,-0.521061389294883
"119",-2.39900770602796,-0.811170495606945,0.747403565897695
"120",-0.1053915909066,1.10742253535436,-0.269001125383538
"121",-0.466378430968363,1.57305798303411,0.877708608016456
"122",0.79670012917328,1.32304818328035,-0.166716208153222
"123",0.759756192799476,1.70684697338671,0.538585057574557
"124",0.97490138549189,1.28742577957651,-0.270344770678728
"125",2.25687636023731,0.751082337297194,-1.38146009815604
"126",1.3539130665518,2.32717372046598,1.50063034111445
"127",-1.10581398441189,0.0617393679068925,-1.72245327046664
"128",-0.121448983699528,1.49687529116437,0.491005011262954
"129",-0.820145065025647,1.07370621201324,0.193834456895553
"130",0.684481521655975,1.56118534337474,0.294724337295866
"131",-0.10747426461498,1.55904861020474,0.603271032783477
"132",-2.01888690201676,-0.541062535471785,0.01516015388669
"133",-0.316200870703014,1.42819364609994,0.475538449492126
"134",0.748414229781812,0.0331793910135949,-2.49705858759308
"135",-1.68881603904265,-0.0701934505527111,-0.325592323760024
"136",1.80965158860392,1.30054419247895,-0.382228554727395
"137",-0.403205879771171,1.87855175489387,1.43609120103346
"138",-1.26032264648902,1.20657753883398,1.34081739311196
"139",-1.58919270821638,0.296178340263722,0.225631645620024
"140",2.92571076112216,2.0564010930126,0.795873408002978
"141",-2.08762223770537,-0.483722169949308,0.945035591889108
"142",-2.91208363257251,-1.18311927269251,-1.2004788075987
"143",-0.714356112061257,1.54253713062468,1.06379102586828
"144",-0.181376828050053,1.12307356539543,-0.201402831471656
"145",-0.318885074944241,1.68780676246267,0.990038442144747
"146",-0.49927369945609,1.59707267472134,0.95481297851451
"147",0.0817549106410783,1.81638672460507,0.995204852042681
"148",-0.68858170353812,1.0380253048644,-0.0203168936596102
"149",0.896983818785697,1.4699182324169,0.0751499726087708
"150",1.57060594319216,1.24436724040916,-0.448598672457535
"151",0.637255735884897,1.73875059565494,0.632435177294458
"152",1.41119654663101,1.61516115908467,0.23001360041929
"153",2.86653735577399,1.29534743864607,-0.496250909103348
"154",-0.409920345701949,0.69330988733976,-0.926395030953652
"155",1.75803293351127,2.58936641281217,1.87697462195268
"156",1.31392153128929,1.03418360368252,-0.782102604249057
"157",0.390197940985372,0.774955230646325,-1.07023653832964
"158",0.00352469283645315,0.675080917871868,-1.14280484612295
"159",0.745323797219564,1.04251549296669,-0.663772733275076
"160",-2.78983621962767,-1.06970595385028,0.283601557809631
"161",1.10784480579913,1.91796787684807,0.82982443316981
"162",0.266460395742876,1.12676843463246,-0.379183422332193
"163",-2.31736782081235,-0.787340098758943,0.348226623126013
"164",0.734327341279823,1.66020633316731,0.460967931737385
"165",0.804543221591165,1.87218956376633,0.825715379664902
"166",-1.21790155065557,1.13581056377426,1.04439061482523
"167",-1.71450986612919,0.0924051846712366,0.513553234885788
"168",-1.11725390909929,1.40713988371815,1.43806863236246
"169",-2.09062477080601,-0.696902101338847,-0.506221228255114
"170",0.399782734347304,1.26977900974709,-0.156154020680006
"171",-0.734975770247192,1.61747924630423,1.24666880281429
"172",-0.641048431326975,1.20851056279652,0.289532969404926
"173",-0.657382339735881,1.1413044357377,0.16549096488261
"174",2.79940025248193,0.886378735043669,-1.18927423138031
"175",2.2483198584597,2.96689251396286,2.44454901423064
"176",0.38596299776808,1.52648249042449,0.32411258667471
"177",0.543868467237987,1.87564542911642,0.913478837557009
"178",0.326627534405586,1.62746170297096,0.533273506292997
"179",-0.338996674202464,1.03649831819264,-0.284442312204053
"180",1.50657759613357,1.70026531222156,0.363470276591176
"181",-1.0386565291325,0.907245700692923,0.129065212139843
"182",-1.02666978763375,1.25872696102363,0.906971423057483
"183",-3.09183309920463,-1.16741973171508,0.794712498650022
"184",0.375762415303794,1.89764211326031,1.0162407308201
"185",-1.28598137169906,0.600464111068837,-0.102720779185354
"186",1.41099841973637,0.649840194003078,-1.4752889651216
"187",-1.4055439802325,0.797651608983544,0.78952490931325
"188",-0.31820196999295,0.838576929777509,-0.687425748159058
"189",1.6856763009664,0.817041435457617,-1.21277486310046
"190",1.30361327702332,1.99165414016312,0.917265585771128
"191",-0.68260934855684,0.713300711123742,-0.703616513379931
"192",1.02239534412286,1.68726547782158,0.436831570189258
"193",-0.790807547174327,-0.45852569616714,-3.10829872759638
"194",-0.679666138993488,1.63092169043948,1.20802129935379
"195",1.62294489956868,2.06616581610835,0.986099178352108
"196",-2.14917574870503,-0.577392479432799,0.792860498906549
"197",1.3131276688151,2.05973218582043,1.03592633588009
"198",-0.428211221051275,1.47567812434811,0.651039718200667
"199",-1.11773794888412,0.509291903410616,-0.661223585807666
"200",0.0338560084610883,1.59919162273559,0.606314937963723
"201",0.267947525068525,1.55636255821555,0.423221771448209
"202",1.23451644145938,1.17834512694824,-0.513575837057737
"203",0.0307756449263679,1.45043374468515,0.324520948249537
"204",-0.989696876679011,0.969751103367546,0.192952993117946
"205",1.10914817767131,1.61578394741144,0.289704578795363
"206",0.527084105647688,0.901538840890699,-0.870838990495145
"207",1.13568597632875,1.75126350050793,0.525869356218941
"208",1.14673779092327,1.54899249355202,0.162668333344208
"209",-0.491464435956624,1.64290227120837,1.04051970802838
"210",-2.22190018081356,-0.933179361602538,-1.54993000969328
"211",2.13180682091488,1.15199549930217,-0.677087944147593
"212",0.744755890290318,1.9997098704535,1.07461028510602
"213",1.7417909733473,0.978311724469723,-0.936906275028921
"214",-0.399488390272272,0.512420105921595,-1.29305627563273
"215",1.08591451046956,1.36175348404989,-0.159538277583917
"216",0.369832577205393,1.43700267168675,0.163710679785919
"217",-0.201767094479238,1.17275225350583,-0.0940454187691916
"218",0.865878419164609,1.25940034837653,-0.297587714658466
"219",0.73832183817643,1.65603560329558,0.452280470259657
"220",-0.384400784226442,-0.218682048433746,-2.75637562787439
"221",-0.0446907864546292,1.66673285334353,0.775867739895357
"222",0.864895233245713,1.4277645631908,0.00659380386897131
"223",2.01346608360373,1.75600683518512,0.383878206000787
"224",0.459090324617473,1.85686940158304,0.909027654436564
"225",-0.741181840135813,0.814584998718879,-0.440391922704261
"226",-0.693259656562554,1.13866473911676,0.194563938169724
"227",1.04394225754067,1.35553165935732,-0.162285993225367
"228",-0.265014868625218,1.4655816067901,0.515576659416719
"229",0.924866641332295,1.19538506973041,-0.425555802860724
"230",0.336415787917557,1.91428090214191,1.06307299338472
"231",-0.352444100607864,1.18972716291175,0.0274527151007005
"232",-1.71811702138574,0.0158228980993406,0.252850294598074
"233",-1.30539458045963,0.987468859127165,0.931532109130925
"234",-2.20751872433828,-0.818403646346113,-0.678685263585878
"235",1.65068523768114,1.6511097771736,0.253438443042301
"236",0.738010747683571,2.17490158406609,1.3949464420914
"237",-0.150262493861246,1.33077607986908,0.18536356148793
"238",0.406890313325422,1.92678570972236,1.05799552010221
"239",-0.484773845724998,0.450733524225219,-1.37294677477117
"240",1.17363175432225,1.62851067707218,0.298943802203523
"241",0.843255035404041,1.35576493131217,-0.118419001294689
"242",-1.07374604802091,0.356544728616092,-1.07987584426502
"243",2.09150620346735,1.6392090698253,0.171237481308764
"244",0.418680199102458,1.31550695334788,-0.0774433562540825
"245",1.47258353463319,2.04508000754042,0.977286983370631
"246",2.03348340343133,1.97732855392883,0.765224355282725
"247",-0.104852980010799,0.948969373441433,-0.574867785699672
"248",-1.26896353936635,0.963387893930905,0.760963338993617
"249",-0.333795963450466,0.828454294582194,-0.699124245453769
"250",-1.09164998651893,0.0367069104417912,-1.79688833242237
"251",1.15437259764078,1.63003860415368,0.30564167865978
"252",1.29216119892352,2.36426832008717,1.58070893590027
"253",0.545688112477039,-0.579430666546454,-3.59398118222998
"254",0.721518953911955,1.21786621032601,-0.339687877403893
"255",-0.601513080882477,0.589768264221053,-1.01942297373223
"256",-1.86951433071086,-0.0774039294305225,1.28898008130976
"257",-0.833280529438857,0.329851671603258,-1.3924313576277
"258",-1.04354953919327,1.25088387390708,0.920787371437589
"259",-0.469604550874217,0.843444663346942,-0.589683440366889
"260",0.00239813575251966,1.79882123641965,1.00312754674848
"261",1.62763623583328,1.21795040383255,-0.502878100491624
"262",0.979212483207458,1.81757201651819,0.680969029803079
"263",-0.91822829607152,0.877967504362099,-0.110902340777675
"264",1.67274981013206,0.533544689704252,-1.70804344893356
"265",0.992375808853275,2.00327037727299,1.01107343496411
"266",-0.607230038960987,0.722316093350794,-0.742633755468662
"267",0.0108576605061003,1.39867118882663,0.235157172113175
"268",1.80037998763554,0.623415170058282,-1.5631152799944
"269",1.81642194763605,1.26184586677999,-0.450612405428815
"270",2.75267463390952,2.57914149699835,1.70676324708926
"271",-0.814748326157466,1.73499440207195,1.60559882993035
"272",-1.8666511649603,-0.598785551769322,-1.31382716911012
"273",0.536109493043049,1.57168715200673,0.357864746085218
"274",-0.80764309108824,0.85826801430009,-0.281989037413766
"275",0.469931792952814,0.773992943307516,-1.0918092971823
"276",1.54042033148783,1.47524046670522,-0.0381566349152237
"277",-0.284957056666731,1.61023420727994,0.812998638095428
"278",0.311817360727465,1.6861130914556,0.648206306079729
"279",0.660134119076775,2.4985559983465,2.01137184802307
"280",0.118520287161035,1.19818166350337,-0.191633793009599
"281",-1.13033938707237,1.14496688492198,0.853209093944545
"282",-0.34722733775186,1.31836093112138,0.279057285111812
"283",-0.178635636160162,1.00961864124822,-0.423296783843918
"284",-0.129967566163172,1.21274680081566,-0.0536492485501405
"285",-0.677417191131051,1.76655083360199,1.48819528654187
"286",-1.71747747466526,-0.220740413436836,-0.664898067017573
"287",2.49624941892049,1.13059189490874,-0.748003896205301
"288",-0.561443817985775,0.723767108557569,-0.771886103577055
"289",-0.681779680797165,1.50230451679053,0.942099055532009
"290",-0.964029512587598,0.179198239938701,-1.60548836132513
"291",1.51403617596394,2.23253197788679,1.29930956286304
"292",-0.0275783431640546,1.90417484776078,1.22125548022645
"293",2.43144218170251,2.67335793930839,1.91054082791061
"294",1.68145779207713,1.29351867892317,-0.377699859193509
"295",-0.181994510661773,1.13624407588832,-0.175481040687866
"296",0.303490215385727,1.17613016630488,-0.299267245838732
"297",0.364788324686875,2.17390626565561,1.5335023483236
"298",1.83925445764345,1.24070664160704,-0.490304891780715
"299",0.12409638999715,1.6486537748256,0.657393145472392
"300",-1.00636896528251,1.23178961701611,0.809513771298677
"301",1.42061171029937,2.03835483672142,0.975724991322015
"302",-1.94966008428751,-0.407993833188099,0.266040203506371
"303",1.59264824125159,1.57342640380514,0.126229635446432
"304",-0.781385068777292,1.48569270794333,1.02666108264165
"305",1.33068491385813,1.42735340219056,-0.0881077587834171
"306",0.248794767298762,1.44419790802226,0.220821112389695
"307",-1.02605106314104,0.767265955309863,-0.208761739612568
"308",0.248484557372699,1.28921078045705,-0.0691355702190114
"309",-1.20645191157475,0.665521450301797,-0.125926378380603
"310",-0.413031107059372,1.79226407377177,1.27215481193899
"311",0.353566651970117,0.360818318638567,-1.83011753425847
"312",-1.56734840417346,0.15522553832409,-0.339552929768339
"313",1.23804190630028,0.420774836277855,-1.86073552699253
"314",-0.769473998306289,1.56614681117495,1.18224231560679
"315",-0.958879358238931,0.774787409294487,-0.286190905337683
"316",0.805207182225617,1.31708422626216,-0.179519854808485
"317",1.13808571356296,0.967451424858304,-0.873224269268067
"318",0.62497878951751,2.14146379302637,1.37218357254617
"319",0.145125985833747,1.03873368680183,-0.50268217809839
"320",-2.40055488975034,-0.920159337769488,-0.415182471337237
"321",0.693080506266938,1.53371130535069,0.242304022542233
"322",-0.565518074163352,1.16905670766316,0.141421236568874
"323",0.81560062176068,0.766212073279672,-1.178828552337
"324",-1.32661758889743,-0.0089282154253798,-1.56203015507015
"325",-0.140274025174016,0.90208332713048,-0.64977154686719
"326",-0.544132166113101,1.46318670776096,0.723230069692646
"327",1.03279359647069,1.96562412394833,0.933261984328246
"328",-1.54766487325849,-0.0109664348291035,-0.940898132028544
"329",0.0200691527388257,1.47871831780548,0.383464322627844
"330",0.878763428497366,1.1836473057665,-0.437085078656279
"331",0.935746176368586,2.00093700719488,1.02185058650032
"332",0.133954843879573,0.990697056775937,-0.589367015857699
"333",0.210357825596413,2.01449107678997,1.3060919401379
"334",0.39382471652328,0.787089783936842,-1.04868065286988
"335",1.88121956661688,1.76762796092886,0.42246094857626
"336",-0.591441024797151,1.3848254070499,0.606507631715786
"337",-0.0781059229957599,1.78380779357605,1.01950886966146
"338",-0.669151780282283,1.69726937213394,1.33402582798886
"339",0.957920806004344,1.06829676274263,-0.660767656358555
"340",0.807233123452612,0.172769888319258,-2.25163105271159
"341",0.897944181729054,1.95286434076855,0.945505737276157
"342",-0.258901102100563,1.6498317527137,0.872950962650173
"343",0.492980679765421,1.60216252878427,0.427750258897603
"344",-0.867137727174899,0.749677413515316,-0.452019687271292
"345",0.745725960181535,1.45592396765409,0.086849028894993
"346",0.911720995580736,1.355251150503,-0.134835243359605
"347",-0.403259257260516,0.161569098116872,-1.99161193808219
"348",-0.958072185358756,0.799808532892031,-0.231635775668041
"349",1.41741975942447,1.36442267718815,-0.213944182284345
"350",2.6483572318415,1.70199354003539,0.217803696763414
"351",-0.416551597364095,1.68393764540078,1.05851223849167
"352",-1.92341846993888,-0.463913952690621,-0.243637598172974
"353",0.78888744958252,2.23413539022024,1.48602433902082
"354",-0.684820732241023,1.14662606879493,0.202891266068273
"355",0.466179649642907,1.75465610127388,0.717908466790861
"356",-0.064165666903068,1.07037623851067,-0.359132813700233
"357",-0.186394764136091,1.65676790726047,0.83923099418188
"358",-1.19627599034724,0.931205044685904,0.493908345249931
"359",0.515604649941581,2.08693766801618,1.31188199762205
"360",-0.629882367250189,1.60366848976071,1.09593588171927
"361",0.606973183723394,1.02586480302591,-0.662262659549177
"362",1.5538344835755,2.10912692403316,1.07438215089288
"363",-0.867554800352072,1.33343443927696,0.815813777858799
"364",-1.35926913736504,0.396434233934212,-0.432695631238976
"365",0.0748487405815688,1.25214351422044,-0.0718359692890047
"366",-0.514597281909657,1.06017465119042,-0.12045474993128
"367",1.60269719936372,0.323975260636583,-2.06907366911088
"368",-1.10814209832963,1.16071310953056,0.84228501733354
"369",-0.447370324613226,1.34604378861171,0.405810364277139
"370",0.339574160555009,1.82788372642373,0.901103511398768
"371",-0.62531026522286,1.16877556499818,0.192809692509449
"372",0.169257110263889,1.37804155075961,0.127644829758202
"373",0.44314974947298,1.33959430361834,-0.0405688009402179
"374",-0.882430844049463,0.433977622655034,-1.12282364147762
"375",-1.06025384571236,0.657942500920585,-0.406455380665975
"376",0.67873339953411,0.862779566940914,-0.976311068350323
"377",0.604149313503632,1.68809475829401,0.55004740220665
"378",-0.585748003913256,0.429615352095112,-1.35850500913657
"379",0.0960670146934658,1.2000239225566,-0.179279389399441
"380",1.06204024042763,2.23108156255723,1.40114316569264
"381",0.17449226787234,0.748753865045552,-1.05878995627594
"382",2.33759590909276,1.25073814813969,-0.526944894334784
"383",-0.745128442948091,0.910469280656134,-0.234154304636232
"384",-0.790304020987357,1.5014342694694,1.07185094307027
"385",1.79842807484298,0.169296450725352,-2.35572927803063
"386",0.081095429245752,1.84143087463341,1.04302718662669
"387",-0.462981040040025,1.40270392823952,0.531906249122925
"388",-1.3727435674135,0.753758916424897,0.550364464561432
"389",2.22401953245955,2.15502776597245,1.04627103190548
"390",-0.61814115396403,1.30908936411261,0.475796616663763
"391",0.225573685316689,2.21233738486912,1.66983592935095
"392",0.317913447641568,1.59516026271625,0.476433095327023
"393",1.21417688279022,1.65258374178551,0.333561364585905
"394",0.249631642510556,0.727049722553723,-1.12160391483638
"395",-1.12077371031897,0.76761218764079,-0.0513795891686171
"396",0.970543873666937,0.845753389467806,-1.06303757797214
"397",-1.65141475637331,0.00530125038474681,-0.334302866591546
"398",0.302122469973888,0.581719558136969,-1.40706771377357
"399",-0.199619064288083,0.299834108544428,-1.79547737869165
"400",0.754666820618097,1.78461433816367,0.681155353308521
"401",0.931297257606107,1.34466774630519,-0.158180934589892
"402",-1.49050971821649,-0.00391756147930411,-1.13230487096541
"403",-0.653777949748512,1.67335537883159,1.26661404265455
"404",0.342144975766906,1.77475830832943,0.801297632225525
"405",-1.16305038158123,0.105974869897389,-1.54530436830031
"406",-0.309376702590897,1.75188772868854,1.10948603027767
"407",2.18532774538787,1.37959196533582,-0.288996250089338
"408",3.05459206350384,1.09776290625002,-0.846275795025376
"409",0.061994105526561,0.530062150651254,-1.43794018848416
"410",-0.510479196172805,1.76795126640186,1.31129306177305
"411",3.19893118770436,1.28956631831683,-0.530285304969699
"412",-1.13481215363297,1.56006670196615,1.84038713674093
"413",-0.145670213805634,2.22079273071086,1.90661089007316
"414",0.202605925984302,-0.594009411325436,-3.58897808227694
"415",2.00148563957886,0.939186799324046,-1.03291249610197
"416",-1.24269234673563,0.287088196240929,-0.977871649062544
"417",0.742119021791565,0.916689465481495,-0.891598100634372
"418",-0.860929367376524,0.731334261092489,-0.498597071894449
"419",1.363152984685,1.35224357660525,-0.226600650428817
"420",0.623080230458126,1.26474060650937,-0.229536425847779
"421",1.1988057874868,1.62669741786206,0.290593997522101
"422",-0.799229903601461,0.851709411153117,-0.30478088183878
"423",-1.12903535664157,0.266407870264151,-1.2135959693813
"424",-1.37968455972539,0.77302061265286,0.626011979547604
"425",1.12877918606489,1.04214153215685,-0.738382023026681
"426",-1.71318351931925,-0.389247534245438,-1.34199824813805
"427",0.0485916806885058,1.30352049223966,0.0369139616680976
"428",-3.19603596669339,-1.24259168025279,-0.826218732644011
"429",1.73844432897852,1.03144434038951,-0.843604270239712
"430",0.502077743667869,0.981435967288854,-0.717644175379701
"431",-1.12489464683706,1.13830314876751,0.825677131275681
"432",0.12582511419637,0.87239306748548,-0.809993339779077
"433",-0.244271182225673,0.83267703401884,-0.736476549619636
"434",-2.03987200858085,-0.422127359221521,0.938760893686896
"435",-0.925009146242605,0.771652090941635,-0.336360328701127
"436",-1.4197186333649,0.712741527328176,0.615195600338028
"437",0.180624771813852,2.02366584467705,1.33765059549312
"438",1.05866289166435,1.16041009314738,-0.514529733172595
"439",-1.13382191213464,1.17011861143466,0.920091667183605
"440",-1.28982991462139,-0.0241548068299886,-1.66815797642244
"441",0.0996404088974188,1.17020214383068,-0.237167014792125
"442",0.830434243775919,1.2745076543495,-0.262377188245832
"443",0.158428015129399,1.53375164818672,0.425410706129864
"444",0.00960702782372212,0.682991953002082,-1.12981171312993
"445",-0.0533088511039156,1.42513460554457,0.31690366019423
"446",1.25080638767823,1.1669205634467,-0.536589501926674
"447",-2.01944829213628,-0.445549056483631,0.615424096388552
"448",-1.38424085592312,0.758923232780563,0.604978531376468
"449",0.161429779110318,1.92975517353737,1.17019002683258
"450",2.00746008908497,2.00667350631392,0.819900971453646
"451",-0.180945384162836,1.89407722725621,1.2971307709249
"452",-3.38686702669911,-1.2764723976829,-0.348387747925785
"453",0.782513209858179,1.24442414072546,-0.30585585167211
"454",1.04307842574827,1.88617897820148,0.788397035298341
"455",0.486060336956956,0.691231239002116,-1.24812619335901
"456",1.76038000925534,0.788512366803621,-1.27074647925309
"457",1.96557686926668,1.96582509885136,0.755057859731746
"458",0.29712329134867,1.81937126881005,0.902539682018509
"459",-0.245067928488163,0.673143550277437,-1.0484073821893
"460",0.966609460849085,1.87242670298213,0.782677809859673
"461",0.957575993609165,1.33792047596975,-0.1759677462674
"462",0.978103789961321,1.9491787159988,0.917635129676489
"463",-0.0150649085480259,1.18348578816013,-0.164074837912021
"464",-0.524762927476356,1.09531561023276,-0.0414410312560258
"465",-1.1463824236524,0.439954007941486,-0.778086613688322
"466",0.977334735708934,1.30375161737144,-0.241521178505783
"467",-0.152275831121272,0.848330252337758,-0.748552888472996
"468",-1.98763432966662,-0.839980187153953,-1.99268643323362
"469",-1.410556764369,0.290067833006684,-0.566517302878064
"470",1.7038950195798,1.03141683193633,-0.839524623412009
"471",1.36464689057653,1.99849815789807,0.916640638753152
"472",-0.391402570606771,0.718276444156515,-0.886733127289436
"473",0.779765334362517,1.54960859248579,0.248024227871534
"474",0.681354140239139,0.574866307080734,-1.50143583810858
"475",-1.31072755269649,0.906591912419226,0.742417219274469
"476",2.12496701693222,1.188848126189,-0.612587240821361
"477",-1.4349852594809,-0.751057951964972,-3.36057648854884
"478",-0.3929489984704,1.36363082123148,0.40070946875814
"479",-1.93242012837511,-0.423977728609026,0.0413048770000205
"480",-0.549329775257244,0.509387369630642,-1.21730335396502
"481",1.01544095906803,1.28138042254897,-0.289441970964924
"482",0.810997313907304,1.59526391021548,0.322642163958965
"483",1.38422807607955,1.57290611465455,0.16010568349403
"484",-2.07662522719079,-0.618401520308633,-0.0641479423606943
"485",-1.06152989593632,1.15021880361403,0.724752601930549
"486",-1.08326453861494,0.977961390459899,0.368932296402156
"487",1.4041614560662,2.34283811488171,1.51707374062567
"488",-2.70088850351292,-1.01069632434481,0.588933167227039
"489",-0.356782374664398,0.386418936129225,-1.56372995352515
"490",-0.466935457722727,1.71947835245251,1.17309706868631
"491",-0.155855673729504,1.22071149811592,-0.0250103995688071
"492",-1.17285914303377,1.17162588294435,1.01510015552273
"493",3.01039912867471,2.90385193745623,2.22956995221055
"494",-0.0524265341519218,1.62362616491368,0.697357819566561
"495",-1.21164672189913,0.521679450894309,-0.464279107508725
"496",2.56824287525349,2.80916296500728,2.12448575541819
"497",-0.0491121524383217,1.60328346300824,0.656551138340432
"498",-0.345731613669003,0.690026968450992,-0.966963664850805
"499",-0.889711077463748,1.26204753077733,0.691886090918243
"500",2.02532889654929,1.1572110285991,-0.656895759814868
"501",0.661131843942679,1.5648429731898,0.307975217624829
"502",-1.7705700775615,0.322116383049767,2.03897456460145
"503",-0.112505836900938,1.4406640334487,0.377577540961336
"504",-0.24562188375962,0.8582457648372,-0.685762301797304
"505",-0.520623473648448,0.468880183776446,-1.31648173425429
"506",0.284091450331248,1.41414448870829,0.151482482391796
"507",1.34644828055704,0.753606524198899,-1.28372409156171
"508",-0.0984335195714877,0.693951936674757,-1.06922595173803
"509",0.0377224574506864,0.88381689141463,-0.757167283778511
"510",-1.25663983679152,0.565466501409862,-0.26063008610494
"511",-1.51779945786458,1.07235052675939,2.14320403792241
"512",1.62273736498407,1.44702680382513,-0.100256567479196
"513",1.48066006619144,1.18389158058229,-0.54215186977234
"514",0.137620787342363,1.59183459330648,0.543997080380658
"515",1.63806136299738,2.05071536967525,0.956278545930932
"516",-0.478417665077531,0.835212628967253,-0.600629993946772
"517",0.21919362744707,1.41169574639365,0.171278129540385
"518",2.70503752717012,1.2057824638063,-0.636445208908955
"519",1.35580598419327,2.12067083175916,1.13470050651222
"520",-0.943270867417967,1.30170902254222,0.860026823658425
"521",0.459676448097597,-1.47373752477136,-5.23689863269178
"522",0.20548018526835,1.27838423872295,-0.0736958107545431
"523",-0.628962262375627,1.80521310350488,1.51149865684479
"524",-0.551252779131856,1.09507214245123,-0.0212899626191791
"525",-0.0864861229476927,1.82129453904003,1.0965844923779
"526",0.810801485114858,1.16064941485311,-0.463985660096743
"527",-1.46568839076533,1.04865907106502,1.76180102876796
"528",1.04485701150519,1.73481034434202,0.516851535731857
"529",-0.470286452693394,1.74926421348227,1.23611352591483
"530",0.848855468680741,1.48059234676014,0.105820021061139
"531",0.0287633920035136,1.30125874528792,0.0413103342975973
"532",-1.4791189819997,0.616613109512206,0.602606196882509
"533",2.48850451286508,1.72604167254774,0.275397805565147
"534",-3.47942302722356,-1.30541573447241,-1.22347676660616
"535",0.791507310227841,0.778214281652572,-1.15259673732142
"536",0.765003397662211,1.5879973266591,0.321520208240746
"537",-0.383204296391348,1.20289724756905,0.0737234913538313
"538",-0.816602944628795,1.65704084276703,1.44112206628585
"539",-0.504464769689768,1.35831221419324,0.475886606817623
"540",-1.87107807956999,-0.338573643720518,0.0059707574535602
"541",0.621458769107264,1.23716519161101,-0.279514351506459
"542",0.381239041791592,1.14868339024739,-0.374858325153866
"543",-1.8600777581372,0.0563592638967331,1.84900844202146
"544",0.840307156667171,1.46814320042201,0.085388089553835
"545",-0.482166875889072,0.996928869264258,-0.271763047017405
"546",1.53134588066408,1.91288970831227,0.733378514089753
"547",0.850948901423276,1.5703669135986,0.26750054460841
"548",-1.14823725244406,1.06317035235352,0.699801801921819
"549",-1.9101941416013,-0.109295921805795,1.53472972732397
"550",-0.717339636339517,0.702757238453719,-0.697002582134251
"551",-1.34115342444787,-0.00865205424278281,-1.53254026076758
"552",0.425439101959435,1.49727091419417,0.256553521382035
"553",-0.251334225922468,1.00873854724809,-0.388117474127602
"554",1.00290840839551,0.963529731372978,-0.857230581762843
"555",2.36537710837529,0.810776888948253,-1.28720248560828
"556",0.809351888091456,0.470554410887758,-1.7128679990414
"557",1.81400847045154,1.23399695635069,-0.49890912174145
"558",-1.36867461506241,0.836710090833189,0.755025499009991
"559",-2.12680977492884,-0.862065594956692,-1.47020715916133
"560",1.70842127034087,1.30002288164185,-0.36994320172953
"561",-0.876936052948183,0.412871644552354,-1.17401670534517
"562",0.92662249878977,1.36084053432489,-0.128048320493182
"563",-0.173532662262368,1.49937519558945,0.525509376483716
"564",1.43917152177069,1.1448044149359,-0.605042361820736
"565",2.12089896331367,1.15822576021167,-0.665185597430225
"566",0.883849831089098,1.42577214221875,-0.00141190951112424
"567",0.808195383677988,0.820815241387293,-1.07861016874305
"568",1.02185026844322,0.489215436476268,-1.71093828088028
"569",-0.648883387682806,0.529346631313813,-1.1116973196626
"570",0.528892420232244,0.516337636496047,-1.57909602315419
"571",0.518851390737441,1.23732775776819,-0.251441412301578
"572",0.890564624119708,1.46077479306199,0.0601587202630031
"573",-1.60232157997185,0.255450111472173,0.176855052211757
"574",-0.8866615370304,0.69103107039301,-0.558022480774915
"575",-1.05071969731621,1.17331120727652,0.757227477353228
"576",1.25846276642184,1.77356108308161,0.539627329461438
"577",-0.457833271463382,1.15052174292495,0.0205515132358447
"578",0.363588846453338,0.749654050678101,-1.11031046458761
"579",1.57116436427647,2.26783111161826,1.35001657812589
"580",1.18358604117498,1.83576118678614,0.666053950302827
"581",0.0321869512366164,1.92878044212854,1.23475178122817
"582",1.79063893159585,1.59749884506208,0.138731311721989
"583",1.64725645326928,1.19669842119452,-0.542786157721464
"584",3.31448820536338,1.27320562237734,-0.565689879361699
"585",-0.608185478237148,0.835585235332862,-0.508678070918213
"586",0.398921687084964,0.994424665131566,-0.665933881363368
"587",-1.41066530657944,0.590389576802165,0.248022726454652
"588",-0.00846316477685477,2.0676891579323,1.52287309345292
"589",1.33226972194095,1.1377815448048,-0.601335268147848
"590",0.150454042837958,2.146698705349,1.58459107017462
"591",2.59807489536429,1.54343209109357,-0.0489502719983352
"592",-1.0182834229779,0.322649686901101,-1.22621744477646
"593",1.38795962842452,1.10973848809476,-0.659429194095359
"594",0.566967224395451,1.79881862723766,0.764734745689923
"595",0.741759484603349,1.64906351706426,0.438665082327929
"596",0.743509002646073,0.569550605851302,-1.52232926987544
"597",-0.173301219575404,1.56647652405236,0.65570611562006
"598",2.35356100420819,2.2974101908867,1.27431971435245
"599",1.49964594806979,1.70638485352969,0.375445925822414
"600",1.36238963915426,1.67060241718055,0.3368771587793
"601",-0.401325893345424,1.56397819846325,0.806621007397486
"602",-0.635013791553474,0.52775817315389,-1.1245833079021
"603",-0.201405395356064,1.17762338414717,-0.0847488740835519
"604",-0.0869165125144667,1.49779740044854,0.474001834018389
"605",-0.26420217673431,-0.320452368478082,-2.98914441481413
"606",-1.58468166215663,0.376097361858706,0.451361794501242
"607",0.748306186967417,1.6085787106109,0.36335549579604
"608",-0.457201293146733,1.5166864838733,0.756586813989246
"609",-0.411158308399162,1.52731677636319,0.741060121398061
"610",-1.92717157926632,-0.540460109696099,-0.631471803667247
"611",1.10856385197676,1.49141951847764,0.0676619754467608
"612",-0.0330583255189443,1.24235347757776,-0.0432930736100771
"613",-0.499965554700833,1.38832462921345,0.532927396728005
"614",0.630680483240023,1.50454052656897,0.206572249786852
"615",0.407350921819533,0.538943092657943,-1.51154224024625
"616",4.09453352560747,3.1171815634153,2.48179455246677
"617",0.66706052690792,0.903576053208553,-0.899426291971041
"618",-1.85878092422136,-0.234511732271748,0.416561591412953
"619",0.497373073515989,0.85859149938599,-0.942586354190523
"620",-0.779889079941612,0.393276813317814,-1.30003393467466
"621",-1.66862254757878,-0.752647116172787,-2.89820221769417
"622",0.602803194646871,0.418527621397782,-1.772531878809
"623",0.633025664345911,1.85614330862394,0.848177484645447
"624",-1.82790026852675,-0.12586563855478,0.65844920495134
"625",0.438851506006211,0.676743223138926,-1.26392867306501
"626",1.80331169767243,2.01214857841834,0.860727207218284
"627",2.20356211644719,2.3802605618633,1.43831193397291
"628",1.21738226451386,2.16612711019645,1.24643876040615
"629",0.512213301719386,1.66001334784253,0.527896333899126
"630",1.01097542480833,2.16569136763685,1.29760385986118
"631",-1.05641039479013,0.779932861095577,-0.132909827068601
"632",0.736297714547521,0.165909985491952,-2.25437826112009
"633",-2.21676163078055,-0.972884404090639,-1.90501346249297
"634",-0.317827034060113,0.75392315342876,-0.854781035111148
"635",1.06192416601015,1.83030372135922,0.683853664397556
"636",-0.349261934055141,1.78257330513911,1.20065050730674
"637",-0.442550132078382,1.34253040777532,0.395089459226693
"638",0.995983799068912,0.959553034668806,-0.863134819497056
"639",-0.381049616002511,0.884150629875496,-0.562177339487174
"640",-0.541837366212413,1.46356180620563,0.721922164779071
"641",0.408608268018996,1.57265434940886,0.401763482988746
"642",-0.478080097886097,1.51874456248756,0.778135268768809
"643",-0.50294930953706,1.13866656991728,0.0298772782961213
"644",-1.23648285201074,0.355178392491057,-0.822210156071459
"645",-0.00957429724607629,0.374073946793501,-1.71356677258269
"646",0.862987234910545,1.29815984754745,-0.226968521659239
"647",0.88300777233131,1.66472893403427,0.429832623243679
"648",-0.463190460494525,0.965683543320457,-0.347686575704658
"649",-1.85693250793655,0.00405731710497886,1.56048521971781
"650",0.0766574624666834,1.1244969355627,-0.314731032863603
"651",1.79531498787793,1.46466274203491,-0.0938595316061175
"652",0.653172822155013,1.80279358817117,0.744436607472282
"653",0.905202552440694,0.904540692376974,-0.945592162547988
"654",1.98095793868982,2.44159705237545,1.5794124728652
"655",0.611641601271655,0.909460262593921,-0.876275207149725
"656",0.136888264216737,1.34169257854854,0.0721463725603548
"657",0.0202961786846875,2.22997987296548,1.8154407075725
"658",0.715808342545492,2.12454377634577,1.31064375120155
"659",-0.656738911081453,1.25586485554895,0.402833754240935
"660",-0.335272297051098,1.36391289430301,0.361268378152927
"661",-0.133790559883736,1.41800166960523,0.345313008745911
"662",-1.50024986180297,0.164581974216741,-0.609346695835102
"663",-0.420705090442552,1.20244526152908,0.0984337126212909
"664",0.176346456847231,1.38106864673459,0.130520264325464
"665",0.406544289793081,1.7282514340866,0.690558599469341
"666",-1.47727831135531,-0.175343407438857,-1.664011435142
"667",-0.99180267468552,0.596558543614489,-0.641444914336406
"668",0.424122460361882,0.11450377796787,-2.30022079666423
"669",-1.39423968667235,0.938004361159177,1.12195328035819
"670",2.66265253543378,1.4771079892858,-0.168554567810856
"671",0.608042926456985,0.0193257666541391,-2.50370253133006
"672",0.0388678913032747,0.415645490014211,-1.64858372090777
"673",0.246044671259712,0.435704164744645,-1.66596959496724
"674",0.0372573002529492,0.76954957495879,-0.974491825590921
"675",-1.09547708895774,1.59488163342171,1.8235611411854
"676",-1.18759257214494,0.471017142308058,-0.63270899663316
"677",0.893219052867773,1.33358888093172,-0.169779390096153
"678",-1.29392428183485,-0.336381059163912,-2.45010468087342
"679",1.97480498316746,1.08164853653771,-0.782692448390051
"680",0.863738357514232,1.39700327287078,-0.0486745823243195
"681",0.996062459347422,0.786462254082643,-1.1738126476838
"682",-0.229403378850524,0.687879851209799,-1.02659293838894
"683",-0.144316697568366,0.661667042400662,-1.11351530635816
"684",-0.518570130413672,0.918735844772767,-0.404568099734643
"685",-1.97239064726963,-0.476560797854011,0.0523790948957751
"686",1.04488929687856,1.36086476719658,-0.152925473035744
"687",0.362566902695139,1.41574008879756,0.126725834348242
"688",0.216153835412916,1.22571267672823,-0.176465748882433
"689",0.0578812460209908,2.00767137888441,1.37078858776925
"690",-0.908850389348761,0.617017610089614,-0.695257726754344
"691",-0.10530397077313,0.616679022740783,-1.21559735486258
"692",0.449096952353929,0.842464712919746,-0.960332607329321
"693",-0.410900016309237,1.2361122994304,0.158904194884204
"694",0.382300051633866,1.22789798090082,-0.228289009892613
"695",-0.336011671440141,1.73467719909934,1.09552387698827
"696",1.80372982506524,1.67040237788429,0.264127279620385
"697",-2.06610044375799,-0.534095280485478,0.424000469222474
"698",-1.13070037322902,1.44736129187167,1.56484292546659
"699",0.56328670896878,1.63214483182404,0.460296458147186
"700",0.801001984353989,2.0310954635813,1.11448708802999
"701",-0.0209467466438766,0.030763314349525,-2.36702019972227
"702",2.65825391943504,1.08902941710489,-0.832517557519458
"703",-1.55653744522745,0.600005437232155,0.972320439299742
"704",-1.48158181498077,0.27000391894,-0.377678184884256
"705",0.259338141186819,2.2731481404971,1.7670705995659
"706",-0.44036951977041,1.26293831575463,0.233731676183386
"707",1.88665807734943,1.85121848991416,0.56726363613596
"708",-0.583497307806595,0.800873063239557,-0.598482950697468
"709",2.18432944627583,1.43851080708212,-0.187024161817327
"710",-0.670573259999986,1.58148470640899,1.09458925081224
"711",-1.46262090739324,-0.255372073474775,-1.92891382614682
"712",1.41398875818802,2.71055657981886,2.16445190333802
"713",-0.835339236963813,0.25994231625732,-1.54133521301146
"714",1.07939237385358,0.933326254331548,-0.92450511802685
"715",1.61185893600964,0.894989635321984,-1.06761136140074
"716",-0.106529191944026,2.01919828123927,1.49039751946813
"717",-1.07992718429779,1.03903890548226,0.503756930076482
"718",2.68819360220703,2.13887512098116,0.961407379083666
"719",-0.443188659727121,1.1410191548528,-0.00893391409948633
"720",-0.622014237254338,2.23211065004388,2.38483638267514
"721",-1.55870577224073,0.100435516602821,-0.551208773225292
"722",-1.18781313933105,0.836932851639743,0.247586425350608
"723",0.21709709126914,1.10997943225522,-0.393916296407576
"724",1.17968660415052,1.6567825151889,0.348068573664427
"725",0.509918983645563,1.55257162332729,0.331003706253293
"726",1.22860692593793,1.90421413086971,0.778092361340873
"727",0.514738325712354,1.82828773378688,0.836532974204491
"728",3.8962202243754,2.62094420139533,1.66512240764427
"729",-0.387362509904906,1.22946264462752,0.129428222768349
"730",-2.40561303088897,-0.956982989744239,-0.782080737361948
"731",-0.492949935119235,0.320194947182941,-1.63248439212496
"732",0.257117853239424,1.51457625261429,0.349301383481192
"733",-3.35096107808147,-1.24929515591114,0.808788308609237
"734",0.436242262030013,0.460319882116836,-1.66324920937698
"735",0.251615749137694,1.20037446211409,-0.236488993428038
"736",-0.688901851035338,1.65839361641686,1.27622277530089
"737",-1.32471851236868,0.24186914219882,-0.921210298100246
"738",0.358537240429865,2.36907000235411,1.89870028189105
"739",0.543923198803393,1.08502281939887,-0.538051316018079
"740",0.460399940219991,1.73311033627547,0.680195524622057
"741",-0.401066609137717,1.93569445830219,1.54828732870436
"742",1.53836831226728,1.10654444711887,-0.6864684665369
"743",-0.385047142741275,0.421941690339587,-1.48035342242252
"744",-1.69980489576667,0.145559426370654,0.571462314486737
"745",-1.34383096742441,0.591608796509798,0.0324388829458962
"746",0.408938081251063,1.5660822589621,0.38948294723046
"747",0.703362082022336,1.79517087050834,0.71530684870606
"748",0.114989647863666,0.666538636943587,-1.19557327868131
"749",0.518664764928166,-0.177052414009025,-2.85192020075447
"750",1.2492673027705,1.79188996316133,0.574075057923262
"751",1.71609916840729,0.851871232768363,-1.15517067665506
"752",0.709747315492402,1.85772309144607,0.827208906856628
"753",-0.125026352527047,0.52910392323103,-1.37735946114826
"754",0.87342051492537,1.91536740552089,0.884571773661957
"755",-2.17811762089083,-0.728555142500725,-0.150001273083011
"756",-2.00657353693398,-0.183253747611954,2.11444940630193
"757",0.00736386038843751,1.84219596311148,1.08323097801241
"758",0.956346519837039,0.981256017162052,-0.816957961859199
"759",-0.53811815544058,1.60962182360779,1.01593600672912
"760",-0.930135608679142,0.680482005293114,-0.531110437489983
"761",0.655742473423123,1.81898854786641,0.773188478552024
"762",-0.619489873434218,1.06130081496176,-0.0342023396232631
"763",1.49560495762467,0.627713662867856,-1.52411302901474
"764",0.607455346004984,0.554264722980471,-1.52506772691028
"765",-1.84232871187469,-0.514846138683068,-1.05561878419212
"766",2.02103322762802,2.25537516853029,1.24959216681404
"767",-1.35484798049682,0.987176860115456,1.09999332998672
"768",-0.79319163828403,0.393638752614193,-1.28861031965243
"769",-1.13504651207392,1.32646094510567,1.2909550621446
"770",-0.141495965565258,1.80885582290895,1.10618052510127
"771",-0.2271147636722,1.13627719829708,-0.151562622966207
"772",-0.270016376112755,0.874023946002976,-0.642632710246603
"773",1.11189250237275,1.60198147243056,0.264467730860938
"774",-0.04600075452405,1.16396905367117,-0.187622163705131
"775",-0.380613753372553,1.11053935404904,-0.111830513632841
"776",0.641571160023069,2.38413701111233,1.80949159794944
"777",-2.14711556504066,-0.649476943342985,0.233570332741118
"778",-0.546569188059462,1.69676187058197,1.2015996306406
"779",1.94225016533544,1.58002438439244,0.0875498301098069
"780",-0.172591891432467,1.47417272791722,0.4760109682936
"781",-1.87003018030272,-0.176344345585626,0.802979682711611
"782",1.63169221273149,0.982573515390961,-0.916327783981411
"783",-0.694574710089575,0.374909025681634,-1.40169619298293
"784",-0.115772651115762,0.510748919838431,-1.41617515608593
"785",-0.481958264111268,0.823555642371845,-0.621876385202267
"786",2.11661825687864,1.38732241543331,-0.268036234873215
"787",-0.634128139239835,1.20067377876467,0.26683758420811
"788",1.73743012826468,1.04228244169186,-0.824530629064399
"789",1.76606054873125,1.78814220512976,0.4753836266345
"790",-0.718973811979892,0.901176363069755,-0.27861370846464
"791",0.964918406903089,1.86602109818688,0.771594641556859
"792",-0.188139046974837,0.356362024124965,-1.68948415237303
"793",1.60302659182601,1.33419924129166,-0.295417926946208
"794",1.87428781290384,2.33390327425601,1.41002977875879
"795",-1.7282766096797,0.0683958949097537,0.55285824180061
"796",0.170597338008915,1.61117740986156,0.566015840383198
"797",0.593981319037773,1.82192418805053,0.798204241934229
"798",-1.78914134250821,0.175336154065455,1.62151421374018
"799",-0.506867173789746,1.46644214557097,0.696954538917318
"800",-0.275011943522636,0.444724735506889,-1.4834329796613
"801",0.0692517066500686,0.978159337951595,-0.589572088493483
"802",1.21652214740756,1.79413652341064,0.58490001579468
"803",2.33251890093756,1.0079521211183,-0.944821021415064
"804",0.193988140592759,1.42367504145314,0.203638296027127
"805",0.409984485476341,1.26570633653414,-0.166881213835638
"806",-1.45052605842328,0.158528499213155,-0.802580087048569
"807",0.505917183948504,1.63110801759063,0.476788851148707
"808",-0.935050493814829,1.4016871228754,1.06782515702426
"809",-1.23580320058216,0.193831620019245,-1.21978845879469
"810",-2.37666271980872,-0.910442595334158,-0.46660209591562
"811",0.574504131999189,1.0114605780743,-0.680720610016142
"812",1.00441001634011,1.7999173122995,0.643115265276872
"813",0.117296225342273,0.665896044635077,-1.1975025691618
"814",-0.683613041685047,1.50066801811014,0.94072939164823
"815",-2.12066970395258,-0.633260370321893,0.154932103350277
"816",-2.24548483339967,-0.737542665943001,0.261177173902569
"817",-0.260507760614048,1.03245066264845,-0.336743088201736
"818",0.429959525914374,1.48147826354192,0.225850945115888
"819",-0.0699107176196186,1.66916088600718,0.794383581537235
"820",3.0348336543747,0.29387910091834,-2.21213018622873
"821",-3.10950981296922,-1.19509084453248,0.0707600640226384
"822",-0.0500248781725238,1.15135197398479,-0.210004821753362
"823",3.09473703904973,2.16199404860434,0.959284772224294
"824",2.26468409892473,2.01119277575952,0.792540038639444
"825",0.982384561196364,1.76385312792912,0.583713672340403
"826",-0.643288332719146,0.987817829852481,-0.165633352347737
"827",1.15105707773849,0.633717927430633,-1.47051343931371
"828",1.04509001953948,1.7842281154937,0.605308660555709
"829",0.194777520914381,1.43818572463721,0.23059238031172
"830",1.60846354267259,2.27600744916537,1.35709369462368
"831",0.0853477068364014,1.59562468155944,0.574924489856676
"832",-0.475649196444772,1.47644125920037,0.69077026296105
"833",-0.504580068623105,0.369886428072767,-1.5259680708646
"834",-1.72711774894282,-0.105184850653599,-0.138686275109737
"835",0.74481077847022,1.79090586111783,0.695407826832003
"836",-0.41577641192984,1.65028182933214,0.990567954254501
"837",-0.876138058388268,1.32653958417135,0.813028051625013
"838",0.858954599110377,1.37380604912776,-0.0894555404626389
"839",-0.100672803315324,2.12506775383863,1.69073947024703
"840",0.390895844721957,0.584793911046948,-1.42284307649818
"841",1.19528789721242,1.19015997801385,-0.485887140453447
"842",-0.096319929011833,1.38259938595563,0.25705159107133
"843",-1.30751386355363,0.976144440149514,0.909478048736862
"844",1.34381497200203,2.09163992418063,1.08586996767136
"845",0.0768369771437468,1.15162887376793,-0.263333756667906
"846",-1.44010601093186,0.234280742043187,-0.625826764123452
"847",0.812347580568929,0.950999436189207,-0.843776049959491
"848",1.4393700067532,0.312144713121242,-2.07464935045237
"849",-0.476066365022264,1.68896979639979,1.11975338208341
"850",1.55611894140202,0.918901447635437,-1.01880372998536
"851",0.730251712953818,1.44056397310324,0.062941245784632
"852",-0.223583363264866,1.33637102082988,0.237302782323764
"853",0.772613287400269,1.49543588782941,0.151646193604339
"854",0.0168126173207637,1.9899906539719,1.35992742753866
"855",0.362684978558029,2.33026404333651,1.82473659874102
"856",3.11878526969345,1.63412689774611,0.0604739417096896
"857",-2.18097256628718,-0.785473089654496,-0.579524507083232
"858",-1.31105149889615,0.36331046516476,-0.64217272500076
"859",1.00897900527868,1.52764409443981,0.153606120519842
"860",-0.647325998938429,1.08330094033931,0.035847101965462
"861",-1.16026276364869,1.03901528769695,0.669372608218912
"862",-1.40432332996938,-0.27338671682531,-2.10639288100616
"863",-1.59824472854618,0.800036152998228,1.903624103676
"864",0.441831518464335,1.64392316297203,0.522021183327157
"865",0.988134793730127,1.32649668161965,-0.202915646460313
"866",1.07166146533641,0.641452265816768,-1.44540442407372
"867",0.699404307438405,0.970519974293265,-0.784570609507886
"868",-0.659903279955499,1.75293446472004,1.43897422960718
"869",2.42116687848478,0.755165821692011,-1.38719778333865
"870",-1.92959300113034,-0.404747504497142,0.124182918111457
"871",-3.00554204931325,-1.14351280863603,0.57485638718259
"872",0.189966941971958,0.760269686012936,-1.0418367693109
"873",-0.758676565716653,0.245558422398297,-1.62950997117191
"874",1.43939213376159,2.45553273806332,1.70825454623969
"875",-0.18277330921846,1.28745849982781,0.118924061366929
"876",-0.311477724417181,1.40852994071586,0.433582356977792
"877",0.678233076471655,1.8978098038565,0.909891903658252
"878",0.777577045711484,0.845773391244788,-1.02746717751105
"879",0.0980126266081484,0.875143198027277,-0.795252172530933
"880",-1.96783795528306,-0.292031966610199,1.08340686157989
"881",1.17299119560055,1.08929916618342,-0.66173638955935
"882",-1.63511389337544,-0.418271880642719,-1.87109099456155
"883",-1.12057791639391,0.452320761488314,-0.790104777090743
"884",0.288616667552038,0.482696294392841,-1.58845569189828
"885",0.67465705106233,1.25281695414281,-0.264555758561868
"886",1.76340102213989,1.89972177322861,0.670778623688768
"887",-1.11753705392391,1.11502701717266,0.755415612621191
"888",1.69319979149721,1.8510847834935,0.59702294499054
"889",0.3692234522812,1.09417380802341,-0.472354806881218
"890",-0.188459199635824,1.11731982996709,-0.208951834308316
"891",-0.750948520544803,1.31244945728976,0.621804044546571
"892",-0.123242660373404,1.30373884075774,0.118804068033727
"893",-0.378630243656777,1.21855046070472,0.1018269295515
"894",-1.02634907680197,1.34205997867049,1.09538921730958
"895",1.6075429142219,0.545591852193824,-1.68046035436008
"896",-0.00511727553107467,0.995360631757986,-0.527876671703715
"897",0.257521640710043,1.85946715474743,0.99422089687461
"898",0.278885086448141,0.0970152589143607,-2.30636357255521
"899",-1.29041235000598,0.462160949451022,-0.440371556423174
"900",1.50524179361102,1.47495406065363,-0.0330997973075542
"901",0.930397813357504,2.15683383197937,1.30390666549782
"902",1.98435712110725,2.04639121862187,0.892279054541305
"903",-1.00499296300359,-0.192404367509991,-2.40204932990747
"904",2.27043789168508,0.645984473439858,-1.56389936736818
"905",0.490943588309803,2.34227621488751,1.79148149253644
"906",0.601750902602025,1.15916861191037,-0.417071197769888
"907",-2.97479737128841,-1.07197243706147,2.1422963941879
"908",1.50390739160867,-0.0538173243044586,-2.72535292835002
"909",0.102986886921041,0.876551229198215,-0.794312519976287
"910",0.421131639309219,0.461987298456766,-1.65696695360755
"911",-1.25323654688878,0.602920576489058,-0.175640364477891
"912",-1.27684420429845,0.319477048749004,-0.829373504904121
"913",-1.14762340191356,0.891573074982665,0.292452757053059
"914",-0.151388840685994,1.34329604742168,0.210231273690697
"915",-1.2479858417211,0.463369400649863,-0.532399189810211
"916",0.378854812757006,0.973415100918842,-0.69921550791831
"917",-1.82833817993854,-0.0182177417748982,1.16231016882943
"918",-1.81960043624301,-0.307970804520797,-0.251002972340261
"919",-3.74412516540698,-1.34535268265058,-1.0152453994197
"920",-1.01553190992388,1.18115586763427,0.711281533939258
"921",0.642372135458482,1.63894164876359,0.44863894756809
"922",-0.602983982587431,1.32900471716445,0.502571390955611
"923",-1.05651313433076,1.1894004347029,0.805002995160646
"924",0.197616605646961,0.695028467748405,-1.16671515215034
"925",0.495939462742603,1.25047463676423,-0.220724988766888
"926",-0.870942210466859,1.10124054753324,0.316089318188035
"927",1.75766710307225,0.781239414911534,-1.2831728437251
"928",-1.54019899705862,0.570110549081038,0.782914060262257
"929",-1.29816370767915,0.604382488081808,-0.0615844279492439
"930",0.0994819246833359,1.72866126994755,0.820269357521588
"931",1.88433700482847,1.26031325562744,-0.461599242944123
"932",0.0351052214427981,2.93418488092482,3.14720833450742
"933",0.796722056159927,1.70858947278872,0.53161013959597
"934",-0.391733604409347,0.745685656984406,-0.831917372565667
"935",-0.509517702462588,1.2872141168238,0.335963530974276
"936",2.23194599024756,0.148006864568251,-2.42095441165731
"937",-1.54479107573842,0.760137443203179,1.38604006554901
"938",1.70881799853308,2.25701164221017,1.30494979116018
"939",1.2307685701281,1.29570482017012,-0.304285309056319
"940",2.48372202111819,2.47934861445459,1.56990466463441
"941",0.796187243934741,1.14315499680035,-0.492444238997649
"942",-0.758509814266098,1.02120338029059,0.0135907036879535
"943",2.23923936988026,1.77264490467016,0.383926674848694
"944",0.636669175834981,1.71012250898504,0.580330748375286
"945",0.203317634206698,1.50256046266887,0.348089887698204
"946",2.11071919989982,1.07393653506961,-0.810114787318392
"947",-1.558297675966,-0.596857404471099,-2.69782232108477
"948",2.05408876671126,2.03398374263299,0.860560468731682
"949",-0.454019792167972,1.27852948675502,0.2751746896139
"950",0.627707435932232,0.218185529019695,-2.14305029395143
"951",-2.89061040070552,-1.10083495395804,0.522435936953051
"952",-0.38065698950105,1.90793068871053,1.47532157927485
"953",0.901478622019965,1.79535640431325,0.660659645096569
"954",1.21295803389505,1.57859519296243,0.202169721741909
"955",-1.03907686126957,1.32747911412539,1.08673420876045
"956",-0.268891139136579,1.35917556409936,0.309182639049403
"957",-2.84479709785679,-1.06415680992468,0.887304273956492
"958",0.623293875872684,1.89255175510456,0.917843462311063
"959",2.98651496527561,2.07049535042287,0.813982593269056
"960",0.0724414168523096,0.921219443953239,-0.698815496452951
"961",-0.0813854550605984,1.60593716982484,0.679147812845446
"962",-0.827874242822312,1.74547855878413,1.64786107738145
"963",0.169538944506654,0.380013599629144,-1.75152745079379
"964",-1.02934244233611,0.55456721616253,-0.686701386641155
"965",-0.445453212557529,0.965078420549271,-0.360633434791421
"966",-0.374817912045471,1.58278033749316,0.82369520565604
"967",0.543706076465514,1.41808309439049,0.0734812590973529
"968",0.917351851603238,1.26287722510503,-0.30244698931423
"969",-2.41788502310357,-0.892925701291922,-3.21107732255873e-06
"970",-1.9458726244254,-0.687779766401403,-1.32710002270174
"971",-0.264360426039676,0.0260407770312823,-2.3092750502519
"972",1.12955678685336,1.82429230607426,0.657562931449243
"973",-2.81073285401505,-1.08489071954585,0.161296931821756
"974",1.26040830033979,1.34222511260951,-0.226827673607811
"975",0.0400494760921074,1.0287344291778,-0.482257584607372
"976",1.40056209346655,1.16226744898744,-0.568465564301868
"977",-1.39465598000059,0.0590274940544557,-1.2336483025491
"978",2.26725399868028,1.28811476098607,-0.455567175650284
"979",-0.232497054419517,1.91721735685241,1.37803082263365
"980",-1.2278868462334,0.92441819155675,0.554323946803449
"981",-0.11285235359134,0.574303664138415,-1.29454536229587
"982",-0.978163446714262,0.961981507914166,0.158175779717498
"983",-0.972664313743727,1.10861048555019,0.477317805043051
"984",-0.011005546914437,1.44256516677102,0.329392194666345
"985",-2.21999527628817,-0.88879250077939,-1.18874544015465
"986",-1.0129867771294,0.8643485806352,-0.00876506830388054
"987",2.02164654690224,1.32027223752171,-0.373486781249803
"988",1.16126319605044,2.10998502592717,1.15981171208489
"989",2.81604358949744,1.94215988076837,0.611840660139255
"990",0.468967910093651,1.18455715346487,-0.334429609378519
"991",-0.485705012106486,1.41165411123291,0.568320458956852
"992",-0.554056713692722,1.0549604176357,-0.100929625421845
"993",-1.48735945546875,0.187166095841262,-0.593258829760357
"994",-0.424663226047833,1.03498073722017,-0.234090961617649
"995",0.403140123159099,0.94746673005102,-0.754075661085854
"996",-0.14725811809878,0.169112801839993,-2.06642943406456
"997",-1.76837291333995,-0.846591465626634,-2.90231487716442
"998",-0.416088743460807,1.10857877587811,-0.0925023781517057
"999",-1.72137761050209,0.113024627629908,0.660002675946655
"1000",1.26726681772946,1.81899020966126,0.618497665413184
