"","x_pa","x_child","noisetmp"
"1",-1.02170913694096,1.43203175439868,1.03398062525446
"2",-1.37230196526288,0.955472162752125,-0.217013722112648
"3",0.554396091237538,0.527487296643962,0.0283540948212561
"4",2.26342565951689,-0.782226466273314,-1.13657986091796
"5",-1.03700808511692,0.671025050480499,-0.768783679631334
"6",-1.45369224721521,1.00861083048551,-0.120611616599195
"7",-1.07544066087259,0.784471305387887,-0.514991213029312
"8",-1.51776471047534,0.549111575230287,-1.18793454978674
"9",-1.58778849399413,0.83715431596234,-0.549923752570572
"10",0.0483498339360948,0.317112378373611,-1.12130727717599
"11",0.324922854920653,0.738655170049634,0.318412522691174
"12",0.519837898565863,0.72170712690421,0.559535251270268
"13",-0.614252740265173,0.60473811922838,-0.761191605241132
"14",0.836471361310496,0.542633490792641,0.666188390177699
"15",4.40079662290753,-1.1225893955522,0.279953667865662
"16",-0.613751717479467,0.383878503192027,-1.30297528827313
"17",-0.805471898444762,1.10842105455952,0.370580088332613
"18",-1.26968191198496,0.875953475178887,-0.367583201861441
"19",0.216885660052389,1.19903890281236,1.47017790501937
"20",-0.78256046316704,0.443756400105553,-1.22122625971205
"21",0.635235652858211,0.737210828040796,0.824563468108327
"22",-1.75606064453171,0.13642003348017,-2.16823967148357
"23",-0.458417516298121,0.500678593753446,-0.94530230296525
"24",1.01438853810325,0.446255277981347,0.891572448259034
"25",-0.243383125548756,1.5303577115277,1.81630446240232
"26",0.185927042563582,0.853061369116661,0.469440492718258
"27",0.0310314595012474,0.867825745612042,0.345358783590465
"28",0.199687151190738,1.13201923772281,1.26004509907563
"29",0.839838258019101,0.332232075579481,-0.0417622124496742
"30",0.488675397279313,0.969696050165875,1.2480891272977
"31",-1.71217384677446,1.54284517697497,1.00953831442147
"32",-0.312918190698368,1.36780438309294,1.33716009522701
"33",-1.28124608688202,0.491997321849909,-1.2605956515146
"34",0.790569204081793,0.557390732080081,0.596895437002264
"35",-0.42573632571225,1.02924614551268,0.396458794409629
"36",-0.253412794018798,0.97933099649294,0.392832274516346
"37",0.345240605275351,1.29595310155888,1.94574521391549
"38",0.657103511237955,-0.266334256227382,-2.29706043035955
"39",-1.76115870163666,0.777559885136855,-0.727370084909615
"40",1.20853929403288,-0.43527612496296,-1.99236917546651
"41",0.511004456683854,0.600455274065944,0.180020369573941
"42",1.18940384830465,-0.0384995182703802,-0.340927311938019
"43",-0.376371461991751,0.588523092893851,-0.682047187484199
"44",1.54432659242577,-0.082570302008225,1.27731276509905
"45",0.379776115534267,-0.337138309575908,-2.72429385051264
"46",1.19285050235356,0.220382891270254,0.790116915126003
"47",-1.47454021859358,1.06904419733274,0.0111390813902442
"48",2.39257465695276,-0.799483819005948,-0.893756033616066
"49",0.463307159464652,0.941175011492974,1.11752611520305
"50",0.456471886554852,0.289837013345902,-0.821378716735004
"51",-1.74818950765053,1.0616854984538,-0.0850328692893913
"52",0.114107232048675,0.48028732499471,-0.627155450290151
"53",-1.55166871372955,0.4592900754869,-1.40019638160434
"54",-0.204155935577565,0.305436941461153,-1.30996279232291
"55",-1.23787089659325,1.02642955184005,-0.00750066205807828
"56",0.834834240393986,0.20871452927442,-0.473554524200376
"57",-1.17470351705349,0.541920390253368,-1.11516671710546
"58",-0.587498174720593,0.442359643423293,-1.1485039017108
"59",0.592307589742939,0.486925554371934,-0.0337239413509272
"60",-1.44170037902093,0.863242860582321,-0.44995128177966
"61",-1.83714595866631,0.703370825879632,-0.910720166668944
"62",1.61958262288496,-0.375779473527578,-0.173186711103991
"63",0.787978253194532,-0.0239212224033116,-1.34396312802405
"64",0.00377045348751063,0.209143720894147,-1.44103646424279
"65",1.94627074436241,-0.511035888560526,0.273304048554911
"66",0.880658538970923,0.46990425876812,0.538268554358151
"67",1.7147709641737,-0.272689355478103,0.981807875845471
"68",1.10674265548217,-0.570655829679563,-2.78774555668052
"69",-0.452359601005097,1.19505192714143,0.793382396476117
"70",-0.0446849767367245,0.0533554633843371,-1.88367661226732
"71",0.919210532468586,0.385928054446292,0.354142596408152
"72",0.911670635798827,0.489048909315944,0.696823899205336
"73",-1.32949815030692,0.204871098411311,-1.9358196369658
"74",-1.60962590618093,1.0856228602488,0.00784607755100734
"75",-0.981241744185415,0.62842617065353,-0.850227158212536
"76",0.0226890797190476,0.688379033787402,-0.143901787195594
"77",-1.42173922826068,0.322356833089577,-1.68500195035802
"78",-0.0497993772817115,0.720643159162706,-0.119552091130212
"79",1.48084919900597,-0.0705865975829213,0.988346098029288
"80",-0.381510517328837,1.34905791565291,1.23304035126063
"81",-0.39925201278286,0.848949148856088,-0.0393281435374012
"82",0.810664823993838,0.658800898412427,0.988799398100994
"83",-0.10553081287377,0.489298537381105,-0.771106237466566
"84",0.846745965208831,0.0474744200300419,-0.998959474636364
"85",-0.844186393373067,0.977992286088279,0.0384514242935722
"86",-2.52568736224621,1.38969267624706,0.456516111818613
"87",0.920328586489378,-0.398789835363185,-2.42946841500007
"88",-0.116519088241281,0.378293115699779,-1.06925032992621
"89",1.23024143025793,-0.183054773930871,-0.79956580351127
"90",-0.150348626972397,1.34527423895412,1.42903060966988
"91",-2.34818256811622,1.07509017126438,-0.193187662127438
"92",0.498962371107557,0.470277269221034,-0.228709240167741
"93",-0.796013315297349,-0.0818347239797469,-2.49241436676025
"94",-0.853747571847194,1.43763888818953,1.13559290896142
"95",-0.0524196047823806,0.836213582154661,0.184159289980296
"96",-0.424604357968174,1.417811828044,1.37181057471035
"97",-1.05545370380183,0.585522108539643,-0.976476516904645
"98",-0.760221805531846,1.43602969152241,1.18590256853345
"99",-1.14193997015424,1.31340533776926,0.699463736449749
"100",-0.932647509542607,1.05233309160889,0.175800384642617
"101",1.40483693425742,-0.140426772474391,0.205678426995856
"102",0.369212408143829,0.628492819136453,0.0595940210989099
"103",-2.33119563520705,0.177028873119362,-2.15545654018481
"104",-1.80689571812672,1.05574955372855,-0.113808397407804
"105",-1.13755690902246,1.24499348932039,0.541250719924147
"106",-0.761129839209498,1.23239178021017,0.693071391708248
"107",1.73566876002602,-0.550930325178974,-0.901212935986304
"108",0.794464902920602,0.0953096088943442,-0.935488805973761
"109",-0.692039346329376,1.05238484430606,0.294106602152382
"110",1.42037644724976,-0.210026925853444,-0.0915505617350372
"111",-0.970099702494756,0.952860933977069,-0.0767220843680342
"112",2.22823654679364,-0.671638323432868,-0.0355192325326451
"113",0.141009721912377,1.00150046493188,0.825984340605936
"114",-0.19738142169644,1.23857156749283,1.10739073378284
"115",0.862562723994145,0.219644594538024,-0.374463062594247
"116",-0.24626052501455,0.96489949584124,0.361252232609492
"117",-0.84229781167085,0.911621496987871,-0.119899643966986
"118",-0.781603487209078,1.02404766615147,0.179187073749879
"119",-1.07491591418504,0.656854046705887,-0.814946460200921
"120",-2.1634765608883,0.808179084596385,-0.743476035488012
"121",-0.943568099980357,0.94059717820926,-0.0947291854571771
"122",1.94689675739654,-0.39384404414957,1.28724394565366
"123",3.22022268077601,-0.931791892121862,0.430494159262001
"124",-1.26053899633616,1.96839493267453,2.16921838677931
"125",0.895710455420302,0.316107204536033,0.0425628646660818
"126",-1.60122367477472,0.124110799832085,-2.17130496370508
"127",-1.80206031558593,1.97319033640759,1.94586394494415
"128",0.580182756082485,0.45654925086181,-0.147161404453528
"129",-0.692855929649476,0.974895844913619,0.105066793013007
"130",-2.11385104943609,0.537210921545413,-1.33264562948534
"131",-0.181399395961668,0.778456711693156,-0.0709830803867388
"132",-1.27321159195644,0.504246648601133,-1.23009923476484
"133",-1.64500692156433,0.173194222284306,-2.06740558397037
"134",-1.47337579683237,1.0612270403376,-0.00636897549289195
"135",-0.585221313439807,0.923153039045109,0.0360331995333333
"136",0.0919204503057689,0.762663581722118,0.121009618870781
"137",-1.1763197119691,0.986021529785707,-0.0792628923859399
"138",0.533676228352325,0.740990370441042,0.641816915769882
"139",0.864808843508309,0.126285344062159,-0.691378197226749
"140",-1.18355126682291,1.45757900208051,1.01794569079936
"141",1.27038370564266,-0.169855074810293,-0.56666473684775
"142",0.0680616591721366,0.482141087820512,-0.660766437548005
"143",-0.426803815555839,1.37771094241655,1.26952622638307
"144",-2.25158262343936,1.67042553933421,1.13374223579936
"145",-0.580808463058134,0.513538397943355,-0.970367938047274
"146",-1.31611396346919,1.52896155943308,1.12618977052889
"147",-1.29959632009557,0.765001178340261,-0.633903423750123
"148",-0.623027116637337,1.36300548058168,1.09384487173022
"149",1.31668341256185,-0.421105879586072,-1.58399496611749
"150",-0.797803619533913,1.51935579927535,1.3644021725746
"151",3.07547836961863,-0.961510039875825,-1.08779884652406
"152",-3.28320732220645,1.04113220024306,-0.415799616877561
"153",0.771348379087082,0.292967051698689,-0.323575611459315
"154",1.05929993626856,0.309619870973577,0.543510928113596
"155",1.59656800412696,-0.33015261412095,0.0161859871661633
"156",-0.816022142440761,0.496629221765035,-1.10600495014854
"157",1.16662898503852,0.25785592452016,0.812456121522409
"158",0.432573592110324,0.640742925858661,0.181886913682827
"159",0.186253029359895,0.893298998805721,0.58122043002958
"160",0.19185757822464,0.832036136866309,0.418049974337102
"161",2.01947863695284,-0.64444548010336,-0.606810575559938
"162",-0.327890273735816,1.50172590794989,1.6645403406129
"163",1.95381681672085,-0.430031489845009,1.01105448627783
"164",-1.19671706757344,0.584570521044358,-1.02211825280587
"165",1.09690480874648,0.060647418620497,-0.292886055069002
"166",1.18933383119721,-0.101014259898374,-0.609879250647292
"167",0.114849046181923,0.136976064787823,-1.56324831600995
"168",0.715076830860862,0.956471294778517,1.71002499639272
"169",-0.448207534019243,0.918932839143742,0.105739943083757
"170",0.713695899609564,0.642579912871803,0.693835491992891
"171",0.439045623559101,0.93970203638285,1.07134248001283
"172",1.87632251011679,-0.589328493206808,-0.673448701524156
"173",1.67985035932119,-0.627922253994572,-1.62506883802411
"174",0.171830407963137,0.892325431637311,0.561641826600023
"175",-1.9753257883334,0.288848324291037,-1.86097604126769
"176",-2.10910703080926,0.623140096646374,-1.14194789537658
"177",-0.355256308989785,0.0570390275497963,-2.01508883195823
"178",0.912766745978015,-0.339871656926635,-2.23161206237115
"179",-1.52112307598118,0.222579289669675,-1.93317505933909
"180",0.681538700367837,0.305866824828306,-0.449466325167736
"181",0.908822216213021,0.613697191489202,1.12804731905858
"182",0.605839911407313,0.732488880505402,0.750368300478962
"183",-0.921609697011389,1.05935039098015,0.197482782845058
"184",-1.24317362790906,0.190845939273894,-1.94984970858226
"185",0.128184853674817,0.643598831499288,-0.168146525283584
"186",-1.20461764327225,1.29697535508374,0.634597785288632
"187",0.324435656548071,0.816298783248502,0.539614037680349
"188",-0.117193029340852,0.715492663192812,-0.186654760121908
"189",-0.105524756414311,1.03333094783258,0.656203995602767
"190",-0.636108174208688,1.68482373399979,1.87327580135747
"191",1.16802538613377,-0.381844316310078,-1.87721791752636
"192",-0.994194497461885,0.107103882459379,-2.08887563442103
"193",0.964548550945311,0.126000165422672,-0.453015622077616
"194",-0.57741934185361,0.603724138695982,-0.746660968057009
"195",-0.0900585533225423,0.681914682255914,-0.253897696667618
"196",-0.226281889808306,1.02328731837126,0.527055304904334
"197",-1.68385615504372,1.82853718787655,1.6642014156318
"198",-1.82354219256095,1.41908275407097,0.696181870968267
"199",0.0453842301879624,0.56909618856652,-0.444934444781306
"200",1.71633254490428,-0.642353898046202,-1.61528975224757
"201",-0.0832537921637082,0.689320321213562,-0.229117576623274
"202",2.2750197371572,-0.602682174702984,0.961275041915554
"203",-0.137709777025428,1.22988885803584,1.14048897961696
"204",0.850685073055731,0.139940899504002,-0.67449590862863
"205",-0.0478722412154997,0.661858235964089,-0.273661353205957
"206",-1.42525444741528,0.885885370084075,-0.393201247459801
"207",0.0733428669306568,1.27539967567958,1.49069812554576
"208",-0.639233099123441,0.635528325890703,-0.697092307048899
"209",-1.2372236709177,1.02171031115667,-0.0182324494339155
"210",-1.30301805732009,1.46734551833078,0.989236287129847
"211",1.34457843981173,-0.10837279321018,0.0743664516655869
"212",1.01567971282915,0.159547426009397,-0.181101537179797
"213",-0.180096466939315,0.630516228207702,-0.453670070021125
"214",-0.212424052266883,0.115464357531405,-1.80474320193728
"215",3.19091700856566,-0.996419356846418,-1.52575509019636
"216",1.33008863801138,-0.281291461717838,-0.849403633119666
"217",-2.10418004197928,1.48861862972385,0.772056405085246
"218",-1.45090265267915,0.32174300563787,-1.69261002098999
"219",-0.911408782957758,1.66617246988685,1.64889303721761
"220",1.1783891271744,0.109376463467549,0.241734213485506
"221",1.10301297605358,0.0546455220085641,-0.294933144782748
"222",-1.57465975677012,1.64107281435265,1.28046391210629
"223",-0.520515457859511,1.04983607019062,0.386896258922718
"224",-0.742623126251233,0.100026462382879,-2.03903359773063
"225",-0.772171079681546,1.36072054292311,0.996901215701023
"226",-1.52790074509975,1.29300713101886,0.504989178455764
"227",-0.542249171323099,0.665137716612892,-0.578006177286567
"228",-0.493121907847703,1.46722434961791,1.44235212744029
"229",-1.52343477057735,1.25731904637228,0.425140173628461
"230",1.67410063937309,-0.369815061092704,0.109574966503911
"231",0.547381514640918,0.362055362371792,-0.485903297441319
"232",-2.55613010020652,0.30990325876956,-1.89229421633477
"233",-0.612426387034511,0.446720956247397,-1.14820478152997
"234",1.98413594001806,-0.64015691245206,-0.701108865248727
"235",-1.715022808819,1.24751226646936,0.342831411551396
"236",-1.89911236851289,1.45728383487521,0.759346500885527
"237",0.329505332071351,0.143011432515071,-1.37953612526631
"238",-0.77396030015993,0.561641856639771,-0.933479639310172
"239",0.709321117384444,0.745061205195814,1.01397926377612
"240",1.3014188316808,-0.0570342624437041,0.11213244077394
"241",1.31661682275777,-0.773110278736698,-3.29825655611053
"242",-0.243161002554143,0.348862304596397,-1.21923064715613
"243",1.70813021477432,-0.276621187774482,0.919082717301637
"244",0.473022070264546,0.720844956442886,0.47975774616384
"245",-0.627569865589598,0.617553787162572,-0.735817548426175
"246",0.840816920034743,0.231604027717063,-0.382549749590175
"247",1.12377395452598,-0.724339769261106,-3.38223763616467
"248",0.988917705395988,0.318261957930023,0.324752048196528
"249",1.08598301676035,0.33602088283551,0.755361887458466
"250",2.23426961224465,-0.7065203896408,-0.395466987941068
"251",2.7226785476501,-0.854646269639803,-0.410413184727849
"252",-0.869226872070481,0.648730155724707,-0.760983118948141
"253",-1.88609742673177,1.66879555894619,1.23564077426645
"254",1.18963507820461,0.148002975975222,0.461766018974281
"255",0.670674197550256,0.647653642152954,0.616298410710134
"256",0.675943882036609,0.590986208713095,0.447279761751192
"257",0.834361208249446,0.0890855440983968,-0.881220480585078
"258",1.90708688310065,-0.565431335122002,-0.356692551694867
"259",1.38424510195186,0.194728343425638,1.84662645378882
"260",2.51982902983154,-0.736826393863469,0.488990863785157
"261",1.42307369182866,-0.19749549180262,-0.011459496486134
"262",2.08722240934109,-0.722129501922246,-1.09836306660798
"263",-1.36543138258296,1.59371111127999,1.25485828068695
"264",-0.640209798383723,0.588084010952104,-0.813641293952469
"265",-0.56331549041269,0.970509683239909,0.165105834113264
"266",-1.18026042479387,1.06667646522246,0.107458546857874
"267",1.26589681232192,-0.0397758215308031,0.0162885951468724
"268",-0.558185967002053,0.85131754828216,-0.126232150698259
"269",-0.498426486695278,0.663532589281574,-0.559650233124553
"270",-1.06238305698854,1.14067668160617,0.32825769949415
"271",1.92993912139774,-0.435174639691898,0.843905848991094
"272",-0.793770804465472,0.332019838803947,-1.49453164752002
"273",1.922527230954,-0.47174250359994,0.497481703581313
"274",0.195901243161995,0.608900747743182,-0.196319319006866
"275",-1.88679974900803,0.668676883108723,-0.998655007802031
"276",-0.818453813891401,0.624390324694788,-0.799711107108772
"277",-2.69687561303768,1.56481614084282,0.800317327310529
"278",1.26733605786329,0.020167402690786,0.301539842572468
"279",-4.35187933152408,1.92688124335534,1.29948270427172
"280",-0.476839319627414,0.851262394159594,-0.0804480036091452
"281",0.435029144444928,0.712364529676399,0.396032083912614
"282",-1.39237675805715,1.1065865470411,0.123988995435368
"283",-0.1172524674368,0.631994907531178,-0.405351946104024
"284",-1.37458316311919,0.658006452600092,-0.902299604733622
"285",-0.572409288239021,1.45801399575437,1.36168309317647
"286",0.359999637884611,0.562023515202213,-0.143932302988408
"287",-1.7240989915615,1.3646518873876,0.604083231579161
"288",1.23202694782563,0.345072628890872,1.57333586471754
"289",0.191177859855823,0.852648742166797,0.474394279133135
"290",1.14046073035628,-0.258641095962194,-1.44250151847976
"291",0.410911907355294,1.02564508569759,1.27572813653662
"292",-0.0014402203930595,0.69807052218763,-0.138897914619909
"293",-0.808975330803224,0.840371359427396,-0.276236049880804
"294",1.35919766076001,-0.0343327286325762,0.522039481996797
"295",-0.267446255282801,0.373568444441817,-1.16893535472948
"296",0.287554005269729,1.07206597048247,1.21509744033363
"297",0.215104965443548,0.887113758371024,0.598693227653098
"298",1.94987253824414,-0.513421964499464,0.269187948002977
"299",-1.73504835990979,0.96660165086519,-0.295609564168307
"300",2.6944237947799,-0.80251189609964,0.340071703905562
"301",-0.0293056389388579,1.47429575469792,1.90000740955259
"302",1.68040327563646,-0.453726778198534,-0.4343428137378
"303",-0.903517323642042,0.904737306998529,-0.16314271535003
"304",0.449629065362186,0.759179971112234,0.556367633434924
"305",0.191578478416088,0.831186673456904,0.415373577393753
"306",0.735040810567268,0.275218595247052,-0.452169170835942
"307",0.242811434320899,1.00349052305953,0.959310418908115
"308",-0.361410692159202,1.78847525040205,2.36020758353885
"309",-0.202405553926507,0.612815165273489,-0.514533998835325
"310",2.37295644855055,-0.735866758369483,-0.169338636162902
"311",1.40369258672626,-0.10641772710703,0.380089720673355
"312",-1.28988801297687,0.805422574777648,-0.537395144031974
"313",-2.0446238336702,1.62149263182788,1.08258536549734
"314",-0.861485073713832,0.657805693213348,-0.736279418509822
"315",-1.34591624843145,1.54063566957168,1.14068454634622
"316",0.393601318365706,0.477934743122911,-0.34590159363133
"317",1.36412547676902,0.012888267808128,0.788986607948952
"318",1.17248637442362,0.154906847421779,0.406852055748466
"319",-2.94262156592493,1.70746139165588,1.05777278488624
"320",1.64716572395391,-0.258840541489235,0.72300402047667
"321",0.558841233812859,0.354135738772563,-0.493465255827994
"322",1.19420945133831,0.111501405486418,0.327419565598985
"323",1.81428933849385,-0.369953091915548,0.783758785074458
"324",0.00198738451311351,1.06875175642429,0.854355503512286
"325",-0.417974850439215,1.06782958819941,0.498504898083634
"326",1.08576274225283,0.231866165008351,0.343518704380745
"327",0.0508023891065406,1.4490285230256,1.93132859018416
"328",1.97802675722515,-0.522247131991806,0.32130183778727
"329",1.67718421452675,-0.29494040394356,0.633306434181567
"330",-0.634731520045012,1.1084864434041,0.463048259780798
"331",-0.932646870697652,0.686277890845106,-0.695324054130861
"332",-0.573144352715528,0.785760846382167,-0.295932772213039
"333",-0.680378980356223,0.0590905257432653,-2.1202457492507
"334",-0.680173854744235,1.07318619812703,0.351218175865541
"335",-0.874159690902446,1.35153879315801,0.918306534996443
"336",2.91372247105429,-0.770382075274586,2.24971942033227
"337",-2.22625262326985,1.90434574263168,1.6547145768754
"338",-0.725971087837542,0.287415508913663,-1.57958916165056
"339",-1.25320014328357,2.28482305964274,2.90726371147276
"340",-0.312309059394337,0.767348019465118,-0.190390715500769
"341",0.388950331811376,0.60532608502895,0.0183710987656209
"342",1.91076220498696,-0.508012372625292,0.138247653908586
"343",-1.1309389017103,1.81572255510485,1.88050175332298
"344",0.236597055604381,0.4866036499223,-0.495766629427428
"345",0.430754746231184,1.0655801733953,1.42711887511478
"346",1.85785501860923,-0.321358894427267,1.39667797563401
"347",-0.359159124353179,-0.091278059976549,-2.39171458877904
"348",-0.0254169417962198,0.906502360065337,0.394977123739956
"349",-1.10759365493635,1.18255793748588,0.40757533605689
"350",0.888191335201886,0.499251191809292,0.662242618145275
"351",-0.0460986867110582,0.81323965670034,0.128831773549152
"352",0.214603292913659,0.155725229352536,-1.4392209829489
"353",0.975613023644757,-0.281856594792159,-1.91807093205752
"354",-0.388995612462948,0.460351712483848,-1.01192019040907
"355",0.977985183440429,0.0286524549301606,-0.773781809461485
"356",-2.43394837351152,1.63413249967591,1.00876231861147
"357",-0.844288199208764,1.28250925214822,0.768811403245448
"358",-1.73857296637871,1.44655878676411,0.784029546267001
"359",0.289004984863381,0.550398612043561,-0.260605798598614
"360",0.504954548758179,0.490857154003461,-0.158347817661064
"361",-0.152716055568742,0.702095410068155,-0.248251519499941
"362",1.07765010704078,0.223990861299273,0.280913375009513
"363",-0.135986364271637,0.816282569834418,0.0622490678864536
"364",4.17409240438998,-1.09500113886697,0.222268204870541
"365",0.546304737977934,0.557269761360611,0.105902483216553
"366",0.0815336547916872,0.514924306658337,-0.560791868816136
"367",-0.591370240830712,0.601852743649859,-0.757772005276036
"368",0.415627124251697,0.167211060808011,-1.2272398807333
"369",0.510618523264184,0.428511623422077,-0.337443966674684
"370",1.24999624004903,0.319880901566062,1.57766242295634
"371",-0.863433199837146,0.734922728644898,-0.552383502815785
"372",1.73128541431839,-0.65232238108467,-1.64126724689431
"373",-0.69054436083242,0.765992946907972,-0.402300946476556
"374",-0.0639418386416385,0.538575995239424,-0.612050212128071
"375",1.94296464038947,-0.446881818243893,0.809781325187527
"376",0.586868756628094,-0.150950658874162,-2.00740701889147
"377",-1.34616077345651,1.14904196058496,0.237687718402919
"378",1.04766128748937,0.556212000575853,1.44566234079902
"379",0.489476057641994,0.974919105225346,1.26517126840634
"380",1.48008788109558,-0.251939378355438,-0.0474809638735592
"381",-1.24802853342361,0.979647141737494,-0.119736229100457
"382",1.91720529663082,-0.354089016666624,1.46127457064545
"383",-0.855719187728759,1.14300970179078,0.428538427740922
"384",-0.55671470245892,0.732488148746893,-0.418879192959604
"385",0.996931964363098,0.124435641969557,-0.368581795958887
"386",0.0786472300409026,0.524807684918215,-0.536455147445675
"387",0.241002526665447,0.860187603450503,0.555385063932581
"388",3.42616684172944,-0.977171108435671,0.31345130408842
"389",-0.937872882427702,1.11635644366361,0.325754530669781
"390",0.724790572489126,0.763599217795997,1.11128442833146
"391",2.94958053060742,-0.882007100124374,0.132459589047009
"392",0.547304989257304,-0.169985155253638,-2.10365529565694
"393",-0.454456063439476,0.4460230702912,-1.07995082456331
"394",-1.53731965104117,0.890771059585538,-0.414313941206313
"395",-1.99699393303667,1.49575950491152,0.817072750073362
"396",-0.124771363047963,1.01380341905948,0.587807159757348
"397",1.51502948773066,-0.405979315024736,-0.789643119417422
"398",0.923418272424998,0.0271035355675436,-0.910016974858732
"399",-0.173550974060183,0.629573543729556,-0.4516188858406
"400",0.232227327789624,0.844404705447313,0.500392006975082
"401",1.92787774453583,-0.334759090515221,1.68557256711249
"402",-0.102726561234999,1.01993988399276,0.623603110240358
"403",-0.710973198565262,-0.0168408081871623,-2.31363928399563
"404",1.80266579358962,-0.461528347016893,0.0284347697169326
"405",-2.30220546115281,1.36585228488706,0.4531605316866
"406",-0.924280280675227,0.910186068670946,-0.158960233837867
"407",1.55644234737865,-0.344300798963235,-0.250058005057
"408",-4.01346246884402,0.884138898942638,-0.825169061978121
"409",0.129538947582483,0.58041778011144,-0.339733025308346
"410",-0.106474404832422,0.109964796689541,-1.76680332824952
"411",-0.780786896474515,1.27658703263236,0.788940482710713
"412",0.313274520080719,0.646187170857236,0.0398755498756217
"413",-0.449222041949912,1.11821902846183,0.603454206696342
"414",0.446726286543288,1.02653339779122,1.34060097651421
"415",0.859709932218153,-0.0246380545077215,-1.22164464837648
"416",-0.529754029466686,1.52918502379253,1.56856431493333
"417",-0.0362407411068147,0.302186534802154,-1.21882500726907
"418",4.12820162417548,-1.08542520419866,0.789534341460991
"419",1.71954808765745,-0.368164070137219,0.332415439903851
"420",1.2947841775353,-0.035634051775506,0.180997204118283
"421",0.956516066268587,0.287875452191836,0.112387368250847
"422",-0.929438624558327,1.39625122840988,0.995911608544723
"423",3.05163999118047,-0.87468805097075,0.871738499922404
"424",0.508905679737884,0.231853722875256,-0.930707410644436
"425",1.24259367877132,-0.55831771623169,-2.44586472667033
"426",-1.10869847012183,0.234112505704438,-1.81762699947148
"427",-0.903337634207944,1.12225233924345,0.355896136696826
"428",-0.0804969622545078,0.582349843631681,-0.508746693250172
"429",-0.409001057474037,0.953970075090452,0.21852521443773
"430",-1.14081582041252,0.50740970607594,-1.18598710571108
"431",-2.00989399469573,0.711961879617805,-0.926782293061218
"432",-0.826128896890068,1.17684813247038,0.524623940890051
"433",-1.73856367756651,1.32115922724667,0.501715129241009
"434",-0.763250867608004,-0.0178207584001016,-2.32981548971352
"435",0.102477692877573,-0.189686868128678,-2.46071894250551
"436",-0.302799020595856,0.854338239445312,0.0374770169575582
"437",1.71664381426259,-0.594868110044541,-1.27958013400233
"438",-0.783693948068626,0.762940261346373,-0.451694962672008
"439",0.600976616240893,0.187923611189174,-0.944421624272964
"440",-0.724152420742732,0.410421104192512,-1.28052814274036
"441",-0.596157667248206,0.404444427601212,-1.24536788844011
"442",1.72599498659952,-0.490259830382612,-0.504928894141477
"443",1.41295125741058,-0.0115638917593252,0.934128225411129
"444",-2.71227581070638,0.439065741243859,-1.63125969984646
"445",-1.16294897443111,0.693596368297813,-0.757436464136583
"446",-0.80582274902507,1.25844870622254,0.731543592678052
"447",-0.352002765318067,1.1490579053752,0.750581016333489
"448",1.49663943275376,-0.0860338397641966,0.987515619836208
"449",0.587009907595713,0.783049817127228,0.869539413074927
"450",-0.310485200604727,0.412381643096527,-1.09276427791601
"451",0.537446187641969,0.466208730960975,-0.184372213194245
"452",-0.638854437046936,0.367761219543574,-1.35229352019074
"453",0.513512906304498,0.759384603182771,0.662136032257555
"454",0.289133058525313,0.81930070741782,0.501330831863582
"455",1.56101890041669,-0.298005732424147,0.0535668777072644
"456",-0.00961553598923776,1.16667817237466,1.10348781076296
"457",0.726845575825767,0.613535343194268,0.629747690662266
"458",0.790049068060364,0.238890561592531,-0.465243571537578
"459",-1.07942589876822,0.847159315256191,-0.369021872178525
"460",-0.486915937821139,1.04239073386899,0.389480751822335
"461",0.228253993890783,0.233426238443547,-1.21144943932336
"462",1.22684417298974,-0.033974843459017,-0.149649580825969
"463",-1.02827066886047,0.607167656382647,-0.916526491831683
"464",0.178213186554202,0.298735514865102,-1.07156215586442
"465",-0.635750786837702,1.43646589321321,1.26546819798318
"466",-1.03357930125746,1.37163437704307,0.885622627210691
"467",-0.492746428105081,1.11113843383809,0.556807152494052
"468",-0.652338928654809,1.2415825414992,0.778236403855499
"469",0.378908181305255,0.477804463025817,-0.364188388678072
"470",1.85163823516702,-0.527337499019256,-0.273527420629538
"471",2.78962538648591,-0.851959203523712,-0.0619907072996773
"472",2.02337443402899,-0.643706935606735,-0.585153992499118
"473",-0.954522968884281,0.8109944320111,-0.407175863091546
"474",-1.11800797289129,1.23610176959832,0.528723863225079
"475",0.871969070289923,0.454364886863408,0.460070597723541
"476",-0.623800897363231,0.155576157610044,-1.86662555663068
"477",0.332589151032677,0.66621217284234,0.121061916088696
"478",-0.156675068671884,0.949664117755513,0.393165243111619
"479",1.2732907005343,0.0366657250366283,0.409866506390473
"480",0.445044192966851,0.45551574293748,-0.346285403435703
"481",2.16568883055227,-0.939526378516629,-3.09108361430482
"482",-0.517204827145281,-0.289434732375207,-2.9332644541206
"483",-0.38620894017359,0.722723075676837,-0.349250156659579
"484",-1.7858528381039,0.890737099501398,-0.478890096479502
"485",0.515279152260441,0.211459829913299,-0.984193846916496
"486",-2.49390836150541,0.791947033481466,-0.836687048661902
"487",0.2478565147135,1.03490397028273,1.05422955697977
"488",1.34275444720227,-0.0682324764351784,0.265912244751808
"489",-0.801843968754576,0.713514928170656,-0.578543013413181
"490",-1.70255398942221,1.48895379023683,0.891184485476306
"491",-2.16149241756605,0.228094639812511,-2.02205211068338
"492",0.289664875888671,0.864204451209692,0.629247920947044
"493",1.38902200749985,-0.186826482673317,-0.114263311773629
"494",1.5814043434463,-0.197900749449268,0.773318371567608
"495",0.142741532199571,0.307256982670776,-1.07682128607448
"496",-0.711770951390643,1.08833693994727,0.370904727082565
"497",-2.95719597935256,1.53038424514777,0.676085777283256
"498",0.824769341495677,0.169340058163081,-0.628239826444289
"499",-1.13152835083723,1.29327491919441,0.656856377326404
"500",0.253497246026151,0.247981253807449,-1.1490742906668
"501",-0.334910708318998,0.714854745062027,-0.338101453730599
"502",1.42869925574408,-0.192360067678819,0.0429166005797706
"503",-1.52811003609203,1.5014794312726,0.98000768563131
"504",0.191615809902501,0.939227305177524,0.714880319097969
"505",2.8065581310262,-0.959687329550911,-1.97917321108804
"506",1.52029749029681,-0.432776669388283,-0.927359827427091
"507",-0.196763313307766,1.33422600833236,1.35539436636106
"508",1.03140074718904,0.465233554884325,1.02969278461253
"509",-0.628222376559675,1.14751805181002,0.562462072888549
"510",-1.21961739268648,1.13232570134242,0.24542466537649
"511",-0.197365990020885,-0.0337240690257552,-2.18352905772772
"512",-1.02748322145914,1.10243662494559,0.25300255367426
"513",1.0365622440627,0.542916877456821,1.34657175926116
"514",-1.54869150356018,0.814648646279035,-0.590732291572341
"515",-1.32808619884737,0.925316342075267,-0.272358893254746
"516",-0.863811453416082,0.93846504167726,-0.0651919752202756
"517",0.131267130002224,0.999401668107008,0.808822704816181
"518",0.389412181140975,0.449541614478077,-0.433517276209696
"519",0.619968455181639,0.181577809460927,-0.937527666311497
"520",2.65936868773764,-0.820128584178925,-0.114857635352005
"521",-0.736352063366301,0.960149036169903,0.0471497640166378
"522",-0.0436933461415159,0.788329794780167,0.0649013333502898
"523",-0.0772046271290825,0.732054144988959,-0.111739088896449
"524",0.00511109453376267,1.01117104891002,0.703682428187609
"525",-0.548183915725195,1.00946914148506,0.270174175255234
"526",1.08693163760803,0.429742358800762,1.12947305110924
"527",-0.0326829409659685,1.49228794071907,1.94378310927958
"528",-0.657194284917894,1.64305147249465,1.7560359791552
"529",-0.047970551143757,1.11123451861838,0.916471018790792
"530",0.334844666156421,0.732214072853925,0.312979249160533
"531",-1.11309485533225,1.40042742476326,0.916145431539059
"532",-0.61917017053485,0.755630087534946,-0.393337029406909
"533",1.06124409622258,0.16206700101524,-0.0208007407314037
"534",2.64083403557952,-0.78952345498762,0.288560823120683
"535",-0.804731690783527,0.7055569328597,-0.598904341528398
"536",-0.293550832680312,0.0291568815698109,-2.06148591281031
"537",1.34855251777983,-0.340523985257962,-1.07210586692365
"538",-0.768939370703792,0.70984530820134,-0.57350783074646
"539",0.902340597617371,0.138666485441987,-0.563877827438094
"540",0.747113901945541,0.515922357377567,0.357622285403522
"541",-0.510641116899468,0.6990501310188,-0.477785550603677
"542",1.02314054693088,0.0691423907880643,-0.499077858453005
"543",-0.724000066058006,0.784023340186063,-0.374004375038193
"544",-1.42211043414062,1.42520901686644,0.845022928154955
"545",1.35143506695898,-0.183109609066283,-0.268367928464362
"546",0.680300557651205,0.00928194500607982,-1.39596934955507
"547",1.37357544102664,0.214699588228597,1.87991434615948
"548",-0.371687899840414,1.11858911017962,0.658969290341616
"549",1.17955056148034,-0.00325186221065583,-0.232487638829442
"550",1.19091018745849,-0.429560068903324,-2.01743268761149
"551",1.19473177093354,0.124295844791775,0.385275541420625
"552",-0.794875868203148,1.4198046865678,1.12628328706839
"553",0.652012518384015,-0.355551064057208,-2.58319732021878
"554",-3.34957943107648,1.7252749691299,1.02249704521686
"555",1.4342138641863,-0.273670104238363,-0.373917176229654
"556",-0.236549008477482,0.230264893469758,-1.5206617289921
"557",1.53196557273659,-0.403876442682682,-0.710938706733759
"558",-0.511855382600066,1.4413587560267,1.36409839400536
"559",-0.406038692693765,1.36450192008858,1.25253767757327
"560",-0.971164963836709,0.327694926661977,-1.56001889105591
"561",-0.689752119106753,1.70704772102581,1.88922533553146
"562",-2.03946398398852,1.29213369177227,0.353825209042543
"563",-0.565138056591503,1.06007903231403,0.385041492463764
"564",0.460572798646196,0.840170755444169,0.813566900598186
"565",0.514066668163863,0.424013491722342,-0.346080454149771
"566",-0.989219121927836,1.35146825057499,0.859411423787235
"567",-0.488226590555117,0.304513148341436,-1.44793338098069
"568",1.32702004149705,0.209646933116838,1.55312649994438
"569",2.26832717932548,-0.714513766987822,-0.348177343695636
"570",1.75031471956073,-0.275951074904558,1.1495990548741
"571",-1.22649167877702,0.828326039503191,-0.464005578925358
"572",-0.388440952478504,0.9302520361906,0.172316703648447
"573",-0.101554676091948,0.95024890024067,0.441709545213433
"574",-0.469401923583413,0.369072644212843,-1.27894307341943
"575",1.00686816055774,-0.0578871914003196,-1.02087759125922
"576",-0.641196691904795,1.48233598998341,1.3741083589204
"577",-1.14875199715292,0.96271099099428,-0.123572886736631
"578",1.12697550979661,0.224812261406125,0.487467319303592
"579",-1.2202030458959,1.05920614494511,0.0751167811455559
"580",0.0911251206019628,0.850484753041934,0.358741299518684
"581",-0.932515789922147,0.830054880655433,-0.353116107155613
"582",-1.29666085570238,0.0267369992899529,-2.34100579286844
"583",-0.0947217700510028,0.476427905803918,-0.797544518672487
"584",0.937228369566989,0.764645839483726,1.76547860949386
"585",0.927854097220612,-0.0574204838226586,-1.20143012741303
"586",-0.352573743519547,1.21200333834367,0.909483371737516
"587",-1.89950933188641,1.27551454510253,0.35345472589465
"588",0.38044961519058,1.06524634771379,1.33998119453226
"589",0.432158049626009,0.57919549727722,0.000443082338121107
"590",0.372121437027265,0.384806682931968,-0.641247307650854
"591",-0.096287137300334,0.178767633231472,-1.58070796486532
"592",-0.00734668466096278,1.42824770984486,1.80357320836242
"593",0.373657885829724,0.471753697926362,-0.38800216878092
"594",0.281991604775528,0.581992576186749,-0.179048538886583
"595",-1.21669785463689,1.47080701425108,1.03408650682331
"596",-0.601939168640269,1.3768782088939,1.14177042863344
"597",-0.829836371165331,0.213303730151691,-1.79148889041972
"598",-1.03936326170218,0.347187465055521,-1.53339250193223
"599",0.610242641784667,0.104049796485034,-1.19190457271021
"600",-0.317295531783033,0.728457773066878,-0.292525501602592
"601",0.934547971887658,0.320897756636506,0.166927771772353
"602",-1.11671970356223,1.47193982774875,1.08212820761446
"603",-1.66497034570031,1.5005698089827,0.929919984559604
"604",0.43273794979302,0.21032790428995,-1.0827911568679
"605",-0.0941945650345424,0.346491193064106,-1.13870718706403
"606",-0.375759925344638,0.486686169176727,-0.938711463777193
"607",-1.05930958155942,0.856670299075569,-0.339215432279126
"608",-0.516929052751359,1.06799289811006,0.434163003146181
"609",-0.877451137406004,1.24650318772986,0.665377787489676
"610",-0.62085596184978,-0.283618384726292,-2.94264737955819
"611",0.311751458751762,-0.206530681634527,-2.39078271777667
"612",0.966788148570041,0.682147025542016,1.58100349372428
"613",2.58777437214229,-0.795564994048862,-0.0527676982108464
"614",-1.52229028164393,1.66341334182909,1.35130111393473
"615",-0.254920313872607,0.440348294500571,-0.99087491736723
"616",-2.59737892147775,1.3393606945522,0.332857318442508
"617",0.939979609288928,0.0379020607843397,-0.833342115241077
"618",-0.537158362326071,1.14967162991244,0.623747445767917
"619",-1.20692130260434,1.35161135000433,0.760860372712711
"620",-0.962547811233674,1.17383825958898,0.45095682040402
"621",0.594359941669159,0.2245687825051,-0.84036586866229
"622",-1.87456745719194,1.48416406402671,0.826619592752417
"623",0.315999436552134,1.22327377621977,1.68861587350029
"624",2.919312406728,-0.869591766203553,0.236588420545076
"625",-0.586354478889353,-0.114061599559852,-2.51760123110602
"626",0.828064886054453,0.400453397254159,0.161802982515105
"627",-0.886365153134447,1.40576160420581,1.04140302455706
"628",0.42680330052014,0.86181044935837,0.822260785048583
"629",-0.710816739561685,-0.0122240772497891,-2.30238080988584
"630",-0.401623222994193,0.818502488564157,-0.117394897951835
"631",-2.0504778791923,1.26402282788507,0.288753665530643
"632",-3.2349913984036,0.634273186176769,-1.27267691099423
"633",0.867572309818344,0.310119554693877,-0.0503181319329116
"634",0.393571787213453,0.369300858788899,-0.661827502221194
"635",-0.781641813993016,0.477448699671952,-1.13960534108787
"636",-0.121908889404476,0.204270332711509,-1.52798168565847
"637",-0.191459319376716,1.20174644764247,1.01744062329059
"638",0.452391037332296,0.0436545661935491,-1.55369852127224
"639",-1.91659280686177,1.22051867945314,0.226190005858811
"640",-0.233592787654172,0.583450369933392,-0.610455299433473
"641",-1.99551795020912,0.231426485431786,-1.9916272628747
"642",-0.849477120515877,1.64638064440814,1.63842997462084
"643",-0.888092481382829,0.747831019167519,-0.53138657440322
"644",0.419296271509334,0.642414009578868,0.167917620200714
"645",0.137218134049529,0.554104979836221,-0.404658028563136
"646",-0.201303691832401,0.885857979020999,0.192040521873519
"647",-1.84505369477187,1.34508291080565,0.524137230151247
"648",-1.04876394520691,0.899411715425581,-0.234537214117167
"649",-0.67128444794588,0.51289616161048,-1.01059195613882
"650",-0.209864327863809,1.51317510585204,1.80512368820506
"651",-0.378028233330078,0.303940110469306,-1.40095069825932
"652",1.91583451524399,-0.511030417517754,0.135638046232391
"653",0.357290081525112,0.988276320250066,1.08059248675864
"654",1.73786005685279,-0.759998709473991,-2.39517804489502
"655",-0.90993527419385,0.821298929366549,-0.364832545036733
"656",0.991323812496199,0.0881069953658251,-0.519151584468289
"657",-0.402476324085872,0.712284272555768,-0.385070582234725
"658",-0.845476353076102,0.415025896401886,-1.31231488830228
"659",-0.767525304539829,1.12155068933031,0.42176159567715
"660",-0.0571811527822814,0.0301361125191263,-1.95164322297065
"661",0.4444872189351,0.450726944194215,-0.361132710595295
"662",0.476153024548296,0.196325521143522,-1.07584618554901
"663",1.39294320440444,0.0318204837925146,1.04986950249083
"664",0.0401985199274866,1.45373664926876,1.93045091454618
"665",-0.385258486244876,0.786886347528586,-0.186956312176156
"666",2.36171475154056,-0.836355235029887,-1.45968559646627
"667",-0.201684443637624,0.407337630543431,-1.04520599927402
"668",-1.11968426578137,1.8231381055529,1.90383250690111
"669",0.149304556728385,0.795267527271703,0.269196743554973
"670",1.8611597000263,-0.27391963677435,1.7950097012555
"671",0.204148968095166,0.107775376448881,-1.58054411208095
"672",-0.471954675666641,1.17229373655705,0.723004798027695
"673",-0.448514978568842,1.15813284553414,0.703753697868442
"674",1.85055207779451,-0.477705322042721,0.115704287053094
"675",-0.516251821592711,0.880885625201267,-0.0296045462940893
"676",2.43714816744914,-0.671363723354062,0.96464019138334
"677",-0.35608830402568,0.618173022990215,-0.595683253650507
"678",-1.30939649556296,0.44830118953144,-1.36890861571296
"679",0.282945255898354,0.785810342288414,0.398599900023426
"680",0.155070664185257,0.690848312980419,-0.0118084860170153
"681",-0.50469857978518,0.725875446733869,-0.408024599344155
"682",0.0535278884680507,0.818201611572244,0.233696209319414
"683",-0.73211430172805,1.35994329616694,1.01849908255856
"684",0.590652215855131,0.560438671651486,0.19021378605059
"685",-0.902491144796999,0.677737719510669,-0.704336142549412
"686",-2.48099796483396,1.55754491545416,0.83107578294084
"687",1.44307347441293,-0.210406100859157,0.0123962591604188
"688",-0.261690417268871,0.295778907124316,-1.36518731234229
"689",3.01820254557684,-0.886839097821748,0.39322643616897
"690",-2.29668314950836,1.28560165892601,0.278522118268651
"691",0.129437788007596,0.651058821953852,-0.146522520147997
"692",0.333508139726992,0.66906521481896,0.130395264658583
"693",-0.140452607666766,1.1477948435257,0.923669136994806
"694",1.57510620861588,-0.60974542578656,-1.81634069035784
"695",0.2777521520466,-0.368020479813871,-2.86801527796973
"696",0.722030174933221,-0.31729943702919,-2.39374497453238
"697",1.16872836264585,-0.0850400369957153,-0.623264266503691
"698",-0.80048160751716,1.56494618489569,1.47259026966696
"699",0.601267538162068,-0.199251401005099,-2.14230925391724
"700",0.958462244128199,-0.387999679272886,-2.33437828995178
"701",0.857321050329547,0.398479198403901,0.228249706662819
"702",0.0968267030465299,0.5698241551558,-0.398448868041272
"703",1.96176175933012,-0.503746288894556,0.40842256889936
"704",-1.01654857829667,0.983314733213509,-0.0237779855448424
"705",-0.264416181787667,0.22935268293283,-1.53674317342974
"706",-0.0563789875669763,0.224340565848827,-1.43759431518046
"707",-0.20741053979504,0.743838461963389,-0.179441514279485
"708",0.0341719126027328,0.607299270341967,-0.351638885415582
"709",1.55645839263028,-0.330944901597721,-0.168475311287231
"710",-0.717752245402285,0.836696569681897,-0.243242615054964
"711",0.49433043181343,0.472933700462846,-0.227361341397108
"712",0.83324041682521,0.052031130298422,-1.00930172113973
"713",0.869970653399275,-0.680285262294977,-3.47010000869691
"714",-0.639686679654059,1.25435170184588,0.817169449062209
"715",1.01772459680977,0.111943665369437,-0.353869343943815
"716",0.765112974783577,0.741389899023959,1.1413514329217
"717",1.14179612994038,0.349780718062682,1.06952921123834
"718",-1.44861163197836,1.27191457918,0.483997366911229
"719",-0.0738089604240639,0.576267197646043,-0.519834685926923
"720",-0.163298150667845,-0.517015524278545,-3.42555649084451
"721",2.6123344952015,-0.797455023153364,0.0297732068177906
"722",1.52105359409303,-0.230926587459424,0.268026616079367
"723",-0.26340277503184,0.491593748575044,-0.864374112364041
"724",0.369476623009902,0.487500871191791,-0.34747304970342
"725",0.564124157658115,0.0880282650193316,-1.29922169867827
"726",-1.22406168310034,0.476561538776773,-1.28122488203045
"727",0.730275252174277,0.722681774530676,0.992008720038273
"728",-0.523320588217162,0.798983430778736,-0.236670566097184
"729",0.0971611024751967,1.20661296660994,1.33334460240071
"730",0.542080773569546,0.393518648489403,-0.397979414579416
"731",1.39964113898126,0.0118286907910858,0.983083479850244
"732",-0.0809512051500527,0.403420409209673,-0.980393313908203
"733",0.00605030351465416,0.616752759334203,-0.349847762316505
"734",-0.32160758369936,0.988987978093043,0.366931150303511
"735",2.19578391968352,-0.659384022953129,-0.0422163007302615
"736",-1.84825770882549,1.50993279077377,0.892191691569691
"737",1.1506651379244,-0.31448196887774,-1.64388297536363
"738",0.329567348747083,0.64487476888334,0.0562055212630271
"739",1.27001745044876,-0.110172241679491,-0.290651423688293
"740",1.05822222960603,0.299217019927505,0.499086339189732
"741",-1.80266768507529,0.778308869907332,-0.735175999254823
"742",-0.605017582320598,0.0354454152270818,-2.15538851452912
"743",1.208493996084,0.0332574327641021,0.057677381959107
"744",-0.929203347343017,-0.108062750960785,-2.58494593802572
"745",2.102372081818,-0.612724116151881,0.0331125431681967
"746",-1.07790921940061,1.20514506027903,0.473276550860384
"747",-0.0323045517635717,-0.00905895809053381,-2.04283802814076
"748",-0.016955205661443,1.04304862833339,0.766480394808711
"749",-0.319736244649011,1.02788759192046,0.467173392636044
"750",2.35964710566508,-0.689125020082175,0.351627819507415
"751",-0.576233434944937,0.72596614522587,-0.444881656248413
"752",-0.619063458586624,0.988950497204715,0.178981388633742
"753",-0.312019513509978,0.927897295741167,0.218387363950877
"754",0.785585313646237,0.819201644254066,1.45486778010511
"755",0.774770614632099,0.300424970690541,-0.291968447707364
"756",-0.994486831115625,0.529145425891885,-1.08984734053303
"757",0.156847252587808,0.737887513937885,0.119448639800005
"758",-1.54540659186428,0.785113160072153,-0.65709417203511
"759",-1.54587195899779,-0.015729898332989,-2.48029315756943
"760",0.74834133839645,0.387299988255093,-0.0604205021228814
"761",1.80309417576317,-0.432666742214732,0.249949921255885
"762",-0.174311320922475,1.01149627014395,0.539163594860232
"763",-0.0716073264472641,0.793250485240698,0.0542268527954056
"764",2.41769312487259,-0.756204261664087,-0.239448600456422
"765",-0.548379734173047,1.56786793021375,1.65031734970886
"766",-1.28362510044261,0.249040402121488,-1.82381628943922
"767",-1.52954531076681,1.91774334153033,1.92802700337063
"768",2.23281071796274,-0.636557753722419,0.371979817261084
"769",-1.3047357357148,1.28636943328299,0.570066435301699
"770",-0.79815096480836,1.25628531942606,0.730481481526479
"771",-0.579183053208352,1.21995192984655,0.770496095201222
"772",0.614972066285538,0.365302034211585,-0.373284064019005
"773",0.289983708731959,-0.409105732727328,-2.97831138794469
"774",0.959582278573852,-0.459165786006133,-2.5910454226119
"775",1.43225481219768,-0.57577554714621,-2.02569351687018
"776",0.197419206903758,0.457942960623711,-0.613697846596151
"777",0.238819186087539,1.14235233236672,1.34286086759104
"778",0.282012879325898,1.1153065508963,1.32931803843783
"779",-1.6950950612515,1.08198346961635,-0.0247970702449566
"780",-3.05500213552187,1.59848974616595,0.803977327080672
"781",1.02605300631648,-0.0841034845481915,-1.07033900594347
"782",-0.299287723503955,0.508433518216296,-0.841945338302643
"783",0.101352893580766,0.836976884710238,0.332604301454646
"784",-1.51309396395807,0.739478571593176,-0.752610887261103
"785",1.98967445557368,-0.541432357098392,0.203540302326829
"786",0.428857179190589,0.253246767881902,-0.960991975091911
"787",1.6931810558066,-0.712890367199346,-2.17132115808129
"788",-1.31786010624697,0.804051811371964,-0.549188006720421
"789",0.105521747835831,1.49219934955303,2.12145949824833
"790",1.34677597677159,-0.325838100665422,-1.00519892829836
"791",2.49481425799588,-0.77833520437789,-0.210029686763996
"792",0.692463426822469,0.552629926059391,0.358980692934712
"793",1.76407564814441,-0.230792009754455,1.55685672553545
"794",0.158298744161131,0.053066380313297,-1.7639983448454
"795",0.0772963626546056,0.766934003736033,0.118259265215238
"796",0.926424286633449,0.271751622370749,-0.031475301525988
"797",-1.71328034371494,1.46612065884819,0.836195650917308
"798",-1.20360220428612,1.13227633294845,0.251443283164942
"799",-0.622937970342909,-0.199213608176641,-2.73617076230165
"800",0.827657933506639,0.337743304768736,-0.0516776157330442
"801",-0.14963616872346,0.91604916552491,0.311441549747378
"802",-0.615982743737412,1.0867479835926,0.420638933121071
"803",-0.280902682759302,1.29995390514895,1.19155255718661
"804",0.481105820762528,0.0502931363413273,-1.50527880375601
"805",-3.04033690587038,0.0645621522275657,-2.46669674898974
"806",-2.2991512013253,1.25288144024179,0.206263233872506
"807",-1.66544833605551,-0.351589163777543,-3.25712237250565
"808",-1.52353590692112,0.844227103727165,-0.516554785024847
"809",3.06751224444871,-0.925449628635241,-0.252090928068247
"810",0.818159865668256,0.235085535886992,-0.419885996618081
"811",-1.7469727780535,1.48766313775253,0.873874172953094
"812",-1.50878409516604,1.30877963608761,0.547442468233517
"813",0.130833646471302,0.877280666574635,0.474048460259261
"814",0.839774679757946,0.729915936459706,1.31340836963406
"815",-0.245754680465225,1.01569869620616,0.492114749159354
"816",1.50129753210971,-0.30623853026449,-0.264086742602214
"817",1.33682322638598,0.0183336408048926,0.665669092291984
"818",2.0004564235326,-0.453579369002089,1.04639832208128
"819",0.641499439999298,0.444099761840402,-0.08239290604055
"820",0.464863088984256,0.771613624629925,0.617413041187494
"821",0.047016731813636,1.05880268409822,0.875428766198307
"822",-0.424416452022558,1.23273013089963,0.907727650763278
"823",-2.0352377920856,1.80093483146177,1.48321376933053
"824",0.333149592884766,1.0802661451847,1.30730804507562
"825",-0.994445395956855,1.13827709608897,0.35216882784681
"826",-1.17708161813338,0.549581669039558,-1.09797752359337
"827",-0.3710275966262,0.900588160146431,0.108952201857685
"828",-0.190182333970933,1.03267695358242,0.580802871569702
"829",-0.0352286731943159,0.434622819678491,-0.866640339821778
"830",0.0760446041145791,0.42115953084225,-0.819354063918006
"831",0.56278966479029,0.622489092615388,0.332279069494623
"832",-1.76716930345972,1.48234787193296,0.855497411269991
"833",-0.97618955636899,1.17360547745228,0.444118446323049
"834",-0.197623553371947,0.755849661064615,-0.141394812217395
"835",-2.11596121006147,1.86160724779122,1.5929939802364
"836",-0.320893777281056,1.13280482101829,0.733014678723783
"837",0.31251464526744,0.711002252119461,0.223596823570416
"838",-0.562270562518291,0.355617622292684,-1.35182813218772
"839",2.67134429415428,-0.730711472757119,1.39966526996201
"840",0.484062082709128,0.133419999061338,-1.25434302572557
"841",0.550642292332822,0.439883845163916,-0.244323273836649
"842",-1.59669031831414,0.0949060534554237,-2.23683211187273
"843",-0.973973145235031,1.20636402928919,0.522818299263719
"844",1.3453276864421,0.133565720863237,1.28939047721784
"845",-1.35167486472866,0.805922705714476,-0.55509323891076
"846",-0.174329316454949,1.70368001148555,2.33575329464493
"847",-2.11570555014306,0.781532803360515,-0.793168481127212
"848",-0.924921892896399,0.689364963532206,-0.68508504224278
"849",0.283884218504186,1.19748803437293,1.5646231990845
"850",1.23614306483068,0.191735037943466,0.91091532459561
"851",0.560580051851639,0.175253740255206,-1.03713512486307
"852",0.354357250671702,0.648697756035507,0.0986042564198778
"853",0.813768948339296,0.674991583056083,1.05185075843636
"854",-0.134136645037322,1.22123264427951,1.12131633691402
"855",-0.143499670036748,0.89866645429201,0.271166173040083
"856",-0.846527488977348,1.24263816633086,0.672013441969418
"857",-2.12409494689259,1.07437232425048,-0.148042120135159
"858",0.366931306724077,0.617111027430994,0.0237606553421932
"859",1.55825819914354,-0.569738660518539,-1.62031565216478
"860",1.17634607857276,0.301323776408438,1.04732485439652
"861",1.75478845937957,-0.218648533436446,1.59184014682594
"862",1.00162872733324,0.415055260569111,0.727624442123576
"863",0.349021454604713,0.98780607924786,1.06654336934421
"864",-0.693789201932972,0.961907400011698,0.0729732394382928
"865",-0.425854388273199,0.325116216992229,-1.369439205212
"866",-1.01649680190589,0.623421478052407,-0.874183173966746
"867",0.942319684965565,0.100458897453342,-0.60291583026336
"868",1.82686209339169,-0.622508548281452,-1.11442759155635
"869",-0.605679027514455,1.27404417524972,0.886700342314524
"870",1.95671873108909,-0.552739130274637,-0.0415084764855707
"871",-0.142850007385147,0.174847879158217,-1.6161144432895
"872",-1.00211658315355,0.450443077695083,-1.27851859251663
"873",-0.191816328944919,0.637827224114634,-0.442724732188132
"874",-0.176552245259899,0.225494600099666,-1.5021427591105
"875",-0.739828077593432,1.71916816325828,1.88414150190147
"876",-1.34139851950972,1.45275743650195,0.939875224930172
"877",-0.640727980138206,1.2044148918657,0.694332087203032
"878",-0.42775047207573,0.743660595917968,-0.320907437548416
"879",0.450172617340547,0.254759238378602,-0.93242899098944
"880",1.20871638311579,0.39675779929331,1.64968341083086
"881",0.556845141782618,0.623171549732136,0.324126772099823
"882",0.809553860612716,0.794251315402709,1.44088969900113
"883",-0.98685245153393,0.438461255836764,-1.3021686696086
"884",0.219828942555533,0.147918785436803,-1.45692253508044
"885",-0.121589691043115,1.32342168692978,1.40084600506866
"886",0.212370672904539,0.481847230716605,-0.532971034323773
"887",0.534892270051638,0.464332751200022,-0.193910049538871
"888",2.54394900530365,-0.863227792294857,-1.22873710397523
"889",-0.834523919937291,0.92011944913858,-0.0960041735315528
"890",0.750477103899903,-0.287655515797882,-2.26608684064702
"891",0.265962627049525,0.822129568180205,0.479705942811298
"892",-1.67834465985582,1.2414336295561,0.340069320512455
"893",-0.387719624350397,0.545602286808949,-0.796456955427094
"894",-2.6654712796239,0.803436512031098,-0.838337536658086
"895",3.70667052946325,-1.01559998021497,0.911161605726529
"896",0.226195284100225,0.368864904020234,-0.83494314433535
"897",-1.87675580965002,-0.079445190455028,-2.66862314772432
"898",1.69078799441123,-0.0909091514957597,2.10783079073344
"899",-1.54597664056707,1.5149889720042,1.0042689975097
"900",-1.34596474016178,1.25234355902529,0.475942128616554
"901",2.11500501574187,-0.590625862243789,0.308978010928589
"902",0.203169962383973,0.140947114247678,-1.48909327588201
"903",0.0627712545559197,0.383223115132276,-0.932290114619973
"904",-0.514563307906974,1.01694543691144,0.30897922273884
"905",0.472151406702568,0.28623297211067,-0.81321955593233
"906",0.128659415932652,0.559168142740849,-0.398691709422474
"907",0.999859361190615,0.00432117646093752,-0.807002346482482
"908",2.26440179597562,-0.757217115694266,-0.849176953263341
"909",-0.37064326456992,1.13950129436959,0.71254153286393
"910",0.822581709009953,-0.161004654948725,-1.7494186423148
"911",-0.82043589521236,1.3191707699062,0.869674850946505
"912",-0.741305247236675,1.0216288954379,0.193602152037951
"913",0.271597327881074,0.843557091616464,0.547287500458565
"914",-2.24023095344076,1.33002506957741,0.388815674997256
"915",2.70477787635842,-0.883697453458189,-0.975833102041039
"916",1.1137872298685,-0.171229562324325,-1.16582519574385
"917",-0.657006246733097,0.926237883668393,0.00506851169840209
"918",0.422786408525007,0.603002412537553,0.0573387449089162
"919",-1.51752807926642,0.255780071400143,-1.85678772713588
"920",2.61733884026982,-0.859567404455929,-0.912472547034421
"921",0.220051196513991,0.61884659968255,-0.143405425899609
"922",0.727809491123976,0.941311291004018,1.69524266474214
"923",-0.486107432609945,-0.00821613795011122,-2.22562533502434
"924",2.02723214237969,-0.687758153279659,-0.977850238414172
"925",0.898148900369238,0.210141927375567,-0.322851728542641
"926",-1.5644213023785,1.41254981601707,0.764667574446804
"927",0.832224069861218,0.0980698005086091,-0.854885699567009
"928",-0.172195257103607,0.720408949518439,-0.214838940074552
"929",-2.68403532069032,0.750100478056919,-0.956267304774596
"930",-1.37868676580749,0.906818011202134,-0.330979446366159
"931",1.76250352890605,-0.386746539998405,0.402711235055685
"932",-0.16201359375261,1.47040726779578,1.74290789427687
"933",-1.6938692339885,1.34771512899772,0.575279404678793
"934",1.35504373127259,-0.0553365114369965,0.393866428921838
"935",-1.28171927342814,1.18566286030711,0.34576574271735
"936",2.07129918005844,-0.494782115020142,1.0329537858287
"937",3.24001339638515,-0.926223245061085,0.716962197884673
"938",0.700524743430464,0.481188100846294,0.14649830985756
"939",-0.53129480660609,1.25092126193745,0.878258481909577
"940",3.83227489856386,-1.04992738191249,0.0582371721596009
"941",-1.37875667159479,1.11844808177303,0.155890094348927
"942",-0.205865606241793,0.897247974840362,0.217967820594194
"943",-3.0953428855968,1.05278710488301,-0.365700602029739
"944",1.84472131898946,-0.907702372536049,-3.30402879882441
"945",-1.03232183602285,1.26101219328319,0.625162256100887
"946",-1.272898672197,0.799467900737455,-0.545878800598523
"947",-1.74595293865619,1.15213239114564,0.119110976980697
"948",-0.190988472180111,0.734550266939425,-0.191739166457658
"949",0.647945841901865,0.676814528996939,0.661226625004884
"950",1.10288341118226,0.123361911246392,-0.0207878248919776
"951",1.10381358390073,-0.195352519791561,-1.291827407878
"952",-0.628591890267276,1.3911074750961,1.15908913380424
"953",1.50609646920041,-0.476821341378312,-1.23703029127901
"954",-0.377195844242839,1.09841321876485,0.604055939744232
"955",-0.171203496310624,1.40391166915449,1.5607948956688
"956",-1.34763273632882,1.593070692498,1.26086019317367
"957",2.7782820133355,-0.823553808177774,0.397748062285609
"958",-0.498360085173557,0.849488873622357,-0.0973195914887196
"959",-0.535123168092467,1.11103670077616,0.529406845587161
"960",-0.15480120079645,1.21356574593159,1.08173817414854
"961",1.4674728499671,-0.383896597039809,-0.847177031896773
"962",-0.93779213551604,1.3358792735836,0.847971696328111
"963",-1.66606863022282,1.53631994244099,1.01036173251344
"964",1.60485327718723,-0.345257843368939,-0.0423627779675403
"965",1.82502865486306,-0.522107115787402,-0.341813353985194
"966",-0.111918288170014,0.76208166902225,-0.0605007182238519
"967",-0.00646309348739337,1.21489311280372,1.23548306499197
"968",-0.0644219958955956,-0.640452903342602,-3.72654380071344
"969",0.825068515842909,0.306179804933728,-0.164510396121886
"970",-1.44294401703658,1.33928887377304,0.640342700280093
"971",1.33114280395841,-0.25239605261647,-0.70245463334578
"972",-2.09377926733584,1.39999258452649,0.578814254258857
"973",1.040901745288,0.581686522467829,1.51336138975139
"974",1.21961672380956,-0.289520425677828,-1.31490856103378
"975",-0.726434441968829,0.436910644897786,-1.21711570930637
"976",2.63600334317635,-0.807106886703104,-0.0127785033622526
"977",0.480979132683937,0.576758397337594,0.0631892128122735
"978",-1.31952417178794,1.44917696474981,0.940463723395488
"979",-0.674084233897315,1.19303264719024,0.646822064812182
"980",1.35265924110765,0.0542085966951584,0.933864752504159
"981",1.936561660835,-0.5059573619373,0.272428017489397
"982",0.313152227711905,0.625032895065545,-0.0205478514513284
"983",0.640758665665964,0.454993907288358,-0.0495157143545614
"984",-0.617697946168517,1.14945038740337,0.573455072786068
"985",0.328474616731104,0.992745587579559,1.04973625488868
"986",0.285135619765877,0.195981961726544,-1.26802755662828
"987",-1.75931450750257,0.654793928333308,-1.00301964319469
"988",-0.137156238738664,1.10334390156154,0.810681313348727
"989",0.0302898548869106,1.01410744061576,0.737431620286682
"990",1.62542838052586,-0.565503305960878,-1.38037886468866
"991",0.11931341696571,0.754127396131501,0.125181422229246
"992",3.03551201230121,-0.923077057829077,-0.3532243649135
"993",-0.164315190415696,0.810366938436408,0.0247506697291352
"994",0.407429502646021,0.914418051870318,0.945216355627685
"995",0.0136023366627593,0.627359292344674,-0.315184428660316
"996",1.77675477829991,-0.4410976941729,0.0669610053994285
"997",-0.0462055787175247,1.11262005758905,0.921910099669677
"998",-1.25972402177622,1.06522393117332,0.0747000376488782
"999",-1.06830408102035,0.865972615160127,-0.320667897935509
"1000",-1.64754399862699,1.36554917062967,0.630291049939905
