"","x_child","x_pa","noisetmp"
"1",0.864685545290324,0.523362058092819,-0.735750406320337
"2",0.492106856153348,-0.179619056436035,-1.32434961193253
"3",1.04133222149436,0.495503274861884,-0.378827130955294
"4",1.10247010094557,1.00515359019372,-0.345650779522955
"5",1.08101290349835,1.24706123040085,-0.419219904990886
"6",1.64738778881688,1.96485873721124,0.592371516087296
"7",1.58641775756351,0.836871977335216,0.630633815141693
"8",1.91159945294449,1.12104106364413,1.2138511567636
"9",-1.25712008068845,-4.06753772560631,0.667164384913014
"10",0.794120020066416,-0.246554206444326,-0.672880714539846
"11",-0.815490640209189,-2.24164620069366,0.029126487067987
"12",0.969645448428729,-0.852239749804941,0.0983061795642275
"13",1.72914181058551,0.104511610361832,1.11526081820166
"14",0.699051695090793,0.699883948489053,-1.09327119302283
"15",0.830508510277433,0.43480022971395,-0.786923018637816
"16",0.597244441715395,1.5912544899089,-1.38766901937076
"17",0.650126328524814,0.653209585639025,-1.18297427330769
"18",1.3433097062827,0.289403362153066,0.274816235642061
"19",0.382229689794309,-1.17299217895527,-0.8676155616374
"20",0.8040625696081,0.988454566760023,-0.926569799226801
"21",1.27816728633027,-0.516104768495297,0.491582555231966
"22",0.587561526178039,-1.08638393397561,-0.500574457600328
"23",0.810525721825591,1.20544057778114,-0.939556681004376
"24",0.978947979521431,-0.734103984185847,0.00639608004207171
"25",0.727036546130394,-0.786250386019296,-0.510315416643163
"26",0.7501340218888,-0.271168987340852,-0.755162295617825
"27",1.92609515917544,-0.268957820890418,1.70259215727723
"28",0.105244468053846,-1.42000755691255,-1.03359656958787
"29",1.22614761902568,0.831544816410341,-0.0762134332140305
"30",1.4545156901671,-0.358570990383486,0.766560405457538
"31",-0.297696222112111,-1.81425057406216,0.423514215736727
"32",0.361199208030041,-0.137315859532788,-1.60761030185351
"33",1.17327547376991,0.0950608364489544,-0.0115195309756948
"34",0.889555596263156,-1.07665831296139,0.210616126090486
"35",1.46293980563867,-0.404726261790445,0.812484198103794
"36",2.39563981200436,2.34365834883082,1.97904170658323
"37",0.768906539557912,-1.17115922114244,0.0900891263012809
"38",1.37899126007975,1.29199215526388,0.152946581353058
"39",0.811694651404268,-0.0507133473987326,-0.704672760355293
"40",-0.882625472832712,-2.37243509501153,0.13373133928404
"41",2.04265258604798,1.36134608351099,1.42798605359306
"42",0.956383643493203,2.18212375200915,-0.743360221999262
"43",1.22523711001514,0.16139491684559,0.0735588419456126
"44",2.97477875561782,0.727628509124316,3.39087132697382
"45",1.52067907621325,-0.061711627098401,0.756026998799527
"46",1.0468398788131,-0.487084500851983,-0.0227895608718134
"47",2.50248661811055,-0.956483768033809,3.7795771296315
"48",0.733046915687088,-0.750777028458058,-0.525702551876522
"49",1.3034835258214,-0.516007556658461,0.545866209830885
"50",1.19895738866257,1.15054612688933,-0.177742600952028
"51",2.22467774568238,0.092469192950606,2.1277676192474
"52",0.564119262486654,-1.37763143942562,0.112722965052064
"53",0.602588865469674,-0.399658701226644,-1.01299766609777
"54",0.0552647039184289,-1.56886443785731,-0.48936589286972
"55",1.45258854437179,0.830231493150398,0.368957198162366
"56",1.09570237546991,0.248538736172638,-0.212600410238717
"57",1.28253915163482,-0.814923342087177,0.763926275087499
"58",0.994217018814692,0.766424922626705,-0.521611238006563
"59",1.18024653645762,1.76174682860712,-0.282263811362228
"60",0.602378221825922,-0.907242576783614,-0.682484118966525
"61",0.175503461533935,-1.44162376527589,-0.755013327960126
"62",1.30891469996626,1.2426896529487,0.0235731984999736
"63",0.989050541864101,0.335561126815278,-0.448461212843149
"64",1.30328134067067,-0.482726601419711,0.522918386885448
"65",1.95816789280288,1.04013253419783,1.31946916219067
"66",3.01671514572716,0.668382805276029,3.49272527297382
"67",1.62924562015628,1.26494928747188,0.64190855192741
"68",1.25063018063668,1.20002074838597,-0.0839207377152225
"69",1.14975498971747,0.382890613063265,-0.137528205999252
"70",1.06666160723809,0.0834067538495795,-0.224805633542038
"71",0.804038140720879,0.221631472378487,-0.794143551232546
"72",1.43735384327183,-1.01099685824682,1.3990990534011
"73",1.03534118448935,-0.515091732120478,-0.0303657005199085
"74",1.77885005139596,0.805742573527537,1.01519094619031
"75",2.11654570062863,-0.0996203838553797,2.00063547148008
"76",0.910173382468466,1.26684994498054,-0.752913549641449
"77",0.895033177751294,-0.891865001079103,-0.0284966445603789
"78",0.643376606589417,0.0559859495719413,-1.07929910185838
"79",0.731465877758633,0.420624785409974,-0.981982369891235
"80",1.49328264459889,0.583092439057559,0.50023387491557
"81",1.0226779512659,-0.920954863594109,0.298526266991197
"82",1.74345599017988,-0.0404213933781724,1.20431045506359
"83",1.88153240899568,2.85982590913686,0.9620596075135
"84",1.27545310475236,-0.418433355617262,0.423261582992546
"85",0.876212411729253,-0.312628823846913,-0.473812410280027
"86",0.236553989024191,-1.48871567464019,-0.370618052209688
"87",1.34579187922743,0.701627299746795,0.18322879261409
"88",0.66113121040782,1.66804604573706,-1.27076939976847
"89",1.04763208280464,-0.800385340571473,0.220826231865495
"90",1.6015359171044,-0.225551970105534,1.00059468122084
"91",1.72268811224165,-0.523433384835491,1.45185285283097
"92",1.34529308562934,0.603610540547803,0.202301611366257
"93",0.766510680342347,0.964359466660492,-0.996954559776594
"94",1.00956179017435,2.66013830374386,-0.671810641372234
"95",0.845281715357245,-0.51211749875418,-0.440039330800344
"96",0.894006076162998,-0.354424410295607,-0.417485815526218
"97",2.49232146196033,0.249285119008278,2.60176697745631
"98",1.07078756445628,-0.811400318033128,0.283960672046119
"99",0.995487430900276,0.205863220415605,-0.40364146918167
"100",1.59995693854117,3.01322396868721,0.421493994504429
"101",3.08840364984795,0.321288892691125,3.769502591094
"102",1.66431433860514,-1.09222906602124,2.10762880210246
"103",3.24919135367359,-1.49392652822032,8.90445989550394
"104",-0.935942016421408,-2.45455498525812,-0.0512383648183241
"105",1.40215232115526,1.11497381260773,0.222820287955781
"106",-0.233079661603281,-1.7099860411112,-0.297480299318513
"107",1.08413495211845,1.32351782836808,-0.422182664930055
"108",1.22671094018564,-0.272576439972235,0.242116349434399
"109",0.772953063028904,1.01552454119775,-0.990726744107526
"110",1.34016375544677,-0.242940067091582,0.46466058797189
"111",0.724710368338606,-0.605054607086433,-0.645454210174837
"112",1.3426524011957,0.717280835451968,0.173970928466785
"113",1.17730792947968,0.480900595535831,-0.104909854156764
"114",1.1703017318514,-0.197751111735361,0.0902848074979876
"115",1.9459201205802,1.37869225135785,1.23818598170495
"116",1.42703535748695,-0.408222130749835,0.738569260583469
"117",0.757431005735385,0.497788915947038,-0.944470463800486
"118",0.949205812270943,-0.767006477765758,-0.0308445613934558
"119",1.24939384381729,-0.0495394661485403,0.1938076299878
"120",-0.604530855953371,-1.80020918030685,-1.36800972642186
"121",1.53202340442192,1.41027781479806,0.433605026543287
"122",1.3045283964372,0.398972996724221,0.168209935036793
"123",0.304322148496899,-1.03169782852292,-1.24714769722471
"124",2.79654345740804,0.566691780370093,3.09074682328452
"125",0.208985392942041,-1.2399582831942,-1.18875676908563
"126",0.322126196749435,-1.54515023052826,0.232083409714936
"127",1.22737781134671,0.88341283541265,-0.0824715803297233
"128",1.2151173717918,0.375131945583104,-0.00481555935195033
"129",1.06519264342387,0.942081046003685,-0.409401541145128
"130",1.13972487173406,1.52894936238903,-0.337287419773616
"131",0.843370894764278,3.71325169312925,-1.03005482571723
"132",0.577306351314419,0.40903063975027,-1.28791767293274
"133",0.850901272835371,-1.17571092950842,0.303479844456888
"134",0.686863074597988,-0.069286734067386,-0.955536939697999
"135",1.21051094442626,0.0338605159388816,0.084344407273301
"136",1.70583075930593,2.00303762537915,0.700209490387527
"137",0.957637615348204,-0.145364001078781,-0.371608813640941
"138",1.10196105097738,0.326109195100404,-0.219646499540067
"139",-0.963981662965116,-2.66659917419916,0.95593238607445
"140",1.22173212051534,-0.123249007799035,0.165642148693994
"141",1.28232676930733,-0.883880712619347,0.846480603666515
"142",0.689689097088062,-0.483772943642793,-0.788501651492775
"143",0.717118406783054,2.12623670704649,-1.19538600311527
"144",1.96078361160599,0.895252249929809,1.35353550463102
"145",1.34859482251675,0.382950158750912,0.260417149922417
"146",0.879457335005222,-0.216400598311362,-0.506791045339975
"147",-0.211280916580393,-1.64145621534696,-0.874789330059278
"148",0.583603466548056,-0.791781179594372,-0.826890545394527
"149",1.30322317770439,0.63442944489616,0.112556855746373
"150",-0.67433637445691,-2.41858376376593,3.31569168714928
"151",0.861644315373306,-0.912033514401419,-0.0823127640890839
"152",0.790232755149497,-0.00105139529960728,-0.763689970684104
"153",0.914968481125452,-0.209994383459633,-0.435421815847529
"154",3.33000397547787,0.289730776800427,4.26975741646469
"155",2.40932264613866,-0.281722514818308,2.72202321784815
"156",1.5559150432925,0.573610336861273,0.626686528314196
"157",0.836972199430595,-1.17622443923109,0.269900104108232
"158",2.61301226822172,1.97771527966741,2.43552518516235
"159",0.539431095129298,-1.15852978594207,-0.502421670462376
"160",1.19812761917456,-0.341639880171311,0.21689183426515
"161",0.690986286631675,1.85733681515074,-1.22747433772012
"162",0.412131373983818,-0.0110265216661683,-1.53508486099005
"163",0.558332682557487,0.0150159276846976,-1.24242363819826
"164",1.33196496064272,1.67864186292268,0.0170723904826655
"165",3.07707899177319,1.62735934896153,3.37834800542051
"166",1.78042437778305,-0.692457213562458,1.73613399164173
"167",1.14660406649196,0.95551104772949,-0.252062445311912
"168",0.745925668583961,-0.907180595535717,-0.353261519367756
"169",-0.743638336315905,-2.04084291095867,-0.663949125755843
"170",2.51410556278105,0.796514605398256,2.46360770766725
"171",0.647635543990801,-0.105284298250257,-1.02542612127447
"172",0.98831979459586,-0.28425006932237,-0.251307650835548
"173",0.844736650685364,-0.0672930299146443,-0.631506985606331
"174",2.28691127927816,0.219643280262384,2.19962601534448
"175",-0.870216442795933,-2.26744820269289,-0.403173578094225
"176",0.655192957866183,0.592658463319676,-1.16360427015553
"177",0.375849659336675,-0.875779767781625,-1.22870976946139
"178",1.58091532185048,-0.485383108351354,1.11848581233626
"179",0.840497895957116,-0.187832549471816,-0.598608746599522
"180",1.28252136455218,0.199482240181944,0.178094560665938
"181",0.743880119423607,-0.756902831309073,-0.496745864319662
"182",1.72649028987678,0.0334741700780357,1.13796733883336
"183",0.888246507325513,-0.896965515907198,-0.038335598646186
"184",1.67254418069653,1.90851273372545,0.646144488895178
"185",1.63623198587095,0.781968973484905,0.739559618998269
"186",0.353584647266133,-1.06585763024994,-1.09019782269892
"187",1.47560800675906,-0.101163720748998,0.680174970235795
"188",2.4343259591165,1.53353169505563,2.15686839444493
"189",0.834578958892715,0.0367316764615517,-0.684014946252123
"190",2.05307821747218,0.0612565540189761,1.79231964234439
"191",0.974993472696082,-0.772214751234928,0.0313956468630656
"192",2.27230728367219,0.629694485289004,2.03201571904027
"193",1.63435469484932,0.112028359182251,0.919848497716012
"194",0.429059476485958,-1.50982531958445,0.340426490918085
"195",0.0884538530619062,-1.4959680233319,-0.790069247543781
"196",1.8260107722612,0.162817746291199,1.28981929089957
"197",0.735338748184054,-1.08438581875659,-0.14767277441239
"198",1.210576462097,0.140805480319584,0.050075543148191
"199",1.09824578298246,0.890424405664123,-0.336840863493347
"200",2.09462068841591,0.308041402345769,1.77902878934995
"201",0.659966714777622,1.18216521790812,-1.22963239171623
"202",1.70965298437839,1.99223158849546,0.708581472766776
"203",1.10725357499116,0.315250799941581,-0.206349551990645
"204",1.81748847419748,0.680747606820969,1.11931577519385
"205",1.5294001358322,-0.89655023520178,1.42839359862114
"206",1.53549693930627,0.051272275266806,0.741236555856577
"207",1.81364896509033,0.881130249352919,1.06790784991495
"208",1.11348923277589,0.40692607442125,-0.215665642781704
"209",1.62078370449069,2.38072507232029,0.504717994553275
"210",2.13454163985826,1.34896342844564,1.60778649184444
"211",0.631206035657195,-0.366851407360701,-0.966357030717815
"212",0.816113789182596,0.950707144927527,-0.89814141534162
"213",1.3215449200813,-0.06915428761801,0.349663993933037
"214",0.932438223173379,0.249734825165853,-0.541926643555862
"215",1.23854811478358,-0.350289103335658,0.306613444222462
"216",1.88105817242986,-0.624968704006047,1.88623943933607
"217",0.957758963699305,0.0278808866465929,-0.429863689541867
"218",1.5289235584402,-0.292217762466879,0.88496581000281
"219",1.59962231014965,0.864368927091749,0.651266131279
"220",1.04233731918958,0.0217780467836588,-0.255161495616729
"221",0.80098302260488,-0.528492554354871,-0.5258974922547
"222",1.57487619298787,1.00287314559264,0.57771549527767
"223",-0.672983404576812,-1.99138976649703,-0.458242961652255
"224",-0.826079625384951,-2.17183644624557,-0.545053576243164
"225",1.25429174457582,1.40274488650489,-0.102210451523336
"226",0.723569195784295,-0.451840384671364,-0.732066029251354
"227",-0.885868116769709,-2.39040814543005,0.214007599769586
"228",1.33471847180128,-0.0230572981346593,0.358853056435753
"229",2.08414338471258,-0.52487193321611,2.22988377351696
"230",0.66152036004512,-0.796314767271409,-0.64866968540066
"231",1.38999754307373,1.22283305017168,0.183657534185639
"232",1.45665228428952,-0.17467483789838,0.67421710509036
"233",1.7514304807565,-0.225819231923285,1.31291284966677
"234",2.80668141518218,1.23739609015025,2.93124016783356
"235",-0.902050505237151,-2.54955132417586,1.14209512513588
"236",1.09340672065952,-0.496780005532642,0.0827897944545311
"237",1.10878626675945,1.11668784321936,-0.348714905786072
"238",1.4853110371808,0.36230029190539,0.539665133875781
"239",0.605316635815394,1.43761262709501,-1.35955845875994
"240",1.68476594256206,1.04020887284468,0.785857592174205
"241",1.24900439673439,-0.241704094854928,0.273937952426638
"242",0.896933554065932,-0.669987195161802,-0.225600874491303
"243",0.262933061456358,-1.48915976900928,-0.287862759527456
"244",1.01050264834084,-0.89362561718285,0.23752453912482
"245",-0.450054854495519,-1.88029163371593,0.161325577480214
"246",0.953923741896934,1.12306580629339,-0.65107406477708
"247",1.4392251408365,-0.736883789559327,1.02947050186437
"248",1.20717476057731,1.2639286168153,-0.176552627160658
"249",1.35277800747433,1.30898661549415,0.099931193679216
"250",1.04175769723566,0.170281891539153,-0.300517942682287
"251",1.74706581405939,1.23967735132115,0.874314232858644
"252",1.82323819131882,1.40272191830761,0.997444860910356
"253",1.66694062083182,1.42853387476106,0.691853233631061
"254",2.39259506820028,-0.913245643412918,3.43584539458824
"255",2.73065590424647,-0.0038505549411363,3.20903371695641
"256",1.97069132645452,-0.42461980579071,1.90357292399099
"257",1.84507322016706,0.126176390585027,1.34238294020789
"258",1.31142388573822,-0.27628669683146,0.421149775507172
"259",1.11087206431292,1.17997059790917,-0.352901647561213
"260",1.2169356374712,-0.214304108826999,0.194537432681267
"261",1.678384134865,2.16875143918937,0.632213228016582
"262",1.30620219953018,-0.790736078057564,0.790269866651852
"263",1.15330763816225,0.0399722162746049,-0.0344680160719657
"264",1.41325140595147,-0.682698185843318,0.918685865722005
"265",1.33897670264597,0.302641388994885,0.262444481352023
"266",1.65785766915878,1.75243348035665,0.634718931568836
"267",1.12964626748035,0.260498993560579,-0.147351902931439
"268",0.595037900087812,0.614456836704026,-1.28618394500955
"269",3.64456441463111,0.314874898441171,4.88931349877413
"270",3.51539186363763,0.48288677129943,4.55227296132744
"271",0.730846819762267,0.166727092862169,-0.929047183644615
"272",-0.105713228243758,-1.60079578210419,-0.820257900094745
"273",1.93296439780125,-1.24881022893563,3.2596915095694
"274",0.339546940930889,-1.16575441297694,-0.985293319414458
"275",1.64896358855671,-0.325115942525238,1.15596894090085
"276",1.26004782983395,2.44512926996265,-0.184333330827253
"277",0.383149638164527,-1.59886578820587,0.899977445176212
"278",1.29855856767652,-0.493103008868836,0.519711444693043
"279",1.71875126320862,0.665729639997487,0.927691038146683
"280",1.31448689706167,-0.620617497024271,0.648330839944372
"281",1.18871241621458,0.587540121522543,-0.104772485139616
"282",0.973472365585538,1.26904570333603,-0.630403411436977
"283",0.605905463461348,-1.06755672976412,-0.483796481103928
"284",1.07875159758568,0.971146220066323,-0.387116967871921
"285",1.06241020048296,0.390896101346221,-0.314164582653524
"286",1.00805732291038,1.92433858909452,-0.625910134179847
"287",2.11109172467466,1.20109225120877,1.58760225605041
"288",1.21237087739607,1.89003887620155,-0.232302227626274
"289",1.20607267617212,1.78315667320259,-0.234730271149599
"290",0.877545946946887,-0.352935117215722,-0.452873886845281
"291",1.19727084522927,0.597056368460442,-0.0897277997603938
"292",-0.535691087760203,-2.03098001695162,0.926871279737587
"293",0.783973878250635,-0.542217106396131,-0.554652638631082
"294",0.8594713602114,1.47220870082879,-0.872065993177643
"295",0.81600640614843,-0.326675568254393,-0.594169518153154
"296",1.91015546716964,0.765900451390045,1.28236127393113
"297",1.61429421280076,-0.526907553282254,1.22166331330937
"298",0.999488999601582,-1.25905912470021,0.889434555811926
"299",1.79103658052781,-0.78965366417504,1.87447277126829
"300",1.05492505674273,-0.729722240089265,0.170926471770646
"301",1.3422033516126,-0.534063994456345,0.641863153449369
"302",1.55002177222192,-0.659712881125687,1.19706775564594
"303",0.938044212315058,-0.382990905263879,-0.310799221582906
"304",1.49967080253879,0.68898144585829,0.48965706674032
"305",1.13346601547534,0.0381570320404965,-0.0743675763808402
"306",1.68123701366632,-0.609155722590857,1.43625596070341
"307",0.915502239559817,1.02245113780225,-0.713210785798729
"308",1.82741292716646,1.90785967605459,0.942394036100696
"309",5.81731196995974,0.779935834655048,8.97020353433948
"310",1.57272174797542,2.27024623012065,0.422418535928146
"311",0.914782877452867,-1.17727705779392,0.465944786996181
"312",1.94293041426112,0.174019284943579,1.52230666952019
"313",2.22783996869522,-0.0466499534079308,2.20160822861429
"314",1.34282702224443,-0.94065401771867,1.06385781726343
"315",1.22816907720927,-0.312798397860133,0.265160399742036
"316",0.645540431869233,0.748021189273544,-1.20574979344669
"317",1.24188433999361,0.898273355148764,-0.0564582782346097
"318",0.876643526737254,2.88604208184548,-0.934366130025643
"319",-0.940431746166055,-2.41289479934069,-0.373730249024896
"320",0.885817632852636,-0.157561662653614,-0.515763390716658
"321",1.13650311256916,2.58614458139768,-0.427405669921664
"322",0.670237668399207,2.10739665291512,-1.28355658078984
"323",0.62453492368503,-0.432152853613254,-0.952101158412011
"324",0.82547711744154,0.397836010749244,-0.789592548733548
"325",0.897536809322281,-0.459334287350387,-0.357428323966139
"326",0.633299586982922,-0.0360727266943614,-1.07519871986463
"327",1.24377503097635,-0.702037282153755,0.563474968106865
"328",0.777228248119955,1.36631780583741,-1.02075668104283
"329",2.68459580254182,0.248902478449385,2.98941866135965
"330",1.27418795664027,0.166197332837282,0.171235457757855
"331",1.28234529709069,0.202623417885646,0.176810245642085
"332",0.866865094828862,0.560487605966299,-0.738207088810628
"333",1.39823015006083,-0.139073964988704,0.537034990917142
"334",1.37646557792321,1.55587467526864,0.11589350956449
"335",-0.145766763428389,-1.58907893037576,-1.04355221230641
"336",-0.840614496005984,-2.17106796768783,-0.692512280006629
"337",1.19377294753372,1.69606711016143,-0.25008498543765
"338",1.38860885691889,-1.42468910984241,2.67130515809467
"339",0.318018268235082,-1.14307063060378,-1.07294389248071
"340",1.42108028499079,1.32011631570527,0.230778025126044
"341",1.86442159894812,1.61713504173885,1.04767998472562
"342",0.280198800631436,-1.33653821573904,-0.79114208719808
"343",0.548493584477136,-1.18530357475309,-0.431410331104382
"344",1.02205530975586,-0.411226418305234,-0.11841441788397
"345",1.29089167300246,-0.471071823752823,0.48883103637798
"346",-1.27976443539248,-4.30335066721607,-0.47781673465768
"347",1.85029160693294,-1.29657366487598,3.24899600167545
"348",1.19044475343729,1.77894272249908,-0.264300122563136
"349",0.925426372634365,-0.904079257381595,0.0549048845769105
"350",0.714660173443478,0.183861705410675,-0.965862861270704
"351",0.871467427325194,0.352332867522385,-0.687993615527524
"352",1.21658482015557,0.280295319905704,0.0224056754778559
"353",1.4398379364611,1.43885489883351,0.25190368957635
"354",1.08150623363105,-0.97421286849317,0.50605664319488
"355",0.672267255193924,-1.08570452059838,-0.297519072201327
"356",0.875534976842463,0.528264338677437,-0.715088602993622
"357",1.16321743685553,1.76523663345456,-0.315242873890332
"358",1.05334420381154,2.26336078807811,-0.564422226181311
"359",1.3817411755733,-0.0352265281653195,0.459957335740249
"360",1.18535304922542,0.5350585828706,-0.100584167680432
"361",-0.869878130020722,-2.45254857841432,0.88432033579869
"362",1.65381253956879,0.757251159607988,0.779326421398766
"363",0.985058484670342,-0.389206749186545,-0.208245836276303
"364",2.25764771328006,-0.246744266003948,2.38086698903679
"365",1.54114018343151,1.15964438016781,0.486567830472035
"366",1.24546208113031,-0.556617849995624,0.449656541355159
"367",1.54824020496273,2.44218907806005,0.362322601295165
"368",1.32062636756056,0.45136440252016,0.18758928542517
"369",2.05245634448474,-0.37296752441626,2.03805523434679
"370",2.37679585573472,0.513570938441049,2.2741989532698
"371",1.27029621445896,-0.603739993163711,0.538755141602392
"372",0.964399202739499,-0.493124747314371,-0.195649131999673
"373",0.651372449422505,0.147925913614956,-1.08559118916428
"374",-1.08006922904787,-2.67195228228653,-1.20805465057725
"375",2.03432399244354,-0.0531974143801875,1.80752876604347
"376",0.828055452909819,-1.55570237761967,1.98579407577354
"377",2.00951482845024,0.81987318569804,1.4656211796553
"378",0.965432974062695,0.540269439953229,-0.538675208746079
"379",0.693614174885888,-0.724121224588103,-0.633460383045196
"380",2.04280382223535,-0.798501550442937,2.45052654239215
"381",1.84753332142941,-0.350844501173505,1.5902439023337
"382",0.358099411367105,-0.948748040014799,-1.20543925991937
"383",1.26790583117884,1.69144511473578,-0.107267122737077
"384",1.98673683802594,-0.928623845734603,2.530764947624
"385",1.37100477085555,1.30645138809707,0.135571924557822
"386",0.847015348486323,0.230988451789304,-0.709641447719748
"387",1.27590107854328,-0.93994252423339,0.908087821160065
"388",1.17962843390161,0.305342242033204,-0.0584668543610227
"389",1.02530816531473,-0.691427799174651,0.0731220550878633
"390",3.17766289550432,1.02644116506003,3.70315110651353
"391",1.06001804678972,2.26559097393733,-0.551886223417419
"392",0.963758317997064,-0.873701435856309,0.108175170462201
"393",1.51307141218055,1.54588305216379,0.380181492757761
"394",0.465135244592959,-1.5542736173135,0.771329591673602
"395",0.704734960993909,-0.28384717407543,-0.845206512478047
"396",1.23198091762135,0.620944864393296,-0.0257622992827296
"397",1.08569606820514,-0.756972346628244,0.263968597354048
"398",1.24644160275401,-0.213580912482129,0.25559771174774
"399",1.49797663513539,1.46122164275313,0.361375542858277
"400",0.860673223832384,-0.0489135174893444,-0.604657667079071
"401",-0.910198725277261,-2.20320440058939,-1.20595830132954
"402",1.51289159362033,0.939301690174373,0.467522701813812
"403",0.913120928810625,0.619967084526127,-0.657058321780044
"404",1.71239278594247,2.76695792688784,0.649380641684883
"405",1.15598249591303,-0.535565328243126,0.242167916556589
"406",1.49130405950538,-0.443767688667408,0.898084493835396
"407",0.932348826842947,0.79284406031051,-0.647584645792001
"408",1.32326074700052,0.676055678910957,0.143791015938925
"409",2.40388114661192,-1.34791750867775,5.01066724457205
"410",1.10176757921087,0.935354077743815,-0.336792721055885
"411",0.631471367600598,-1.53772470161967,1.18123350430726
"412",3.24848381617767,0.813446177529206,3.90301971210372
"413",2.41196138128684,1.8204259207609,2.07184366102854
"414",1.3526691004469,0.960095214878534,0.150418172415527
"415",1.07374351519503,0.455714196452011,-0.30586345606932
"416",1.00657367308192,0.123425520403032,-0.358710947690837
"417",1.44585878879916,0.677932457600575,0.385663732183606
"418",1.19535360812483,-0.0832059518613075,0.0954871984670258
"419",2.03884932655295,1.2270219734427,1.44275879536909
"420",2.21777771664818,1.73416446736151,1.71114806032259
"421",1.10739705318789,-0.198227064965662,-0.0402060972371192
"422",1.29685358797457,0.170695323010609,0.215748808854285
"423",1.11273304402322,0.353663955461266,-0.204711304581855
"424",1.28791572373347,0.543970683770817,0.101305279856366
"425",-1.08452446916142,-2.73925415253791,-0.964346119802125
"426",0.743300570857804,0.110280120044185,-0.889825858843406
"427",1.4542710968454,-0.389310286431121,0.784545032448774
"428",0.798048750885278,0.291775300268062,-0.822187606532284
"429",1.14188967320092,0.449672399393801,-0.168600318112392
"430",1.46190709385711,2.02382782981595,0.232620822620547
"431",2.0547264599381,1.41216433008391,1.4434057805724
"432",0.687306172317107,-0.25370794540598,-0.893100471936788
"433",0.214539040007113,-1.40017356650744,-0.787227310850888
"434",0.679559494927159,1.51710934292817,-1.22309226114312
"435",-0.535232122280599,-2.25827357308282,3.25214354846002
"436",0.940019494219237,0.801988016304246,-0.633907686860535
"437",0.590553748923805,-0.450089835551167,-1.0162445804725
"438",0.82426090279395,-0.922841284047215,-0.155928364791403
"439",1.15668657766713,-0.848868187071096,0.518371484973108
"440",0.670530368442503,-0.520977033870057,-0.810384695724802
"441",-0.800260537746004,-2.55768310485808,2.87852368370432
"442",0.0826876072312859,-1.40241486669654,-1.15233250161454
"443",0.55988386101683,-0.483840652367786,-1.06604652038255
"444",1.35801731491512,1.94120027056914,0.0416488078173161
"445",0.822911969335006,2.77802650730202,-1.03055279045062
"446",-0.625770855345067,-1.93907534563449,-0.503904840583567
"447",1.161138378156,0.475973656699427,-0.136043020573634
"448",1.72125971089965,0.1486195578269,1.0828143498482
"449",1.9535655653724,-1.43163266098967,4.35004837072587
"450",0.799503244348425,1.75754699436134,-1.0121123670007
"451",3.08320044807949,0.133702640373659,3.8513092213429
"452",0.882279788530505,-0.815904449334767,-0.135527624635868
"453",3.65899148794399,0.423212632338632,4.86539630537025
"454",1.67454568383916,0.645170945973682,0.845024547474552
"455",1.59916639718522,-0.00384879881305563,0.892957693834229
"456",0.731128429320709,-0.761752571777085,-0.521249333831926
"457",1.46519905791014,-0.213270118694374,0.710554142870261
"458",2.26270649717309,1.59348554077876,1.81720924154295
"459",0.67895043549561,0.234582412768825,-1.04946720996246
"460",1.01190868413107,0.585356409895645,-0.454980177096679
"461",0.630649737393174,-0.38209783194772,-0.961115410674526
"462",0.857502259930541,-0.293720060601838,-0.521208010583989
"463",1.5180380818764,2.31226161737181,0.315088805139878
"464",0.71453423970446,0.502822488082905,-1.03075229995608
"465",1.09077718625644,2.59878523251484,-0.514687645467686
"466",0.414415138227514,-0.677645174992996,-1.27951424944783
"467",0.597302582958824,-0.500409202628237,-0.977969975767805
"468",0.528556853955091,0.143094451247085,-1.33347409308441
"469",-1.05024867900605,-2.72012136658348,-0.368913430277602
"470",0.982612885207518,-0.35890064341346,-0.228515434286063
"471",1.28224434973562,-0.147013625469052,0.30058954922771
"472",0.888428836353948,-0.998469085372165,0.0886559469306345
"473",-0.237079508770657,-1.66326245650968,-0.769095449240562
"474",1.13854241252428,0.515499851574545,-0.189534145313538
"475",0.770463867616597,-1.45491474707303,1.05297575632202
"476",1.26197863910032,-0.0516838077347327,0.220464897749137
"477",1.31435183537552,-0.351477455327906,0.467006060810975
"478",1.07181300268791,-1.21514004218537,0.951884271306148
"479",-0.821892818769386,-2.26850537629057,0.146667040022939
"480",-1.21329969650417,-3.52349558634202,-0.901750122912851
"481",1.29881175082335,-0.114139075092609,0.321031125037977
"482",0.915090832348155,0.814741451050051,-0.684875911712372
"483",1.18484099228985,0.831702394600349,-0.157401907562788
"484",2.74907938627029,0.491940696202465,3.02247447378357
"485",-0.366611920226493,-2.00122089603311,1.94248194088058
"486",1.07477299845972,0.83810330828577,-0.374691937365689
"487",0.478722954371105,-1.00072799210277,-0.870352536808709
"488",1.49434349318895,1.53706666658768,0.345148307638392
"489",3.91780497796669,0.00951218348255054,5.62925314171147
"490",0.878059615000631,1.14140338409532,-0.800959604777495
"491",1.00042562568762,1.63944124137913,-0.616238250458378
"492",1.08306020164832,1.60237678690376,-0.453796611652334
"493",-0.12480402097064,-1.86877379724188,2.04082731742361
"494",1.25341161070092,2.50930381569439,-0.20119910419242
"495",0.952873660955624,-0.861353800597374,0.0699837400405459
"496",0.481309361242283,0.550390504348176,-1.50216859493063
"497",1.66122427811229,2.09603230515375,0.606185794769571
"498",0.763867786556187,-0.689939324953712,-0.503342223568473
"499",-0.381738636915133,-1.87268215337488,0.512325042257124
"500",0.614076192702476,-0.774887363266246,-0.771913726659584
"501",0.46033378017,-0.215049951277172,-1.37938537313726
"502",1.03826475075719,2.07352805719762,-0.579655462315805
"503",3.32820685669934,-0.857535318165501,5.45558330343501
"504",-1.13390622339963,-3.20233162007721,0.515467670027714
"505",1.15475036897674,2.6256571652023,-0.395265223143927
"506",2.25757627561206,0.514074212428606,2.03687354138652
"507",0.620116987254178,-0.974990729399819,-0.568921331340492
"508",1.71804244189588,0.723883392426422,0.913144367019523
"509",1.06726583029071,0.555576041374026,-0.33937389562265
"510",1.73713962077778,1.7561069486644,0.786371821772445
"511",0.68532107363897,-0.844040796500297,-0.553662605212512
"512",0.77415492696819,-0.765308394320045,-0.42249644362722
"513",1.26318748435176,2.48314595280786,-0.180942616892593
"514",1.22949560166641,0.318072125051035,0.0384058551937829
"515",0.971203471229339,-0.736973581690039,-0.00830951569292737
"516",0.833182069564483,-0.693232098948288,-0.348370557909411
"517",0.950884337407528,-0.304206982451205,-0.320846483558225
"518",1.73181577066323,-0.238122903452162,1.27887523451003
"519",0.354928838426116,-1.51212539961241,0.122419897130684
"520",2.40799896515122,1.69465257970159,2.08178805841488
"521",0.906807286665052,-0.236320032727633,-0.441923076898161
"522",1.29802288332724,1.13939549394736,0.0165559867988216
"523",0.403388783460259,-1.17839026293749,-0.805889889666237
"524",0.83593941520451,-0.87572918268154,-0.180733424716209
"525",1.49582353138924,0.242814695456011,0.595541067588583
"526",0.3160456207072,-1.47487034616501,-0.196975523109387
"527",0.976698530603581,2.74749563494431,-0.738634762334428
"528",1.43354613606452,-0.213438204266809,0.6447861816739
"529",1.91152209772256,0.0798160475407476,1.49605146560433
"530",0.918412915495582,2.15501893830805,-0.813821735319181
"531",1.19230086075575,0.354688522190516,-0.0454868920594913
"532",0.941139024808787,-0.447057351971894,-0.271142908466417
"533",0.507517981516868,-1.43825373904161,0.198042141817478
"534",1.11741592845691,1.59250749128274,-0.38671600501908
"535",0.912381932239911,0.0416233797633193,-0.5266510272027
"536",0.768200223047196,0.878071640756367,-0.982388656955167
"537",0.865354060182839,1.4974542725463,-0.863106272920198
"538",0.939954710893271,-0.461157125321644,-0.265980337046795
"539",1.12648282096115,0.522490758077606,-0.214983734954716
"540",0.621510525168091,-1.36613164183775,0.229803538313402
"541",0.755826306317727,-0.740148779712639,-0.483450028714744
"542",0.757919672660777,1.34778117228442,-1.05630666246413
"543",0.434524813923396,-0.795470038964293,-1.15808771959321
"544",-0.981070082296686,-2.57848857909155,0.0393015696471042
"545",0.609909174706565,0.33838460181631,-1.20961070400124
"546",-0.71485503452981,-2.0752727309649,-0.185176033646324
"547",2.49233677739277,-0.614505158796288,3.20558442687216
"548",1.13860668199163,-0.647090679219467,0.285969479171839
"549",1.14759651415289,-0.723747719782087,0.370738243635702
"550",1.32108912766271,0.440909779646614,0.191023806533953
"551",0.8341115870409,-0.30281106732318,-0.566389411708527
"552",-0.923456037303941,-2.59932798218717,1.1723746836145
"553",0.881531550615077,-1.02303603199705,0.107487118351536
"554",0.567602845210427,-1.36322337916608,0.0714738025847548
"555",1.67438903902439,-0.314049092023499,1.2027071511532
"556",1.14543392788008,1.58304137981357,-0.331841798893225
"557",1.32157197134409,-0.631629793761444,0.672848684450583
"558",0.973673894845699,0.721337830583993,-0.554691920398668
"559",0.21040573145749,-1.53815202847362,-0.177866660555797
"560",1.20721221428439,0.923827705606876,-0.12850933064037
"561",1.38929305322969,-0.887036199510585,1.09481385731312
"562",0.83631115784822,0.817512100599714,-0.840161311127056
"563",1.26090315701398,0.399561345052935,0.0808220094204199
"564",0.714118872273279,-0.656888136144319,-0.635393888484042
"565",7.16402575332837,1.49800731318982,11.2837734649529
"566",1.3722223205026,-0.963020794697179,1.16614544859699
"567",1.77023540410711,0.980638298272994,0.963541112053561
"568",0.952780373246568,0.292908663435196,-0.51134012427712
"569",0.917954750673641,2.63786457691297,-0.843808776116351
"570",1.4857403103916,0.781358241158578,0.443465825379584
"571",0.388007066535958,-0.326211809078108,-1.49409036585657
"572",-1.09262624183414,-3.00393878826918,0.421968074649305
"573",0.928844851549973,-0.91555568630893,0.0761651842114626
"574",1.68191632797884,2.47191502143725,0.613451638728094
"575",0.651681678542711,-1.04914593952104,-0.400401136500314
"576",1.52231992720253,-1.02937607179009,1.63391372564868
"577",0.982292838717654,0.317494193923219,-0.457823499122986
"578",1.71321432011891,-1.05122872383343,2.13207134043113
"579",1.53926893042957,2.66124952636581,0.329575182245952
"580",2.07262196800091,0.244870601141417,1.75759405039839
"581",1.0638526837266,-0.921734550516396,0.394271261776686
"582",1.07432525856902,-0.526497750549073,0.0605721596525011
"583",1.53745537771813,2.02069768126611,0.377098214663586
"584",1.35206678784282,0.94181217672884,0.152241221130939
"585",1.00518042778134,2.26143043220956,-0.655859987264698
"586",1.77520439567379,0.00331222025353982,1.25020157739705
"587",1.16138084663968,0.37369848135448,-0.112061303509103
"588",1.4699221281975,0.28946780635666,0.529406031301443
"589",1.0246588286733,-1.32581982733269,1.17670195453668
"590",2.41070335060416,0.980132033290423,2.21593629702154
"591",-0.315857049669795,-1.75500778904658,-0.250736529543994
"592",-0.91462195821936,-2.36643249363819,-0.317242958895044
"593",1.37752463511066,0.440011711907262,0.303884493008412
"594",0.933356758974825,-1.22560221723793,0.62792339495188
"595",1.04524326236831,2.11042558753074,-0.569067385284391
"596",0.820357470192806,1.30182891712476,-0.930767532230145
"597",2.02639366044016,0.10922041879846,1.71742128074923
"598",1.08067543451447,-0.326482659002876,-0.037863746169208
"599",-0.376192755980767,-2.20085640687156,4.24563014977971
"600",1.44817517305429,-0.152379509699437,0.646328858979978
"601",2.02994041762385,2.89554714821963,1.2393375876044
"602",1.11709074076802,-0.281648034736831,0.0170793434751615
"603",0.646814166793114,-0.622845352321651,-0.804006138129803
"604",1.53013832628572,1.42737246335863,0.427755148475576
"605",1.00680167447845,0.907334330402261,-0.518661235694679
"606",2.07109343424784,-0.19800645635229,1.96193071419544
"607",1.51276895625195,2.0095156258638,0.331009692660032
"608",1.25168873331743,0.918752537109455,-0.0405702669210843
"609",0.945896931171073,0.658335948646874,-0.598872602177625
"610",0.609216560856041,-0.104564699115815,-1.10486702110735
"611",1.00767897224496,0.560059002316477,-0.458561155453978
"612",1.43842738291293,0.749154593701852,0.356591021482116
"613",-1.11326415526239,-2.89966507792204,-0.782826220217946
"614",1.90599816374513,-0.562841771752176,1.88082720936036
"615",1.13263922842811,-0.153971340625801,-0.00612882795384007
"616",1.04909355667825,0.877697333156417,-0.431286580750259
"617",0.719534851300743,2.68172925212615,-1.2211767270932
"618",3.73240250423969,0.588027684888846,4.93940956944484
"619",1.40322021586585,-0.16124289493262,0.557280175589233
"620",1.80223830540608,-0.289989439875827,1.45627625946332
"621",0.971582522648383,-1.10715327796997,0.462709016723753
"622",-0.924081876330728,-2.48454005327897,0.321677671351505
"623",1.77304838741692,-0.189032205327723,1.33788504549909
"624",1.35134417999633,-0.885466225488221,1.00607196241773
"625",0.617625428939979,-0.738227948836389,-0.791485724916898
"626",0.944202823557077,0.443082878837091,-0.561648651093272
"627",0.669290864285681,-0.493865108721874,-0.82704836065506
"628",1.91152324367933,0.207941594586546,1.44613075589935
"629",1.37753959581179,1.21896964876884,0.160002766337204
"630",0.504532337823354,-0.784259860826985,-1.00958754089337
"631",-1.07098698297067,-3.06154289063235,1.52408884861371
"632",0.812127370600627,0.582713235452659,-0.850746457467309
"633",1.00573964902093,-1.33503396135458,1.16063599025936
"634",1.29527837836331,0.859845782379145,0.0547158559136816
"635",1.49085020888232,0.198304118562972,0.599481342909615
"636",2.2494746219796,-0.602372672936837,2.66406285681574
"637",0.898888168702605,1.21310611326187,-0.768785226494349
"638",1.77648361093185,0.910657990557177,0.989151189039873
"639",0.338481834978691,-1.70510637309169,2.19570353220102
"640",1.03500968775206,0.916641456619717,-0.464759204927514
"641",0.506573079474342,-0.869094216776069,-0.936802740999434
"642",0.763652895924425,1.15323383457482,-1.02490935582067
"643",0.888081349720693,-0.346153379156683,-0.433801435259052
"644",2.18764472949479,2.44017922821303,1.5749165238021
"645",-0.937309887375027,-3.02725884460789,5.22901210830748
"646",1.50485146743171,-1.16364731538359,1.89810106954599
"647",1.17701841171411,-0.648948238370694,0.371428376912872
"648",0.756637470330914,-0.238207910709829,-0.754252187654352
"649",2.05087430081781,0.00427598980781169,1.81374646542927
"650",1.23855366847417,-0.138080496347693,0.206475055105377
"651",0.721549561314597,-0.178911092704004,-0.848627863057229
"652",0.57297361308513,1.07936764050142,-1.38821842708861
"653",0.697758635811973,-0.456881740766314,-0.784604721836785
"654",1.71080300148475,0.507160780600243,0.950979034849512
"655",1.08549109748905,0.284981341946481,-0.242525967622147
"656",0.880329713271034,0.353635152616697,-0.670511651430746
"657",0.759148934413425,-0.503321826848348,-0.629617804221878
"658",1.15161362680977,-0.0340792317386792,-0.0125480155285653
"659",1.20066489310701,0.141290072691984,0.0298291955058079
"660",0.103542802812661,-1.54618670591554,-0.475510290807832
"661",1.82658260299019,0.702668623854183,1.13213688674955
"662",0.871575758918133,0.659463197070382,-0.74602682337469
"663",-0.692604929982035,-2.10957433919342,0.26716342994076
"664",-1.10128479218957,-2.91507308546126,-0.389438989376242
"665",1.46659548810546,0.628328368402659,0.437250649225894
"666",0.932345972848218,0.555068647415239,-0.607197035041967
"667",0.651161671780424,0.357233867628955,-1.13052927093547
"668",0.523854317124675,-1.01945790664764,-0.74212112842535
"669",1.15663283338734,0.361430237073668,-0.118611439133274
"670",0.896907362893862,1.90838436095783,-0.837212899817985
"671",1.42503513856284,0.697000623343219,0.340606683351732
"672",0.391688107855201,-0.843594677247533,-1.21840301004985
"673",1.52107788247039,-0.881129829016786,1.38743040559812
"674",1.00001853108638,-0.118632364563335,-0.293899861611821
"675",0.967127894391943,3.68393183053822,-0.797588739417189
"676",-0.907960726346859,-2.32051065300445,-0.515244188822401
"677",2.02705616707018,0.644644473008761,1.54259372119052
"678",-0.589963794607743,-1.86577286324522,-0.817101195909554
"679",2.13635359380765,0.219512754511058,1.89576357939739
"680",2.21952789088377,-0.73212422368534,2.75349226663729
"681",1.72410669173124,2.68648311538396,0.677195336887906
"682",1.23395217615547,0.910781431012502,-0.0740359638441195
"683",1.1293899650946,-0.760892115524358,0.364950393812348
"684",1.54660134699036,0.33513488985681,0.670181090079315
"685",0.556637979011049,-0.779056123401213,-0.8970089542113
"686",1.11310647968407,0.00545938611321718,-0.105116191984149
"687",1.80051163306349,0.37063382210301,1.16860906965379
"688",0.708913670756177,-1.20190366040282,0.00433064461103339
"689",1.12714296939538,1.14496068997633,-0.316721597652829
"690",0.554644783725684,-1.06014348006637,-0.616735361477045
"691",-0.346234897788455,-1.84745427434519,0.478731289619696
"692",2.4071796122366,0.690669459965092,2.28160488672713
"693",0.813861729142597,-0.993196488048073,-0.093385909243052
"694",1.59155466481523,2.39150559237933,0.448395863867402
"695",1.31824663991664,-1.2117240134635,1.56567472750618
"696",1.18964215691003,-1.14273756851488,1.06859378231836
"697",2.12840789596348,1.62856583344747,1.55385632953447
"698",1.84054694231864,-0.885821541590295,2.1233416283158
"699",1.72352607167563,-0.137510732511985,1.20884550225759
"700",2.99420811888776,1.15151781588916,3.31462222901436
"701",0.933575749401112,-0.473966101433025,-0.272491068262788
"702",0.336828165894432,-1.25418132442985,-0.832926615045374
"703",0.537651323312505,-0.52999353453241,-1.09137714380263
"704",0.81365419109885,0.044223153951226,-0.728852620138602
"705",-0.355964808513186,-1.83821086635898,0.331705837564309
"706",0.34239314777197,-1.4891335736729,-0.045291360067685
"707",2.39909850862989,0.232142139135309,2.42090444240886
"708",-0.542849604198819,-1.87557861859395,-0.45355754528269
"709",0.805755168991685,-0.826038941626202,-0.29830577912445
"710",2.3683122497088,-0.0494555040125374,2.49154103707975
"711",-0.759171749252737,-2.37548811957937,1.75681210031354
"712",2.30889230043706,0.594492202123661,2.11461001313248
"713",0.72580251638467,-1.14883428887968,-0.0600058631592399
"714",1.99771828524844,1.76777449190825,1.28471561773722
"715",-1.26680631573169,-4.23162604574983,6.25780136184273
"716",-1.21147189259661,-3.6322537849288,0.11573698496593
"717",1.1307458809428,-0.24289438189671,0.0278351175289595
"718",1.37611220492474,0.585074539500024,0.267397415633954
"719",1.09428977354895,0.729175083820712,-0.318125855845567
"720",0.641110559861152,-1.20126514386628,-0.167615768906614
"721",0.924082853725469,1.20727649821155,-0.719181348346375
"722",0.115153413019441,-1.51323586415721,-0.623249790072154
"723",1.20824707957767,1.45368362872668,-0.196995554157883
"724",1.78691998107304,0.525591439663191,1.09752641462172
"725",0.918218820394179,2.2076417055052,-0.817698613599291
"726",0.391029680453715,-1.49840458747592,0.154695978400764
"727",1.78993347595676,-0.101256411321561,1.32819895164375
"728",0.632419652942899,1.43039730199575,-1.30658934825067
"729",1.37146093673807,-0.322843874388272,0.571436736818822
"730",0.743268177440716,-0.95658407906668,-0.303902578673984
"731",0.871830343159981,1.76156395911027,-0.87372041637679
"732",1.00493000039649,1.5487308881293,-0.598990472352518
"733",1.10425070564292,-1.19783262152288,0.988721312600702
"734",0.674886525895435,-1.28921876900155,0.130583076050435
"735",1.16015017064931,0.580811287091276,-0.160062823437891
"736",-0.716609987992681,-2.02090923658993,-0.583941361425325
"737",1.74675853300023,0.219565405302964,1.109310327429
"738",1.32571572729522,-0.565475460387243,0.62947150364383
"739",0.926029205732013,-0.63515486803402,-0.187232233679732
"740",0.912770583546938,0.505898366165669,-0.636795843758767
"741",1.3438578533132,-0.235932732123378,0.468954667572977
"742",1.0455444489234,0.435032500069115,-0.35766258776733
"743",1.39769178125677,1.44424856675214,0.169859514032077
"744",1.54102720581798,0.534748431983667,0.606392449223721
"745",1.90457301793266,0.00171751375155437,1.51559436738264
"746",1.37655715360457,-1.10973564776324,1.45108447852357
"747",1.44608948119172,0.963628835976478,0.332601120916067
"748",2.53366359002544,1.08716648373727,2.43231451803793
"749",0.94557936219746,-0.808051192063212,-0.000747759196658038
"750",0.854908001743525,-0.255225375808433,-0.542564998995265
"751",0.281249762491836,-1.55398886011385,0.161051660268949
"752",1.50406220291401,-0.851143110732285,1.30812666338502
"753",1.11421512778458,1.15056554171168,-0.342607920672385
"754",2.83179497095596,2.37171151394169,2.80402248617599
"755",0.617928256299117,1.30698102641644,-1.32347995059127
"756",1.11169424920325,-0.293530436085179,0.0113791219559265
"757",1.20956289347634,0.0891259259411191,0.0641720565584789
"758",1.26471232916763,0.272273726614247,0.121426923451311
"759",1.07389868355109,-1.53435070363422,2.57891381378419
"760",1.73944437014987,-0.0256467020380657,1.18954570131983
"761",-1.13799727904469,-2.92889709138573,-1.2723308781032
"762",1.73496599571222,1.72629391498373,0.785630434740109
"763",2.19321893371883,0.732650865329512,1.84818806145399
"764",1.07896692515714,0.682835669848852,-0.340173813132471
"765",1.73053112324673,0.0990540794913968,1.12017425820771
"766",0.738583541039651,0.109053177254608,-0.899096725150813
"767",1.36793711398548,-1.13195841724227,1.48099330100616
"768",0.924877444706773,1.12578969215428,-0.707958968275007
"769",0.978366678004432,-0.248565935170651,-0.287602413022854
"770",1.53529311901642,2.24112350732179,0.353666092966576
"771",2.00338748888427,0.21892165234703,1.62757871949892
"772",0.968118332298418,-0.932725013380872,0.187486703123747
"773",1.13659139288866,1.89896464942182,-0.37803284584607
"774",1.97577042695419,-0.0018045317119035,1.66289474410518
"775",0.309677323707934,-1.63025725292006,0.989489435633351
"776",1.52054284342835,0.278856122072502,0.634370693903523
"777",1.56065551702297,1.1243341923003,0.530015419530911
"778",1.39939018164558,-1.03798720171137,1.35892500491076
"779",1.01363252949691,0.563921609679919,-0.447483535080488
"780",1.29148175116261,0.345480491631574,0.155670401128802
"781",1.28672308418223,1.33330376448137,-0.0310798494520332
"782",-0.0103762906760692,-1.43547068116492,-1.31709752767362
"783",0.535519524515012,-0.694220350028922,-1.00303553710136
"784",2.35932334299471,-0.586331220817828,2.88498449329031
"785",-0.644356286491183,-2.06982226490043,0.371329075312504
"786",-0.341979736189093,-2.30148466557797,6.02513535767527
"787",3.27202607468698,1.7529052669073,3.73081022255912
"788",1.11663192615988,0.489645296453488,-0.227663322398645
"789",0.629235316984491,-0.992054491287517,-0.527455192948397
"790",0.755717972884606,-0.988419009989996,-0.235779989091797
"791",1.0494097289255,0.301305410070377,-0.31912306948417
"792",1.77283768146207,0.282420438625481,1.14083705138097
"793",0.654441906736606,0.424544407331522,-1.13657475253554
"794",1.17742047176987,0.439238937731125,-0.0953421990718255
"795",0.718729683617715,2.88020080738474,-1.23183528111244
"796",0.575287049596671,-1.35798789806582,0.0746893872811394
"797",1.58773515356821,0.262926118916284,0.774499011316994
"798",1.27007669903661,-0.795972576036944,0.715020262695715
"799",3.9152535599811,1.25866842889984,5.07718217007357
"800",1.26287751523977,0.10936210829621,0.166070793072148
"801",1.69800416452711,1.1626727802206,0.791175691353128
"802",1.27683656340589,0.0298745200512859,0.221152795789103
"803",0.906283636258646,-0.469547869057136,-0.333215781172852
"804",0.269365671991314,-1.50330529459151,-0.194508374938551
"805",1.17647822763353,-0.232684498679278,0.118579822030764
"806",2.53603524121042,0.650320176198043,2.54792187941843
"807",1.55175396815999,-0.453144356278385,1.03321649674431
"808",0.566740625055332,0.152663811011938,-1.25820001408369
"809",1.52175951152782,2.13962011146448,0.33651335347366
"810",1.06313044913188,0.677502406668246,-0.370506928422613
"811",1.8248430637827,0.60930079961429,1.15123875962509
"812",1.16419941504546,0.0976313603417002,-0.0307800558306233
"813",0.704474347640681,1.15265744965383,-1.13996812089795
"814",-1.06101865279983,-2.75914333708661,-0.363634839641138
"815",-0.882858868760915,-2.2482924033922,-0.660929071602684
"816",0.596203160011768,-0.954055642242562,-0.648051675974792
"817",1.53839989688339,-1.24820742386826,2.24317632223805
"818",2.11704112954518,-0.175611719206612,2.04414222762141
"819",1.2908705134373,0.598845797391879,0.0954421007824817
"820",1.67597306313819,1.25169621221079,0.734523139420846
"821",-0.496917796335323,-1.70519803995008,-1.51831173426738
"822",1.18420399102095,-1.19194288001163,1.17418180196851
"823",1.29321609742638,-0.0529295870572818,0.285102553578294
"824",0.721182807558321,1.79157824065798,-1.16487509578582
"825",0.700164041321289,-0.716327814945933,-0.624689980177483
"826",2.09420344497575,0.324406026172578,1.7724704487943
"827",1.12211428698087,0.852068837240538,-0.283951573484046
"828",0.919529225873214,-0.422476292377619,-0.330077031869193
"829",0.732050427326901,0.0328359456178298,-0.89223739323853
"830",1.6660216265202,0.859248055638528,0.782588713183716
"831",0.0182738854161964,-1.77877858797812,1.70132800020708
"832",2.3458965655566,-0.343307049511975,2.63465245592603
"833",0.808209247333163,1.09009315259707,-0.930917002506402
"834",0.674968434821406,-1.56379230626505,1.55463031901769
"835",0.579466419479304,-0.926465137522455,-0.715836020304122
"836",0.713969962021141,-1.04326069998828,-0.260473545088365
"837",2.06536258708902,1.37253229224018,1.47014912683537
"838",-0.81986541055704,-2.34007265783649,0.694713686213722
"839",0.969921963873138,-0.0390561428826803,-0.38360380737475
"840",0.568143960057642,-0.93637031271411,-0.731786495297959
"841",1.55633620811321,-0.994936608624217,1.64980748185465
"842",1.53959938554538,0.771058542184678,0.551536354550618
"843",0.823544772105844,-1.49414009798479,1.45891528485346
"844",0.844403623722338,0.723409669579693,-0.810025350336248
"845",0.684626649342213,1.68697937944826,-1.22709490226645
"846",1.24738341311913,0.135961403432958,0.12621637307447
"847",1.2838002121028,0.827835381942745,0.0377137094741316
"848",1.92372505848648,-1.1946543408174,3.03643042678128
"849",1.58905247059951,0.186345163559541,0.801942091919988
"850",-0.659779271128788,-2.02124673032711,-0.135733850243022
"851",1.65824436594227,0.325476423622213,0.897058870134632
"852",0.568215254890669,0.980382127552487,-1.38669126192146
"853",0.25684888419836,-1.43543979876471,-0.541910609113733
"854",0.130429629001054,-1.56460408284722,-0.265651853556767
"855",1.67168308327603,-0.529663062434126,1.34725975772058
"856",0.691148212879977,0.725889599253664,-1.11268559987522
"857",0.874055859555143,-0.507116002838016,-0.381158336752215
"858",1.61283122374245,-0.12912945813034,0.976031923789048
"859",1.15657654612996,1.47895397667293,-0.299492636980473
"860",1.06947670839343,0.121590933444382,-0.230480202028619
"861",1.20082985778225,0.271346008170673,-0.00690496416813624
"862",1.53533503013965,0.217236445467225,0.683276817935983
"863",0.657912041175708,0.249687427582673,-1.09514696938293
"864",1.35931822887249,-0.514185757378586,0.664447284923933
"865",1.32505214466949,0.86830134057135,0.111698505588957
"866",1.00675157872978,-0.0168083195654379,-0.315437008020239
"867",0.682673453039529,-1.14410844849312,-0.174818952792322
"868",1.39597806131316,-0.456917652416784,0.703781304411292
"869",1.62574543415238,0.0972646439210084,0.907800267607557
"870",0.890973561589595,0.368457721408036,-0.652379641753377
"871",0.741703903358023,-0.787836547692206,-0.47616242405117
"872",2.08820940538514,0.440733984250969,1.7221682570422
"873",1.65389047282878,1.52487676752064,0.654100197883353
"874",1.00759531497684,1.461717022503,-0.585170338998047
"875",0.983968560990957,-1.53975853063058,2.34081540899203
"876",1.37900730691009,-0.0114626339747085,0.445192914710864
"877",2.11480464417875,1.8164498540853,1.50310578471831
"878",-1.14838777944652,-3.21119907481465,0.0296293753291956
"879",0.725230333787739,-0.486282254594877,-0.711209411406079
"880",1.59240001425496,0.229763606675379,0.794419711141892
"881",0.0867357944949297,-1.55425560820608,-0.480357250053784
"882",1.94402135342845,0.783393799486981,1.34505799181114
"883",1.21107393490725,1.20341160409753,-0.161215703986869
"884",1.65250659500296,-0.0171818712108779,1.00772910688845
"885",0.631459816541495,0.914273982703314,-1.2551282557842
"886",-0.921261635147067,-2.58891974510376,1.12895885205246
"887",0.545639071499895,-0.284215903591908,-1.17816136827531
"888",0.983379545591174,-0.572449972436995,-0.105606465126132
"889",1.02099906095154,2.63013743715449,-0.648501305540912
"890",-0.223837427583912,-1.75542461983539,0.206974640591165
"891",0.970689509357499,-0.763346106708795,0.0137442787722044
"892",1.19982847575727,-1.29326996788118,1.52286056929793
"893",1.3738992023347,-0.0920470633143639,0.466703920918043
"894",1.12113768527042,0.405645044291669,-0.200081639616184
"895",0.530390874908856,-0.802745733922434,-0.937619417292509
"896",-0.799498597211253,-2.17081388422875,-0.290929881075236
"897",0.92741029162452,1.47603071874874,-0.741343921156002
"898",1.14686986684269,0.241164690299279,-0.107499651441217
"899",-0.207608358889335,-2.08488769366895,4.2711414748562
"900",2.23224229014013,0.424265676354661,2.01504970874814
"901",0.409546954146115,-0.334531006223257,-1.44588813034268
"902",2.46953463752667,0.637914256643286,2.42002799028587
"903",1.81500392500014,2.56598286092616,0.858174945108089
"904",0.94364346875523,0.501991941846542,-0.574594170338097
"905",1.22500595232301,-0.735465584390279,0.553076356505468
"906",1.52714061891653,0.6145511637797,0.560207061521136
"907",0.818526322512079,1.2149506219901,-0.925060079350543
"908",-0.29508696323746,-1.72588462930053,-0.42674975989657
"909",-0.667578907417996,-2.1281056422971,0.643225832813419
"910",0.489927191612067,0.564674672990988,-1.48717831338018
"911",1.55354880235839,1.18642250399034,0.506632532002774
"912",1.45961797452195,0.197441348690043,0.536633723964682
"913",0.998319070734437,-0.510206975544502,-0.112808500935179
"914",1.02042388587179,-0.893676198198718,0.260272656939821
"915",0.693663665229792,-0.270536713347551,-0.873491337085176
"916",1.0379706442818,-0.789335975715934,0.188307012443542
"917",1.73511147709201,0.877707781422712,0.914529466177253
"918",-0.897163072688851,-2.45618836970691,0.518587876009704
"919",0.566237382488835,-0.950987734363171,-0.72084877014359
"920",2.38862218125232,1.18366269211227,2.13016244859873
"921",-0.200396262599681,-1.66451942794475,-0.607830005036034
"922",1.60123500339604,1.16205787271775,0.603074348902142
"923",0.766600231874065,0.416390574071003,-0.910971669620996
"924",2.4199600759406,-0.504244478750838,2.93120715792343
"925",1.54441298468386,0.920543458474487,0.532590146323217
"926",1.06439897579782,0.23026691635032,-0.270923162976448
"927",1.7895239580329,0.713085019011563,1.05659447837073
"928",1.98206950513834,0.335153677615723,1.54379967550562
"929",0.380845465677617,-1.41286560865232,-0.271711290523445
"930",1.11017864809338,-0.5549380854942,0.156560687777665
"931",3.00022282247696,0.502125844054033,3.51871053225656
"932",0.93219368551467,1.80641409602553,-0.761652582393797
"933",1.8628589030077,-0.667308217447397,1.89021046020399
"934",0.369660539962775,-1.69200859314873,2.13134336170469
"935",1.06587701302434,-0.464393733962869,0.00446234142908075
"936",1.28567424717982,0.664285340626579,0.0718377961834684
"937",0.304567875564129,-1.5384292616704,0.128698711252214
"938",2.72221208262849,-0.425302271883968,3.50035566053797
"939",0.77658746225464,0.0929140718528862,-0.817654811719154
"940",1.10376786890538,2.24148043888114,-0.467032090277953
"941",0.638010160746237,-1.35115058660746,0.222684698522471
"942",0.676985984753268,-0.794612954750884,-0.615415889084018
"943",1.26507205508832,1.63872968114247,-0.107371187577026
"944",-1.17049050937862,-3.269082185382,-0.459558522324705
"945",1.10010995337678,-0.222509443601827,-0.0449933955823121
"946",0.730578610487678,-0.442750039605142,-0.721577358639486
"947",-0.606088971107288,-2.09625481932016,0.925111886689948
"948",0.764747558080288,-0.0965517351306186,-0.786741853213194
"949",1.24991276685755,1.04683256865424,-0.0638230414992074
"950",2.07315564056112,-0.214808795723841,1.97626026223724
"951",1.8453639557854,-0.843426369085604,2.07023846780301
"952",0.996015006007849,-0.427033224818628,-0.16522448656516
"953",1.37434552061851,-1.00536729411236,1.24091317693953
"954",0.322049737054624,-1.17860072322995,-1.0082310000171
"955",-0.760864658806426,-2.21811161190493,0.439749203249336
"956",1.12401330582222,-0.0703202551032838,-0.0561379914262776
"957",0.858639092926447,-1.20597817883577,0.390586291831772
"958",1.0007252798956,2.23547433276097,-0.662593154400048
"959",2.01812355660327,-0.0125641554076876,1.75462986152925
"960",2.6429458576921,1.64337349086237,2.5409542740477
"961",1.57116478273417,1.46232291942864,0.502496923106614
"962",-0.390314138840558,-1.96110746731208,1.34042933010948
"963",0.768258601243636,-0.675038101373282,-0.50429858662456
"964",1.03317267415371,-0.756950829585993,0.147066178849979
"965",1.61110981657398,0.889868574308472,0.668964538107143
"966",0.563982892776412,-0.608789816277191,-0.992500201668933
"967",-0.858127811577656,-2.27151111399531,-0.24108695016627
"968",0.429318908094218,-0.488889984719423,-1.34303231094607
"969",0.655728092446725,2.20935422465143,-1.31726261658957
"970",2.02473964975672,1.99650925806813,1.30979895997347
"971",0.5095564303884,-1.00055000394762,-0.798148140121439
"972",4.21084417462412,0.385024521076468,5.98783320020165
"973",1.25809266727477,0.459442678371118,0.0609606038390971
"974",1.94302277353116,1.71988141231996,1.18571247318126
"975",1.15712898656376,-1.36877380445262,1.71529031728593
"976",0.913951278501975,0.901943418672183,-0.699872173781151
"977",2.4085766119768,0.491761959929994,2.34450357485221
"978",-0.907952372881056,-2.30064110363439,-0.633751567102362
"979",-0.189647654726645,-1.62105579884149,-0.968500632391917
"980",1.72128969701664,1.25290995501736,0.822257804603587
"981",0.935193128387411,-0.630926233288723,-0.170243313314682
"982",1.37733807066404,1.06611910728629,0.181851673622341
"983",1.27487925924252,-0.466397387796402,0.451648686142304
"984",1.36180394871061,-0.669104968183631,0.793258655153608
"985",1.14554836660759,-0.230021982396933,0.0529384794894572
"986",1.26979834473926,1.52489708369852,-0.0861715789446513
"987",1.59706371156545,0.168469528032548,0.824214197437349
"988",0.753075684302002,0.857845090685304,-1.00933738060472
"989",1.04302812163803,1.83727014068017,-0.551897558796394
"990",0.829761797482779,-0.976387585985114,-0.0781727306594042
"991",-1.11119270658011,-2.98766109050487,-0.218285441445125
"992",2.29357442906675,1.99345078381823,1.82349064171379
"993",0.753152448524641,-0.869224427152234,-0.375804982993159
"994",0.937196839719782,-0.615141239357956,-0.17692656805229
"995",2.46749486789728,0.502279229216041,2.45834011275626
"996",0.809323016804337,0.201977453190726,-0.778788236752662
"997",1.48457293360018,0.934353461492254,0.412941617461911
"998",2.74991463608343,0.572269106001066,2.99632475255379
"999",1.02010757768245,0.543655210709239,-0.430697360106729
"1000",1.58164743805947,0.567139192541997,0.679287240992504
