"","x_child","x_pa","noisetmp"
"1",-0.845268607454171,-2.18785945309219,-0.0572415182591248
"2",-0.71458406681387,-1.53336222716781,3.90019053907894
"3",-0.597423594326681,-0.257464438278531,0.419988322611856
"4",-0.433887361310713,0.0476109549914164,1.0183850411338
"5",0.367479383011063,1.37152558823904,-0.734306356722818
"6",0.0320891704716002,0.717052943321543,-0.604981355324834
"7",1.53864443078355,1.77313871896061,2.6441174608738
"8",0.686780741490949,1.90367284848118,-0.07320329108729
"9",0.105720286930969,0.53573088812063,1.46449108678947
"10",-0.80541493942195,-1.56021354315176,0.0664179652940144
"11",-0.751780403051284,-0.887382037048095,-0.296671461407117
"12",-0.486958832275371,-0.12914614367182,1.44044428844215
"13",-0.522355033217036,-0.250536227896438,1.6361058777707
"14",0.0769181207108042,0.620571697437891,0.33784331723568
"15",-0.743798363906384,-0.695962331412338,-0.728169469407292
"16",0.135186151362048,0.702422793116414,-0.0392834290932413
"17",-0.844450025818516,-2.00986110447649,-0.536339784831006
"18",0.711026500604163,1.60945735775154,0.18122384736665
"19",-0.776528424917182,-1.06778072490932,-0.437923059501798
"20",0.179180729753837,0.827199560169045,-0.446090188725251
"21",-0.488487600301158,0.10645153797104,0.00179441115258605
"22",-0.0684104654748195,0.610640023088152,-0.348064889361794
"23",-0.669084971106395,-0.642916143080308,0.831686623753499
"24",-0.791926605579095,-1.07061466449587,-0.916945074257645
"25",0.925234661602952,1.02784119524203,1.78984504122029
"26",-0.760131734631477,-1.0552416344693,0.0365929995575547
"27",-0.334302576607176,0.507444268890351,-1.11726419416535
"28",-0.559651036199749,0.014942033324063,-0.374960034201975
"29",-0.648445312656794,-0.0529930735347609,-1.25437500675397
"30",0.151303673356709,0.927305006556787,-0.852155284175866
"31",-0.0606343369649124,0.717992729111526,-1.03718321518903
"32",0.0657993523988626,0.401738858212464,2.75087352348561
"33",0.35945230184618,0.885713137779757,0.0814330151579154
"34",-0.706540659326224,-0.47706466999457,-0.654573064410429
"35",0.152083457960051,0.819685198374687,-0.531368192976326
"36",-0.100550543760776,0.660918388930696,-0.911406198876096
"37",-0.839270361374807,-1.97193507136677,-0.346387509012637
"38",-0.551666465395189,-0.164462782039812,0.670796461164439
"39",0.237939616168943,0.920365648680476,-0.498781402525693
"40",-0.494573004305358,0.22179749774348,-0.707626446125949
"41",0.156974210804992,0.641613275179736,0.546842823380146
"42",-0.683860316113362,-0.831051065312586,1.32827095514051
"43",-0.745553198860618,-1.60236414415372,2.90777505346764
"44",-0.195930118369184,0.482365091852038,0.00834463444766875
"45",0.646445372010874,1.11198284705874,0.575270075412087
"46",-0.783333732045174,-0.825721831500051,-1.34331914622117
"47",-0.630819365098214,-0.280082782561135,-0.038864426170621
"48",-0.827025124233668,-2.25124863715222,1.38952557321903
"49",-0.719609030940336,-0.975984123223798,0.965649662705381
"50",-0.440373416636936,0.121068210696559,0.46551083095038
"51",-0.318714493134194,0.351697189361282,0.0921024975628155
"52",-0.297963989012719,0.27028214719739,0.891840445233706
"53",0.232112644437692,1.00865380921534,-0.722804169825128
"54",-0.255905178435247,0.557313292614414,-0.975320396677546
"55",-0.794497929383311,-1.08611592939264,-0.955213699073324
"56",0.267605135610638,0.665856363773061,0.878417122613188
"57",-0.438349183639067,-0.0586970040520392,1.6743568622911
"58",0.790829365442814,0.782727873120961,2.36232760004965
"59",-0.821791633487004,-1.55992277726722,-0.653730510046325
"60",-0.723868950697884,-1.57186933235059,3.71357090170981
"61",-0.266177837820136,0.311383878636699,0.858890801554128
"62",-0.494343902210461,0.175372388713112,-0.451306072724657
"63",0.551648121973931,1.27606166550956,-0.0149363151441182
"64",-0.301818381200833,0.153218950060082,1.78062037029365
"65",-0.840389394431395,-1.73646518053749,-1.0473290399996
"66",-0.655643944933323,-0.252542336150468,-0.575917505795167
"67",0.592364025948024,1.00149905862346,0.632465402546563
"68",-0.846092593573598,-2.24931409961926,0.0835071592464334
"69",-0.806665262666951,-1.17670009358757,-1.11069113046087
"70",-0.289598696108274,0.520284806234847,-0.91407112386337
"71",-0.830624995293142,-1.68491694334637,-0.710636941670101
"72",-0.750408895383381,-0.827637257720681,-0.460847420740149
"73",-0.480857600276954,-0.492756500332378,4.03968707480237
"74",-0.729607748964542,-0.588664257109792,-0.755603180904612
"75",-0.710761103343047,-0.553854967327642,-0.464935610843741
"76",-0.821284604144829,-1.9560035008616,0.623737619412227
"77",0.633952999203446,1.94697029754425,-0.255004698854692
"78",0.557664131391886,1.91239881477626,-0.472817902544856
"79",0.205144202377384,0.691149092352084,0.369190185492699
"80",-0.635027428396506,-0.595042397129912,1.37663871382284
"81",-0.554668980574554,0.0448539506937188,-0.460917596770311
"82",0.56969214840897,0.966939175279205,0.643252498566626
"83",-0.692083874658633,-1.32594669186131,3.61718448276193
"84",0.801950696990262,1.65411638400769,0.435509461543818
"85",-0.439709086823482,0.0905179363011058,0.668327208836817
"86",1.60747101105312,1.65336978675698,2.97790934760936
"87",-0.566416989081875,-0.021317348969831,-0.283637579875836
"88",-0.849571803840208,-2.13933861851633,-0.480237255113018
"89",-0.837871539630652,-1.62534473683971,-1.20324396422553
"90",0.785932202799853,1.22720835033855,0.854016689648753
"91",0.308230902284128,0.806541079586069,0.175416119897951
"92",-0.766090132756584,-1.48824412390675,1.48410477463777
"93",-0.443692291724777,0.198402798632648,-0.0525834762815611
"94",-0.710710940396385,-0.694132499390544,0.0634612031591675
"95",0.541982766528481,1.216959581675,0.0318162764093839
"96",-0.0952916829276431,0.516649350366682,0.378106737679585
"97",-0.0104883422612761,0.504480235462344,1.05757371779706
"98",-0.210502732445585,0.284692873917305,1.59169652438321
"99",-0.312623779866616,0.328715426057303,0.313849489918665
"100",-0.752135929141852,-0.948189036146832,-0.0968890719875259
"101",-0.809165557976064,-1.42301901693857,-0.516765763397531
"102",0.568522097881908,3.73552310612086,-0.815129649212922
"103",-0.607226209123722,-0.516645352888535,1.5701465446357
"104",0.264726963050286,2.43662281129824,-1.50948378235953
"105",0.120141604846757,0.983222997758004,-1.09110106252387
"106",-0.712897354354778,-0.53097917989379,-0.593174667804337
"107",0.730527849619173,1.17480774630219,0.752317810448065
"108",-0.738632571592703,-0.95346290470918,0.315700739076032
"109",-0.0370407173667974,0.677398814220703,-0.703362483889375
"110",0.117046356825299,0.821010598632731,-0.681957952084337
"111",-0.287655284779252,0.551141812659063,-1.123419306452
"112",0.492506519803908,1.40626763848336,-0.353825576025098
"113",-0.521354443958321,-0.035804552430005,0.397098702296601
"114",0.27333869498646,2.33161992236951,-1.46193427865703
"115",-0.835089902352386,-2.01298179624279,0.0210761849829271
"116",-0.477686377542995,0.131124696868813,-0.0177580307271021
"117",-0.780236825292384,-1.2694202953441,0.0994684498401459
"118",-0.836172710352924,-1.61609125162763,-1.14839607043425
"119",-0.611854822425745,-0.340078409548834,0.575802071787513
"120",-0.846822454562917,-2.50731104494768,0.94023149693702
"121",-0.484781214430125,0.0246665244446057,0.525754222498259
"122",-0.724588365697913,-1.27467339522418,2.143983376537
"123",0.228069990917263,1.21076163463852,-1.0409934745521
"124",-0.728451271951214,-0.644708655573405,-0.537699374853672
"125",-0.817220748193943,-1.46122381262615,-0.735149712769336
"126",-0.579231603444993,-0.901573025019503,4.60403920034436
"127",0.0766866946696678,0.626454031204581,0.276670616191244
"128",-0.57798062537856,-0.143578891872376,0.161288489475162
"129",-0.746182070610687,-1.24701218652072,1.24077556667431
"130",-0.818202778620444,-1.78966338416335,0.217581091533449
"131",-0.81148409834432,-1.75609785906854,0.441908919508363
"132",-0.854728810948744,-1.98130803139737,-1.20674179911627
"133",-0.488455930507764,-0.460533272067126,3.64970223589996
"134",0.0450689771377119,0.595183785156805,0.436942186249241
"135",-0.11215517843483,0.41931289826252,1.18402505019445
"136",-0.303141982979961,0.201688584555223,1.37896571752091
"137",1.37534071247244,1.11765619238422,3.15180697378604
"138",-0.726807171482874,-0.82423239734445,0.155103160631469
"139",-0.54222359582467,-0.062452380327723,0.257345950459842
"140",-0.526881820528347,-0.0126992503639449,0.195308510757237
"141",0.459201797350025,2.09093976796241,-0.840723189235666
"142",-0.547660271281342,-0.264647192892861,1.29527967840067
"143",1.11372265204056,2.0138047825418,1.17174040756509
"144",-0.532735603006039,-0.362743916843968,2.14398620085684
"145",-0.773276390476859,-0.990704326809599,-0.580202953704162
"146",-0.635831054837238,-0.556010787796624,1.16389454159406
"147",-0.803923952296293,-1.84452474398988,1.15478101722019
"148",-0.774354858465473,-0.876132604269207,-0.958118128654721
"149",-0.660658966006413,-0.730724200820088,1.44713078858654
"150",0.605648848849954,1.5749744384334,-0.128294642366164
"151",-0.666258026609564,-0.40927741688347,-0.122972788453358
"152",0.547364269612613,1.43658874581323,-0.202034444341272
"153",0.553528906042797,1.46104972866001,-0.203874105592426
"154",-0.349583409493755,0.0842238018854354,1.77839808480284
"155",-0.36287500889849,0.37010024009843,-0.405525701267276
"156",-0.319427434821668,0.320309545145063,0.31631933532531
"157",0.136870612386099,0.792429689600888,-0.49083852671653
"158",-0.768854547807778,-0.743887792530663,-1.19709047809183
"159",-0.676160601750144,-0.4219473052133,-0.2620401695554
"160",-0.809898311305489,-1.25379234132572,-1.01885575927304
"161",-0.416129477597088,0.264692574290584,-0.190760729987388
"162",-0.620032059883655,-0.234665590687703,-0.063562284215847
"163",0.270779751756422,1.56857655530871,-1.19331298957638
"164",-0.814926681541799,-2.16580398365617,1.83309813033087
"165",0.543837913731262,1.85262722183563,-0.48780617220041
"166",-0.489935191443644,0.14242764030621,-0.219437909146313
"167",0.936185486732176,2.59761820612423,0.420905786430403
"168",0.326472347578111,1.04409132644213,-0.444435493235448
"169",-0.6918021460989,-0.613236370315488,0.183492153490883
"170",-0.679537117430264,-0.344999347078833,-0.627043399016948
"171",-0.0116817949355527,0.422406371890893,1.91915034701649
"172",-0.331594778502571,0.0756823574281722,2.05939678203422
"173",-0.331121259817075,0.495720429099394,-1.01672362873828
"174",-0.663444773444766,-0.318125322602658,-0.444544272713396
"175",-0.735812859802505,-1.24584522582565,1.60626953601471
"176",-0.687579258138778,-0.460000275415956,-0.336506977934931
"177",-0.587462102722084,-0.00114302914670309,-0.657186191555032
"178",0.631284896102732,1.65903922686654,-0.106264363757973
"179",-0.36086803846327,0.365877743301831,-0.360489606847115
"180",-0.258036969440489,0.304351504280337,0.989194324345527
"181",0.5736575385991,1.54351062958155,-0.206753663214177
"182",-0.472788489080261,-0.0771384417679721,1.31523263820805
"183",-0.246577566784487,0.513945302203487,-0.586695648873083
"184",-0.820669450762958,-1.26749566880748,-1.37247971554103
"185",-0.778048439647524,-1.11395739633662,-0.339571843238125
"186",0.324196039064833,0.923336191197883,-0.172118420658751
"187",0.379681671741588,0.957052556310199,-0.0506621174415673
"188",-0.825842466220069,-1.95238769510953,0.353796417415722
"189",-0.819911948788385,-1.38269976733507,-1.05442138353709
"190",-0.803329005122939,-1.55679289363376,0.146656026850045
"191",-0.56730934688171,-0.667200587960254,3.34567639291283
"192",0.29796645103724,1.30003746094467,-0.898311428247239
"193",-0.496874969171492,0.158258760904155,-0.384115467687144
"194",-0.573078310760666,-0.000195597054860623,-0.474326260540219
"195",-0.779871962202525,-0.968271712346492,-0.844403125210142
"196",-0.736739325301512,-0.623839085729019,-0.799039053732268
"197",-0.78846475775875,-1.01831740183972,-0.957528491223193
"198",-0.148718450423276,0.501867419102979,0.160874309712162
"199",-0.860288096952874,-2.72993861664064,0.623977344548868
"200",-0.523353825996276,-0.3547599812609,2.26603125760593
"201",0.228220868986306,0.818984557757016,-0.211504066394932
"202",-0.377120332108558,0.408061209754581,-0.769811377374748
"203",-0.578560946335546,-0.890770721204991,4.54807263780413
"204",-0.670536504509088,-1.72099113462505,7.18530526809329
"205",-0.448862328481015,0.248222962888178,-0.405104479213491
"206",-0.364876355791342,0.289911064730289,0.12297873858239
"207",-0.805395902269968,-1.47463668338201,-0.206337474500274
"208",-0.684982093372876,-0.78531571697732,1.08873385196235
"209",-0.711381825039797,-0.498232224966005,-0.678027012931772
"210",-0.727736586666767,-0.507006030342094,-0.986875515035486
"211",0.769258114139291,0.963152203111922,1.41143701720831
"212",-0.668291222789534,-0.709144715553257,1.15622490450759
"213",-0.705974657461165,-0.687737054789417,0.152317683923373
"214",-0.675475343445455,-0.320701712835909,-0.647599278953978
"215",0.569070578104656,1.09938261646763,0.324344745905881
"216",-0.569237060654325,-0.674311741210748,3.34581830998694
"217",-0.47544803808479,0.196775438622281,-0.37260385798271
"218",-0.727223236852033,-0.78399626268073,-0.00701355356178834
"219",1.07521135286978,1.80500849586852,1.18116771920757
"220",-0.802843593870366,-1.56193225628726,0.185114246444442
"221",-0.257696330338886,0.340931665811103,0.694947304845225
"222",0.308614908218899,0.914048095730907,-0.20625281233009
"223",-0.351064760407957,0.420977702150646,-0.654325800473851
"224",-0.567089523767081,-0.170231058947235,0.463978460439245
"225",-0.623288394570678,-0.297159074773211,0.168828861255546
"226",-0.727261025171327,-1.00860417640054,0.872422918471946
"227",-0.239846776935272,0.475387041591101,-0.240037545786431
"228",0.674345826938346,1.49738925840515,0.155708967783665
"229",-0.484274365623197,-0.186134951716257,1.8464375073435
"230",-0.502188105215395,-0.240111762344241,1.90549021792413
"231",-0.59175535173377,-0.12006447318539,-0.158826730012563
"232",-0.850997458417451,-2.11129348875305,-0.648756607025901
"233",-0.67369774078075,-0.475086298837561,0.0034416733907876
"234",0.464816154570065,0.944249577306994,0.309916313387774
"235",0.572831771161647,2.12171363413786,-0.509154244389193
"236",-0.752619783326374,-0.725508243236707,-0.848742477809674
"237",-0.697145199758534,-0.302952316615584,-1.09430053976864
"238",-0.411706337333079,0.407778813170619,-1.03722468655268
"239",0.587108646742529,0.92668459240293,0.836078394906208
"240",-0.586673714787165,-0.164890108298122,0.135047703399543
"241",-0.085623738089069,0.667757119309753,-0.880882396166666
"242",-0.798134239193144,-1.6311983827183,0.638107529471024
"243",0.575338083267983,2.03109198749236,-0.468263069534178
"244",1.44212753137628,2.04814964588994,2.14692784586062
"245",1.14948969545785,2.39875989191972,1.10900709655792
"246",-0.708971555606634,-0.638610906745467,-0.10898117583447
"247",0.359200489855883,0.847603065872933,0.217005409343271
"248",-0.687432074311439,-0.76697410746836,0.943502549505855
"249",-0.843456389218709,-2.45598695051168,1.00779687330486
"250",0.394757443104047,1.25328668931417,-0.519686311601526
"251",-0.0233060371093404,0.408645506449056,1.97707085348297
"252",-0.533112689028692,0.000810173499709162,0.0405018753554751
"253",1.74339343059837,1.76198761821047,3.29135304346374
"254",-0.687237740159765,-0.856619716707723,1.35600871816538
"255",-0.700754590013107,-0.496281463982015,-0.46592797110037
"256",1.14623532477195,2.65811515694118,1.01646680258004
"257",-0.560845609360042,-0.185975181565329,0.644532463312871
"258",-0.603296859246835,-0.255013678800318,0.309620944966273
"259",-0.333353868124152,0.345266824755041,0.0141522156675964
"260",-0.82900083682845,-1.50362529046384,-1.11460613559088
"261",-0.776461656523133,-1.24081939016627,0.136912326452239
"262",-0.755015415279212,-0.879156276477127,-0.414145852138855
"263",-0.515112150218392,-0.0114560607201997,0.343542479870711
"264",-0.861546487617664,-2.49536617753304,-0.279418105530108
"265",-0.81192627287999,-1.37187715107932,-0.77226009038173
"266",-0.591963841067658,-0.222820998642194,0.338194494745903
"267",-0.3683045577959,0.257903240357527,0.312043652775222
"268",-0.825839251939431,-1.62133441120797,-0.663282230274974
"269",0.400372291156752,1.83256827225484,-0.921073883016724
"270",-0.731330231835489,-0.757145670675744,-0.210135101897554
"271",0.25960705219029,1.15519969889938,-0.862391077540308
"272",0.108420733278887,1.05779526084578,-1.26215611511871
"273",-0.545301781886859,-0.19645454825982,0.947001659872677
"274",0.215614101913195,0.5475434765748,2.00439578488407
"275",-0.663066250624131,-0.130197934956562,-1.17019742787508
"276",-0.736002107744732,-0.573713133584566,-0.94609181755698
"277",-0.522199825016337,0.149955135972053,-0.61671362750362
"278",-0.529269936868687,-0.156071425699054,0.966495838651535
"279",0.414750936603137,1.79926174895781,-0.861489999659348
"280",-0.802453584421582,-1.17720020532679,-0.965749370417986
"281",-0.74134437069775,-0.808186699941211,-0.287438408602386
"282",0.802184312306304,1.75455916195837,0.366867776741498
"283",-0.73293610624466,-1.40185921477988,2.44165209791875
"284",-0.620653628541429,-0.345003262959692,0.440433251434687
"285",-0.654188383813437,-0.129948852852808,-1.03922248987729
"286",-0.866178169574876,-2.93722448191439,0.843359448275079
"287",-0.718020851259549,-1.25614228102261,2.29204872085551
"288",0.746299144004166,1.65692346589134,0.257900319870408
"289",0.440154221608097,0.936071142831332,0.239177914285354
"290",-0.817977592185338,-1.81870780267115,0.326442052392172
"291",-0.601801793161804,0.0431684973871187,-1.03799485979313
"292",-0.788773183996749,-1.18321318007738,-0.480813979185319
"293",-0.702376375014585,-0.572762803185163,-0.211915403063154
"294",-0.703133346406444,-1.20849539076324,2.58026931228435
"295",-0.67550914670292,-0.846297316261891,1.62504854121166
"296",0.212296363094576,0.680621597474469,0.483354508056129
"297",-0.0923787070531954,0.69235783223428,-1.05611702170071
"298",-0.862517015886685,-2.34896655027449,-0.774383570396766
"299",-0.670137279486174,-0.558474653681899,0.432474894033326
"300",-0.537180520830707,0.0832242761616466,-0.442761998113742
"301",-0.781991105862853,-1.14732587030573,-0.363400803420097
"302",0.100623130642448,0.396524558160529,3.08796993384153
"303",-0.727094402185155,-1.12884195403085,1.38942092929677
"304",-0.827322399658187,-1.76348984446292,-0.324883084079121
"305",-0.566579050329007,-0.322352929139914,1.29388957018504
"306",-0.673445017005712,-0.497218961258649,0.100819084970558
"307",0.770365088102095,1.70155142272811,0.302423023747252
"308",-0.611154825131342,-0.176355632804395,-0.188717587780148
"309",0.445151662112322,0.703974260698294,1.40406635208659
"310",0.632062401260186,1.36244119832249,0.15184559955278
"311",-0.741345027792064,-0.592057502562622,-1.00548812519296
"312",0.420015464444803,1.40102977638344,-0.587484625923239
"313",-0.66555055822179,-0.249172149695764,-0.754376544460755
"314",-0.303536101944442,0.56206949417563,-1.29672369943073
"315",-0.493842536578453,0.0343189489512597,0.354540208680239
"316",-0.694076046966395,-0.525004217549743,-0.217391693769185
"317",0.429482118957597,1.64726234052249,-0.735687712373078
"318",-0.766902132642388,-1.25366221315652,0.524698153995026
"319",0.754108755113986,0.915191502576157,1.52640507126452
"320",0.514844269386179,0.632727606309829,2.50665470596584
"321",0.404720076858953,1.50598997775041,-0.722099435509893
"322",-0.860667894488731,-2.54275349271226,-0.0596370409119464
"323",-0.655737211059794,-0.403524182369973,0.0537918467137932
"324",-0.818927706901959,-1.48871064367318,-0.729672788875743
"325",0.342478427251071,0.649554990276417,1.41416535053525
"326",1.50201427037739,1.27749857339101,3.19968485232298
"327",-0.839057970416676,-1.99385756653567,-0.269084551266546
"328",-0.239940066532644,0.569645494669756,-0.973134342429528
"329",-0.726606272590535,-1.35565502137487,2.46170762635175
"330",-0.79870342786045,-1.23597349558537,-0.669026220912056
"331",0.642905461683564,1.16618063352242,0.46189283702439
"332",-0.342345153733253,0.273836048640971,0.446312140918353
"333",-0.508730122069224,0.232364716380619,-0.905489302816578
"334",-0.688777586329578,-0.398237299573036,-0.596204388450516
"335",0.706806093672953,1.27874564907787,0.506628121676246
"336",-0.78425763193536,-0.863647504443221,-1.26558710678342
"337",0.687193958841852,1.62963391559053,0.0907590773786611
"338",-0.823722680424386,-1.860864343725,0.165061800119873
"339",-0.749107875791648,-1.47170041554264,2.11894190188537
"340",0.774574577313951,2.65470167993334,-0.0645421450722672
"341",-0.552643819123681,-0.482658138336065,2.50183207137073
"342",-0.647570315617223,-0.483865506730363,0.572877773734028
"343",-0.783459605679939,-1.10404092753401,-0.546803985644472
"344",-0.750591598984374,-1.17882180685143,0.809151875581839
"345",0.737306876318403,2.08562328196662,-0.000362210723045653
"346",-0.171928987248953,0.270210374216487,2.08484225084696
"347",0.688432329240361,1.49780904440744,0.200862109387391
"348",1.14745822206027,1.7113732456568,1.47666956461458
"349",-0.836480689959043,-2.51997369578556,1.82698997631666
"350",-0.453020849687025,-0.461203862646834,4.36393129813142
"351",-0.516322609303093,0.205233317381176,-0.841197842235011
"352",-0.75634842628543,-0.935151147339353,-0.263705850210703
"353",-0.639004166420677,-0.238285914304964,-0.359491752399973
"354",1.48155475022981,1.30010549782894,3.08498536801417
"355",-0.3110045134371,0.229871237325027,1.07866735966902
"356",-0.592204974772067,-0.0987052450019719,-0.266775162188587
"357",-0.824279559690084,-1.58538195710139,-0.692823372894154
"358",-0.797664148690972,-1.1468976436758,-0.888279938444762
"359",0.0802460979477028,0.5776784186522,0.830537061265061
"360",0.154286746531123,0.803233849820122,-0.459990197634612
"361",0.693160433421298,0.971076822453185,1.09778624132776
"362",0.590556353534899,1.35222071151567,0.0253565743217146
"363",-0.606083804183654,-0.0157780729504006,-0.835899532795834
"364",1.07397895465423,1.66219284994976,1.28689953001846
"365",-0.875752545763631,-2.91225883552353,-0.263986606848829
"366",0.0581844150862842,0.923368506757887,-1.20377102494447
"367",-0.877945004218773,-2.67896423281813,-1.15080738500648
"368",0.320509939831495,1.48903990989429,-0.982127530393137
"369",0.609232156950675,1.19926611603218,0.290308430976169
"370",-0.67424641815981,-0.509616314701372,0.136182331136478
"371",0.794719508891897,1.21178084038648,0.910008838344528
"372",0.782157770556632,1.30835899177925,0.719783559558382
"373",-0.648207076684603,-0.476113436288929,0.524370079269414
"374",-0.797966800391209,-1.64441987068862,0.693908262195896
"375",-0.838764732187184,-1.7811784576181,-0.850957348193268
"376",-0.124738932012119,0.452009391891214,0.781469921655312
"377",-0.727886238087887,-0.593642768181217,-0.700443407636414
"378",-0.241168263926226,0.487556771255963,-0.345040084217951
"379",-0.491134963492346,0.194128265320827,-0.521002782050974
"380",-0.830100438595487,-1.55374934783154,-1.03446705169825
"381",-0.606347384007853,0.0432991482441373,-1.09501785572928
"382",-0.792115101191881,-1.11404606363202,-0.798681341473288
"383",0.33534655909472,1.81465180933184,-1.11423300534697
"384",-0.561067231287428,-0.0826247458955884,0.0988966724564966
"385",-0.616135709405286,-0.435718407146676,0.969668339114057
"386",0.799415652275445,1.78465865762779,0.339383973480663
"387",0.993455445505055,1.1182387836282,1.79460684638125
"388",0.755290464355168,2.29153389102861,-0.0211465034340745
"389",-0.745651847618679,-0.902413427056857,-0.0728426116779775
"390",-0.796587802369336,-1.5006938593191,0.24787417366085
"391",0.468178346029627,2.05302699948212,-0.800652873094654
"392",0.491452711666404,1.55513555777417,-0.47881249012768
"393",0.115603374660596,0.474789945562707,2.25193953628434
"394",-0.846450402618742,-2.24993176909874,0.0611355668058948
"395",-0.334836593404254,0.442836986989082,-0.681475435587169
"396",0.390109297311232,1.25944217990222,-0.542765199003202
"397",-0.60199881304112,-0.154384004953477,-0.149837333113925
"398",1.06615083972224,2.25880890798543,0.915137100585539
"399",0.928204181771086,2.49917742318518,0.425170080198762
"400",0.924997865707961,2.53306067622031,0.406010282522856
"401",-0.709114784585121,-0.799739515873495,0.524433627298819
"402",-0.0601593578211977,0.735444237393155,-1.11479822136675
"403",-0.825751714680297,-2.37412110664122,2.00498178284348
"404",-0.715868742270089,-0.923338424779818,0.852657530511278
"405",-0.318043720006041,0.305190342263713,0.440659970915195
"406",0.855520914692604,2.37165005586077,0.250056753922956
"407",-0.807569902209009,-1.72929374856788,0.541359931823733
"408",-0.625860256705137,-0.148123474482251,-0.540010507073136
"409",-0.817601531698765,-1.37503806530267,-0.984357823221507
"410",0.110267688578008,0.842429824988519,-0.781358759533139
"411",0.124235985610298,1.13193539552821,-1.30836044036598
"412",-0.420569523046291,0.330743280104608,-0.641774602592394
"413",-0.807111497641179,-1.98659661728454,1.55060254883323
"414",-0.670773317200985,-0.224572545955382,-0.934705878376839
"415",0.614249498214959,1.83764461633761,-0.263331265507104
"416",1.49510216418399,1.41772975920301,2.92417222808721
"417",-0.548912255589543,-0.119479519360567,0.468439391699864
"418",-0.584786946726085,-0.311891311698345,0.915141635091209
"419",-0.786812539622725,-1.64560546653646,1.21585604880026
"420",1.46411178043194,0.974410840170188,3.99539619520887
"421",-0.530444037145735,0.0808768993047852,-0.35044371148809
"422",-0.797266134653598,-1.27685842746894,-0.496149544434868
"423",0.639962904257366,1.4261262338046,0.110866966556915
"424",-0.800301136104796,-1.22655175773503,-0.752764725703319
"425",-0.512173663121905,0.186307316472878,-0.699209018880569
"426",0.66943967068785,0.958447940283986,1.04765930808323
"427",0.515434280361379,2.56443329724848,-0.800372188709982
"428",-0.866898130275233,-2.72569551066795,-0.00492579472079235
"429",0.481913889092905,2.0935250748453,-0.773143094888227
"430",0.431689604630477,0.990032291583194,0.0619810238520708
"431",-0.430037848864812,0.163682428295132,0.309072737624203
"432",-0.75789311428422,-0.831362478658147,-0.648364295723876
"433",-0.703666164495342,-0.825544339594247,0.775750453267012
"434",-0.679544309391338,-0.487897917895073,-0.0629775856922599
"435",0.832555129368372,0.891988796311988,1.93102640095359
"436",-0.794765671685221,-1.43138415022025,0.0895557103168061
"437",-0.336255452857106,0.407537385411795,-0.448192408342894
"438",0.572813322506286,2.03328391664091,-0.476758574807692
"439",0.732779184868162,1.156967858705,0.792920376235379
"440",-0.200740357162438,0.467885591838969,0.0960974631403313
"441",-0.594914041872759,0.060412486090519,-1.02864210956916
"442",-0.828436679673108,-1.5001645840452,-1.09949599868282
"443",-0.569883436713876,-0.101689186531453,0.0698567774749921
"444",-0.831381545326131,-1.90314997013468,-0.113379802402988
"445",0.706648404520779,1.85295826165289,0.0136122337650084
"446",-0.742426632414467,-0.561105330053616,-1.12630277353685
"447",-0.810521581223134,-1.84247521950065,0.799677957990473
"448",1.04322660577611,1.33427861443396,1.55688066071296
"449",-0.378728700610451,0.306270205854177,-0.114356949719614
"450",0.285233055886764,0.920744440164473,-0.316104493246632
"451",0.728799797352887,1.79196796467186,0.115916660085524
"452",-0.836349585493213,-1.86295131444385,-0.501090082948104
"453",-0.719054985550769,-0.31664294872625,-1.4337525862254
"454",-0.920759671551217,-5.17217801929772,0.209610439908078
"455",-0.615086806389785,-0.0342066249354492,-0.876341795612227
"456",-0.837867386179055,-1.87651765694181,-0.543823296800354
"457",0.462715477118626,1.51817674154055,-0.544106341004095
"458",-0.692357950937743,-0.445079837995198,-0.488702162738824
"459",-0.719154935969239,-0.802218258912722,0.272041618988639
"460",-0.864484371897027,-2.74927977370785,0.301793949392648
"461",-0.798565389440657,-1.36613884416196,-0.271185746159182
"462",1.11324737476769,1.5677494521304,1.4990055068361
"463",-0.498846836461487,0.142798802660925,-0.320376147237459
"464",-0.65032501915419,-0.402909601708621,0.154293787798812
"465",-0.793907616276533,-1.35928662583887,-0.113102316530285
"466",-0.779445888756469,-1.51190151357906,1.01596180977505
"467",-0.64036836330596,-0.421522810557025,0.429314487886173
"468",-0.704775825132762,-0.305487962765016,-1.21902509979473
"469",-0.276022290746609,0.364953293056544,0.349773679613526
"470",-0.769234512569416,-1.29836606529806,0.606106655479829
"471",-0.747725696913947,-0.977418345704607,0.136994388621278
"472",-0.770745525891146,-1.35646820253532,0.768447232854184
"473",-0.0574550680371764,0.666800512013952,-0.735721695995837
"474",-0.089411143604058,0.729204213525023,-1.22012091963953
"475",-0.745035824536333,-0.820667412440049,-0.341654498055494
"476",-0.5899365202848,-0.0103749291966482,-0.647078606174273
"477",-0.765063019962062,-1.07559981354608,-0.0484711656386505
"478",-0.629888354549531,-0.487744394603638,0.952591560087331
"479",-0.32315268280356,0.293435168262643,0.481391365822687
"480",1.00045538947522,0.967816435419527,2.27095230176762
"481",-0.816996484406964,-1.19727147905472,-1.41312266886269
"482",-0.11102346396538,0.526163384054967,0.187653670689428
"483",0.320495012694023,0.964938041060389,-0.295409316432758
"484",-0.763488087840509,-1.70251247951564,2.56894711490822
"485",0.606836228716647,1.03746478904316,0.595332891047694
"486",0.444423429319525,0.982264744679642,0.129102084437363
"487",0.560097652109932,1.43144183277258,-0.155645738848716
"488",-0.0257676841324209,0.735136617572849,-0.958139500478861
"489",-0.745213853508106,-0.890922901664014,-0.101358694547169
"490",0.559000379590336,2.04696685055002,-0.523785459917636
"491",-0.654475780959043,-0.34973745658384,-0.152664142977451
"492",-0.163886740892603,0.452254415526822,0.49497096624233
"493",-0.791326039687911,-1.57878278815439,0.753797961464504
"494",-0.82889365489068,-1.95929542645099,0.204398344644783
"495",0.751391235204999,3.57356841496796,-0.283153408971458
"496",-0.792386278456952,-1.51444956995308,0.474110562698786
"497",0.401583495908739,0.977381957828449,-0.0197601555602094
"498",0.935207321531446,2.60001551946142,0.417406756132026
"499",-0.861440803225006,-2.63063999438459,0.16554888602404
"500",-0.612225833824163,-0.815747758482872,3.14943288293907
"501",0.309037041105132,0.896410293191209,-0.152177118300318
"502",-0.630433285385519,-0.237107128664176,-0.223531509270212
"503",-0.695805998011806,-1.01434899633903,1.8546698816161
"504",-0.356813084807468,0.412645087614387,-0.642496073171175
"505",-0.801831172749486,-1.42801386151819,-0.206448534872482
"506",-0.743312542860916,-0.838104691225126,-0.235249380255533
"507",0.822097849870571,0.958485448333718,1.62809970466681
"508",-0.815645431322243,-1.43520085144946,-0.743265012324977
"509",0.657668458655028,1.04206947369938,0.770196727577415
"510",0.14143437455602,0.8494867704226,-0.67660399458417
"511",-0.583191757211976,0.0932153340930339,-1.03452323635958
"512",0.215905257946758,1.29061136175735,-1.16565033874606
"513",0.601487664634439,2.77646114655073,-0.592667831122297
"514",-0.102949220728538,0.370222995291848,1.73389059573019
"515",0.809025029733524,1.66136123749972,0.45244745320134
"516",-0.569027649614583,-0.0658800718548439,-0.0978236620003676
"517",-0.669592878905952,-0.438675946196259,-0.0656606801090416
"518",-0.788468113957329,-0.904564522908332,-1.27182010514203
"519",-0.817524656732805,-1.8815275082959,0.567424884803378
"520",-0.794133088130163,-1.49928357617818,0.346716393498573
"521",-0.842606090357047,-2.2787998256873,0.421727406531896
"522",-0.882334171181587,-3.33151127195108,0.476819094181293
"523",-0.850074148173992,-2.31439197514303,0.0162594838211896
"524",-0.531440032804789,-0.66440561806866,4.17279156931431
"525",1.56515515456553,2.19095759517935,2.43584933870419
"526",-0.275510139234189,0.450032080676164,-0.298642150448383
"527",-0.629811560542822,-0.225474818729678,-0.264613297952189
"528",-0.538730601572292,0.157210618676869,-0.834684723766567
"529",-0.280472850374309,0.465379840361247,-0.449551610173586
"530",-0.782587256845236,-1.87419340706445,2.41702569110434
"531",0.642585522156394,1.45485791065312,0.0916464810061384
"532",1.68916892724303,1.38459273291861,3.61837932647023
"533",-0.881667279135426,-2.90388015787066,-0.910031392502675
"534",0.952189343760526,1.52487454511884,1.02566765199017
"535",-0.877280433569739,-3.06420196853017,0.0884973234594391
"536",1.46436279407995,1.27765653359171,3.07193341356796
"537",-0.635589338935386,-0.372756282048681,0.296107842034957
"538",0.817428114158865,1.72409787369385,0.434491621012148
"539",0.97258080706222,1.35734669628916,1.28856258479146
"540",-0.752155521119596,-1.07532617173269,0.361000962440466
"541",-0.808116352745716,-1.23254874169266,-1.01223641559399
"542",-0.319223864399933,0.166177558029451,1.4884568315316
"543",0.311997357049306,1.52937629726433,-1.03690896659204
"544",0.612122741370296,0.738103833290532,1.89971588136076
"545",0.92217087722288,2.04689939775912,0.574822301419326
"546",-0.734743355121795,-0.671220668666305,-0.594129220677893
"547",-0.837111241258457,-1.88557244020395,-0.477293074084931
"548",0.131741427696556,0.885112936228972,-0.82075666031771
"549",0.241085725162544,0.838067605413235,-0.230331720913375
"550",-0.67398199685468,-1.04225212449107,2.66809627030147
"551",-0.529033929836768,-0.0728188962453711,0.498213619513626
"552",-0.701808723265687,-0.623607987745559,-0.00252105387488677
"553",-0.499221386967463,0.0818991021625179,0.0157115237366154
"554",-0.793352461803658,-1.28104501320684,-0.340391872246454
"555",-0.326202618260398,0.399517200655636,-0.313137181776679
"556",-0.576806222039321,-0.653224633417206,3.03404146016198
"557",-0.223998889545595,0.31762108194228,1.18298675403155
"558",-0.651099376286641,-0.232081035754513,-0.584106958398221
"559",-0.530522701288897,0.161736775544571,-0.768189698284804
"560",-0.559605951683161,0.00452833133802098,-0.322544274069677
"561",0.826950586588068,1.31844823781651,0.856226610110095
"562",-0.382198833758947,0.190485379136577,0.6399292101984
"563",0.733148030968435,0.601362197897998,4.19676760184553
"564",-0.751412830161724,-1.21386003777544,0.920049477626598
"565",-0.538978911080589,0.216749975081754,-1.13032752808554
"566",-0.741448592081547,-1.16610356172044,1.06851265711999
"567",-0.161224234040599,0.524888237762145,-0.122920589053637
"568",-0.189237345419351,0.510614593482728,-0.183429929211657
"569",-0.790414315153373,-0.95676559090507,-1.18668146280931
"570",0.768303302878736,1.97659282694118,0.14091169836836
"571",-0.55335162162647,-0.484338147543337,2.49779961209316
"572",-0.720306812490641,-0.646779407620887,-0.341218054086341
"573",-0.739276885279854,-0.838222162674985,-0.126465191249694
"574",-0.531914701442757,-0.0226387121239735,0.18276325909043
"575",-0.873869976642078,-2.72802474844048,-0.644728867817519
"576",-0.753685916984809,-0.910143489847841,-0.272637435005667
"577",-0.74660952359014,-0.789457897813967,-0.488850111053259
"578",-0.691724561455457,-0.966293959349184,1.74609377179467
"579",-0.195783859848908,0.457565683865207,0.218386966895566
"580",0.686964206309303,0.957491989761679,1.11739752415952
"581",-0.674563596703717,-0.481050142279025,0.0105689143232865
"582",-0.258745886976026,0.266300109400399,1.29581936049253
"583",-0.129788420701954,0.399892940688365,1.23164283046991
"584",0.696636278312294,1.74276636498971,0.0452495079267319
"585",-0.677834531154585,-0.235504722335746,-1.00929345702298
"586",-0.804188414627847,-1.21539741243144,-0.920651459130335
"587",-0.386067292794156,0.0254077716084103,1.77146068773801
"588",-0.804301428227233,-1.42927689040354,-0.302130387805569
"589",0.315850171961629,1.45046629883812,-0.969207907002436
"590",-0.548412686850061,0.164992704285948,-0.977953952787836
"591",-0.600312184113109,-0.0504555538598379,-0.603792696997798
"592",-0.356394366389319,0.442640201253293,-0.839062441404113
"593",-0.725476942652554,-0.979645432155387,0.806663222383673
"594",0.529779966844189,1.7691871315717,-0.489469008984135
"595",0.389602138488803,0.938967500320696,0.0363851118457745
"596",-0.332847300952765,0.326287486405948,0.154604393550692
"597",0.376958426674921,0.912728648839581,0.0642589811011423
"598",0.396398107666198,0.574720634086774,2.7156572035971
"599",-0.839608685859641,-1.91326771110316,-0.534662232519104
"600",0.185983741853051,0.91674427865065,-0.691383977793272
"601",-0.817197424157166,-1.34192919031583,-1.05588321468659
"602",0.368369558623314,1.99059848498586,-1.08130533778694
"603",0.232069639368269,1.27424394083743,-1.09511237623518
"604",-0.739160294383164,-0.912651423883685,0.147651066030736
"605",0.851081172956003,2.57240850138704,0.179004975986327
"606",1.09327824625302,0.986783854524475,2.55011213174994
"607",-0.720610526125396,-0.559795264826187,-0.656982827848625
"608",-0.235227574410529,0.336430263636668,0.925535101363189
"609",-0.804665115667265,-1.17264594169427,-1.05341011988744
"610",0.0136529211304999,-0.0349873207093951,7.61585618651136
"611",0.538984051422861,0.862875767830284,0.884552100219582
"612",0.385303727607005,1.75753319400552,-0.933132634103364
"613",0.0744662296828204,0.673913789933572,-0.136426434501065
"614",-0.849206748801785,-1.96496922401082,-0.931798255049242
"615",0.623408780216782,2.36814867951176,-0.435014641372101
"616",-0.704010138484522,-0.59700673816584,-0.155311881142379
"617",0.148466025780705,0.396322090126433,3.46940478424705
"618",-0.832187050957728,-2.24144808811978,1.00012607960308
"619",1.19997849695606,3.48553198106484,0.99572002059555
"620",-0.784507877296102,-1.2746046801784,-0.0383375383565829
"621",-0.241194686202798,0.441528868480189,0.0191466558894562
"622",-0.696944067802227,-0.610623546095406,0.0566736736356908
"623",-0.545944958703016,-0.0373890685107097,0.0731452964660875
"624",0.465408129791159,1.35960783020378,-0.398237323768964
"625",-0.782472120159853,-1.33024427974471,0.225971679141429
"626",-0.746624942970183,-0.798707179330792,-0.458149777751725
"627",-0.70171321296536,-0.827209782903599,0.834857769727954
"628",-0.62449563962522,-0.222868322702907,-0.189766631492847
"629",1.06437503615251,1.01257607631743,2.35167829959487
"630",-0.295976562061494,0.384784857305968,0.0351629386662262
"631",-0.645411983140766,-0.438684634236844,0.40942867626173
"632",-0.725928008907173,-0.791714098881428,0.0553539864558608
"633",-0.502077668256564,-0.297234114638496,2.27546267055698
"634",0.345488027957644,1.4737176987266,-0.890123021690228
"635",-0.718275996591597,-1.06947296190178,1.41214967256427
"636",-0.658614720382943,-0.218863836866437,-0.759582703376322
"637",-0.126224057513546,0.619159326300271,-0.737240075369861
"638",-0.779001319147565,-1.17499853053285,-0.173258349940568
"639",1.15356195021459,1.39181970818503,1.83947987130445
"640",-0.267645298326596,0.476773050525349,-0.444866481258997
"641",-0.509708030740927,0.0850143754436352,-0.126223117778141
"642",-0.327044210239945,0.338817859207165,0.114617204621591
"643",0.552296421050183,0.951020241130089,0.62439842951389
"644",0.260920993439993,1.21557618791368,-0.933424145617299
"645",0.607611724770995,2.18412748626524,-0.426082913024646
"646",0.696966644246718,0.673117496716311,2.91500510133422
"647",-0.82500057104798,-1.43022369060004,-1.13472798925906
"648",-0.487617800844704,0.216614788515317,-0.608992742811978
"649",0.00398217951978083,0.759013102657157,-0.929231239886123
"650",0.513412036201374,0.638887780451811,2.41669474940343
"651",-0.661879614746883,-0.675738267785344,1.1530653848576
"652",-0.0499284094444067,0.666777254033238,-0.698390740605583
"653",0.423021207239405,0.925715988959377,0.203909580831267
"654",-0.824807820432492,-1.67969452940843,-0.449034901531993
"655",-0.710451377305678,-0.826875135915212,0.600714954751309
"656",-0.346504943689146,0.164201137998816,1.20893550972399
"657",0.0955147522231087,0.633148630289078,0.309938141992578
"658",0.205429838805213,0.888740409757679,-0.538722044022596
"659",-0.222915674300689,0.408764379902446,0.42426054484945
"660",0.191125126387964,0.521549904944349,2.18191424483653
"661",0.931981060367125,0.468706454890748,8.09549377120156
"662",-0.738298598735914,-1.59195793311557,3.18021982650566
"663",0.168472025484494,1.55232435355832,-1.5112790121457
"664",0.540048857249153,0.857522666692291,0.911273102153324
"665",-0.531010586580262,-0.32445298886397,1.93883626010389
"666",-0.632611067144968,-0.517054326814937,1.04021510926182
"667",0.488303782183504,1.09248924475903,0.0486247093633825
"668",-0.792610222946328,-1.32285854441027,-0.180840471816814
"669",-0.675856786957084,-1.13759542713548,3.12849395161588
"670",0.592394276198603,0.8826440980783,1.01816489268528
"671",-0.210860828709287,0.471415514746933,-0.00467014896372886
"672",-0.655159655716778,-0.381099986032903,-0.0316772849747684
"673",-0.659646894305907,-0.265712028940089,-0.589988873124621
"674",-0.274002201999372,0.351568641075839,0.471287852739773
"675",-0.687154351085985,-0.609023205512213,0.271205700254427
"676",0.150243457684361,0.625506385877308,0.675976294667773
"677",-0.823151654158925,-1.83402142144855,0.107727530742308
"678",-0.559734699419391,-0.000579826535752374,-0.298716637261287
"679",-0.351764168830006,0.414962412552399,-0.619123863778369
"680",-0.578477519404862,0.0135639844376791,-0.609597567510035
"681",-0.815455771687874,-1.701720408725,0.0653553090096111
"682",-0.487768291038125,0.176715071909169,-0.388684817851485
"683",-0.48755079536833,0.0856213757356254,0.132970890686595
"684",-0.667196408779862,-0.199228418721942,-0.973207155435684
"685",-0.278202798179988,0.0542587777551891,2.88490028057833
"686",-0.796492757343409,-1.39264821275763,-0.106219299753155
"687",1.10716241023049,1.0242269305799,2.47089791787098
"688",-0.639508559044442,-0.617957634930769,1.39106523680005
"689",-0.314076155926933,0.383788076969265,-0.103453393166428
"690",0.243635405997005,1.25095694420613,-1.03190918131028
"691",-0.558626433523629,0.259456614111386,-1.52502482170972
"692",-0.856167048065948,-2.21433609601579,-0.699107565999954
"693",-0.794003061344924,-1.37328526130754,-0.0714396062055294
"694",0.609051583848976,1.31141035321951,0.134616416198985
"695",-0.589027435324248,-0.0767532517589009,-0.325256904124958
"696",-0.617610832731392,-0.5488468378124,1.52039258683926
"697",1.38519477772868,2.01062346566365,1.99721567855364
"698",-0.641203100875706,-0.446331536424412,0.527484957369986
"699",-0.778418372423358,-0.872599757784509,-1.0803780425419
"700",0.922002868017421,1.78578332879789,0.719153408018307
"701",1.00746962130331,1.44884299724869,1.2870657098516
"702",-0.57084029983966,-0.263198497840209,0.896376733648192
"703",-0.575006403956931,-0.0388032551216295,-0.313337909090285
"704",0.312213177511674,1.10790388209161,-0.607302815332517
"705",-0.499524309011147,0.240718513381329,-0.85852711142749
"706",-0.839351242080682,-2.15745524849225,0.228373939394215
"707",0.703087632028873,3.69909246177882,-0.433192924757519
"708",-0.848817257714271,-2.2532367292733,-0.0897520016107582
"709",0.51614138344659,2.08690671928862,-0.667700057834119
"710",-0.534534775448726,-0.038985562578913,0.236241250741088
"711",-0.6138130645629,-0.797718732455363,3.00003220197557
"712",-0.74001894994698,-0.842812051751701,-0.130028825372695
"713",-0.628342967314146,-0.2986493463421,0.0877897665856362
"714",0.765584344392016,1.25366778823304,0.742673920481918
"715",-0.835102508986566,-1.86931326014747,-0.416169964401404
"716",-0.621624044823629,-0.209748146552993,-0.202285401120754
"717",-0.366999799360888,0.330836060689253,-0.175642189627288
"718",-0.713573242207934,-0.711900480770068,0.0626776121541712
"719",0.373786680787881,1.53541752143509,-0.842381181269157
"720",-0.52912296372373,-0.292321958786215,1.7755645305933
"721",-0.857913456131352,-1.90833928708309,-1.55266083447897
"722",0.404254718955841,0.988780636623238,-0.0376907381676654
"723",-0.863396336131223,-2.68940359050437,0.192975316148758
"724",-0.745413291356918,-1.02026099387568,0.365287946353562
"725",0.776607893014453,0.873293574542127,1.79329799403048
"726",-0.660195331267012,-0.142108389717145,-1.08224029844511
"727",0.483313446572566,1.34598109448837,-0.324774632959677
"728",0.553703031181052,3.18158003858272,-0.794553911048485
"729",-0.80898715914714,-1.43794123393745,-0.465506036909725
"730",-0.655418456226962,-0.766194553765754,1.7550340499343
"731",-0.776382151830786,-0.958537451335802,-0.770833048140191
"732",-0.679732324692378,-0.59908609794586,0.396200581239012
"733",-0.165514928768304,0.42094698331146,0.761336287376767
"734",0.0225729810297015,0.527156668896827,1.03287403533116
"735",0.542444628434953,3.19554742785078,-0.828517916217899
"736",0.518866039312291,1.90503035606656,-0.588422217947933
"737",1.01944086194472,4.82082181042824,0.350447455697325
"738",0.666505912186723,2.46517594808497,-0.334010127325635
"739",-0.813477624749427,-2.05684685070891,1.46473396657469
"740",-0.809177527867468,-1.22348271917063,-1.07387158655183
"741",0.341240370501279,1.8866629622927,-1.12562247846301
"742",-0.911335235910079,-4.38052893176828,-1.14562839948111
"743",-0.76320433003802,-1.0045464162055,-0.232044230635356
"744",0.688579297633948,1.46879094333627,0.228093626161529
"745",1.10262507137168,1.20570207093226,1.98309493574386
"746",-0.221516842536664,-0.274622117622675,6.90568063401327
"747",-0.564984774894638,-0.358530397877555,1.52627501180008
"748",-0.741540392678065,-0.516793721051566,-1.24397572581025
"749",-0.427509064131474,0.0970588846127128,0.76902164480083
"750",-0.787301863432738,-1.71572316665688,1.47728169877023
"751",-0.730901807654978,-1.16404010675694,1.41642248644173
"752",-0.519790503973973,-0.198895286362727,1.36572070577575
"753",-0.715143702392775,-0.818289398157285,0.441217874304646
"754",-0.774801329878772,-1.42979263678875,0.889878445615735
"755",-0.655623420280302,-0.299840108270396,-0.381944852053466
"756",-0.547013764751635,-0.166016789947786,0.750855860743378
"757",-0.700739086270634,-0.478899410165898,-0.530108008685539
"758",-0.53663517165133,0.12886522400252,-0.66919534352396
"759",0.0914415681198369,0.905295669445947,-1.03201809751749
"760",-0.0560227818604648,0.389560435733701,1.91951090655007
"761",-0.71832128169623,-0.695376265860512,-0.115346186269104
"762",-0.889934298991756,-3.25681648744706,-0.848150011693716
"763",-0.498330547058088,0.223861759577791,-0.756559221265798
"764",-0.497517810028299,0.25799810922326,-0.930889670671725
"765",-0.426963211288294,0.161024292406836,0.359408232211476
"766",-0.844555807987817,-2.59155903112207,1.46785538416618
"767",-0.534752148229251,-0.0917286675095955,0.522232658675791
"768",0.459849897987129,1.3748331033803,-0.431656972334781
"769",-0.486408657273418,-0.0833115903602291,1.16149832807518
"770",-0.809694880587316,-1.94885434514148,1.25060478262439
"771",1.89081321679143,2.54047949573964,3.23158073894734
"772",0.375396579929244,2.63988056703249,-1.22396721130592
"773",-0.646042941055541,-0.370402148126531,0.091580058220412
"774",0.195310514139561,0.842512693177678,-0.433675109141886
"775",-0.859299525778962,-2.57928391057297,0.174742586708663
"776",-0.770486626146132,-1.22543843261664,0.29448572656009
"777",-0.723150351977828,-1.04479665510656,1.15121095024698
"778",0.91642693125879,0.690957826734298,3.76342794949201
"779",-0.467770695815723,-0.0989701709343311,1.52757567942258
"780",-0.779421600411515,-0.851053282935015,-1.16866984267003
"781",-0.84236649081392,-2.00854878534214,-0.418271310302717
"782",-0.751751400456898,-1.04262852029326,0.252956432379804
"783",0.975186531796362,1.16297568796199,1.62932208363738
"784",-0.568330410817131,0.082164281497591,-0.807841406802017
"785",-0.772436245984799,-0.785638089148474,-1.16876760211092
"786",-0.512698295408519,-0.388543487426146,2.68226033418293
"787",-0.326644582925403,0.0460471156470026,2.35667216121128
"788",0.575889922485335,1.17721511287668,0.209728640125261
"789",-0.829712444642338,-1.54120581574316,-1.04966770966153
"790",-0.465921728754712,-0.0027882334971157,0.93682616752498
"791",-0.707581045875412,-0.609633483522289,-0.187401296533743
"792",0.37287557443151,1.49695687732734,-0.818392206756127
"793",-0.540492956280651,0.131535602104588,-0.726057458117517
"794",-0.710824450883462,-0.713683267255715,0.136811104865485
"795",0.414635501240314,0.716022475469484,1.16724218119589
"796",-0.553570108997598,0.057666456380315,-0.511111279277301
"797",0.0538608143252982,0.593622678029719,0.503368312789753
"798",0.436236114625836,1.29395129207169,-0.426165669943701
"799",-0.751865759641851,-0.935491002111053,-0.133387502646223
"800",-0.461779636697952,0.208258170799312,-0.298095628685983
"801",-0.348736151105469,0.463216942452585,-0.920277966325171
"802",-0.856521940820458,-2.48191613578371,0.0767425190750206
"803",-0.0672172778682897,0.64081488540593,-0.600896928557757
"804",-0.32024109014703,-0.105175493990191,3.70713135430794
"805",-0.68916660035363,-0.426159231483261,-0.497956547722314
"806",-0.777155112877219,-1.16063619208567,-0.158002749944512
"807",-0.775577504914606,-1.22122368650519,0.10059794114614
"808",0.230590433102525,0.865682358220863,-0.367770740940092
"809",-0.644069857368016,-0.808617940642012,2.26991437694549
"810",-0.498565865444263,0.0376069661918532,0.276357121855672
"811",0.322121516853905,0.426176667821105,4.4044110320647
"812",0.668137372743146,0.70723100514198,2.41862522237983
"813",-0.792113277386649,-1.07219426031757,-0.918388738592524
"814",0.336751811557795,1.36826289160723,-0.833147383153573
"815",1.28219989738441,2.57733757217535,1.43753955633277
"816",-0.84656498190159,-2.7104837855807,1.81139342501409
"817",-0.777807783127269,-1.08259508693474,-0.431693721517887
"818",0.533182723367262,1.41734539450163,-0.230620378815422
"819",-0.86851526847876,-2.68483242511646,-0.284743130815999
"820",-0.590352737039675,-0.13953310277741,-0.0445505334793372
"821",-0.781215979935374,-1.14508284040051,-0.344649156284978
"822",1.17556257787119,2.03886581846661,1.34563298253348
"823",0.409247059926033,0.847310785797599,0.422164408821104
"824",-0.883901042983095,-2.8669792994408,-1.24000692769884
"825",0.32242748670054,0.851203176221041,0.0537166131568654
"826",-0.486148081487675,-0.211410571171443,1.98142104366016
"827",-0.503484679906324,0.0558457901483705,0.111466537762226
"828",-0.163817897816784,0.331552100737579,1.58785588112085
"829",-0.689970773622392,-0.48976801050383,-0.269096136213642
"830",-0.732553120689492,-0.984977308011996,0.617412265584328
"831",-0.653199166841727,-1.01391825229185,3.15049564885215
"832",-0.81176670726716,-2.08239943992528,1.67491919325417
"833",-0.643452493428997,-0.367887661425904,0.128404247777235
"834",0.353260705390769,0.98896096173088,-0.229086309697594
"835",-0.699685519159038,-0.840132118124035,0.945044211441228
"836",-0.742919197894645,-0.961844283278922,0.221646659029648
"837",0.565896740304935,1.27780328737191,0.0310815180113071
"838",-0.583202622535871,-0.149583352376782,0.112361477781784
"839",-0.538073678916018,0.248070917023406,-1.27302828275803
"840",0.69623155887472,1.40361534052285,0.318767248167978
"841",0.413555716568132,0.976324932975892,0.0279963362770301
"842",-0.865469395647378,-2.3782534652967,-0.912604642221127
"843",0.78223077356686,1.62350446805469,0.396350825146061
"844",-0.826136340427818,-1.56126117621783,-0.840938651550632
"845",-0.752697061241518,-0.83144451694709,-0.509259997967457
"846",-0.737007314106129,-0.881521715353343,0.0928404226815296
"847",-0.717847999255366,-0.75042139858587,0.104905562587619
"848",-0.683907341143348,-0.344837132555347,-0.70687839615515
"849",0.341519900341606,2.2336183257836,-1.23565155211039
"850",-0.720845614334073,-0.499543930470708,-0.868934411559824
"851",-0.825102112755154,-1.45737872551394,-1.06966438518697
"852",-0.0217986774455982,0.361881729331786,2.49257056656159
"853",-0.626555590065611,-0.244976083728245,-0.124497878884344
"854",-0.264623662503222,0.383115327337048,0.300971154495055
"855",-0.731406493236028,-0.483357966626403,-1.13894151674795
"856",-0.611820103584481,-0.198892401072994,-0.0953394542566584
"857",-0.151379768279527,0.409196960057654,0.976346349023594
"858",-0.152602927432553,0.647643324034191,-1.08710785611028
"859",0.367409340725894,1.10237563600052,-0.401412638152583
"860",0.525194251998999,0.925638954159704,0.599833849566449
"861",0.446404105200494,1.26068496253703,-0.352864629145292
"862",-0.805665907440558,-1.8157542262802,0.953288507330861
"863",0.271286562492837,0.957440388796012,-0.464134107205008
"864",-0.41832284354131,0.280173169054281,-0.30877531297345
"865",-0.638471713824457,0.0310560874622171,-1.44686460655775
"866",0.979766852601484,1.6747767495444,0.979861978963717
"867",0.455818445009329,0.846003623666596,0.617476461487515
"868",-0.317811044376577,0.389566468687871,-0.175327876813901
"869",-0.311801925306059,0.522039573673015,-1.07000883488618
"870",-0.783263525770975,-1.1401560774767,-0.428398668706805
"871",-0.0360712952814051,0.790936715513735,-1.22309334146754
"872",0.788983953947248,2.43557576443635,0.0344259792455683
"873",-0.490315383738993,0.239376306640055,-0.760687512005143
"874",1.09603711694592,1.30595794739797,1.77794344561517
"875",0.408219647953354,1.38812171276402,-0.614725463145966
"876",-0.345630601448073,-0.463499856839238,6.53587047197623
"877",-0.771809568321378,-1.22288027899911,0.238827456552687
"878",0.351621408659947,1.99463266598514,-1.13361089698998
"879",0.559012641995721,1.89704092818196,-0.461793080198642
"880",0.26125441299397,0.891731010292498,-0.326608125407753
"881",-0.613590976812427,-0.039281786060103,-0.834284486149402
"882",-0.714896694320954,-0.833490926874273,0.509068981520004
"883",-0.741842920849329,-0.410303240014634,-1.5684146631252
"884",1.40992012004195,1.37004114517389,2.71993143786748
"885",-0.660425571960569,-0.385461378055646,-0.111857753732721
"886",-0.415430711759167,0.0819326898450769,1.0124749167278
"887",-0.474408518715145,0.0967881800092449,0.22209995263782
"888",-0.657909470658428,-0.437429961993344,0.158459198374942
"889",-0.853153630279165,-2.01730198220373,-1.02678697200013
"890",-0.655624206335099,-0.485060966355302,0.413922294121286
"891",0.586096096333462,1.87340096432789,-0.367646638364612
"892",0.402302149007375,1.05257778164512,-0.184530985296659
"893",-0.743392756931916,-0.839209930455996,-0.23353976352821
"894",-0.819759593110235,-1.50355681869497,-0.723489346866365
"895",0.271109001442112,0.72997590204774,0.414240755449737
"896",0.371286083010335,2.76938610266023,-1.25802740846453
"897",0.0773015850247196,0.742048694096665,-0.527066020872387
"898",-0.614416201928284,-0.392124866448965,0.785053193730795
"899",-0.552528726969742,-0.179499989060863,0.739517215999213
"900",0.504010424507471,0.824504402681792,0.911436075372261
"901",-0.265464451279138,0.583191499470653,-1.22352079747127
"902",-0.531203740190621,-0.273474425643282,1.62588953363481
"903",0.534279431700106,1.19561503890941,0.0366062367848241
"904",0.739264932028625,1.03823991038552,1.07838106572819
"905",0.50213017564204,1.23765099257057,-0.133522501655924
"906",1.02123987266081,1.11761752851759,1.89474294088749
"907",-0.596464850349412,-0.11881064291215,-0.23401986265154
"908",-0.814521188335746,-1.6057801477448,-0.194478447600961
"909",-0.697607703894054,-0.699987117129949,0.403474294067443
"910",0.536919280389752,1.46315509075967,-0.259734323431116
"911",-0.516411560485764,0.184518787938174,-0.734492345726086
"912",-0.680030728949825,-0.355011429695464,-0.597629741736696
"913",0.16628380515337,0.92231693572027,-0.78198131576358
"914",-0.665018885227204,-0.701654503488464,1.20048443397771
"915",-0.583035460337948,-0.321194527387989,0.995299932128197
"916",-0.642862650901531,-0.0234203573779915,-1.29298658657962
"917",-0.798480368950547,-1.10468864892744,-1.03221649556067
"918",-0.764256807125349,-0.88252716486929,-0.659236359161181
"919",-0.7350652090102,-0.533459675049916,-1.05523006999823
"920",-0.73317515755197,-0.855226171516357,0.100489134674861
"921",-0.735875269814045,-0.634432541312894,-0.744191776246441
"922",0.663513071245503,1.44063781627983,0.173566058497058
"923",-0.643932911733584,-0.240837700947511,-0.429922485068178
"924",-0.758301712794938,-0.805484592031923,-0.741369578279863
"925",-0.636897494827461,-0.305466706706483,-0.0308533785673291
"926",1.52290220177707,1.68187735426967,2.68157326267608
"927",-0.857914060379493,-2.28160470896178,-0.632427578982588
"928",1.49568216449952,2.0914904946662,2.28296181078481
"929",-0.735335275911192,-0.755446246503983,-0.317386543529979
"930",0.566984675865132,1.41275829441856,-0.115309692997945
"931",-0.73210356023817,-0.449538176560234,-1.25979692174347
"932",-0.776029174617015,-1.15459921399063,-0.140103765092907
"933",0.79260941182488,1.35216334170071,0.697285965773718
"934",-0.669189049479266,-0.700446330720942,1.09375085303585
"935",-0.696181296830861,-0.829185080730907,0.990915163679092
"936",-0.5333664276743,0.0876079963837777,-0.420185522350649
"937",-0.616334131847928,-0.32753897930061,0.43459704868249
"938",0.625852856507466,1.71691774518124,-0.160132656278569
"939",-0.78968685382694,-1.34922182942436,0.0160036261194638
"940",-0.623233146306789,-0.233492334877207,-0.121406302453534
"941",0.426146012746795,0.950807372424495,0.143323428963473
"942",-0.778904746669866,-0.936642367702382,-0.909136761252712
"943",0.637832824872988,1.70474935393518,-0.115123102489029
"944",-0.708747874016004,-0.790486732856602,0.496114245724392
"945",-0.424386825141371,0.369856386653842,-0.91064941369056
"946",0.00161906306001741,0.613955619429743,0.000339102560099835
"947",-0.0246431298947694,0.773585164375901,-1.11185182250079
"948",-0.608588966156452,-0.74669875588924,2.83169353187963
"949",-0.381806715759138,0.389276589288529,-0.68553880607404
"950",-0.656005249576683,-0.306131000266978,-0.362595312084206
"951",0.249610251972878,1.50476583970681,-1.22191693710046
"952",-0.795420332398925,-1.17616319754071,-0.728928132761991
"953",-0.784305718526206,-1.25766401020513,-0.0870519845504178
"954",-0.744489945609909,-0.742567094477477,-0.591520829966994
"955",-0.540849395712074,-0.100319358180644,0.481883758868813
"956",-0.789725354729689,-1.40640839088883,0.207176019385639
"957",-0.719548166904097,-0.718836870477778,-0.0573159941239858
"958",0.391659423836046,1.5605874607142,-0.801905752499866
"959",-0.868837850767172,-2.35236824712721,-1.2247608959512
"960",0.584599242451407,0.975804566681755,0.674010988918161
"961",-0.755431118100459,-0.838902622274416,-0.55805352106858
"962",-0.813190072559343,-1.37254394401099,-0.819515165526637
"963",-0.676777968883429,-0.875830286694814,1.73426411753835
"964",-0.679046913872313,-0.314398900897749,-0.734899536420625
"965",-0.827893583592597,-1.70883903803202,-0.512574918779681
"966",-0.792423976849464,-1.12840635401766,-0.767203360091199
"967",-0.777420929076603,-1.04054228912723,-0.551366624792024
"968",-0.766639301574467,-0.88820708224296,-0.707686626537553
"969",-0.604676889657188,-0.0862389442911733,-0.502967200503224
"970",-0.583199668873215,-0.620434762373982,2.68554078620538
"971",-0.852177863207259,-2.30619290312183,-0.158442411654669
"972",-0.761340880171975,-1.19312065870099,0.495291092001005
"973",-0.5663780680843,-0.326404134539211,1.32007103870962
"974",-0.630168266308747,-0.892210910542111,3.11657155126776
"975",0.404627407286805,1.38560991434159,-0.624298051034468
"976",-0.316401610239765,0.306214816730841,0.447846473379696
"977",-0.453218294163336,0.193569507326284,-0.122349485493034
"978",-0.719444101375348,-0.448222900963613,-1.01320948580722
"979",-0.775958658079907,-1.28274109131072,0.301750139014531
"980",-0.386603416582709,0.269886285951747,0.0559262736611683
"981",0.530981019677715,2.483840833826,-0.736797221053292
"982",0.549373649591652,1.38161743778066,-0.142378445452441
"983",-0.262431911016613,0.338434835751655,0.674298941601605
"984",-0.585153081261948,-0.418307907055462,1.48078522140588
"985",-0.431013081943771,0.173871878511752,0.233774994906386
"986",0.522336924486685,1.16464540171856,0.0432091204432412
"987",-0.0565479666284011,0.634035024821734,-0.491840075186036
"988",0.303602055787059,1.01323907319349,-0.467112331579322
"989",-0.776885562976361,-0.71978619612477,-1.46323781640772
"990",0.406113805597772,1.53335819917341,-0.737125612726835
"991",-0.655479608294177,-0.484456859869413,0.414175403027292
"992",1.45630774644424,1.77700103836149,2.38488724274665
"993",0.496073148251605,1.37110351187869,-0.308076680636814
"994",-0.42355563527829,-0.119286531725101,2.31056011868063
"995",-0.463695716550703,0.322036939278094,-0.96882578116362
"996",-0.86829875747719,-2.92068183328574,0.552503146338114
"997",0.211518277117838,0.841798965138247,-0.364868854761914
"998",0.859604362012101,2.01287682188331,0.401292986742381
"999",-0.680499581831399,-0.503539461596163,-0.0189287473667914
"1000",-0.699610757827598,-0.960942709492658,1.48908150760371
