"","x_child","x_pa","noisetmp"
"1",0.0782567901978561,0.433176670301112,-0.421735275513381
"2",-0.584404493093213,-1.55700912007218,-0.131920062968703
"3",-0.4538418205111,-1.67745415447524,3.58450632307161
"4",0.215356356309256,1.31309682209843,-1.00143955083199
"5",-0.640683797244795,-2.07270472264086,-0.00188880095722133
"6",0.505615126440507,2.21781605700716,-0.38651892273106
"7",0.24967153470402,0.0972942312066725,2.20352521535783
"8",-0.171522640137498,-0.321409202962975,1.13748638606779
"9",0.0663342309809508,0.218983939516493,0.282117820963063
"10",-0.460686721389318,-1.25681418502531,1.37258585145918
"11",0.252035057139052,-0.132338561972892,3.85194638733688
"12",-0.305061146840081,-0.583237840343737,0.876396670732063
"13",-0.195288834155151,0.0129185476541275,-0.541649252499925
"14",-0.538976390684029,-2.07910192404239,3.39437932515291
"15",0.693184177300565,1.21298178530863,1.00636293325878
"16",-0.508451033068942,-0.85796287576382,-0.837804968688089
"17",0.356087089788678,1.5051918019727,-0.581988058705351
"18",-0.604367356652102,-1.87511165970785,0.428492509441427
"19",-0.512452272008626,-0.885725652166615,-0.816765057128337
"20",0.480890532655487,1.15752921840877,0.205884276679746
"21",-0.529390865234203,-1.36935110815068,0.441988507514961
"22",-0.404923134774472,-0.581135919962612,-0.335994753225597
"23",-0.440645558980583,-1.1584762354058,1.32900959575012
"24",0.506350763674525,0.68219021026182,1.07282806126207
"25",-0.528102900971987,-1.30775365713014,0.25030683700302
"26",0.354020668447982,-0.210206621204076,5.36672137113891
"27",-0.546406779796794,-0.905064213567026,-1.27546597842662
"28",0.242902025855586,0.451566789896365,0.387418634308785
"29",-0.562520541847564,-1.19237902552647,-0.771692969941992
"30",0.786155787009191,3.36390930606146,0.237163700775991
"31",0.173380668740885,0.676229575608134,-0.474244194515791
"32",-0.511487261750344,-1.09788637411657,-0.148635241520479
"33",-0.144641599341203,-0.0723415523315989,0.214310700120844
"34",-0.514609719565217,-1.09457354474353,-0.213336175919288
"35",0.175227770548508,0.592297968467434,-0.305732313577815
"36",-0.612035937576068,-1.90376024274726,0.306884369686997
"37",-0.366159351145821,-0.391672257881445,-0.550435013542861
"38",-0.424506104135467,-0.55613928585366,-0.652723202909099
"39",0.186677567800021,0.154892501881262,1.4073351434079
"40",-0.367794059651706,-1.04038549270096,2.05710266116259
"41",-0.502490535905918,-1.13309665031188,0.126929387046196
"42",0.201614005513805,0.348181615742353,0.516496229212974
"43",-0.442217271223196,-0.782364861393113,-0.129949446357346
"44",-0.0426794225315366,-0.336174113532666,2.498632289519
"45",0.26912003430324,0.94387503889681,-0.435597395088046
"46",-0.61319437819388,-2.0227845031376,0.71039546178305
"47",0.977474359817104,1.82884985189277,1.53240764218667
"48",0.81690495935952,0.655775000753029,2.60351104262034
"49",-0.747530940600175,-3.56898545389293,0.118897888705286
"50",0.597670060715311,0.750336428661587,1.34057428925051
"51",-0.515815237884029,-1.07995924379801,-0.280876475035873
"52",-0.400060519404623,-0.486206014168449,-0.598921802817828
"53",0.318838241676376,0.980844951040176,-0.267722852978508
"54",0.4837231895931,1.59696467313192,-0.154063335497215
"55",0.0743898442110942,0.34745748984041,-0.187457528257535
"56",0.40423891865636,0.829056844483045,0.318833957139366
"57",-0.62129621547114,-1.68322634140078,-0.650252245899477
"58",0.144305895425286,0.611031218895438,-0.492630156917502
"59",-0.0809738351957905,0.266967925723685,-0.803494005184071
"60",0.112192559770125,0.724899817351833,-0.837314158381449
"61",-0.61861228371808,-1.51210134057432,-1.05257242305311
"62",0.302973090622066,0.860645191540749,-0.177987098819209
"63",-0.354027088264069,-0.532018300960041,0.0893084094693624
"64",0.553679791370343,2.17498062901213,-0.198164992552589
"65",0.770119192012794,1.41514705361322,1.09500345772219
"66",-0.453976505627052,-1.05468685839024,0.67802827396838
"67",-0.248645994562848,-0.149698530061342,-0.325433234818223
"68",-0.182815424328932,0.0923651468540955,-0.767873404193891
"69",0.768620431403009,1.61198804077068,0.916174359503304
"70",-0.570189668731293,-1.51342221799598,0.0543672665850501
"71",-0.666210990380515,-2.36863326699402,0.0981515487766793
"72",-0.698655404576813,-2.41427822515842,-1.0921718418136
"73",-0.612903741809619,-1.74861097884681,-0.235181255060215
"74",0.586983552279979,0.752211995085775,1.2877319429968
"75",-0.512559243515625,-1.30308301827253,0.542396063400444
"76",-0.479863266657762,-0.968041345651032,-0.0569319198576539
"77",-0.154475762896371,0.0445525642213947,-0.37117734076798
"78",-0.448733157679025,-0.604435806687061,-0.792743408043411
"79",-0.532033523884235,-1.42159236814753,0.576203763620499
"80",-0.420353937075097,-1.09147866582073,1.39990953509473
"81",-0.568646515348272,-2.08781875870769,2.45388864014649
"82",0.320529857143108,1.78417198838634,-0.871954934825712
"83",-0.632880985539402,-1.65557828824407,-1.01867872045062
"84",-0.586609499758869,-1.30169603584324,-0.930162828046343
"85",0.447647678656396,0.0807367061954637,3.70599445558486
"86",-0.292392313446247,-0.0882171931763855,-0.920354373951227
"87",-0.575967114482237,-1.50072499907691,-0.118267278312714
"88",0.568342490420144,0.984589077943819,0.789676083501729
"89",-0.733883861301566,-3.38721005519137,0.482042205242292
"90",-0.35127364348222,-0.433710376613605,-0.243921025106841
"91",0.644159596318119,1.00112474750095,1.086942520816
"92",-0.458732483879274,-0.63047266064334,-0.83714523201644
"93",0.482149907802614,1.86861345444233,-0.316738913588521
"94",-0.642061740561022,-1.77772791541244,-0.93349635220578
"95",-0.139679460493984,0.137259108341703,-0.656396658128589
"96",0.104383839925307,0.0403634868784968,1.53325737597396
"97",-0.645437793362437,-1.92832817793966,-0.606775819488752
"98",0.276462787844833,1.05364607718806,-0.528671196495452
"99",-0.667702917902378,-2.77700092539656,1.82129231392678
"100",0.438091048316324,0.978497968395645,0.243465740315612
"101",0.654889129984177,3.04152099532377,-0.125301823975613
"102",-0.0969161482877864,-0.431948429530216,2.49102284382332
"103",-0.19433090842393,-0.160487545801669,0.188493946012065
"104",0.183790908363029,0.307116675746082,0.580137249625258
"105",-0.645251729417284,-2.34748551799178,0.859513411310484
"106",0.364039055414735,0.117035290801665,2.84728976717655
"107",-0.125989884509011,-0.189848336271089,0.92448441736018
"108",0.598118152242413,1.19521636279162,0.641728890359208
"109",0.786600215538226,0.294035934313039,4.11799192328662
"110",0.305990463102501,2.09330918751557,-1.05347802880472
"111",-0.527961843196904,-1.10219056278365,-0.420323147680864
"112",-0.362175733546315,-0.41120435572989,-0.440767845706188
"113",0.355947716000253,1.14514208260072,-0.292892549133783
"114",0.170872440003212,0.232172527725725,0.854984992053295
"115",-0.212732049651254,0.0703011519170506,-0.892400250231456
"116",0.0721990057904952,-0.0290123754238163,1.70248340159867
"117",0.0547558223281085,0.215473189572818,0.2278259056983
"118",-0.162922055880982,-0.076894369399371,0.0870411273141833
"119",-0.169460731826857,0.00744528569773365,-0.325763895091407
"120",-0.337656307011456,-0.12803388969312,-1.16189209764462
"121",0.00248516921517528,0.280282735941982,-0.361230934236068
"122",-0.469616910403261,-1.18866400762286,0.925553704728602
"123",-0.30826803227999,-0.109968631105532,-0.975795433720009
"124",-0.585489206610437,-1.75440269214973,0.515327243933145
"125",0.421669347795593,1.21713931103589,-0.0957066833763596
"126",-0.336611204181594,-0.281422828630269,-0.636343520688587
"127",0.0964542061584495,0.233712202251606,0.395049194407555
"128",0.15129248688239,0.477678784092843,-0.159450928715433
"129",0.774245086245569,2.18174528759676,0.585642738164253
"130",-0.560831623647674,-1.22641538668351,-0.642780073597941
"131",-0.430165025174496,-1.01495896844407,0.916438305863093
"132",-0.371442671455501,-0.62891914705904,0.247342377519484
"133",-0.53275549909368,-1.68180059860129,1.59995213614995
"134",-0.204518427150424,-0.271573870636335,0.585241388891588
"135",-0.271734687050869,-0.193149015844976,-0.359404807796545
"136",-0.495575913070927,-0.897100301910332,-0.52917739019623
"137",0.589991998054796,1.32471382657634,0.4744489679424
"138",-0.408703373599261,-0.482761557852738,-0.70711364339583
"139",-0.0199357552257348,-0.0641596578046549,1.174874636468
"140",-0.130758934406273,0.0285156099875401,-0.128502128503919
"141",-0.4118421646684,-0.753931119684456,0.187810573277922
"142",-0.591618385844961,-1.7621845783061,0.379210664004692
"143",0.11567796766808,0.465816634470568,-0.312146864761047
"144",-0.470394571420968,-0.883226131197337,-0.1956728222995
"145",0.294278904220256,0.629823704107951,0.188101295025839
"146",0.44182061436168,0.909503492821854,0.357419193316312
"147",-0.74021909203541,-3.31754364210736,-0.447457545986329
"148",0.361810754198451,0.429864208653642,1.0817901960309
"149",-0.406473676704759,-1.13260502830575,1.82516587534977
"150",-0.369288076266099,-0.747200250220263,0.741122943909101
"151",0.0278351928452854,-0.244025112540148,2.62319188039373
"152",-0.651241809254681,-1.630739785096,-1.53528649759728
"153",0.901893912819947,1.72737801843445,1.32768935513209
"154",-0.653926660819507,-2.33251221551615,0.455230898448295
"155",-0.602346411158417,-1.84686572413684,0.384927240552149
"156",0.408059352174149,0.783129421111796,0.414969156329964
"157",0.634067534854589,2.10274424055607,0.121349670972528
"158",0.819762672672214,2.85582898335938,0.484497251206407
"159",-0.347533850168756,-0.229264309170493,-0.916476342126039
"160",0.145832501631993,0.335923906312575,0.251550463139788
"161",-0.16656683226784,-0.0520820754179778,-0.0502074300443895
"162",-0.326580309235268,-0.298369759974035,-0.479562794448636
"163",-0.351058740661313,-0.5663414447495,0.255575844109306
"164",-0.0680289691912513,-0.934399195107436,6.20402048344536
"165",-0.418237163518775,-0.455156473522027,-0.900274379420616
"166",0.238512687607998,0.286858011575255,0.98563188911792
"167",-0.558132080797926,-1.68528168858823,0.967528984280634
"168",-0.534137368297128,-1.22429298405074,-0.146448754005658
"169",0.4276016436695,0.732234318787142,0.600079952597379
"170",-0.245855080889448,-0.112458518520276,-0.446912845518492
"171",-0.61462832077829,-1.67353126311782,-0.509111657827359
"172",-0.518026312434274,-0.803108062156857,-1.12949348542642
"173",0.14569426649878,0.816275763060475,-0.814021102394405
"174",-0.00261475962917493,-0.0015506334993469,0.974897661175119
"175",-0.148081361579324,-0.0901151011084809,0.266675809712607
"176",0.306087154004468,0.785347293520818,-0.0487921906353435
"177",0.541080326391241,0.791924745945647,0.997830810578322
"178",0.523330509569126,1.0844376405657,0.465545022855435
"179",0.171015553230478,0.486990973291448,-0.0826655551163682
"180",0.0624513950376313,0.287040375378582,-0.0377356831995588
"181",-0.462910446784812,-0.714007732527884,-0.634722699007095
"182",1.58882634210927,1.80446538584235,3.81358687800604
"183",-0.629852961515751,-2.11160670680153,0.49925317692758
"184",0.0822402003646318,0.444670577604244,-0.431145688237775
"185",-0.260751957508605,-0.753546063172713,2.24779726770523
"186",0.75308168108967,1.89607427154672,0.662434079332333
"187",-0.465870650339269,-0.700786880332815,-0.714646171333532
"188",1.23407550110336,1.75582067245773,2.542831735021
"189",-0.109721768736207,0.0735403332483822,-0.176390613102961
"190",-0.325803176224764,-0.395356294226451,-0.11486947375127
"191",0.384998212050664,1.10382573989249,-0.130446734615
"192",0.783772304552252,0.735032542700079,2.22836365718916
"193",-0.522525260777787,-1.77285517911891,2.28541684306707
"194",0.233377321979717,1.10250353971595,-0.756511139409666
"195",0.309956365493251,0.87423069000554,-0.166655382799361
"196",0.551102384798119,1.06508813120568,0.605710536444154
"197",-0.149955228570541,-0.00627821366052334,-0.119832189274655
"198",-0.371263079646455,-0.89380333503577,1.33146618494083
"199",-0.492249655744472,-0.747968430040646,-0.926764653545455
"200",0.0162087290160739,0.503404430778815,-0.908230125245441
"201",-0.564904621223396,-1.18215960833718,-0.844095866703381
"202",-0.288591309821683,-0.0908919082952433,-0.879859959491181
"203",1.1247434004053,1.26386710965433,2.6766338036562
"204",0.405018730701592,1.68383259206033,-0.504333720840329
"205",0.259021098694541,0.612515493356178,0.0564127148988258
"206",-0.340221267504592,-0.0254743096923295,-1.5071308144727
"207",2.11095418739937,1.4236891412656,6.31125670427894
"208",-0.291670349929231,-0.286977380400618,-0.184372198901804
"209",0.348271169253247,0.440876559800991,0.972139510339321
"210",0.9391037211296,1.32064066056961,1.86229741370342
"211",0.474000989715714,0.81201871991739,0.65924448296023
"212",0.072029845832899,0.25069310407625,0.169633367867568
"213",0.600647068184503,3.02440414750663,-0.303939135039003
"214",-0.236255701715679,-0.257548743939622,0.224257703532202
"215",-0.478031382925762,-1.19424103136542,0.792415688859139
"216",0.414659646994363,1.46129016924597,-0.325856068794735
"217",-0.577765379475651,-1.79553213248465,0.879408028327932
"218",0.42217815002644,0.832444814901179,0.392932442912093
"219",-0.248477644063984,0.0241247783219161,-0.979858219994474
"220",0.334365721997185,0.338181171140502,1.29726004096875
"221",0.119614778940581,-0.0752779744240181,2.36156723666827
"222",1.24717478243424,2.28201995664246,2.21196258853253
"223",-0.643825258908169,-2.23881788236521,0.483797403204611
"224",-0.50541673456026,-1.28560947574671,0.618591196449752
"225",-0.338471987699266,-1.00854161543432,2.38352069788192
"226",0.49332184608644,1.26180973789349,0.149711652024009
"227",-0.362792838355154,-0.675172260077387,0.537252078520861
"228",0.503237658068054,0.458293888192612,1.71735734028213
"229",-0.237952107253208,-0.783765378616527,2.7218315406452
"230",0.855580175452893,0.940291349971561,2.09392478439354
"231",-0.44126586748171,-0.853832897751525,0.133711773939381
"232",0.00989333239009094,-0.273716009058714,2.63685270986423
"233",0.371111936205815,0.187399607366754,2.37755532775271
"234",-0.469494914141322,-0.976356433571383,0.136387133122108
"235",0.450778404198981,1.01213431001791,0.252959083005982
"236",0.499789102713174,1.04522894946795,0.416660885455693
"237",0.424808086448413,0.155977752840852,2.95805090509782
"238",-0.482423662521841,-1.1039486808083,0.375948187670518
"239",-0.356218703307046,-0.723212351558249,0.818644239721992
"240",-0.441743893258333,-0.807006477787515,-0.0381998993096229
"241",0.609145683828706,2.30599784007857,-0.054030101465222
"242",0.131859139825072,0.315071789942856,0.251902969082205
"243",-0.48325166086115,-0.789448597488117,-0.679829174725914
"244",0.418325629388582,1.67542027380848,-0.449524869056146
"245",0.278489797082099,1.23250092225461,-0.68715672848328
"246",-0.173200829872695,0.0278316139043103,-0.438367369273032
"247",0.838886501841374,1.53125301050827,1.25217872619679
"248",0.133546057892528,0.290862695241182,0.359097288117863
"249",-0.509635120497823,-1.08138021949323,-0.170641199089275
"250",0.260637792030769,0.669175505566636,-0.051624057070597
"251",-0.410236166466224,-0.33352316496034,-1.18764893719635
"252",0.108608341680809,0.143982751457225,0.958436891462553
"253",-0.367306156816426,-1.2633811186907,3.20453682860981
"254",-0.564181957282354,-1.13635602647212,-0.956810354949045
"255",0.636425929111577,0.497227925924977,2.25491994257054
"256",-0.576632347738087,-1.33233651788806,-0.644960933087409
"257",-0.360328343994951,-0.868493425036807,1.38315271526715
"258",-0.476175137405709,-0.759881538481618,-0.671976871413146
"259",-0.720113082103335,-3.09680237905854,0.143904486897217
"260",-0.11548330156817,-0.100769629497914,0.584056438502818
"261",0.331405001024594,2.76452690947079,-1.15704849353809
"262",-0.198793479978384,-0.00416067997255765,-0.499562899066619
"263",0.0109285700569482,0.700314420345279,-1.27010004198564
"264",-0.392188538386465,-0.388156228569155,-0.833755411302493
"265",-0.241473637992425,-0.177916848112698,-0.150951079338111
"266",0.171702522556927,0.703926054051285,-0.529232940132475
"267",-0.678804059669224,-2.32063688247899,-0.564988119405092
"268",-0.486036323733979,-0.886383350257045,-0.419354605376328
"269",0.141272490687001,-0.226407690731391,3.55471135161755
"270",0.580814457103462,1.88561303309666,0.036701579184709
"271",-0.7366117352099,-3.39486816481651,0.266137046347592
"272",-0.563098650206484,-1.14202870067399,-0.922092910020277
"273",-0.475945137278286,-1.09937943410009,0.471598875224958
"274",-0.074796943124877,0.171982988732903,-0.381730405856787
"275",-0.646846888766854,-1.93603401222792,-0.626562216728002
"276",-0.511305773625418,-0.779502961787447,-1.0998009851436
"277",-0.298570538458555,-0.37259592692221,0.0802384462204526
"278",0.610710734611232,1.61453974916998,0.315730943589283
"279",0.379743731154139,1.69814575378654,-0.607131665406049
"280",0.479152130200332,1.23250516929507,0.121293635958749
"281",-0.286249069419535,-0.380041380817253,0.237259071443023
"282",-0.568015343313613,-1.15990261776546,-0.961607743820074
"283",-0.0154954800675428,0.0952574688237185,0.380009082528523
"284",-0.456438254484646,-0.935238882324348,0.19590227735855
"285",-0.50718013823333,-1.02355654666879,-0.315638237998893
"286",-0.598774201536013,-1.99435761252067,1.05408566288156
"287",-0.376146498672791,-0.391975809343598,-0.653776503565786
"288",0.434952999608896,1.00645768238608,0.193346322517367
"289",-0.0337809091161075,0.0486350772561236,0.484689873052785
"290",0.47552705130822,0.946604219893019,0.448304623674714
"291",0.174175146188458,0.67702004973621,-0.471902354420651
"292",0.112774159076994,0.503615506891576,-0.419824737279965
"293",0.0731023476624033,0.464218852649686,-0.528119197541382
"294",0.110785298777314,0.662468658916057,-0.744892800091642
"295",-0.264672312424428,0.0272269817234206,-1.1105682979657
"296",-0.25046224215201,-0.292706129302839,0.236126605173769
"297",0.57534479654453,1.03130328108636,0.752575037050217
"298",-0.275487567944419,-0.200033271806056,-0.366681941171839
"299",-0.0174359220580069,0.343533862175471,-0.685816536204461
"300",-0.485945561113923,-1.13820334023658,0.438552759168422
"301",-0.416453401736158,-0.645780550422816,-0.256676126508232
"302",0.717358852359178,1.01168328956125,1.38046574797892
"303",0.19920289215036,1.22378649440261,-0.999866862139228
"304",0.744367341174308,1.39832267174431,1.01083338808585
"305",-0.377453071612981,-1.0468650622684,1.92675130103456
"306",-0.312144265332182,-0.646179934600217,1.06262134718301
"307",0.102483478796151,0.597382099163443,-0.668472106059482
"308",0.751044654828763,0.482592961131183,2.89751400892491
"309",0.267666186288009,0.238440518098979,1.40788731805099
"310",-0.740262361395232,-3.28909298077081,-0.576465799751308
"311",-0.719632499987582,-2.83564802130418,-0.840420609830366
"312",-0.235241682213204,-0.399156887023499,0.851254555520892
"313",-0.477722420977964,-0.849989704944846,-0.412220653528985
"314",-0.348058921116132,-0.951794009380044,1.95271601190416
"315",-0.450681929543279,-0.387071267671818,-1.44630101815903
"316",-0.147195796519121,0.178379463287931,-0.873780583156731
"317",-0.532942513224423,-0.87531593286347,-1.15125985612474
"318",-0.00204878997168227,0.203764025417051,-0.0687262587320123
"319",-0.551665952314251,-1.34352809526058,-0.103938933206445
"320",0.685420006950291,0.828513330591308,1.57018053262143
"321",-0.376714858281809,-0.431833596327913,-0.524893993718895
"322",-0.363700595401302,-0.2603377169182,-0.964774295806783
"323",-0.225879057688772,-0.160870307876875,-0.0838212344203653
"324",0.406308383665919,1.28163564365056,-0.216465987672314
"325",-0.638684126902521,-2.29960079299153,0.919295018565826
"326",0.501313025492952,1.68262745293296,-0.141936028262894
"327",0.86275981032132,1.86779509513284,1.08279191206223
"328",-0.230770814216583,-0.248696660342015,0.23825760199141
"329",-0.40273378410566,-0.265574683296004,-1.31706091506097
"330",0.246299262155608,0.263195495723438,1.14727780052493
"331",0.0823156579935138,0.452872071450591,-0.451906246330579
"332",0.178300783585765,0.567856927548264,-0.238755088145844
"333",0.13214823019325,0.28839077493046,0.361354456172538
"334",0.625846509857646,0.624336751846747,1.78722178938539
"335",-0.362672856053093,-0.265114266688884,-0.939517375778278
"336",-0.368986819713811,-0.946700929987112,1.60184535858037
"337",0.817375203482155,1.0927881239457,1.67483352135608
"338",0.569992350468535,1.41396063527994,0.315157930451561
"339",-0.0610435030022107,-0.250387081564547,1.83180195790001
"340",-0.434596929416401,-0.309610867995148,-1.49763366127098
"341",0.543674818612856,1.62442930620749,0.0550357597397575
"342",-0.681886807859001,-2.42651409705552,-0.349468807026402
"343",-0.0599031363001875,0.310963019518148,-0.825522322036855
"344",-0.397181150226005,-0.894960848916828,0.946173143535593
"345",0.233943357517383,0.51257195156597,0.169985598161094
"346",0.676048028820095,2.29995496571278,0.184613135491275
"347",-0.123085608027597,0.111890313648815,-0.437293225027611
"348",0.234920207373275,0.684445603406113,-0.20090632293513
"349",-0.537809151411908,-1.10560406293417,-0.580993292035282
"350",0.892651483435878,1.48473958367223,1.50256694497606
"351",0.18216732830252,0.271274516840296,0.729383612933086
"352",0.0860769755862788,0.0980581353374281,1.06784595373074
"353",0.659156237611543,0.790465798796352,1.53220688174495
"354",0.0245860632873302,-0.123117763672986,1.86967815961343
"355",-0.476554908313954,-0.760182503446882,-0.676261680162465
"356",-0.451883895442403,-0.903603765037342,0.152944662682281
"357",-0.515591116009377,-1.03983970812001,-0.40347738208804
"358",0.0197005117115834,0.707335342703476,-1.23915474604962
"359",0.0725180189801242,0.634122756977215,-0.878395123823573
"360",-0.0830753186109142,-0.117232205078101,0.934231712936659
"361",0.513567946685409,2.57574223587671,-0.480595482218398
"362",-0.266244088384844,-0.46930306499011,0.829064190186433
"363",-0.155039440963311,-0.00421827627334988,-0.167357276231971
"364",0.371455114252709,1.20129948117228,-0.283913202977195
"365",0.311203805422258,1.92296019410109,-0.968371781868693
"366",-0.472716022005057,-0.751965314757789,-0.649007799741314
"367",0.838201879215684,0.748539641408976,2.44269190332975
"368",0.0321489752829812,0.490725265840218,-0.800016044075533
"369",-0.578497606831327,-1.16640626118861,-1.1338226600689
"370",-0.446460900230725,-0.397764031382644,-1.37253456393013
"371",0.439779034175364,0.978023324861552,0.251300535948532
"372",-0.220380589077509,0.103610230248836,-1.07046088710924
"373",0.262472233084833,1.89173834736194,-1.13380304970249
"374",-0.494803449614591,-1.08549617258693,0.0971810437737921
"375",-0.422754929937413,-0.566084292525577,-0.599845370186136
"376",0.0381020429976813,0.053690512466284,0.976967560359913
"377",0.211332133485596,0.958212395842474,-0.700560289734468
"378",1.3244107221785,2.33811601180511,2.45213568224461
"379",0.395056404465491,1.99527863166836,-0.693499148000748
"380",0.194923313393841,0.617039495329907,-0.261090291459259
"381",-0.389724394778797,-0.688044843696027,0.237973502747842
"382",0.256834452901076,0.920175150699369,-0.459303089507493
"383",-0.587664419082972,-1.08721400389975,-1.49151739081855
"384",-0.205370079121106,0.00469447890337692,-0.584526528831966
"385",0.290533243261972,1.54951717879054,-0.860814449132829
"386",-0.395074502359346,-0.351902432794581,-0.978730175962755
"387",0.159595010680512,0.95801611561107,-0.922056407034547
"388",0.0455349974771661,0.179210260742046,0.35522661202751
"389",0.352128367618435,1.65477734971151,-0.687045110565486
"390",-0.441237621420215,-0.748168075880522,-0.232851005636434
"391",-0.532204775141912,-0.964479990190936,-0.895891579982863
"392",-0.541331826960987,-1.25894380611106,-0.171838684356462
"393",0.0339724440266971,0.700968242152524,-1.16398451253579
"394",0.131056259684863,0.745835115989314,-0.781856141685341
"395",-0.317646676177794,-0.154884718294766,-0.901314841366196
"396",0.757616042595491,0.986577779278314,1.59191113678247
"397",-0.469137398911654,-0.820888660514348,-0.381611808669092
"398",0.486962174944933,0.534923014036758,1.37417162522726
"399",-0.51002017402058,-0.95017440280335,-0.588837247919443
"400",-0.441147570057068,-0.674586849689503,-0.475566170013858
"401",-0.364531994750999,-0.555967713089564,0.0561420171144702
"402",-0.453443252198946,-0.869968549314139,0.011316173073066
"403",0.0393118020657372,0.175939545661627,0.332451930563608
"404",-0.417556535120667,-0.393728908652552,-1.08129031654485
"405",0.825369076720814,1.38366459229393,1.34297191902875
"406",-0.341022743122223,-0.578425041083476,0.423195443109149
"407",-0.514342571921243,-0.827926142093442,-1.00870776181169
"408",0.273654373597739,0.835906501559964,-0.271819474729258
"409",-0.622841083070267,-1.63392955264193,-0.827352882582859
"410",-0.36746193725438,-0.931283505871436,1.55587106239895
"411",0.570840001604356,1.6701766984835,0.127308567639348
"412",0.433392208105501,2.55048384812846,-0.750956864931799
"413",0.108778994826579,0.307155376267006,0.151016423116016
"414",0.302908411904486,0.816299140837512,-0.1122186686594
"415",0.668213961239041,1.5137997021031,0.612056152466365
"416",-0.632531604438028,-1.6680614000056,-0.976986799867906
"417",0.0727695149276497,0.125834570667706,0.821326213933865
"418",-0.0365346268575937,0.230692236714612,-0.400147241257751
"419",-0.473746187965582,-1.12077266291217,0.589541703501357
"420",0.433579084740398,1.62085129457515,-0.359441505532659
"421",-0.31825753957323,-0.10231189500166,-1.08456280789797
"422",-0.64747315949212,-2.11470358851687,-0.0880753248277741
"423",-0.362292291001393,-0.205787671300432,-1.12711530186717
"424",-0.252949609413061,-0.615799557799539,1.6620061605664
"425",-0.477245245732174,-0.737808150092123,-0.753570051567438
"426",-0.380645648911145,-0.44608108979139,-0.518894954672902
"427",-0.200821676415792,-0.266034424895043,0.595448082103612
"428",1.05778959606834,2.10249677741828,1.64320897146299
"429",-0.20941394171058,-0.39613674401513,1.10846739744967
"430",-0.401299069326753,-0.742461112465569,0.288539832987225
"431",-0.115297930235399,-0.10825237473419,0.62138168698316
"432",0.56167068529203,4.28987655641438,-0.651781461661252
"433",0.971202150474436,2.18420898849333,1.28672317279965
"434",-0.178191411144149,0.078128577717995,-0.678878441535285
"435",0.132814326332376,0.411967241794621,-0.0729716326487704
"436",0.813974314962138,2.15567899945957,0.740289601211382
"437",0.00145204019554479,0.375162438483752,-0.673808334459201
"438",-0.394485668474409,-0.350787743093678,-0.976271282252868
"439",-0.494673658536816,-0.740875200911329,-0.979975482929302
"440",-0.0503299398270771,0.0861672785349307,0.182426121231725
"441",-0.469164868966853,-0.914666192494615,-0.0714310592797882
"442",0.212234333432797,0.557643899322804,-0.0488880463779773
"443",0.861430875587162,0.825932813779892,2.35883480506663
"444",-0.614337257893394,-1.97517612242097,0.495210482569582
"445",-0.633296339809351,-1.7836295190098,-0.678896995819849
"446",0.15293781917699,0.765456777705846,-0.710905620054812
"447",-0.373774587047583,-0.261360854453587,-1.05644438963285
"448",-0.271961032000639,-0.386157236860551,0.410776490193016
"449",0.352569037370299,0.494815357398642,0.820487232173188
"450",-0.529692045218171,-1.22620886289134,-0.0564661511808195
"451",0.769628777984925,1.97734355833876,0.67549160531158
"452",0.0896968185590301,0.58019872756371,-0.697733725439987
"453",-0.491555243387953,-0.716002962716353,-1.00903776196282
"454",0.512737293259881,1.6989840383804,-0.109039172257973
"455",0.0688581631183621,0.144457137432153,0.692850929628705
"456",-0.593625257878494,-1.16349337934918,-1.41478360122274
"457",0.0364779569565133,0.491772832948319,-0.780269868560614
"458",-0.352965669951727,-0.1995548225729,-1.0632692023821
"459",0.0955404821143819,0.555240040748747,-0.619304792625018
"460",-0.583197481095546,-1.35454158357518,-0.715263210167518
"461",0.290879307539575,1.62676395295579,-0.902982259710331
"462",-0.527363295357012,-1.43571981271959,0.72950279262171
"463",-0.597293174570327,-1.55560053371509,-0.438418558500288
"464",-0.403713330793385,-1.15852365668561,1.99453865040791
"465",-0.525094825570835,-0.870456026946269,-1.04800045872134
"466",0.941581808664114,1.31962235490186,1.87335142422956
"467",0.195002059654599,0.377783650162758,0.372354706327497
"468",-0.385555286960099,-0.821836302655971,0.817921270824019
"469",-0.159278515664789,-0.165956716848423,0.517916345787953
"470",-0.506613952595344,-0.994021885830617,-0.399704609353558
"471",-0.286753343673292,-0.474400496509382,0.623259906944531
"472",1.03975175521796,0.775778533824642,3.28560561527201
"473",-0.791978783501002,-4.59879663949144,0.975284551608602
"474",-0.665405434049949,-1.81017267618085,-1.49215569030774
"475",0.508277369914793,0.91811989356681,0.632480880645593
"476",0.452169643787248,1.12430256091581,0.124451942847954
"477",0.460071948686069,2.63509041292195,-0.68254158962692
"478",-0.145710390028898,-0.127020887468366,0.454987606718579
"479",-0.297328769246793,-0.664862523488343,1.33467639743058
"480",-0.124748691889349,0.209634693357431,-0.857869179905201
"481",0.418431211219005,0.840665107977542,0.362715161002976
"482",-0.50267097646715,-0.658441844185033,-1.31212521525039
"483",0.21686256879642,0.0465569191847561,2.31167384577303
"484",-0.409062668955875,-0.335124469156607,-1.17111511156269
"485",-0.0964465177765076,-0.145219649158006,0.96156637726173
"486",0.308758607502802,1.34189980417698,-0.652594286188374
"487",-0.581589639458107,-1.75877895821789,0.635759329492822
"488",0.103906853324899,0.23271170600634,0.445155124251844
"489",0.130675067912163,0.808715048326884,-0.871163588550543
"490",-0.439521635253875,-0.792636283741953,-0.0568285522287011
"491",-0.306289311119718,-0.495617286632202,0.492768279643454
"492",-0.541574422796865,-0.86696096039419,-1.3010109314765
"493",-0.201744562923728,-0.3055048155881,0.765542817172601
"494",-0.406719826277624,-1.02729050651401,1.35281738855894
"495",-0.345418020758872,-0.509126442359821,0.101586558016296
"496",0.524592388287704,3.14975787410612,-0.587995551326726
"497",0.497228538722556,0.801660271584368,0.782223781313821
"498",-0.367537625964576,-0.588115090310074,0.140749182989935
"499",-0.312927846290887,-0.293258964390429,-0.365837054897804
"500",0.408870651372941,0.520973981777217,1.02610440421279
"501",0.71959185717731,0.41437749270784,3.04146742906558
"502",0.511247839589207,2.01539599951552,-0.281231759010951
"503",-0.716041526052673,-3.12436257684101,0.570273647571725
"504",-0.596553491891333,-1.53172006683796,-0.492482629566302
"505",-0.577101658582452,-1.6349061065019,0.30445386346497
"506",0.095113403203799,0.219879458949653,0.454727413883573
"507",-0.485873800506249,-1.00799693367283,-0.0181672981824208
"508",-0.232379851392568,-0.202889736752074,0.0318309142597499
"509",0.482470124334051,1.20257957858333,0.164782445957977
"510",0.6200170452813,2.41639718840539,-0.0573804411867995
"511",-0.252454932567659,-0.222366843400813,-0.0706862656165776
"512",0.626527866858983,0.630954226519209,1.77178681973191
"513",0.454292606364504,0.569381773017785,1.11128718650896
"514",0.431784182858865,1.43764491374719,-0.242108543773492
"515",0.49977718167239,2.90914337503738,-0.617364702628745
"516",0.634615209875584,1.99582923205859,0.17532752913818
"517",-0.0558695486709145,0.0284340053369339,0.423641558847505
"518",1.18827201648561,1.29778875665908,2.88199567173817
"519",-0.309675585038367,-0.512484173138755,0.523751394390771
"520",-0.600268569277152,-1.69194519010057,-0.0862130449893987
"521",0.303220765541404,1.08387208559785,-0.448501112880185
"522",-0.544535586711172,-1.07358676955676,-0.789804999227838
"523",-0.370558341482341,-0.611452788148528,0.191978481913303
"524",-0.303508180646212,-0.563517336902549,0.810252585222869
"525",0.493089385535319,1.57000411741854,-0.100391202457695
"526",-0.101892200500978,0.205225091376952,-0.698024589288011
"527",-0.520409536842717,-1.03381079394761,-0.502037476685091
"528",-0.673306849176106,-2.10399328753583,-0.995479372697764
"529",-0.501130568112162,-1.09117761477104,0.00780452389320319
"530",-0.580868961228593,-1.40676669102285,-0.515454110602739
"531",0.382852931032358,1.8854609104997,-0.689538125459281
"532",-0.328931971206628,-0.445012959703894,0.0403848777114804
"533",-0.460703050214879,-0.827845454438998,-0.23785555869045
"534",0.440728492131165,1.54023520539313,-0.280297269982516
"535",0.641173672308094,1.3057134182273,0.696288343064245
"536",-0.322662721981408,-0.482805229925472,0.256759697736625
"537",-0.535122831841227,-1.15445346014135,-0.385380145573255
"538",-0.73067247719019,-2.89774155180974,-1.29393274513292
"539",-0.325779062434231,-0.0307263834342473,-1.37873203501664
"540",0.548314578479207,1.00727113676891,0.672038788038739
"541",-0.385423014258347,-0.669272473541459,0.223068966810991
"542",-0.316482383979857,-0.339078555124605,-0.230597207066466
"543",0.240706573157855,0.880837086120019,-0.479109746489224
"544",-0.275792965226094,-0.32554881052123,0.122748163060896
"545",-0.533783014779951,-0.982658163407824,-0.86983034927055
"546",-0.291519639928628,-0.054653690790835,-1.03024579806052
"547",0.32975018788808,3.42664589854907,-1.28737279466145
"548",0.0718106930267981,0.418141518943571,-0.41508664547042
"549",-0.529065324458806,-0.923842393725068,-0.960518452590706
"550",-0.339724004285679,-0.593256484408629,0.498289739050761
"551",0.635487305496602,0.79777485906131,1.41037664956362
"552",0.993854349294293,1.73421444180595,1.66570511281519
"553",-0.672157781639093,-2.10221640538731,-0.961585717070296
"554",0.2168174965953,0.212018749442954,1.24853184262784
"555",-0.261996494382632,-0.159223306355231,-0.403801891882665
"556",-0.287352281372108,-0.413428444398446,0.362082433641417
"557",0.182469874868234,-0.418547322846436,5.39504902657295
"558",0.619150311949571,1.80520166013687,0.223470829467332
"559",-0.19616406923401,-0.275494104745944,0.682497732853451
"560",0.733500187081561,1.62171898258961,0.775540452926004
"561",0.162352619217721,1.18391544743286,-1.11800779067316
"562",-0.557438254202174,-1.59608953851451,0.643794770693364
"563",0.0180949058617227,-0.0187293230934089,1.22602679972024
"564",0.0399547979083447,0.854453968647142,-1.32949273621022
"565",-0.544445287024936,-1.40799279646605,0.262538590213474
"566",0.101339113396679,0.342632321591685,-0.0211162611439937
"567",-0.575699268615065,-1.41484189672948,-0.381098026740958
"568",-0.656689554644697,-1.81435100958369,-1.2402091475478
"569",0.148023496871583,0.358101645920431,0.183749798182015
"570",-0.382776914701879,-0.631190497041855,0.114342475284972
"571",0.00331235196229468,0.638426139146447,-1.2150433594175
"572",0.403929538053025,1.23595643131886,-0.184964875893398
"573",0.529074846419719,2.60642187846701,-0.436144278875017
"574",-0.670336145334043,-2.07219636556061,-0.982853527390668
"575",-0.299821670568375,-0.549608856307543,0.794283439539607
"576",0.740082661703424,0.990395420050839,1.51102425310821
"577",0.357471214431234,2.74706154835989,-1.06377630585758
"578",0.503015161191632,1.06056210748155,0.410683610852892
"579",-0.687372679417154,-2.72319953526073,0.506466407752611
"580",-0.158691540194943,-0.619258844395752,2.8467022671564
"581",0.891918263267233,0.941327003336996,2.24836915517552
"582",0.267618301502427,0.329843727246454,0.959261996991242
"583",-0.054334230781376,0.233608150826336,-0.5202057113156
"584",0.224989857714658,-0.322861090953296,5.07127336396451
"585",0.369252604835201,0.50610604764617,0.871079194830811
"586",0.366656203854412,0.756166979909125,0.275896413820247
"587",-0.561735544594969,-1.41890084974828,-0.0697061952728417
"588",0.33519299387219,0.906363676314981,-0.101274484155098
"589",-0.63537088852732,-1.57891916325773,-1.27385743013778
"590",0.378328163369664,0.912550151641223,0.077404067425388
"591",-0.486919424017048,-0.763906924840642,-0.807314563492489
"592",-0.599067641521805,-1.78306132277272,0.251214787435998
"593",-0.559992153151506,-1.18589953724755,-0.743563634256992
"594",-0.428850751718839,-0.526277443097503,-0.798168572534746
"595",-0.678342763219515,-2.3733718260027,-0.378132536349257
"596",-0.398212369937,-0.267650542749004,-1.26806138879321
"597",-0.172067096650421,0.0454407120145552,-0.502551223496707
"598",-0.0591598162041411,0.254818178811731,-0.630668472222396
"599",-0.39516248673863,-1.23460851909158,2.52107070620528
"600",-0.333187361312486,-0.398077210271173,-0.182154661247413
"601",-0.322751443105944,-0.734555492400434,1.31627551964062
"602",-0.0232275655740343,-0.0267568638094298,0.950513508935766
"603",-0.559523142259188,-1.42493957590922,-0.00247083528111736
"604",-0.632635305284352,-1.71385355466648,-0.85637466108
"605",0.93082055991681,1.04826600363299,2.21888459249866
"606",-0.306492634541544,-0.329032629830885,-0.168686077960284
"607",-0.112722495721213,-0.171181379367346,0.949760535249577
"608",-0.465071201436677,-1.0275671116123,0.391631100587729
"609",0.864119856795745,1.79024750560338,1.14076476490541
"610",-0.570129739760393,-1.29035248806688,-0.636522729964934
"611",-0.574702526756973,-1.67378200966346,0.502802972528919
"612",0.000882704553426567,0.386913250192081,-0.709543889674349
"613",-0.352374043525283,-0.562961565076121,0.226861513839328
"614",-0.603061481827618,-1.27956441791288,-1.31074704149017
"615",-0.576331942152002,-1.88613063160891,1.28561371425865
"616",-0.378055916274226,-0.880113445093542,1.17051124649486
"617",-0.222286758972247,-0.012341395892228,-0.646224686200424
"618",0.636847277040408,0.941210969994003,1.15060253290371
"619",0.346152555406029,1.02676617429333,-0.206431647051509
"620",-0.539146774820244,-1.12231673662546,-0.554565372999047
"621",0.749822315582214,4.25402500027284,-0.042268830092431
"622",0.119312031414527,0.386302025633341,-0.0667582618921847
"623",0.579441641994952,2.11712446254431,-0.0812256291474971
"624",0.249534302089709,0.764047903525391,-0.270180173253917
"625",0.389512954514157,1.65031358931733,-0.543546292898936
"626",0.239218045805554,0.893143452340431,-0.501583699823438
"627",-0.38383457067002,-0.811929340173175,0.802185708653359
"628",-0.251942005608142,-0.0529876556083522,-0.72252646466258
"629",-0.531314794710025,-0.989786259183885,-0.810018777932072
"630",0.568797221869619,2.42994735497649,-0.24139036090616
"631",-0.345814940603277,-0.639738625661032,0.61097494621218
"632",-0.539542567190251,-1.30064237736927,-0.000922212081682972
"633",0.300412170000465,1.09980278146949,-0.476372342992885
"634",-0.259836551956526,-0.786858885522601,2.43297722823358
"635",-0.605497732277355,-1.4006125012956,-1.05468831022987
"636",0.248494792142247,1.76189353168269,-1.12918299066826
"637",0.203315056773326,1.18966946214028,-0.956084772775449
"638",0.0361698496522844,0.51912446823656,-0.840355362830561
"639",-0.405149794566799,-0.642675072606903,-0.124866925954295
"640",-0.113097127594234,0.138380928581351,-0.484234348892475
"641",0.698714649734875,1.75680883091889,0.549078220596859
"642",0.139024514726619,0.386029768832218,0.0408303909789738
"643",0.246303130937431,1.33716038554932,-0.895911829330872
"644",-0.69443358696003,-2.79702525070305,0.439060819375825
"645",-0.275119187117995,-1.08216741161585,3.8453430425768
"646",-0.707798119883754,-2.56727011052573,-1.06063078277265
"647",-0.694524874523706,-2.12718280779793,-1.65913741287645
"648",-0.253726769449352,-0.202699782885405,-0.160872890324988
"649",-0.291895889452899,-0.419491470827014,0.338553819955199
"650",0.816884096517686,1.22869888160292,1.48674872136732
"651",-0.528874231615163,-1.11382987360739,-0.400264789897871
"652",0.823033879910232,0.983110214214333,1.87626092596249
"653",0.608808320107265,1.54881383520082,0.356702359074501
"654",0.406702721650262,1.00728041392023,0.0727344940204873
"655",-0.566237128935346,-1.14842652110159,-0.960719983700929
"656",-0.419918905044526,-0.572158695473215,-0.546173981543822
"657",0.636501330399636,1.5141415565473,0.489898763023878
"658",-0.418212955278309,-0.646938749325147,-0.274944461479012
"659",-0.50080517379681,-0.947436475708351,-0.453215746689275
"660",0.887946521513479,0.19396355694628,5.58727985061846
"661",0.355979799299833,1.07988432475668,-0.224922278511013
"662",-0.346567944730268,-0.132597127993661,-1.22264247601942
"663",-0.405107261727836,-0.737739449105645,0.219471375364582
"664",-0.421071779483747,-0.5938827352168,-0.488628679933325
"665",0.442547327140243,1.22819367548165,-0.0220479046687425
"666",-0.402795872101368,-0.902170158485165,0.890869093842251
"667",-0.483905167473913,-0.821035505485726,-0.592418628169239
"668",0.106819012388271,0.395513747793596,-0.162644103886532
"669",-0.491176768802972,-0.937006145760581,-0.336371242988827
"670",0.0157366074090705,0.523270477696962,-0.951335838967337
"671",-0.395288947450899,-0.942807180753614,1.17481645365861
"672",0.690955213773781,2.32514429172929,0.226900650173479
"673",-0.385720210116949,-0.308534497504777,-1.02203167714973
"674",-0.507139310030261,-1.0743814690214,-0.150913514567364
"675",0.991510728440728,1.88299438841899,1.54535595949327
"676",-0.000696530654774596,-0.396077039748106,3.29658606013492
"677",0.0156150258613461,-0.09779551936797,1.64925273419351
"678",0.580465193858804,1.50740286247721,0.279751277376061
"679",-0.619912225866243,-1.54519124623076,-0.995915934416503
"680",-0.499897708897171,-1.06967586574499,-0.04341150396343
"681",0.459186105869356,1.08759958404709,0.195292005123919
"682",-0.398427622538444,-1.06696266627314,1.66629383731041
"683",0.0313584649049319,0.218377221459884,0.0697109847908943
"684",-0.43190441116908,-0.804036944487402,0.0905857815993576
"685",-0.146313625623198,0.0477787480451007,-0.325698978960318
"686",0.11968014405025,0.823972978152694,-0.939992283938783
"687",-0.0759056998255402,0.340231096559231,-1.0022797874315
"688",-0.378428601694893,-0.972677536041166,1.57031422136569
"689",-0.48590950757117,-0.722276414770479,-0.915821799471923
"690",0.328895663129668,1.39899959859608,-0.615149962431716
"691",1.3452414959468,2.38652437905557,2.49782228946069
"692",-0.513149751232942,-1.22652386968462,0.256422804276292
"693",0.431237845577671,0.109104423116779,3.36584251889198
"694",-0.598766068181076,-1.93037624253166,0.800348060808022
"695",-0.64967839955132,-2.2963889665999,0.482435748121215
"696",0.637758127971091,0.795392135101146,1.42554435243715
"697",-0.357347652893264,-0.452188978416264,-0.243070828408989
"698",-0.511928949651787,-0.744572385045159,-1.20335070315653
"699",0.141197159545517,0.518967554784155,-0.312454921899154
"700",-0.224084079106596,0.00224766948665221,-0.71602151971055
"701",0.487107393785779,2.49586376853988,-0.548032557681183
"702",0.323568020103613,1.46431052878131,-0.680714968397054
"703",-0.0589760336523829,-0.0995737845865517,1.04430464092153
"704",0.415846626963946,1.64810800157393,-0.44291636674624
"705",0.2674690106115,0.658267045340431,0.00193823912536306
"706",0.433279386844199,1.583658306638,-0.337226373208906
"707",0.341507087849891,1.44074548961442,-0.595237341251083
"708",0.189499915922186,0.0515458720795491,2.08099459231219
"709",-0.371490873514186,-0.368527350204333,-0.684229162103924
"710",-0.357381172486061,-0.171414984406902,-1.19252101434233
"711",-0.221164384659879,-0.0290311005986921,-0.572742970369141
"712",-0.0955985876179192,-0.154714886951747,1.016538893908
"713",-0.668184714093968,-2.61642752884715,1.00890755702945
"714",-0.256796257154362,-0.36140537589115,0.462602069596682
"715",-0.0323447084630069,0.121274315644824,0.135897427198111
"716",0.295258242290283,0.579509486167945,0.306979238787649
"717",0.933419475322683,1.33713830404959,1.82012612661131
"718",-0.654044613331625,-2.64665538661306,1.84910663001879
"719",1.4390721377929,0.970660843828813,4.5296118950753
"720",-0.407860135277902,-0.718130542773454,0.110550554584342
"721",-0.395070345331906,-0.641381072119819,-0.00252180812930769
"722",0.618242401557858,1.21264738101177,0.70365466052472
"723",0.552628424139552,0.740766184958076,1.15558436146082
"724",-0.452440623730478,-0.889714572323314,0.0953776669887518
"725",0.00440055310000189,0.269628245478518,-0.309842579268532
"726",1.14661531130628,3.08933457949184,1.51570307702789
"727",0.172386729324359,1.31951646810009,-1.17633985740522
"728",-0.59719579065041,-1.98026364418753,1.04606594679407
"729",-0.51089269645375,-1.53009322439452,1.47636055313307
"730",0.0629209593015388,0.189379205171193,0.412136540445644
"731",-0.158389196280355,-0.00233224669112144,-0.200852383978556
"732",-0.722139631735277,-3.06324501723464,-0.14624465428002
"733",-0.697966857157859,-2.6705506986837,-0.246631568111885
"734",-0.497085291103483,-1.78243824125783,3.02395759402002
"735",-0.546101162573672,-1.25421419405223,-0.278574781861518
"736",-0.0599031200862275,-0.161624868627141,1.36156884882207
"737",0.915473079449567,2.91370734100649,0.791551881022191
"738",0.631075422990774,1.47623281727463,0.499942607895651
"739",-0.00264069043501916,0.0206226076651264,0.857020166662974
"740",-0.70103294502739,-2.62179560406128,-0.56774326096271
"741",-0.29572704738473,-0.20596091041356,-0.526507995571741
"742",0.681615012667704,0.833428186062381,1.54328683479806
"743",0.302877214277724,0.817378314827132,-0.114023628412348
"744",-0.35057013425417,-0.274336885306414,-0.794029355187932
"745",-0.563474042544981,-1.55514113076211,0.352362346310235
"746",-0.16345100111456,-0.204621647044541,0.659675767439911
"747",0.547366343292799,1.75641226093776,-0.0140788499578322
"748",-0.172965763425049,-0.0180513553532422,-0.245274713490316
"749",-0.214246488052539,0.0258971892598038,-0.733497918223331
"750",-0.401384514473888,-0.941423480835606,1.07416217622829
"751",-0.0600873289833555,-0.0820003385898099,0.944768592603368
"752",-0.142887224572294,0.0456379707301181,-0.29169935414643
"753",0.283805632962757,1.20444683621228,-0.641932248418641
"754",-0.526676863078688,-1.91918752776099,2.90522599460612
"755",0.112705217437355,0.886745741782141,-1.04622988079124
"756",0.320984680752614,0.879245358424578,-0.125415919604826
"757",-0.386162648964888,-0.776912079443581,0.628887816321049
"758",-0.117605322416736,-0.301799916229625,1.56809571368069
"759",0.557265724564181,3.25548797087753,-0.500835989150831
"760",0.0956107863194653,0.580145320994408,-0.668771616513375
"761",-0.777974048893843,-4.12972618348203,-1.06577139396347
"762",-0.205974623197466,-0.393978507270207,1.13431080622896
"763",-0.257036528171497,-0.158834525762844,-0.362293846763745
"764",0.403123181178813,0.800542814329715,0.362085245750462
"765",-0.529570038526207,-0.913938696444495,-0.995676340587616
"766",-0.29142001101787,-0.860282960422065,2.3600737516929
"767",-0.594073414828322,-1.71283883544378,0.142958557098642
"768",-0.0488005117592399,-0.0275557686168033,0.756622724896484
"769",0.588029145108062,2.47213367478264,-0.188739993308255
"770",0.20918054946096,0.900274132407676,-0.641457168117105
"771",0.215253460585721,0.548019559835234,-0.0114562091334027
"772",0.827819438718137,1.27524279073408,1.47378253430988
"773",-0.356213446028731,-0.192879704288208,-1.11382153652346
"774",-0.36993719295669,-1.54354412600275,4.81050200309149
"775",0.165602314338951,0.626194570858176,-0.419557308815302
"776",0.74502051343112,2.15696659582489,0.493203689597282
"777",-0.652703603790237,-2.1240714395353,-0.235559266397959
"778",0.258974710721708,1.18630656435059,-0.727040032267934
"779",0.330166883485858,1.48943660056701,-0.671632965027635
"780",0.567135736730718,0.584870825517523,1.61813312696418
"781",-0.522441027859699,-0.897211435549885,-0.934087900843053
"782",0.460802477268895,1.37630336210691,-0.0808010840622613
"783",-0.129405531639681,0.165190423177497,-0.705105329987649
"784",0.6200349283808,1.66351415243605,0.316913598237735
"785",-0.576693841799798,-1.36566904377523,-0.549179986780852
"786",-0.560096047089182,-1.35943820903186,-0.225734189581057
"787",-0.195157430698826,-0.433928886615246,1.44195475479666
"788",0.548565561294694,2.54224419511362,-0.348994043743794
"789",1.17542916873838,1.97858123980117,2.14944765619339
"790",-0.559253305616767,-1.20076217530983,-0.687419271149414
"791",-0.610549520205824,-1.60146896496674,-0.618747579893549
"792",-0.58640577145767,-1.77979153400305,0.583790278502043
"793",-0.024051023157982,0.331615662065649,-0.686579304672801
"794",-0.00364640819897427,-0.177931442605867,1.94400144938079
"795",-0.219506343367893,-0.544640369813667,1.71511439641024
"796",-0.176915665384881,0.150011951674309,-0.954148777551338
"797",-0.530211198234685,-0.930021038792431,-0.960994842405541
"798",-0.147757207137044,0.0967999679847221,-0.542828470398723
"799",0.336914257738822,1.64751615019701,-0.740398403774379
"800",0.13273978480312,1.19612265272453,-1.24769644700737
"801",-0.279182902776258,-0.629954077712341,1.40334591172845
"802",-0.501259469497241,-0.986588626912099,-0.337083807562969
"803",-0.127804578575387,-0.792246722026508,4.31241774419664
"804",-0.586359345061287,-1.11384785672643,-1.40520697030397
"805",0.172721135872336,0.598865067063957,-0.33136372919664
"806",-0.17280292518897,0.13502377262115,-0.868147752039225
"807",-0.02473107187176,0.0340309153095938,0.624466043449686
"808",-0.500718727048327,-0.625819685940541,-1.37390414025455
"809",0.728716205296743,1.41240989576739,0.936062561934466
"810",0.479408493434181,1.90798725781873,-0.346392024136629
"811",-0.7385136726722,-3.14199240311333,-1.01547969828484
"812",0.256609264690849,1.07427233011753,-0.632677013007746
"813",0.233279558685858,0.565317170716288,0.0369109897107904
"814",0.570591819743134,2.07457105553297,-0.0939405835485756
"815",0.479802535135041,0.443912024436255,1.6494769004949
"816",-0.315910115509149,-0.0700282641461797,-1.17293091928266
"817",-0.558855424066726,-1.03935418310043,-1.12426928990773
"818",0.306402854993426,0.0697830155572336,2.79265782606593
"819",-0.463757082127202,-0.881433278285054,-0.102595112811331
"820",-0.331964224625147,-0.88981240809182,1.90380876044368
"821",0.614407697226766,1.55869622688164,0.370631409037991
"822",-0.0517130754146885,0.0894666901603405,0.156882802533471
"823",0.473731758039933,1.12473799827954,0.212772008993718
"824",-0.435599145425397,-0.367826033382021,-1.34421258872179
"825",-0.560085384917071,-1.71262867544386,1.02536860969692
"826",0.651682627344625,1.82541034824743,0.331711720264788
"827",-0.586442185583608,-1.56723241969166,-0.147170960856503
"828",0.229595815647778,1.17684525586508,-0.838498938266739
"829",-0.645736885284804,-2.29715769952499,0.637320467275208
"830",0.200466933642485,1.54807445876147,-1.2044247836633
"831",-0.334880699328552,-0.17518007336661,-0.982848369925543
"832",-0.523506615853847,-0.998326770992297,-0.659311817226324
"833",0.806399249908858,1.68064212877093,1.00557907894546
"834",0.371642882762003,1.86779967644562,-0.722547975935007
"835",-0.202832145610087,-0.484264357378596,1.6062174021661
"836",-0.339948159363896,-0.782061202951197,1.29269170079062
"837",0.438478167288034,1.81363369056736,-0.449665105755784
"838",0.844212280259991,1.78118750886527,1.07330817884096
"839",0.770175121524433,0.337291304124521,3.73929695327154
"840",0.360018599199708,0.43190474568982,1.06509736358427
"841",-0.498486345378163,-0.899806514529761,-0.564794432937244
"842",0.050356065088154,0.66192156235846,-1.02886345415679
"843",-0.0427814749236655,0.128361862548226,0.03135271744264
"844",-0.0344435422474215,0.080839056047117,0.319724208853267
"845",-0.105638685994203,0.155834056279263,-0.510563483360077
"846",-0.243840193182075,-0.148946851082665,-0.287058198639319
"847",-0.374139242035502,-0.346638097716225,-0.784015695520454
"848",0.415765924810345,1.77711453330521,-0.51490026694785
"849",0.0647206513040964,0.35329603115395,-0.260197759131026
"850",-0.503160517834049,-0.848203349232199,-0.78882705718251
"851",-0.475045919066201,-0.849905559249417,-0.373417780754346
"852",-0.439388689570396,-0.724066150344829,-0.289050604098965
"853",-0.327465931246677,-0.337702452911106,-0.345794796040326
"854",0.378309166331918,1.45648936348801,-0.46332053150833
"855",-0.614701831700881,-1.50151494126972,-0.99156450396345
"856",0.0524140567298412,0.364215161359639,-0.362567959920068
"857",-0.640662612598604,-1.72750419593927,-1.02951361236749
"858",0.30005997230474,-0.0115681293141192,3.339991077008
"859",0.684131920187389,1.14913549215988,1.04774118238787
"860",0.908657906517342,1.6082225043153,1.45030632811822
"861",-0.317438598592722,-0.61107198654294,0.84480083401872
"862",1.07034830436124,0.79306810474162,3.37603715867467
"863",0.115371166547133,0.498829342471376,-0.395353180966752
"864",0.287987331188787,0.561135301462379,0.31595301652845
"865",0.33316342172652,0.888717867892087,-0.0855410280177344
"866",-0.705282116195133,-3.11148353862379,1.28681147278475
"867",0.129222714009516,0.187866764209033,0.840555030234403
"868",-0.627395089223099,-1.63710585477457,-0.931199877715871
"869",0.209875668652953,0.3311884992975,0.629094626755922
"870",-0.501029405999193,-1.25534489199791,0.591109081042292
"871",-0.021453659360876,0.238886161366545,-0.342303764063622
"872",0.341442297965717,0.902725945686828,-0.0690715636842485
"873",-0.234880048513999,-0.309033300537103,0.457108230757548
"874",0.245387079554631,0.585258996325076,0.0505210798397013
"875",-0.227581778704251,0.0112985320292131,-0.776794932706527
"876",0.539652317241348,1.87036060401397,-0.106304819582014
"877",-0.007362147907981,0.068210315225764,0.574684806721993
"878",0.1611323142235,0.310616048017911,0.436284351750758
"879",-0.356488754349881,-0.303873731651118,-0.751534408955105
"880",-0.0649494587541833,-0.289952443048043,2.01451215295266
"881",-0.635992504323728,-1.67546444336505,-1.04506272985221
"882",0.388313692896848,0.45347737926404,1.13781506549345
"883",-0.219149434140457,-0.270400007470885,0.441011706175536
"884",0.218173986179612,0.605475574857101,-0.125398632568612
"885",0.876683370959576,3.90888885407892,0.423842497982595
"886",-0.46387894863626,-0.928562960971737,0.0574212824894254
"887",-0.564197282711048,-1.45803509568461,0.00502599586506847
"888",0.302956912633663,1.28444164125672,-0.631281028247231
"889",-0.0598549116083767,0.28986059250578,-0.757441710895266
"890",0.299767216985434,1.48083211794995,-0.783453348953546
"891",-0.523649227254619,-1.43126104047785,0.792869364879961
"892",-0.674054611893958,-2.29779512384178,-0.452242247160874
"893",0.301298580004392,0.884781886264927,-0.219309133409216
"894",-0.223877127270949,-0.303583060951317,0.540893128897056
"895",-0.0334257667565514,-0.367620895227513,2.78009163649386
"896",0.33665795292273,1.71655123596077,-0.778259314626839
"897",-0.621351162934848,-1.67065103672869,-0.687540752490165
"898",0.267498660377703,0.303816394424954,1.07395228508016
"899",-0.723774557846561,-2.83542077339363,-1.07928176552536
"900",-0.612471114276932,-2.03364629542246,0.775629736562742
"901",-0.453270839280331,-0.495112899948057,-1.17092666555373
"902",0.121504546673427,0.841196403331517,-0.953474237103439
"903",-0.513758981768308,-0.789859184969474,-1.10560896699849
"904",1.47713587429443,1.68552166319871,3.52049897709587
"905",0.0860622054589963,-0.0533347637692809,1.95681229220101
"906",-0.379315212187346,-0.396650224383634,-0.671314369428139
"907",0.437934640723818,2.39004086618656,-0.686337352117672
"908",0.197931821102864,1.27726601189279,-1.04513519741985
"909",0.138094206050781,0.291905872189287,0.381059378351288
"910",-0.033402739743704,0.575958647479786,-1.29132642209482
"911",-0.174477549456907,0.0549240329570868,-0.55872766930866
"912",0.112898904947647,0.859138252991253,-1.01325620367226
"913",-0.693009935739353,-2.40231648126974,-0.891002967831362
"914",-0.282302119336785,-0.468861399115081,0.6491366321219
"915",-0.269932650974408,-0.52533217876004,1.03645893988428
"916",-0.544082148022651,-1.74229124397357,1.56854338828758
"917",-0.505560584052388,-0.863088123709735,-0.780373690584875
"918",0.146876145272617,0.73699102583803,-0.696220963608762
"919",0.037001781254804,0.293966935903649,-0.211489635105238
"920",-0.473368197496699,-0.47825615298128,-1.44347910602494
"921",0.612143645584003,0.695486881723655,1.5346313723195
"922",-0.53790009538215,-1.35263421041037,0.207786465301475
"923",0.0998709041009705,0.250943516724481,0.33507382396426
"924",0.312810945560548,1.04751047584934,-0.369877483448401
"925",-0.483748689066507,-0.926738575891681,-0.254814205875176
"926",-0.0282660561187968,-0.107229982453553,1.33885261547366
"927",0.415306361427952,0.89730009461382,0.260342258918195
"928",0.510988099970748,1.14548209757436,0.342471364695198
"929",-0.514075769278748,-1.31952753585506,0.572694457177708
"930",-0.629219818044386,-1.45799444659729,-1.42380511069854
"931",1.61532608182538,1.90930960208584,3.81013896510203
"932",-0.310722404287874,-0.596895954223171,0.866479086945927
"933",-0.027043210558833,0.328461436027512,-0.693670169142968
"934",1.14422160385642,1.22418873294235,2.81335532743413
"935",-0.677408202406762,-2.02956287004767,-1.32384673854635
"936",0.435464147285458,0.848230077753213,0.425674822647157
"937",0.0391299617953444,0.587556084274682,-0.957798248319293
"938",-0.638526839231264,-1.78416090770228,-0.819859968305854
"939",0.540709501001137,0.96807430274709,0.696205232018184
"940",-0.708263598863435,-2.72812255848499,-0.576459283262551
"941",-0.414233253757931,-1.186702682621,1.93450657213057
"942",-0.518523549967443,-1.27418342659027,0.321103526999774
"943",-0.732196256765773,-3.17747643860808,-0.39838054271519
"944",0.0330878530983779,0.455417138253999,-0.714105049587207
"945",0.732794865836805,1.22104946680077,1.15683733006689
"946",0.390349175825206,1.36860497689626,-0.351474360539129
"947",1.42509114456443,1.97817868250171,3.05702775568615
"948",-0.366609102398497,-0.82446338604018,1.10032774387596
"949",0.231557219041838,0.00577261693739619,2.69684356467668
"950",-0.526455837503883,-1.6517116497336,1.6276416547691
"951",-0.0287940354248847,0.167172674485353,-0.0624412843328392
"952",0.314819738541055,0.58741840302828,0.383382961634725
"953",0.876831366871434,2.24696179148986,0.918975819477343
"954",-0.430017946893047,-0.458664124200217,-1.01893491068986
"955",0.182119583533041,0.742791458948183,-0.543765039600958
"956",0.0972200274545746,0.249120358420994,0.327521635110589
"957",0.0817614804005782,0.258129932391395,0.195031424201594
"958",-0.429324404758289,-0.489532867297041,-0.917348938849671
"959",0.43597813789462,2.4867980177129,-0.7232778859676
"960",0.0510182800463674,0.228715916554521,0.142075527481413
"961",-0.41535854112522,-1.36906967206272,2.80379390493282
"962",-0.531012575447168,-1.55445428620052,1.10995870784855
"963",-0.665152344613239,-2.21527505606668,-0.381404635154452
"964",0.0796996244844364,0.292590505869492,0.0405268998884325
"965",0.142177627236724,0.438429499961163,-0.100394237921047
"966",0.746346857603509,1.20895104940304,1.22630314845353
"967",-0.37866320594582,-0.544219591986418,-0.153309861232969
"968",-0.533842406126091,-1.77885951005596,2.00719896598167
"969",0.0796735324659882,0.0508558674540501,1.29261093393363
"970",0.252550917172666,0.535312154451544,0.204896269951789
"971",-0.123061482310296,-0.0434921328003293,0.254499651286101
"972",-0.525710333192065,-1.43872233342484,0.776713888485124
"973",-0.573690984213875,-1.96414299808098,1.70282199919121
"974",-0.472635507093743,-0.839852085685203,-0.370762199107066
"975",0.582264710413449,0.808009177153165,1.15106786982225
"976",0.163118236721941,0.857977628922517,-0.790539158582469
"977",-0.501734655102878,-0.863899194585661,-0.721599402979596
"978",0.893189317824652,1.40202325051248,1.58912399376477
"979",-0.147600551872657,0.116619695758352,-0.624106786068383
"980",-0.560388786590196,-0.934172682867638,-1.41641561648889
"981",-0.473315692927415,-0.992142038672703,0.130509166115321
"982",0.188780613563599,1.04661255639907,-0.888810714053545
"983",-0.529440552946869,-1.11406242825667,-0.409447648047075
"984",0.154521595995914,0.408854297326023,0.0522402939238393
"985",-0.589673857610481,-1.51187229706075,-0.394360155553662
"986",-0.099767559114139,-0.475950571785383,2.71345917175148
"987",0.229515044395432,0.661493015226734,-0.183413741185911
"988",-0.667588173890915,-2.02420131644577,-1.02315452879176
"989",-0.0106266912847481,0.526139477935379,-1.08902621210989
"990",0.401405754615158,0.798453193215665,0.357999731702753
"991",-0.555461541196601,-2.01405263927784,2.51009937143433
"992",1.1186691206205,1.60118122903792,2.25372881307138
"993",-0.559926318571947,-1.43862413484124,0.0340697095303217
"994",-0.470156553182892,-0.974020024896833,0.117672043511789
"995",-0.407621420393408,-0.456487517783214,-0.779569909339233
"996",-0.405758955885207,-0.603476895957524,-0.269310433930535
"997",-0.548940146798887,-1.46038811180959,0.348554209880507
"998",0.167164353831826,0.673699814968452,-0.498980089612151
"999",0.217643021200419,1.34739098247107,-1.01621386750713
"1000",0.351408278024513,0.568859067632727,0.608120226515827
