"","x_pa","x_child","noisetmp"
"1",-1.4532372521654,0.855185013896323,-0.579701015819091
"2",0.311012184353478,0.591101060780896,-0.55611053543957
"3",-1.17154619435913,0.734440213701493,-0.790752509586725
"4",-0.0731632629560587,0.621537843231794,-0.697335177607637
"5",0.240485741492289,0.686943994849281,-0.356167292876168
"6",1.13564802703732,1.60274276034936,3.67918876780723
"7",-2.36057614465534,1.20048314948635,0.0173299085182492
"8",0.723399850038318,0.706878600330551,0.129716353277973
"9",-1.57910648049612,2.67820388862273,3.44947256617297
"10",0.753968824272421,0.286621054819073,-1.02062700691448
"11",-0.257930697243754,0.722679572517353,-0.533328808028383
"12",0.732153899082622,0.525702695101917,-0.369132139463368
"13",-0.933931095332028,1.33605434628383,0.650876531982831
"14",1.99916381363282,-0.385015359321884,-0.225050371458926
"15",0.270770814386894,0.908943638094922,0.2370135883044
"16",1.85538681594646,-0.35649184749408,-0.70253177941248
"17",-1.36628271329685,0.651725891495234,-1.01830707426437
"18",0.17670093000844,0.660799444073336,-0.463861799395848
"19",-2.65709884113406,1.54424121312304,0.710891838411967
"20",1.78356564569628,-0.00292433126870487,0.835106118717899
"21",-0.788495098455237,0.912829807454741,-0.278341193205844
"22",2.44521730844868,-0.084765151433732,5.20695854903896
"23",0.725252874969603,0.511575710648522,-0.416322011015779
"24",1.03459555068985,0.706336710236636,0.605644667856825
"25",1.43045600218269,0.192774705373436,-0.110326088881296
"26",1.25710842830554,0.888428349285024,1.76122761000895
"27",-0.0218199452460869,0.754757645403688,-0.34157871818721
"28",2.71811632159819,-0.79564992628055,-0.892507251686377
"29",0.769983316634299,0.576736462066397,-0.181699247424893
"30",1.78740882261448,-0.255465447542007,-0.464438855397214
"31",-0.568512079838177,0.613399791493093,-0.908978405810233
"32",-0.26723338246172,0.969673840224345,0.0604932434423047
"33",1.73504256070081,-0.218060025436019,-0.522969032596269
"34",2.0483253801777,-0.36496795394867,0.144720402716787
"35",-1.25771969694986,0.766834005501702,-0.736686594015434
"36",-0.181086479696088,0.771171327948725,-0.380966253616531
"37",-1.1963338846954,1.58174884392389,1.12309328893116
"38",0.894986259169774,1.59947136866739,2.98307600317629
"39",0.179815743856979,0.431749873291428,-1.04523961663558
"40",-2.60860049353775,1.0368937524922,-0.369939952938692
"41",-0.360361032077127,2.42643579321226,3.51288548542312
"42",-0.919189196365415,1.24510145420504,0.446690256309219
"43",1.02721887578539,0.364026330509253,-0.455989384317834
"44",0.477776379749694,0.742340259988534,-0.0279305656784938
"45",-0.532742289134463,1.5865158864463,1.40399545548217
"46",-0.379230429918677,1.55811230031821,1.41853525820355
"47",-1.35378145869809,2.45089749686307,3.02720762464569
"48",-0.618419329024468,1.47601792884849,1.10225320594019
"49",2.50276623443838,-0.583434057684359,0.580533439653162
"50",0.0607922226694681,0.633859541878425,-0.598798404661891
"51",-0.759472421823246,0.625937802950422,-0.936307391666002
"52",-1.92591318437329,1.176637160306,0.0392767882258296
"53",1.50030656836808,0.0841837371088273,-0.277292382742917
"54",-0.0828799818025259,1.55224760471131,1.59344929578146
"55",1.7822018763033,-0.256541256764574,-0.494681058777885
"56",-1.43427184623022,1.38375056065026,0.607431832273242
"57",0.336517124286469,0.446077520020179,-0.916384305295692
"58",-1.53962313093005,2.17426874939652,2.34155708465397
"59",1.5810839727956,-0.111574355865578,-0.754925394894958
"60",0.515179154321358,1.5307578679059,2.12429508756562
"61",-0.159436975869058,1.01790611698812,0.23286347093496
"62",-0.301194256889597,0.512246108638765,-1.05921791792152
"63",1.21190782020614,0.647477382831342,0.823888790628686
"64",-0.505130762508533,1.00709659121241,0.0447439826173253
"65",1.52323274675634,0.12169369016527,-0.0384035321391074
"66",-0.532711758323491,1.5767574716777,1.3809314149557
"67",0.0109121178007854,1.06652761987232,0.4533549738475
"68",2.12814156196563,-0.189803997191719,1.8389339991369
"69",-1.7141261283,2.3887042903357,2.76120442448473
"70",1.0065658462434,0.675625124293251,0.458790456173046
"71",0.491317560917198,0.68682458840233,-0.164207279662591
"72",1.29962303001478,0.331982365887105,-0.00301230727579704
"73",-2.5528418771906,1.2415173671421,0.0770321650829984
"74",-0.441796321098229,1.07765131968676,0.239263442153125
"75",0.655337142915316,0.36115274400033,-0.903776692846085
"76",-1.30189791370198,1.48454771418464,0.870734884340814
"77",-1.58246445277372,1.65457033037039,1.17211955409749
"78",1.85291847395058,-0.370854738466877,-0.793852017519875
"79",0.895213335209424,0.627733900637455,0.1321200321171
"80",-1.21050432302393,1.19925655564722,0.252672232696095
"81",-1.53596267424369,1.16857104002084,0.101929056315845
"82",2.17155082892177,-0.566857570082268,-0.759303445502993
"83",0.641148639733175,0.524013169082085,-0.467610166472084
"84",-0.679307699079656,0.80778659325273,-0.488000952791904
"85",0.511699292618956,0.369115310538822,-0.998962289424398
"86",0.754130254406355,0.937503258274932,0.819386263660365
"87",-0.861748472110769,1.30889183146299,0.613902439917802
"88",-1.74155316758338,0.869444582042831,-0.603128053996938
"89",-1.83664727011747,1.16179431069191,0.0236836003183281
"90",0.592929558507496,0.986417892614761,0.748289326362759
"91",-0.313424486207416,0.58086662567937,-0.898312859314601
"92",0.0138448387420495,0.332536687519304,-1.3750040727081
"93",-0.342750843933732,0.428041397410213,-1.27656336091296
"94",-0.91484046847263,1.18804760964255,0.316806688315415
"95",0.85528977915885,0.877349696486471,0.7989669638186
"96",0.830027283957934,0.692309717370759,0.226221663089275
"97",1.76692738367727,-0.214377420634936,-0.350177303076391
"98",1.92713882776143,-0.437453440265602,-0.869321748234552
"99",-0.359894914597954,0.909990884473959,-0.125755746026053
"100",0.707624789805789,0.736600427294363,0.19404895786347
"101",-1.62263034704185,0.839306713342438,-0.648229113499075
"102",0.59271863740969,0.761199617719548,0.133814847249194
"103",-2.3880891206088,0.889485910816277,-0.658412252552205
"104",-2.28438962642522,1.01899074711428,-0.363858909693751
"105",-0.849602523956525,1.00128073824666,-0.0928750107243359
"106",-0.0894471484059979,1.15726333042873,0.615285232176336
"107",-0.583971048864304,0.929783421893993,-0.168549964436317
"108",1.88661352582151,0.223050282110551,2.79745707052671
"109",-0.157543334005274,0.567722363510056,-0.867602005890243
"110",0.811925921177844,0.867972072067124,0.705187067420123
"111",0.337529783418622,1.10833616426473,0.810075550034955
"112",-0.932132983681778,2.76706153698547,3.94270425306905
"113",2.14716079733649,-0.579166105366651,-0.947704557431189
"114",1.10614551904157,0.413123369982905,-0.16812978537594
"115",0.549495765808769,1.52538049725431,2.15640152734106
"116",0.0717753154849519,0.603590233985174,-0.668835779872063
"117",-0.135848627497121,0.403687408628486,-1.26050989281688
"118",-0.827209098243933,0.808875928776131,-0.531177232791644
"119",-0.415504224616987,1.84621957467436,2.08636175996079
"120",0.327108074535391,0.43755175637074,-0.944557540465168
"121",0.258854153918501,0.981832193251029,0.415562421587008
"122",-0.644930814401906,0.570689006917352,-1.03266070001518
"123",2.83465049465992,-0.834979093974165,-0.983106914994123
"124",1.66927156324605,-0.144425334261788,-0.490589779547885
"125",-0.151870954279134,0.625473538927459,-0.723787274399429
"126",1.1241276535,0.43721938652928,-0.0574166989982914
"127",0.23001298034414,1.36344556759658,1.37173618957995
"128",-1.57230258102641,1.22059916606351,0.209472048154153
"129",1.48447501511222,-0.0484831320223974,-0.848727888587172
"130",2.25445737904357,-0.684175316392234,-1.38757251473688
"131",1.4749516026386,0.536076066393167,1.36719594736301
"132",0.352808881809594,0.537178044267968,-0.667885192912065
"133",-1.03674725964157,0.832870477884204,-0.533875392635329
"134",-2.50428201131906,1.01994584985719,-0.392653776802016
"135",1.6428447365645,-0.0315598948752501,-0.11427365603153
"136",-0.22647995641962,1.54211440614459,1.471404882277
"137",2.6110098663419,-0.761942102722585,-0.887245309551785
"138",0.53358714282625,0.579373530788854,-0.415634346931168
"139",0.358688406573888,1.12532648105819,0.874013928357576
"140",-0.791822355652096,0.982242532231269,-0.118304314480383
"141",0.0165418455976628,1.16817692367258,0.710535712386607
"142",-0.630615473888574,2.17933674894068,2.74766690721008
"143",-0.730770762425555,0.79752779622583,-0.528340622960177
"144",0.177831735563811,0.592174426651457,-0.637878905712745
"145",3.23387662050123,-0.89105889571051,-0.283891590359682
"146",-1.70753518177368,0.983818185471213,-0.344055983800971
"147",2.51633292581304,-0.208119439118496,4.59263777115614
"148",0.6978912937904,0.606014347005527,-0.181790670710568
"149",-1.96212002073203,0.925853264585601,-0.516683124102866
"150",0.444052186018121,0.393287784539128,-0.983251193783983
"151",0.533794969210774,0.759858344898392,0.0711106858747401
"152",1.11239180263265,0.287359520845964,-0.553368507309397
"153",-1.48200140720326,0.719201016303029,-0.889301783725822
"154",0.137378532709432,0.683502078683254,-0.430097672574106
"155",-1.69070596946885,1.13133157693584,-0.0143238708252909
"156",0.0868582488158256,0.473797402028293,-0.987212954014308
"157",-1.92482694281164,1.38013459025132,0.485776900519771
"158",0.961104839575889,0.473868947008096,-0.225310609821667
"159",3.07015891234383,-0.891929257623184,-0.991771265625765
"160",-0.401756454157786,0.697466865004488,-0.651767807240828
"161",-0.101044440363174,0.803686588398249,-0.262065081291504
"162",0.754066582136651,0.494052853150179,-0.434191402867289
"163",-3.01095231922279,3.28709953470348,4.3599716530858
"164",1.09621950291516,0.226783344238767,-0.771140414765123
"165",-2.16397035320113,0.957648184334207,-0.479039020900809
"166",0.436552533541975,0.928667229404756,0.429624400037316
"167",0.278004842075039,0.915913635601205,0.260622120834906
"168",-1.35965672095768,0.658243213263447,-1.00237956071402
"169",3.00448727573522,-0.833614077476707,-0.275047471168701
"170",-0.654867479310473,1.23040092668767,0.510280966197242
"171",-0.139563715246432,1.59205659641511,1.65112574663413
"172",-3.10272637546263,1.85828452404325,1.31257457551572
"173",-2.09705906674201,1.10495764185922,-0.147683871508017
"174",-0.438253599722112,1.2419266806941,0.632367735457226
"175",-1.04705498828634,1.22646350844525,0.36249024404047
"176",0.100957830351257,0.627652172346589,-0.592292744385458
"177",-0.0881783407715279,0.841499098962007,-0.162245801196547
"178",1.53496737950108,0.326459219129602,0.836846460259194
"179",-0.37055397323597,1.6878573851307,1.73450290149867
"180",0.516424945984297,1.22392612581902,1.3014834664554
"181",0.272420338781309,0.656701101892174,-0.412558666186536
"182",-0.0719201751154723,0.400126749413519,-1.24346157913639
"183",-2.10598414487656,0.662978037252086,-1.11224693148827
"184",-0.0948408307786609,0.768571184180984,-0.345374796829882
"185",-1.04812554949038,0.65970746349548,-0.932330882482551
"186",0.758880513646671,0.508704983847082,-0.387367548454235
"187",-0.0482766406062487,1.69616652474364,1.97512665004081
"188",2.39356138548909,-0.610636131590396,-0.203281093454174
"189",-1.13134701546795,1.08899899711979,0.0245174524631468
"190",1.35369246542728,-0.100892111590695,-1.3836643176557
"191",1.16898387965921,1.7738122237585,4.35323863661769
"192",-0.810475564523236,0.867904421983177,-0.389409418560011
"193",-0.260435233523495,0.894661753804459,-0.117887495363722
"194",-0.743494200666013,0.616128776764933,-0.954673226431453
"195",0.152195146237998,0.636806569299013,-0.539629325492209
"196",-0.239920637968605,1.70520475529906,1.85867599894026
"197",1.23913641161692,0.0574142795931803,-1.06919576763149
"198",-1.56028081388784,0.665079547411819,-1.02420880412697
"199",2.77212962295476,-0.523954254907036,2.91557713817271
"200",-0.0469791352804887,0.632286353061505,-0.658144899668656
"201",0.100095683420829,0.676971018168348,-0.46848933680382
"202",0.827964499812416,0.890853427256926,0.795207646154033
"203",0.729033025985766,0.728177106970135,0.196360908553673
"204",0.156603718767873,1.2272102350481,0.961816883589499
"205",-0.39188862873929,0.443625051471632,-1.25546425998972
"206",1.63707259897763,-0.320619831314384,-1.43333580459807
"207",-0.930715822969703,1.84688565585703,1.82697246623804
"208",1.55803160826429,0.194651322553282,0.414701142314045
"209",1.03100255594712,0.332293025324707,-0.547240569317493
"210",-0.600084621744533,0.850083360258657,-0.361994345180066
"211",-0.810628826747388,0.600750784863046,-1.00868903874738
"212",-0.728038006532115,0.950020249348098,-0.172032303538517
"213",-1.0827305918907,0.5862528036134,-1.10782046886061
"214",-0.663523248939771,0.67695620998898,-0.789208919895057
"215",-1.98995224134058,0.941296882691888,-0.487419516855751
"216",1.14997364697785,0.306995334442059,-0.422556718362267
"217",1.16423335077678,0.659683918631238,0.742079262334585
"218",0.576319375775291,0.385771463012425,-0.90359377733007
"219",-0.99098604766628,0.605347008871854,-1.04323259282878
"220",1.17584616801322,0.351413425614852,-0.228193975239883
"221",-0.305694880776567,0.862091937447818,-0.217197064731959
"222",0.584447329478274,0.601864590644734,-0.308569418697602
"223",1.37414820470693,0.41855872557891,0.524843228709658
"224",-0.40616605688851,1.13980307740856,0.403744416456557
"225",-1.09181107971649,1.28226276604566,0.475931312296082
"226",1.97625319360045,-0.139821306105749,1.22399556983171
"227",0.464002460671002,0.393771644762959,-0.96786582610765
"228",-1.75654501811161,0.477541963444356,-1.47087779374193
"229",0.848784882706359,0.791832278076043,0.540958186719245
"230",0.678616677080232,1.18460661980485,1.40437637588671
"231",-0.831876858768124,2.19448423357038,2.67464020183393
"232",0.523340486316827,1.07407240569007,0.906482718963286
"233",-2.20082344085985,0.714208991218762,-1.01332925599405
"234",-2.29466130843841,0.971919226358235,-0.467301855803754
"235",4.03684568529258,-1.03953582856362,-0.585330023405842
"236",-0.303417456597418,2.70862421480453,4.23773578158315
"237",1.34367133714308,0.293505720263873,-0.0149958707708377
"238",1.82442025883512,0.0108719665833941,1.16313065074777
"239",0.227817991438224,0.592340708672049,-0.607082881594457
"240",-0.59025663820081,1.33486717044285,0.782912819730185
"241",0.543996080810399,1.31278856615311,1.57456726337965
"242",-2.1519706188065,1.28314411234986,0.230931028750081
"243",1.54246499842743,0.505280894485414,1.60064662428245
"244",-0.488233253294692,1.07410429230784,0.210712949927714
"245",1.44875439114348,0.505695969476748,1.13190969028959
"246",-1.46553573295203,0.777342784841879,-0.756220754253724
"247",-0.240375277513,0.644836211321727,-0.714642085790746
"248",1.64405448409569,-0.048921706235738,-0.185651969567035
"249",-0.733800600578726,1.07836472663689,0.125074168937388
"250",0.387137085241866,0.769278381539005,-0.0340757493115496
"251",1.09110737012858,0.404365366608424,-0.223344418327875
"252",-0.548019697921078,1.64355157252769,1.53102078456549
"253",1.13747546373425,0.401002816963564,-0.146251968391442
"254",2.62131279360948,-0.724181316695644,-0.412310529560411
"255",0.738263055764958,0.46106919194804,-0.54440771797588
"256",0.152524334039952,0.341954203153786,-1.28755568541851
"257",-3.51563660260465,2.60839931043588,2.83175624039559
"258",-3.06779144070772,1.29159879738698,0.116115672174519
"259",-2.43905675766901,1.5008478292319,0.652987778943464
"260",0.353205038492742,0.862943866691787,0.183422598679334
"261",1.01400523620375,0.61764629922913,0.295931244738435
"262",1.53578293839988,-0.0483391290065699,-0.67126329489038
"263",-1.33559273682814,0.729536546934117,-0.837297378910654
"264",-0.0794941591729882,0.835693036557319,-0.171972206230903
"265",-0.339497100565923,0.543920036318578,-0.996886375120554
"266",-1.60260125998732,3.16583468861681,4.52418168753177
"267",0.874801283207659,0.742440120423625,0.436951217551609
"268",-0.504520061548386,1.46315771606893,1.12605258179471
"269",-1.02546818156011,1.09483315730154,0.0681855910909075
"270",-0.880368589865344,1.43066462089809,0.88818959452405
"271",-0.964431110892585,0.902590425975565,-0.3546198232839
"272",-0.979275344634206,0.663654728159344,-0.906737226539098
"273",-1.98654932328046,1.21852411469045,0.119758127540656
"274",-0.232329539690002,0.808800030737342,-0.313105998551154
"275",2.05612044096596,-0.166854526327626,1.54146041714158
"276",1.0241493165323,0.737017570088526,0.67914534948463
"277",0.492726653712986,0.503742607719178,-0.65276373252067
"278",-0.78577291187356,0.630613703817601,-0.932709979545163
"279",-0.202113101402392,0.944177987598627,0.0306515094290027
"280",0.535071731556876,0.428583114204427,-0.820947546484379
"281",-1.21940033254914,0.669991747222419,-0.947287928598086
"282",1.06443292828241,0.959192061071211,1.44954759399652
"283",-0.00794290196821122,0.878948305835352,-0.0252168162072401
"284",1.01959357397571,0.678851096301302,0.492784589936443
"285",0.749315232204558,0.944731664176131,0.833009863749987
"286",-0.262492884666107,0.995268138396419,0.124756093479332
"287",0.21642300794069,0.619969556438388,-0.543427632502139
"288",-0.224750325542663,0.589360949142696,-0.842912130055469
"289",1.61966272620012,0.474190570536515,1.97446788261709
"290",-1.22928320766668,1.1652980516916,0.170695842718084
"291",-0.440639213725674,0.604506924158462,-0.887705646003113
"292",0.843210518517012,1.01400891082755,1.17511664774231
"293",0.710256741517857,0.558868739111986,-0.300001107885943
"294",-0.680727178900202,0.983615675083092,-0.0772326382824164
"295",1.67384343088598,-0.0345609722247296,0.0418282190503687
"296",0.276837498216492,0.742468939578284,-0.188111583754131
"297",0.946039142277575,0.732116514842879,0.521688307838692
"298",-0.157677864786265,2.58822355709064,4.07594184414524
"299",1.03039037392086,0.560284148487772,0.150108433987747
"300",-0.651250160647432,0.852678714508404,-0.373570423230741
"301",1.95302439093371,-0.389279119724145,-0.463176572683088
"302",-2.91690234063202,1.43671409343989,0.443580550742643
"303",-1.02179842653026,1.17646043937303,0.256001106619274
"304",1.6191366065842,0.410677539979405,1.69307857591339
"305",0.691139186167248,0.427531838227403,-0.686290648163829
"306",0.0775885491920071,0.870073077186726,0.00394827799405562
"307",-0.800298062030819,0.612029056439954,-0.979781015229683
"308",-2.51540842641259,1.18220243029522,-0.0451062668548425
"309",0.384911943765197,0.34235146667673,-1.15693131732799
"310",-0.0562493444477187,0.811293039975481,-0.219878383866755
"311",0.0310186944610185,0.794099082355355,-0.214294107560417
"312",-0.61569435069103,0.928607146840313,-0.182919361001618
"313",-1.33456921631545,0.804366350701343,-0.668770657711169
"314",-0.809516190870123,1.50358280454949,1.08442584665166
"315",2.09880784834057,-0.250435174666083,1.21783234037329
"316",-1.59656390865026,1.69868138912129,1.26636063194251
"317",-0.47235209158575,0.661149819793379,-0.763944657830772
"318",0.55228783991169,0.915256748965148,0.509602605680736
"319",-0.517360466978057,0.888275585681242,-0.241577430397703
"320",2.82197210089702,-0.805791585594341,-0.62468077998948
"321",0.0812469317499961,0.353714796352679,-1.29193047944637
"322",-1.59243732570809,0.998020166866275,-0.289806302934126
"323",-0.793957458209985,0.468296550609051,-1.31160072531838
"324",0.887475446542859,0.990621628146512,1.18320216774387
"325",-0.548486646390579,2.50153556551759,3.55746997278784
"326",-1.30920321363956,1.00679755147871,-0.207388882126855
"327",-1.60257750493709,1.47069939911588,0.758240492334744
"328",-0.0880757937594576,2.04624004280957,2.80733203959129
"329",1.85870766688248,0.0984047066968751,1.87708250225724
"330",-2.11885358903162,1.44408291694513,0.587327918309994
"331",1.82335083463081,-0.4464719116798,-1.33073243059988
"332",0.937185656452737,0.392663250058865,-0.501913245996593
"333",0.127577964978493,0.920910446825876,0.164457612400606
"334",0.597991503019613,0.831071899623864,0.330083800045428
"335",-1.31343520922205,1.49192198435021,0.883942446257137
"336",-0.386783821224606,1.56442335615866,1.42939278032572
"337",1.08408381836484,0.54538349577734,0.204380479335925
"338",-0.548463501504298,1.08879838679528,0.220379995061354
"339",1.08027686569443,0.97396479597635,1.53342431455105
"340",1.13590759240191,0.314723613756939,-0.42428030285301
"341",0.953468332507864,0.466497318508857,-0.258752501822676
"342",0.132380360873271,1.0703697462445,0.545904382796406
"343",1.19596731219793,0.194994024767855,-0.697178744289854
"344",-0.330396897427612,0.720749408747022,-0.568115192053808
"345",-0.820127213648003,0.74106067293923,-0.68618069810892
"346",0.451165628723363,0.693321205403004,-0.181524803336674
"347",2.4469540175934,-0.720313181431276,-1.04571198472404
"348",0.191694556690683,0.910467223957711,0.182270493203311
"349",-1.59111106542086,1.28047612039474,0.338287365219055
"350",-0.023872654269523,0.957357531955277,0.160303576995902
"351",1.0232299438683,0.299239466905213,-0.660173066881284
"352",-0.676876708073504,0.547323486706779,-1.09655089272088
"353",1.09733709291046,0.236265598636392,-0.739572136700458
"354",1.04714727444238,1.24057763647731,2.2764466577979
"355",0.315036108503377,0.627977870860976,-0.457603630288236
"356",0.319626469369823,0.740382076422214,-0.162287617074541
"357",0.945471617088129,0.376135895614135,-0.539682003976622
"358",0.51490748669686,0.889707836938774,0.401891186988882
"359",-0.407158210205539,0.854880875671503,-0.27761480699283
"360",-0.642815510810731,0.767045502858728,-0.57153301646924
"361",-0.0836688458141654,0.413918361941289,-1.21429870825633
"362",0.0472788685670301,0.926807578406963,0.127355134800896
"363",-0.296987539857499,1.23359108545428,0.683284593561952
"364",-0.460167194671489,0.917551132250085,-0.149673617396584
"365",0.619422008624819,0.45508766454576,-0.677363077489804
"366",-0.249748227807189,0.774770056809063,-0.403527039025821
"367",0.283869664107421,0.439531198643956,-0.966057729067856
"368",0.559799227780279,0.636665098547105,-0.237151202565326
"369",0.446660720784456,0.405886587057914,-0.947996810895105
"370",0.161498553889173,0.882366670802751,0.0897057429988175
"371",-1.16470464154347,1.1440875009319,0.14036923270965
"372",-0.00105667189523315,0.68248345045371,-0.510262826257232
"373",0.375194634390707,0.952785311079603,0.437330191828159
"374",-1.54891517884136,2.00041959067547,1.9513892270742
"375",1.40043131383706,0.76660468905704,1.88637320316566
"376",-1.47406724489444,1.26501404800368,0.331758093016195
"377",-0.741375852374433,1.15860693101723,0.309246569970616
"378",0.704694235844646,0.89009090612381,0.619390829951413
"379",1.16471346206274,0.609472642745973,0.581321928409922
"380",0.621224205829886,0.309106005952931,-1.07620866782327
"381",0.986434370690591,0.286414355574299,-0.752044203287346
"382",0.325530464729119,0.673462069678671,-0.33193061019142
"383",0.936403687933506,0.822287577745668,0.773228476769008
"384",0.964548028237669,0.642276594628509,0.284549094402057
"385",-1.08102724227582,1.23166786678464,0.363929715953551
"386",0.265979305608526,0.91642121022513,0.252597444591147
"387",0.815352233064555,0.431115353020555,-0.543783015479951
"388",-0.544995573362402,1.56220690898601,1.34037026859197
"389",1.07984725020553,0.748411801675797,0.829142886258049
"390",-1.76080730751489,1.23216660397502,0.194012521469924
"391",-0.477798865571671,0.653936703881935,-0.782979376498548
"392",1.23025063568978,0.706630396253263,1.07026182389163
"393",-0.605707645227072,0.609487912223746,-0.929793235792756
"394",-0.857199383617927,1.79177315717378,1.73140676667291
"395",0.78088221952147,0.803072010894717,0.475430172096921
"396",1.77710094901992,-0.320624881792236,-0.850829111161063
"397",-1.0392899414259,1.77072082711129,1.60864215718874
"398",-2.28928102173141,0.91090493254392,-0.598679602768979
"399",1.81175187928759,0.256838342898586,2.40463492311825
"400",-1.10639058668654,1.12137616054568,0.105194196216513
"401",0.596130631280967,1.04561601757203,0.913587614533281
"402",-1.43734553365681,0.939467875537628,-0.387775066016455
"403",-0.668951175475437,0.459237749825083,-1.30050285682935
"404",0.0212329678388805,0.483082778932442,-0.996101597106048
"405",-1.21075528041046,1.08436377820133,-0.00746863768016537
"406",-2.64181921178558,0.720809224013229,-1.05170913432587
"407",1.15287740422804,0.351347609268437,-0.274703048293735
"408",-0.934146661409758,0.545544294956521,-1.16708147741346
"409",-0.110859146682033,1.03718325478262,0.307059527085662
"410",1.48323186523881,-0.113449842598284,-1.10385258357891
"411",-1.59882703421528,1.44132521103124,0.693905476070392
"412",-2.76527778731215,1.0853257824093,-0.286035371089137
"413",-1.26556116481585,1.51901658835791,0.959384538364196
"414",1.88615618545925,-0.181957420984315,0.445669493828975
"415",0.224443033271684,1.6845693677277,2.18955622970671
"416",0.551839730710532,0.496365626381241,-0.624077057847745
"417",-0.697656840103453,1.43497564010307,0.971167018743885
"418",0.0849401601302534,0.473133086760088,-0.989849743666879
"419",2.16913445189595,-0.578312493291234,-0.85636162585275
"420",1.66866895977344,0.113803661780077,0.697777225641517
"421",-0.368346431852987,0.968794955192027,0.0115895919045137
"422",0.0839460234368064,0.804872378260333,-0.156049594414697
"423",-0.394383529497818,1.13581622769719,0.399727064702128
"424",-2.06983566850831,1.19278045930964,0.048495099245351
"425",0.841768214142806,0.495108167455377,-0.327384015178895
"426",0.0222343510645486,1.54627154965405,1.65813822491358
"427",-2.49451952827069,2.3100829878417,2.38556677452196
"428",-0.399239182876797,0.856316908761472,-0.270945119678914
"429",-1.19483013869768,1.14036917449244,0.123632429127264
"430",-0.680867319213218,0.478271003332147,-1.25917179916012
"431",-0.854325408613776,1.67874062592671,1.47140977624642
"432",2.34491748433632,-0.613457247595863,-0.437644640553165
"433",0.624096445220498,0.761993581493049,0.169308416667193
"434",0.0958643079816728,0.684187871852509,-0.452742620005713
"435",-1.38312176459161,1.14067186510184,0.0756361417906248
"436",-2.00406543393611,1.32480630979913,0.348951028492666
"437",0.356998103914719,0.577838968444214,-0.558702440672377
"438",1.83701769794988,-0.130890085445171,0.461677109323076
"439",-1.01332746083837,1.26384263193736,0.458609677955632
"440",2.24883993274102,-0.0222833128387952,4.03624151228127
"441",3.52282453888143,-0.970176270625515,-0.817613043489736
"442",-1.92364192146356,1.26502148229729,0.233548908450101
"443",1.95161773009888,-0.448392263189948,-0.835386123735802
"444",0.318758096236737,0.600164428899317,-0.527270106549417
"445",0.995033552109133,0.474033071126391,-0.172227276724245
"446",0.710411233272541,1.74964191576476,3.03146192400628
"447",1.35243730144111,0.261142725293574,-0.104107056551919
"448",-0.713134961188985,1.01538307417797,-0.0144603553019997
"449",0.180976927950166,2.13158828438412,3.28487516123014
"450",0.504802884036443,0.648561852880594,-0.254812713288286
"451",-0.897823469971883,1.21246911247207,0.378772775119538
"452",1.36667567687907,0.231344227109173,-0.168883986816643
"453",-0.074802550262799,0.809053378683477,-0.235239327529298
"454",4.79581308982991,-1.12120812782013,-1.13792954892047
"455",0.496022771102081,0.493488188137952,-0.67759256453225
"456",-0.304533865386808,1.53574361663877,1.40802892879417
"457",-2.26144557039606,0.811785515967014,-0.809644019649511
"458",-1.71389319404668,0.993877714467469,-0.323025704076259
"459",-0.808831083593065,0.933698649550564,-0.236383513055735
"460",0.00301964575032542,0.538532968405095,-0.866612064938395
"461",3.2436621749136,-0.898887134568514,-0.399840674297864
"462",-1.20382586511691,1.23302162220226,0.330987981271475
"463",1.78512363407259,-0.261606235691072,-0.507356109703644
"464",0.806615984734646,0.660735862862425,0.103770998173545
"465",0.132479116673237,1.19281564100912,0.855835727741145
"466",-0.515380900524148,0.902937942866034,-0.206097301705849
"467",-0.639725721713963,1.3096285506825,0.702271701056839
"468",-0.725722739188834,1.20320595573308,0.419012818260365
"469",-0.0527556678509144,0.944659153277635,0.112007211086246
"470",-0.932313955616645,0.940219626335973,-0.258936691997817
"471",1.14766572918998,0.03911832952575,-1.2846654499084
"472",-0.334947235715496,1.99350786393314,2.49113638147896
"473",1.57467829664298,-0.0361661429801792,-0.465652831366522
"474",0.0337419870294281,0.808455384104322,-0.176845854866458
"475",0.412239927121377,1.30605964409791,1.40264243233624
"476",-0.286924146116091,0.442861568136474,-1.22157699562612
"477",-2.40054275544011,2.32098804934681,2.42974784739262
"478",-0.965861505927459,2.40259907064202,3.0877639934281
"479",1.04058680136437,0.0454782429889841,-1.41388316141639
"480",-0.267878212320181,0.869354015620946,-0.18260341424681
"481",-1.18188501742087,1.44516996780645,0.818188616197807
"482",1.78160535529902,-0.212011015222282,-0.265616074033759
"483",-0.89740562578807,1.08891241119548,0.0941274833902241
"484",-2.01659982127218,1.72937778783259,1.23087734707636
"485",-0.761595375536361,1.39947821977582,0.862020531754035
"486",-3.73472891505432,1.23378081333767,-0.0757469405951359
"487",-2.10981006476335,1.9533103853405,1.69851798302745
"488",1.66502138316871,0.294177311895317,1.50381007905845
"489",0.0786182130940829,0.901972418566785,0.0847618340422409
"490",0.944074650427341,0.845189012293219,0.855018143565192
"491",1.35648609748331,0.13927049297529,-0.52507893486786
"492",-0.435648994375712,1.35511775701072,0.903449961704192
"493",-0.993691842228109,0.874871774369548,-0.426297835942153
"494",0.0340702951445264,0.934396290198099,0.138143618728744
"495",-1.04791931305788,4.06899507584831,6.85473419041922
"496",-1.02271375052866,1.56598671436905,1.14672675070422
"497",-0.489377352245561,0.556524562747358,-1.01816693904809
"498",1.64233605152569,0.0752954897003608,0.361807640259524
"499",-1.25159826371555,0.743352527570543,-0.788379173935282
"500",0.769881342645659,0.519309023912285,-0.344780082250263
"501",1.3534971785988,1.05819703144622,2.72364148693157
"502",1.9465051237708,-0.273658825791906,0.219689911716084
"503",0.457135627071264,1.39093786175178,1.67799171270183
"504",-0.129320212057914,0.723397026722378,-0.473376245838346
"505",-1.43383809641173,0.571403404273545,-1.2109565814338
"506",1.70434406223909,-0.237551852958898,-0.761642153705125
"507",0.88699902723474,0.0495926183905355,-1.5724932595066
"508",0.666975283190475,1.38284196229254,1.93707960621631
"509",0.643841125583836,0.232939173458758,-1.26733499141502
"510",-0.044665364638719,0.283535623707381,-1.52078472818116
"511",-1.56576670547037,0.575726631189885,-1.22399669487588
"512",-0.195843532420735,1.03712911542502,0.260355183059987
"513",1.23203769011591,0.761964902113828,1.25931910050432
"514",-0.481135903889994,1.36196571282942,0.897393204254824
"515",0.108606299356845,0.54043292620983,-0.808027703587049
"516",-0.365257161111699,0.921196575106788,-0.101203499353993
"517",0.468960743397541,0.881891457252505,0.335972321813132
"518",-0.140502340770242,0.739242062687326,-0.439858298051145
"519",1.03293977375887,0.607250882616823,0.298655938956627
"520",1.4330953948764,0.24851838315823,0.106352439321923
"521",-0.0938129877332598,1.53192446125794,1.53553306586513
"522",0.822438846210854,0.362855874875867,-0.731796372715638
"523",1.17631719911176,0.206671815574102,-0.696330623571627
"524",-0.891849307287014,2.53046881918645,3.41973861781154
"525",-1.53133856262926,2.31476393569709,2.65737990744603
"526",0.453568220899821,0.611113662078218,-0.397888494501707
"527",1.91166432882301,-0.367634529018413,-0.517369623923858
"528",0.65719036100955,0.418547087518007,-0.743465055139754
"529",-0.5848232862654,1.25410758468968,0.595084148514422
"530",1.12924494749412,0.366368720803456,-0.272447796214274
"531",3.04631228411354,-0.763156102561479,1.11929447631337
"532",0.665413391176881,0.570083511989333,-0.31614788853657
"533",-0.87846858244464,1.58862255715538,1.25341883052713
"534",-0.080860085607795,0.903837359931228,-0.00459653438037599
"535",-1.50029696312097,1.62609420937901,1.13119218751815
"536",-2.18393076184434,1.75565586077031,1.25226163414866
"537",-0.164088012833156,1.72818453795014,1.96706103482684
"538",1.36089334552624,0.912759474753188,2.23987402490677
"539",1.27334205655479,0.19021659605512,-0.551768634961306
"540",0.261472697530303,1.77796128570265,2.46853961747118
"541",-1.34252012194741,1.03441283861665,-0.153225532880896
"542",0.106069604329034,1.89691629504345,2.61162783844367
"543",-1.32374654088361,0.726607659464844,-0.841442749031984
"544",0.337225733285001,2.96210331570986,5.64038804816004
"545",-0.755779169515989,0.891549701690195,-0.317333415441044
"546",-0.198587544024882,0.84908876952511,-0.199263264946343
"547",-1.55162739768526,0.798283185354716,-0.726099213070576
"548",-0.177613493091365,1.25527880114781,0.802720983085964
"549",-1.27114937053589,0.736709920579137,-0.807599540736264
"550",0.0827946241540467,1.0514425344549,0.463268301329181
"551",1.33235451714142,0.506575936298157,0.69882209966086
"552",-0.692500835845183,1.40257107094872,0.897639635409448
"553",1.83875168265085,-0.236103224989067,-0.109889529630726
"554",1.66385746358256,0.660889661498741,3.17840145596904
"555",-0.460169959260645,2.29690145607139,3.13187883727537
"556",-0.843827045847207,1.71402684493465,1.55743154362883
"557",0.566590056463362,0.409973153771734,-0.845822095931917
"558",-0.450697550995163,1.34047223803491,0.861109552787778
"559",-0.492652146147956,0.667052517109936,-0.756978303317021
"560",-2.08777871358136,2.8188902495076,3.5908785748938
"561",-0.427895753590276,0.92301630344518,-0.123455328870952
"562",-2.65703959296256,0.85876183558087,-0.757783709228929
"563",-0.163812005417102,0.811821509795804,-0.273407566981204
"564",3.62591479355357,-0.968236588657948,-0.239224330532668
"565",-0.616843426832118,1.38200402038905,0.882059580048367
"566",-1.91613703618978,1.02805892521647,-0.284847584776487
"567",-0.784549920954383,1.84182079230237,1.87997604808234
"568",0.912648923666805,0.373140149904336,-0.5925479259131
"569",0.429002163034176,0.466757752692155,-0.79931946916673
"570",0.306406209637907,0.609115548821181,-0.512516136088209
"571",1.00307020258193,0.988135012336826,1.40069885437134
"572",-1.37450915614661,0.910341926034752,-0.439323583389146
"573",-0.412425630567824,1.01323967475741,0.0985125360569725
"574",0.0297444517074939,0.379108979638744,-1.25178675058832
"575",-2.31014441723662,1.37389087148824,0.400537370751454
"576",-2.6144154146869,1.18855321894323,-0.0453666094302183
"577",1.41067694862341,0.317727918357779,0.284076344892649
"578",0.957544444959095,0.402867712641118,-0.442953498245749
"579",0.831878777760289,0.663552214512006,0.145887259875128
"580",-1.02008621143135,1.4101608240299,0.791181282664653
"581",0.778365185898359,0.827024792326386,0.540092908617338
"582",-1.75382718188284,1.54169823695198,0.878809774585467
"583",0.144178142459929,1.03344104732611,0.460900865090105
"584",-0.730153204976414,1.50938766044848,1.13092976187157
"585",0.84665213448061,0.599679390530422,-0.0184891591020211
"586",-0.166906778177096,1.22572883133473,0.736843040620992
"587",1.74948468708355,-0.159492800907836,-0.158834907284797
"588",-1.00793192280973,0.552707465186999,-1.16772806501125
"589",2.69006216385894,-0.761445571434314,-0.575262065184895
"590",1.10700374994272,0.186297056085357,-0.881072290169685
"591",0.833170621644049,0.549322451551979,-0.181801903982979
"592",-0.809604379260602,1.10151750580737,0.152383704877924
"593",-0.385262381012212,0.769619601108112,-0.472761891433368
"594",-0.903068126231182,1.24581060918851,0.453819178263549
"595",0.115233888341089,1.20409108242257,0.871232645072832
"596",-0.572069132288701,1.41305668820296,0.975346005206647
"597",-0.125660868081093,1.58801398739128,1.65094977609742
"598",-0.715794750444484,0.952403331425592,-0.16232465499261
"599",-0.0586833179509918,0.857901583455872,-0.105920832818831
"600",-0.249941024955294,1.46746240651553,1.27566966769409
"601",0.0883867090481102,0.748657079369448,-0.294804737113052
"602",1.19300757878553,0.308525029063233,-0.33219043332769
"603",0.569777905628532,0.599107617257665,-0.329751442823038
"604",1.67023206300965,-0.107335400049203,-0.314422936912183
"605",-0.820990587923292,0.874539767218083,-0.377248941762711
"606",-0.216375421622282,1.13098778710174,0.477890333690133
"607",-0.354945309003855,1.14797447523578,0.447738110382542
"608",-1.34463048139126,0.907343630782993,-0.439406295242713
"609",-0.480168691717592,1.31937834078257,0.796710549918445
"610",-1.76637265890063,0.608078705782802,-1.18422930345779
"611",0.0903402413288124,1.52520527246668,1.66088332406236
"612",1.0505161494705,0.81734311681575,0.979677224605726
"613",-0.662680122331802,1.20264454338015,0.442138094442639
"614",0.91597796397084,0.235710751848637,-0.99393306203399
"615",-2.16417026472139,0.85847510411891,-0.694742923211827
"616",0.653464122649601,0.381272647316747,-0.849864614044797
"617",-0.279148337637411,0.990786289664991,0.105817360797332
"618",1.10020932107269,0.157998862900672,-0.980785409622887
"619",-0.421836202738943,0.830179686674184,-0.342515163606438
"620",0.754252025759942,0.440642968782144,-0.58496454218944
"621",-2.30036412053222,1.82875540297075,1.38703896780974
"622",0.318729422839942,1.40242969242452,1.55726756001132
"623",-0.389497150288611,0.634667884693298,-0.797435445036283
"624",0.403219973136611,1.50362592170547,1.91331164919836
"625",-0.0186295986392719,0.898233255498448,0.0165426183614223
"626",-0.0732779804605437,1.93361365625012,2.54195282512879
"627",-1.26937812842981,0.998934137085519,-0.215455790840237
"628",1.06592166676272,0.608548899077395,0.365417299855925
"629",0.558433039351847,0.906461580476776,0.492378073112687
"630",1.10083560236673,0.528409957618237,0.184279504836866
"631",-2.6944351294631,0.602197773654407,-1.31123445936143
"632",-0.34289734429153,0.953802922919725,-0.0130241004687019
"633",-0.857610140499181,1.26231906415621,0.507781869110236
"634",-0.420358097990969,1.41981827342732,1.06557359354373
"635",-0.886602630704577,1.1153106146942,0.158496971662863
"636",-1.23357243206168,1.27655078108762,0.42106741777944
"637",-0.210490573313272,0.714967491582418,-0.531367029196568
"638",1.01058014589642,0.445947431222873,-0.232532300171292
"639",-1.37841276567206,1.15033720253944,0.0984843396032735
"640",-0.602903587645719,0.978759425848054,-0.0603030600190297
"641",-0.206230800806641,0.710809371881147,-0.539596648698035
"642",0.291793474527552,0.960278261722334,0.386273949665373
"643",-0.375510500663082,0.504965491898818,-1.1030893077716
"644",0.858052895660933,0.730425843618341,0.376744540484521
"645",2.13711472970203,-0.257246386672255,1.39789043079262
"646",-0.47458522697916,0.616563674653708,-0.870670820844217
"647",-1.76812896568585,0.985752698275581,-0.351195966667641
"648",0.101379167288638,0.85259938262753,-0.0250847970214911
"649",-1.31084113507264,1.2620526865131,0.367046263807529
"650",-1.79595059027137,1.43338850655244,0.630254100097245
"651",-1.10138080108334,0.993591827236683,-0.184352821340211
"652",-0.213622618112953,2.70926180154616,4.31917732621374
"653",-0.39418874348534,0.652965562274749,-0.755377620222427
"654",1.02084244186623,0.748695357388037,0.708350033758957
"655",0.105333762004583,0.861060840852902,-0.00124091455261954
"656",-0.784847160070121,1.02259430383592,-0.0223187282332542
"657",0.396181739403712,1.47647198827148,1.83378118692245
"658",0.929122566515451,0.582461409753592,0.0496372430187737
"659",0.50896431148297,0.766394157198063,0.0650274775128818
"660",-1.10408666877142,0.954067313920742,-0.275071453480515
"661",0.158566243477566,0.763760002059406,-0.213468973445355
"662",-2.99209655939124,2.27032498257998,2.20435971383449
"663",-0.180101510025216,0.521995985781939,-0.988767141549652
"664",-2.34050041469876,2.36835790908947,2.54586449917207
"665",0.28030746249435,0.605943447404311,-0.538311937183351
"666",1.34310444118592,0.125068827814129,-0.609950898820129
"667",1.36308678288612,0.39776807488328,0.413865013799112
"668",-1.82278128954069,0.850543199307811,-0.658881951433862
"669",-2.3429579670518,0.899202647180363,-0.631381108087659
"670",1.2642235778045,0.306777714969501,-0.178640357946911
"671",-0.337206715023154,0.926603583842541,-0.075860940341365
"672",1.35591161536493,0.521652095389988,0.83046228844365
"673",0.644797032108653,0.375757306239826,-0.872815569703391
"674",-0.289710874332202,1.16504407686557,0.521601610104256
"675",-1.36909228811545,1.286450407422,0.40643218164174
"676",1.14042317400051,0.175469469376003,-0.86041728166283
"677",2.43706829556741,-0.503572355522985,1.03753832922299
"678",-0.678275914797412,0.704258065314675,-0.729840979474185
"679",-1.02920843182179,0.828559773801423,-0.541768836577893
"680",-1.45618219646542,1.2132029517763,0.220308543177103
"681",0.845800260633655,1.21423182024122,1.75891178836122
"682",1.8643245553112,0.0194309233202126,1.46863949995544
"683",0.683612124508832,0.245489452697028,-1.19977381494905
"684",-1.74534836557951,1.5611679142824,0.923814185594152
"685",-0.667577360283854,0.990918629586712,-0.0554550027916787
"686",0.99543048606465,0.806092688071899,0.833469609518369
"687",-0.858935214509052,0.791704523877872,-0.580077855511123
"688",-0.46121883151359,0.698081537823303,-0.672182918953544
"689",0.859459915215596,0.73532504040871,0.393064750492528
"690",-1.39511836779112,1.05585334299339,-0.117512998863598
"691",1.27951251065333,1.8623242700156,5.15184980076694
"692",0.808972225522852,0.446286138998121,-0.507705178220772
"693",-0.693484775639305,0.900478769581712,-0.275996068765427
"694",-0.866737272138616,0.88334658336264,-0.370657631787523
"695",-0.848647698295533,1.46958276984142,0.990195164098199
"696",-2.54067068558267,1.98151353966754,1.66945480697018
"697",-0.0926673859411393,0.290796800604031,-1.52133742239454
"698",-1.21629911380131,0.625849502142336,-1.04651759690085
"699",-1.23227089554943,1.06919891113196,-0.0473957265241716
"700",0.117022637383537,0.747630735191229,-0.280213884325559
"701",-0.910438012328834,1.34487073136716,0.679436959603367
"702",0.424896629155148,1.04728333736406,0.732332389997647
"703",0.491947697504012,2.91208454600085,5.78874778965116
"704",0.789011429885705,0.339809787865792,-0.83422922790134
"705",0.418977841315174,1.72884485779285,2.52643408562268
"706",-1.19132429451842,1.76795495902694,1.54666012423709
"707",-0.204659130593093,0.623987030168099,-0.75031668423287
"708",2.88323700326396,-0.746134472752188,0.504456882310484
"709",-1.60778725204302,0.805473659904876,-0.72060214270606
"710",0.931962894945466,0.560276328274933,-0.0118305203458577
"711",0.549860865068336,0.994658333007141,0.721728086203826
"712",-0.842838195837873,0.742287602464941,-0.689763735927232
"713",-1.04707149251196,0.743120665912669,-0.741552919277093
"714",0.767740118785185,0.852093922453259,0.596584686066796
"715",2.12794329534567,-0.29600274800933,1.05801929682285
"716",0.255256565156309,1.53451594109336,1.83520140162444
"717",1.56619677575697,0.0524721485769143,-0.134037483475276
"718",0.723438622116273,0.247666530485424,-1.15882417663772
"719",-0.574035899699395,0.602353067074383,-0.936765551688933
"720",-0.860298800153573,1.13725951909975,0.217892932669664
"721",1.30385855666756,0.331648009108418,0.00716790951589719
"722",1.67282821904729,-0.109944594631502,-0.313154338210288
"723",-1.0075085534514,1.17939395743746,0.267143452544771
"724",-0.714287219591128,1.63583514543831,1.43278504526175
"725",-0.516216194972557,0.757342906392149,-0.551216200331675
"726",0.189566747471786,0.732565818203391,-0.272890512377534
"727",-0.128516072483566,1.15291832209164,0.581134436812056
"728",0.504975517112259,1.66036454406855,2.45831642063309
"729",2.91747122607469,-0.776711905716481,0.218374627156261
"730",-2.0423390848714,1.23329318047621,0.141832072003566
"731",-1.1303413825187,1.1062084587471,0.0639211598244689
"732",0.891061152387867,0.665610187396107,0.236990351461186
"733",-0.0752474656401915,1.19370305550026,0.713970447799493
"734",1.00991427936001,0.665068760749038,0.432838989348303
"735",-0.758531714658675,0.733417067930756,-0.686042831402252
"736",1.06574252088974,0.455689366892953,-0.109047615841106
"737",-0.604428348585657,0.869338435055578,-0.318230937606828
"738",-0.696735016695825,0.96773376820335,-0.119975235182917
"739",0.702285718737988,0.646882328138259,-0.062837499017536
"740",0.349538011169086,0.855967394975722,0.162187309534521
"741",-0.399029777026825,3.67612272809932,6.47254903708774
"742",1.60632341292606,1.05496275477018,4.38196726199028
"743",-0.64388302370958,0.758756607538379,-0.59131964733877
"744",0.644719835826107,0.855688860848259,0.450281748574725
"745",-1.73912739600482,0.759928716130426,-0.844614613234104
"746",1.39685397017234,0.0884087947825889,-0.597674424787763
"747",0.971777422194478,0.960960222749083,1.25391472566167
"748",1.53906933791146,0.24728107042549,0.537206674657553
"749",1.60960437389855,0.274269451246776,1.03656984993342
"750",-0.246694249058182,0.856665858695484,-0.203569992861938
"751",0.663843924674139,0.933893029440768,0.689425578412163
"752",1.33685719596546,0.459237904927409,0.547258255058659
"753",0.725359625226281,0.986540445528828,0.917184390704183
"754",1.73345473501876,-0.165631448956699,-0.271094047490135
"755",1.1313189572097,-0.0644496923757245,-1.63879374697781
"756",0.296785149093596,0.83604362505627,0.068602885388851
"757",-0.358364936627582,0.874812758603234,-0.209518580742077
"758",-0.761064207636179,2.45376512251627,3.31413578578613
"759",0.636901821560014,1.46000077141117,2.10449150467188
"760",-0.993745123878688,0.94926014433684,-0.255863692365941
"761",-0.15934340467888,0.801393681899796,-0.296740242006114
"762",1.35653427973127,0.130172570019517,-0.557251521955424
"763",0.758838487774198,0.331471039967194,-0.888979469701136
"764",-3.94102955812998,1.67525441995624,0.825567826952329
"765",0.890251835969968,0.530417531507191,-0.160372166657365
"766",0.314689767164026,0.895531896522888,0.236918906800134
"767",0.980037123396389,0.513172074875028,-0.0779762952896486
"768",-3.91567477708739,1.18276196295507,-0.198246621930213
"769",-0.232067279374778,0.453320423240789,-1.17626611560002
"770",-0.850311042000834,0.545394755884246,-1.14704559546664
"771",-0.702580845852085,0.755646190721545,-0.617260577182249
"772",-1.91024599081105,0.971211305983072,-0.40855271054011
"773",0.421844361686436,0.291876387574554,-1.26650179588823
"774",1.13572755325311,1.28362173953789,2.66263669106736
"775",-1.06515737781692,1.1177615129871,0.108872049624347
"776",-1.50766354094237,1.11907961750213,-0.00198954646521843
"777",-1.82948902167671,1.9189540591578,1.6916472488216
"778",-0.0540523549359454,0.497025207908117,-0.996248768044291
"779",-0.0503444350690007,1.01101728400408,0.277638769037934
"780",-0.101187643593035,0.658615170724821,-0.619211511053515
"781",-0.295963108531215,0.800546167442785,-0.361421855327875
"782",1.00518959079838,0.508040573875779,-0.0526169079371259
"783",1.33820693986457,0.0162815784725614,-1.00441052211066
"784",-0.576236189950585,0.463598703957169,-1.26450726687178
"785",-2.28026955850806,0.913953359594331,-0.590815588883687
"786",-0.275911210384436,1.15987850496197,0.516291640705786
"787",1.90726187949765,-0.0634562329671637,1.26433821762508
"788",2.69071073625849,-0.696979935191177,0.220679542258697
"789",-1.04651777703875,1.38631258364387,0.727791300521881
"790",2.32489047120766,-0.577729334653702,-0.205667489874341
"791",-0.211719165414834,1.06421537826103,0.317935983141417
"792",0.851474900935016,0.438883225233495,-0.478008553071574
"793",1.13823907254064,0.605707387179722,0.508185008772829
"794",-2.68476796909247,1.23806949010122,0.0510986222189955
"795",-1.67388750949195,0.695558420479169,-0.976033474538045
"796",-0.354856137650588,0.607034181646913,-0.850890717919163
"797",-0.968253935649879,1.06771619023316,0.0232428576534751
"798",0.748604494196642,1.18148846427948,1.50035720759942
"799",-2.51836863423212,0.914737613880164,-0.620827429355711
"800",-0.394469704900626,0.975890589178762,0.0170817859470382
"801",-0.0481722262009383,0.684020645448568,-0.530645086612304
"802",-0.821812003135297,1.15398362857189,0.269741260501707
"803",0.0624597988960108,1.05465133314049,0.457544779224232
"804",-1.88664530089489,1.27254628972697,0.257334755099066
"805",-0.260408786013145,0.746129005241646,-0.477598462942811
"806",-0.868080202178926,0.923883478102222,-0.277448358075042
"807",-0.277361098987847,0.64984019381657,-0.717708043669887
"808",-1.82324163609651,1.85229209789142,1.54650723140877
"809",0.337369324027642,0.479237089771651,-0.82942864747849
"810",1.43784162064982,0.0621542567406065,-0.573910460054892
"811",-2.35481203154156,1.75863501067167,1.22463859368043
"812",-0.448396418654546,0.555515172686804,-1.00705525787124
"813",1.32567720152856,0.579503440597251,0.931836655855832
"814",0.435895685207447,1.60195925604765,2.21219484509175
"815",-3.40486650651705,1.10013174089238,-0.324848525523519
"816",-1.79659796881997,2.02236679740024,1.92816785536494
"817",1.34047747653566,1.24214630454407,3.31241322858709
"818",0.36826284089543,1.34548716708238,1.45960491446489
"819",2.30410158319837,-0.618121299833026,-0.646156716476291
"820",-0.912453557274949,1.06376387676652,0.0314071085514889
"821",0.214107101156267,1.23916636779812,1.03945367154013
"822",-1.19655221595787,0.71243492065113,-0.84623911656994
"823",-0.46861907310239,2.98669724391383,4.76609691344903
"824",1.90128558561898,-0.26204418510554,0.0578093256908856
"825",1.4752766760403,0.287081333263461,0.411894517635581
"826",2.30198860660493,-0.205102427774231,2.91278006075092
"827",0.848338698864559,0.68299512892173,0.225085345909961
"828",-3.12576417300797,1.12946665084641,-0.234086230732711
"829",0.0486771886228948,0.551791880445696,-0.810811429227097
"830",1.6359844027759,0.00769675819918741,0.0232617031065869
"831",-0.771043615477046,0.841097019098213,-0.439472768681653
"832",1.80113184085958,-0.00905596906127618,0.910420562278156
"833",1.2398054351682,0.225750582764583,-0.506337599854839
"834",1.09054962179672,0.747246692366877,0.848999119513886
"835",-0.472589918395519,0.595799366633225,-0.919340385378488
"836",2.80396204894198,-0.744315462782739,0.142543179217034
"837",1.38919317640224,1.08311873198032,2.98358782540112
"838",0.79420462265068,0.70259534945742,0.207040124337016
"839",1.13986731837856,0.537986781338735,0.295699273878128
"840",-0.0498695942649936,0.786140788158871,-0.278718884728409
"841",1.68078557369145,0.386589061069848,2.0492123069445
"842",0.849943947632273,1.84556604238836,3.5957252797332
"843",1.01711361952367,0.491848211484565,-0.0820098180985918
"844",-0.692736255091214,1.08392327780241,0.152927662758896
"845",0.969729077249496,0.0265986371444088,-1.55475115934424
"846",-1.28890222338116,1.12843375305996,0.0717415691367624
"847",0.35115605889336,0.495062208467399,-0.779011912533142
"848",0.650298800779803,0.589600915032139,-0.277655111403874
"849",0.651495473359776,2.40936768642667,4.74796437742605
"850",0.137849675370475,0.957853977719122,0.264943768750216
"851",0.948466989226723,0.158503474626843,-1.18443418413321
"852",-0.998746540813677,0.731109506850581,-0.75698334987453
"853",-0.93386319342633,1.05865759177499,0.0129783818043738
"854",-0.440867889474227,0.493178705252213,-1.15306947577196
"855",-0.0552130074460134,0.931651700450428,0.07842232315015
"856",1.08644616659657,0.416221405138152,-0.19469628325793
"857",-0.00908067142727918,0.767098769590363,-0.304029197740677
"858",-0.298660674463908,0.882788577756623,-0.16412774142886
"859",1.9779378540278,-0.262534179904201,0.454766843163569
"860",0.282545058886264,0.661648438782076,-0.392876114927356
"861",1.29379870751159,0.561442974945298,0.768183463630463
"862",1.97511617318632,-0.486833367238958,-0.981262960155369
"863",-0.427796580853688,0.772970320281265,-0.48135538853208
"864",-2.49521703135007,2.79201181540569,3.422707034717
"865",-0.205620517678499,0.648092150685254,-0.692031916010606
"866",-0.33443578317778,1.12768603044985,0.40901798109525
"867",0.436920348736627,0.70097078098819,-0.173181997540499
"868",-0.250717750113991,1.70054956293205,1.84022642778973
"869",0.329457298680073,1.08529478249289,0.742780499292971
"870",-1.749119048565,2.7796729363519,3.6134764494333
"871",1.2861627409771,0.286255254584939,-0.194426536484582
"872",-1.98801828374282,0.678564750696603,-1.06197967332649
"873",0.358821288904911,0.998561281658288,0.542678862743617
"874",-0.751376350836739,0.775939045865566,-0.584964006549868
"875",1.13846774331226,0.41652704150134,-0.0947692164648808
"876",-0.209798381862429,1.28791804447324,0.863404846678156
"877",1.01067539955785,0.906511479682614,1.1687549902176
"878",-1.56154433602844,2.05429154795902,2.0674060208432
"879",0.214328031016926,1.16460447958472,0.848854468652394
"880",0.672215752175508,0.594277845732384,-0.242019569309759
"881",-0.209775386458736,1.51861271929236,1.42489127365344
"882",-1.02863007670699,1.35199678758289,0.655284317620726
"883",-1.01874860609804,1.21879322274371,0.353797560347699
"884",-0.38808841144054,1.73733091141316,1.84255226148578
"885",-2.89800660022943,0.716779472973655,-1.08669300256123
"886",-0.300244635870919,0.89951491939743,-0.124483950649127
"887",-1.32957998062791,1.06337720656276,-0.0849584688800728
"888",-2.52962147153604,1.05662255922724,-0.317161054406899
"889",-2.50399254808197,1.19950411777625,-0.0062374026411387
"890",0.883100426739196,0.546581311339422,-0.122993413916443
"891",2.45961852899676,-0.668134928144447,-0.479232464617296
"892",1.93677859990606,-0.48018539739709,-1.09014136958185
"893",-1.75195138198605,1.14549386842867,0.00449992164349844
"894",0.736478179062539,0.414470799288483,-0.677464380072793
"895",-2.69734606909622,0.946135041339844,-0.575420440412209
"896",-1.1645868831493,1.2774693368756,0.443071683362098
"897",1.17142069904215,0.645436452627026,0.713640972072252
"898",1.73366853879235,0.574958963162034,3.3958157309664
"899",0.661686199956301,0.902896614609113,0.600968806078814
"900",-0.611342752834369,0.897414491591451,-0.254670999454383
"901",-0.0250931813035995,0.869142238658622,-0.0593935436605946
"902",1.13241484122891,1.04050125171171,1.87873793807799
"903",1.43164873798551,0.357991681059381,0.508990657440991
"904",-0.532144365047638,0.685612998837095,-0.726513336084098
"905",-0.72550491361255,0.813433058176603,-0.48961380170547
"906",-1.45401273525469,1.01474315535852,-0.223013855817701
"907",0.669028809822977,0.486172958653755,-0.544988705201886
"908",1.93419631533637,-0.0710829681460883,1.38871805079514
"909",0.730737907228484,0.523317879225419,-0.377386922870634
"910",1.25562680039566,1.51778757074172,3.87215084847734
"911",0.276017941328893,1.12757756790465,0.805507450336878
"912",-1.26885248872063,1.02039793154055,-0.166888178957753
"913",0.926960119841009,0.53471455840182,-0.0950855040358782
"914",-0.00382185650672437,1.03555134324418,0.366859207361708
"915",-0.190970803173141,1.43705369622878,1.2381189005962
"916",-0.78611191590673,0.743457172466789,-0.670814760381936
"917",1.34568620944471,0.590092772292151,1.03711694953038
"918",0.115426587287236,0.760263288967672,-0.249286530368686
"919",-0.372455445612538,1.27049606997588,0.732949584529285
"920",0.534093138449499,0.367011396572084,-0.987725748511701
"921",0.573196526245508,0.593253493108241,-0.342490337996486
"922",-0.0670224369403227,0.949867983430896,0.116752407468979
"923",-2.44229620272099,0.927391018944812,-0.58377511154409
"924",3.44712383851035,-0.860703636370256,1.64477995288478
"925",0.772615057328897,0.380069199269988,-0.737005828602602
"926",-3.14380571018638,1.02036276658283,-0.466991988793996
"927",-0.709266430635939,1.27491759902295,0.592667228141917
"928",-0.00829014121817852,0.828523129011619,-0.15082978498401
"929",-0.369553121207786,1.08712459772565,0.294764620805009
"930",-0.572294237441056,0.922968172981818,-0.180279348631086
"931",0.394497019087414,0.529102408601762,-0.659699744035918
"932",1.87183832475091,-0.331484774145192,-0.487125718909836
"933",-1.46340345794834,1.08037948415152,-0.078365514543089
"934",-1.40512883627377,1.09775868117195,-0.0259133380744172
"935",2.05753379987005,-0.358899871627808,0.232233094834948
"936",-0.686822122231368,0.868223157047979,-0.349149896378444
"937",-1.16476454230865,1.53308806010468,1.02306295739203
"938",1.02809966023651,0.868446111034922,1.08911585674837
"939",0.98479073688889,0.826402321784923,0.874394083561772
"940",-1.62739233168626,0.856021650434293,-0.612019846446014
"941",-0.788411838505466,0.565877569079501,-1.08370741237763
"942",-0.0252900554708142,0.957817270846444,0.160606271132769
"943",-1.18381621951158,0.472298530723994,-1.3877645055905
"944",-1.50157240450438,0.962780594188691,-0.349403347493404
"945",-0.325865936119141,1.45802422545792,1.20838627941025
"946",-1.62311591692326,0.99166754481712,-0.310129941171752
"947",-0.21563634263825,1.30309056158916,0.896917409948519
"948",-1.39422384842532,0.891991058910515,-0.484812637216544
"949",0.2884245357274,0.797133545992369,-0.0384066358048816
"950",-1.00611843616124,1.30231091748238,0.549013699333365
"951",-0.00633722697156195,0.958168325097392,0.172784558038322
"952",-0.182700708949141,1.57835354946004,1.58817346888229
"953",-0.0273956542533065,0.603700520018103,-0.719422743738228
"954",-0.0479484530208936,1.20571821392722,0.761110003412888
"955",-0.452226913618486,0.598692795269679,-0.905545626258859
"956",1.55738050927409,0.114297137939769,0.0810429606395804
"957",-1.48399314394422,0.756464710619374,-0.806453288129469
"958",-0.543419387489279,1.17110211822954,0.416939476567236
"959",0.0862656236416366,0.793253632455499,-0.183868944688242
"960",-0.851582223426142,0.844768226273405,-0.455310222421895
"961",-0.936108806407107,1.10512646409522,0.119132501130261
"962",1.03380228399047,0.395773325905611,-0.34823761040951
"963",-1.31050243728909,1.26742447649751,0.379234662135564
"964",2.17043207328284,-0.457964143786013,0.068378185665102
"965",-0.37720569824468,0.595349393164646,-0.887110656297063
"966",-1.82601864030479,0.760214026052566,-0.858277040891599
"967",1.87885071628965,-0.404091103931491,-0.872820919962922
"968",0.295591210278541,0.761917809024682,-0.124236196220059
"969",-1.38523043193024,0.865305917914533,-0.542735404369384
"970",0.83238062357814,0.476994457634717,-0.391385546778243
"971",-0.744436574971863,0.875495457781058,-0.351050327463615
"972",1.03628410307002,0.5789349738775,0.217944648834064
"973",1.84618545073425,-0.198406316129117,0.13735135650065
"974",-0.554033992641297,0.81351955395668,-0.431863253702087
"975",0.319009306544113,0.333733842685494,-1.21940382872937
"976",-1.13704581541269,1.64478826401305,1.28603311627918
"977",0.956535840836072,0.805603710478269,0.759420317067856
"978",2.80822120607901,-0.486591958964785,3.69290157282241
"979",-1.5959021125965,1.054464395747,-0.165080198781956
"980",2.76131121554859,-0.543560536261552,2.58052211626109
"981",-0.877108768083112,1.01328929038827,-0.073838237241018
"982",1.23519384415329,0.570113200894589,0.630076988629846
"983",-0.542624797213963,0.59815455694149,-0.936734172383726
"984",-0.179037009874902,1.57412438014768,1.58030016492192
"985",0.484983605978808,1.1736786015031,1.13087874251583
"986",-1.40560334780997,0.990050362638008,-0.267461845333459
"987",0.74522806414651,0.767923302839463,0.328554224733989
"988",0.576789372096199,0.719202185649274,0.00323572908241054
"989",-1.0236828706594,2.54654115539698,3.38918397963904
"990",-0.3008627364821,1.52350259281916,1.3806806410946
"991",-0.447164394291082,1.19908629848647,0.526114469766292
"992",2.34392282912514,-0.718774409855556,-1.38726413839615
"993",-1.04859125732043,0.594929533372839,-1.08039126967195
"994",0.853476696902544,1.58398305546282,2.8454116867616
"995",-0.993412888068171,1.25805120552087,0.451788046704019
"996",-1.85121720437577,1.45324508247053,0.661833643452913
"997",1.34395046712111,0.404310287816371,0.376311180459134
"998",-1.01666683825414,1.32066003046975,0.58754730940998
"999",1.71300212453708,-0.260014515088068,-0.830616377861364
"1000",-2.58553083104742,1.25329291265636,0.0976191907527295
