"","x_pa","x_child","noisetmp"
"1",1.14796932797379,-0.640137966662842,0.160391529268328
"2",-1.68900735876155,0.630053130893831,-0.280255708140017
"3",-1.75001507240909,0.612641198436942,-0.359270506371574
"4",1.55058958434954,-0.736136606655965,-0.0686868280689878
"5",0.521223585702198,-0.527857593309334,-0.76325367656934
"6",0.0615787173512354,-0.0632352129908312,0.521747313429923
"7",0.574521037758841,-0.521207958066534,-0.509457987912755
"8",0.63085478857353,-0.377992533865478,1.12697303396541
"9",-1.06250454237454,0.38723818635724,-0.616311065472666
"10",1.27382536867007,-0.708659414083612,-0.464966826440225
"11",-1.08083797000377,1.31290384851317,2.29837564490458
"12",0.806397897769146,-0.5058117935189,0.563043268581624
"13",-2.78435831725146,1.2935412352523,1.16116601911406
"14",0.209011533676198,-0.370929256223063,-0.713773901708205
"15",0.946482470869278,-0.495825907787166,1.29930395656235
"16",-0.714056807973077,0.567702669914084,0.39766331455977
"17",1.80111802699577,-0.817775100597993,-1.0389218184824
"18",-1.26208909823006,0.953491944030291,0.972772706472997
"19",2.25825158165529,-0.776155461070039,1.59252757611405
"20",1.02114933052147,-0.662088636056858,-0.575672731898332
"21",-0.999723485275787,0.361137302123849,-0.644615893917821
"22",-1.21820991561111,0.342638424788434,-0.873260072659271
"23",-0.274153826551021,0.90351617946041,3.05379181192872
"24",-1.95810415349403,0.526092043230241,-0.69046662654515
"25",0.356677802395587,-0.501661483720424,-1.11711457108298
"26",-2.50188393349267,0.832772695167122,-0.00834795632188556
"27",-0.389994157298321,0.0440770562022788,-0.902376834652098
"28",-1.6873661049874,1.17994469092282,1.32003766173392
"29",-0.744804238946896,0.356289885930067,-0.376731159269697
"30",0.452805196636266,-0.421446074419301,-0.0862123273766813
"31",0.719869660978479,-0.580695627247605,-0.594476584870381
"32",1.68142126108672,-0.767091585481894,-0.274739099851738
"33",0.0411329424390258,-0.267421465745111,-0.783721426583758
"34",-1.31466583793541,0.761977378568576,0.342699398491508
"35",0.609371154498874,-0.394978437249183,0.855759346948264
"36",0.0662962893718241,0.00179004129054008,0.937440653699251
"37",0.822395908093856,-0.671640727684252,-1.28661669417707
"38",-0.144176185876546,-0.138356098570288,-0.95456733549401
"39",-0.892554568586965,0.818854250109362,0.969171188079027
"40",-0.587963173971393,1.14777368196721,2.7304069176652
"41",0.595179696416374,-0.566144495219789,-0.868459011076316
"42",1.1612564705569,-0.594806386047053,0.877855242840417
"43",0.908567888723804,-0.529041159000185,0.717315062587569
"44",0.542824775756794,-0.377979757395589,0.703805136351871
"45",-0.0180845396558744,0.108781807817652,1.00197167950769
"46",2.21683606286307,-0.86296949663106,-1.15403694387909
"47",1.05546648243649,-0.702072494526887,-1.01412418096884
"48",-0.746786168480988,0.211533560941762,-0.87520686414496
"49",0.307877831218758,-0.28104308728708,0.383701760473615
"50",1.81883109944336,-0.745576793890338,0.659484308696799
"51",0.698135929592938,-0.605203099089201,-0.926067778035918
"52",0.576094832580661,-0.165006212419054,2.89231039417782
"53",-1.62515368135274,0.699110281035323,-0.0461678928122236
"54",1.18991274775916,-0.569046250850251,1.38403481325358
"55",-1.27779801275869,0.492886590247147,-0.451670110298403
"56",-2.04427766138674,0.629404109692285,-0.42882325708466
"57",-0.137177985607349,0.202087324833372,0.696960542677374
"58",-2.46657464203083,0.542458224078564,-0.793712805556231
"59",0.861894021193074,-0.554065107508407,0.225094382275752
"60",-0.986547749330274,0.385614926832795,-0.553560322567434
"61",0.354499890738087,0.442183045976933,6.32238411908072
"62",-0.596320445481746,0.30614504891467,-0.323709614863349
"63",-0.0990946259590015,-0.199969290344422,-1.06295837391175
"64",1.33787841510194,-0.536405050783714,2.60811238505054
"65",0.578966323669614,-0.341010776827445,1.22887550413495
"66",-0.563781644252027,0.720110201575162,1.24405052413821
"67",1.54083432414773,-0.65018251539107,1.54038559552889
"68",-2.30448026700883,1.34334647501547,1.46375319346187
"69",-2.16950205494312,0.674149083173281,-0.345842303708772
"70",-1.0927421382764,0.540171633193014,-0.158417783109996
"71",0.869802816176695,-0.528966393525206,0.556603390369685
"72",0.572259421915266,-0.350544139652432,1.10425357418642
"73",0.252717093284357,-0.425706044644221,-0.924884550546697
"74",-0.894172300019095,1.28965673321427,2.51747485006881
"75",1.4086797701316,-0.657889086158869,0.855538599471928
"76",1.34709845362843,-0.654493825402355,0.674913024443992
"77",0.3207765595709,-0.152147637456674,1.43401192234236
"78",0.0657629621147931,-0.131510010725515,0.138806575838181
"79",2.51329503736703,-0.835968703161796,0.644299803772516
"80",-0.163283548560039,-0.134860909932385,-1.01210961155387
"81",1.59607535599534,-0.724965698988849,0.302330607330768
"82",-1.20265929792957,1.20762652502503,1.81695049133441
"83",-0.211759444532001,0.0495714821944386,-0.357015165960504
"84",-2.52149814963659,1.2337708991194,1.08142264642786
"85",-0.120265419961263,0.0764342832025361,0.187892062597502
"86",-1.85099391275584,0.577805068027419,-0.502575730489237
"87",0.0349031334572814,-0.160708048620325,-0.195660632977388
"88",1.3357250950121,-0.576584284063479,1.9282570621776
"89",-1.98432983022914,0.837671374616132,0.182476754682773
"90",0.920398408654719,-0.678499509208727,-1.09132143415001
"91",1.33752768578658,-0.630258585933116,1.04221165515021
"92",-0.919736030137169,0.71309013723891,0.584839869889219
"93",0.19550948219631,-0.402375012471457,-0.98340751095837
"94",0.108177803575353,-0.386267672633022,-1.2182142612896
"95",0.924738540076602,-0.407214070320883,2.30540302164231
"96",0.293200262944483,-0.291642110370435,0.232403865949937
"97",0.44694389154591,-0.338831412383951,0.59603900426093
"98",-0.215574384386074,0.134060444189624,0.00363003354935376
"99",-0.773082436375459,0.541090091247133,0.213762059542328
"100",-0.317074363684695,0.202444763264264,-0.0681492556792065
"101",2.0337472243362,-0.784490170722938,0.480129576526251
"102",-1.50727414990401,0.380698773754735,-0.923811028521279
"103",0.711124374322758,-0.569898872656611,-0.50971472205168
"104",0.467816034608597,-0.538403418038024,-1.04157683734275
"105",-0.39732579911727,0.582627129019593,1.20111484573361
"106",-1.6731087919965,0.720350675270886,-0.00945980352900477
"107",1.36052574042557,-0.718296978171287,-0.353376001914797
"108",0.414178073634196,-0.373451367672712,0.151588370133791
"109",0.0314807122514668,0.105763081610815,1.31954725391859
"110",0.434254667701139,-0.37382663760279,0.238980400921636
"111",-0.83587895587878,0.177334056171593,-1.0897036138705
"112",0.402685584747623,-0.470498257855148,-0.699021781040479
"113",1.10138272749578,-0.671259926692539,-0.446146077681146
"114",1.09903221238059,-0.577280959185646,0.875020542433847
"115",-0.651057661782685,0.296473477060886,-0.448305437671702
"116",-1.50873673123594,0.477959854143457,-0.635940514711638
"117",0.389618062544436,-0.215740252677949,1.32566287234351
"118",-0.529361816405001,0.297342248563621,-0.230749158480383
"119",1.55486577455013,-0.615151845295489,2.2761096962863
"120",0.677282920036239,-0.461696897882311,0.491572531575805
"121",-1.87298476946286,0.554558555682601,-0.577783344343461
"122",0.575453154808762,-0.530421378309296,-0.59383225244169
"123",-1.20670511937046,0.51430875496148,-0.334039350388052
"124",1.68537874310985,-0.674081126055535,1.68953315275266
"125",2.04972556648059,-0.782927425557146,0.578581836916065
"126",-0.923725260337142,0.929847337776843,1.2886741819488
"127",2.24759920923942,-0.750478019233857,2.32284102766883
"128",-0.750516867697713,1.3229235128056,2.92251155362011
"129",-0.622464671128281,0.187842855356461,-0.789989695443416
"130",-0.149020323525319,-0.202913983580449,-1.2779765569715
"131",-0.375875581459532,0.170768135970509,-0.36550663448485
"132",-1.3574102491616,0.5645811479447,-0.287182738556097
"133",-0.302515559462596,0.644080439183268,1.81841966130193
"134",0.0752944863629278,-0.106674246212333,0.340122855529373
"135",-0.361334269781191,0.456892709400258,0.822376950706023
"136",0.322833780533681,-0.485373254996858,-1.10901758467883
"137",2.89758304318024,-0.865056171055224,0.980747465616662
"138",-0.279316518641,0.350755681485159,0.685546507300042
"139",0.0342776537260618,-0.0460883524004403,0.462441942616612
"140",0.522810721737272,-0.468801938700586,-0.218818657014886
"141",-1.7612313011834,0.513618160161512,-0.650235111336782
"142",-1.93363774038151,1.40957170451448,1.83005344601666
"143",1.08946633450152,-0.688147981089601,-0.721408980591375
"144",-1.35403255261021,0.519649926075208,-0.420981742892977
"145",-0.505458431147328,0.349024780779951,0.01134761791422
"146",0.399608281226788,-0.353494334805602,0.250238340181568
"147",1.36574352962936,-0.69141808214643,0.119548735058489
"148",-0.241219314156759,-0.0226137924608206,-0.778480555050361
"149",0.484021891407019,-0.471421865013716,-0.395169603218746
"150",-0.327464068600535,0.0853790569413454,-0.580340673325329
"151",2.76147139514149,-0.898019201300945,-0.964668120391113
"152",-0.574575328935997,0.637645146368382,0.918421716709897
"153",1.09072311668901,-0.66115114541802,-0.338153132449018
"154",0.0881436917115847,0.205495409626494,2.31863430996011
"155",0.0657140925418424,-0.200088029794717,-0.270590973554121
"156",0.0245998141689829,-0.277666135978298,-0.916549892082158
"157",1.60607315842033,-0.759257580860331,-0.346038165684382
"158",-0.308118586596432,0.797955612048168,2.43194631572166
"159",-1.90513273678953,0.758156296641798,-0.00988362330643855
"160",-0.319131808504893,-0.0741293142639481,-1.21431544159165
"161",0.325039627460584,-0.29057047737227,0.395492453760129
"162",-1.88001021617901,0.948387533307721,0.544311202849283
"163",0.965281689247899,-0.689153715862191,-1.09809537792811
"164",-0.121595418661105,0.156717011432542,0.56956634999522
"165",0.155724015315292,-0.371008822156493,-0.932421922920268
"166",1.71032520389119,-0.733891208376349,0.523409538905389
"167",-0.584671628913971,0.208350436824368,-0.65674241887379
"168",-1.43069715830646,0.654472498322565,-0.0641857947086941
"169",-1.04559425280678,0.694596331424807,0.377735392252929
"170",-0.340919585405326,0.409589886370807,0.701144813698561
"171",-1.01524842422114,0.527884480476469,-0.123907550074031
"172",-0.210402686908475,0.0670432144391601,-0.2739014979192
"173",-0.908416706049865,0.383743386723406,-0.481480463780125
"174",1.35654655416447,-0.749381598836767,-0.890558691665921
"175",-0.723765497996844,1.21719078436647,2.62142187939207
"176",-0.623321343028527,0.40853696244672,-0.00456746884627113
"177",-0.420212671823685,0.142042601148915,-0.586623691904547
"178",1.12719139163529,-0.698261130170675,-0.752218467238145
"179",0.121927126114908,-0.141423538602088,0.383333524880596
"180",-0.69574491417945,0.765381269464582,1.11642646425124
"181",0.296666339180799,-0.457628672750979,-0.993445662195141
"182",0.834609888097843,-0.602597706717095,-0.44673587551478
"183",-1.87194611470154,0.639250669176954,-0.335317434916835
"184",-0.598144779149935,0.248460686637915,-0.534410913800888
"185",-0.246730404061355,1.2470933479011,4.70546353546101
"186",3.28487500102442,-0.914522166667413,-0.113555358779893
"187",-1.09839794474809,1.20006611817772,1.91841589167943
"188",0.373967470263983,-0.451103347543009,-0.650900840945093
"189",1.48897534890053,-0.673958860461396,0.881153685731971
"190",-2.02880932564453,0.273531225889335,-1.42733597711237
"191",-2.23610580388283,1.1268968875781,0.891210955792012
"192",-2.00306925739271,0.587463649535699,-0.532617963646713
"193",0.406986112950472,-0.306064703941718,0.676310830116582
"194",0.901264941037746,-0.637474522868576,-0.642915275760379
"195",0.609239744411799,-0.357077534381523,1.22633177193768
"196",0.345010226690313,-0.396065073472696,-0.331468533622435
"197",0.875643412780397,-0.468037979955686,1.31381199697623
"198",1.28431601943791,-0.421717715174924,4.1798965196531
"199",0.594729819456353,-0.608548111614314,-1.28041300588303
"200",1.41785863031633,-0.755960450738781,-0.833493329439892
"201",1.76295210558543,-0.676779326736539,1.97658317683842
"202",1.94065133342308,-0.753060443277838,0.938488497710658
"203",0.916684229833955,-0.298854908130747,3.60616876210821
"204",0.291253646261946,-0.482293191330646,-1.19713505611031
"205",-0.404833614467666,0.00142324591204263,-1.1022533029645
"206",1.61535203940398,-0.676807338129835,1.33531210989386
"207",-1.07048726780457,0.464604221628103,-0.377669920615342
"208",-0.0130367781358483,-0.0924437962390612,-0.0667493646599688
"209",1.542513926905,-0.686798517406146,0.847929545202591
"210",-1.72616284784926,1.0713583506769,0.980703744984863
"211",0.447227531827025,-0.412247108996369,-0.0309508030857244
"212",-1.0209388658456,0.732677162909151,0.526330961507553
"213",0.464720828851745,-0.299799044928404,1.02099112967803
"214",0.0177255757359853,-0.192796344001296,-0.46588188076243
"215",-2.31066839502412,1.86839716934833,2.91334556981703
"216",0.20532488132664,-0.34717582861104,-0.565886439938735
"217",-0.68066255022936,0.157493463403502,-0.978825528384317
"218",0.0696594848399892,-0.217180142650206,-0.353330409044605
"219",-1.08271551563173,0.728909232416723,0.447907403957973
"220",-0.189050890666656,0.0914517802894803,-0.0764466377841779
"221",0.582639129228385,-0.54258917584534,-0.68456508953454
"222",-1.3747589686826,1.61266925503092,2.8654704990448
"223",-1.66348275247833,0.622634072160631,-0.289379627424359
"224",1.67584938240585,-0.780727386327709,-0.576304798145381
"225",-0.767423622644684,0.438743927934572,-0.126277263923734
"226",-2.25496955711239,0.489333123996524,-0.885909133151601
"227",0.566595662424101,-0.471090302228603,-0.0643567437631527
"228",1.76072462335421,-0.807883822999602,-0.923436958786184
"229",2.86410916789508,-0.906528794690044,-1.05485622519875
"230",-1.12793094007955,0.668628061477756,0.213630493143448
"231",0.416753240730449,-0.28214852532344,0.924276125525677
"232",0.431931157676886,-0.449905839165211,-0.414153523504765
"233",-0.321627672051489,0.129076487021468,-0.384286596804652
"234",2.01894518241566,-0.720849644866764,2.08604539673419
"235",-0.0620547962277111,-0.0162018841462826,0.0623808590234942
"236",1.46228032070365,-0.640755019706306,1.37937291335529
"237",0.227303402019678,-0.145034089343844,0.94672807037991
"238",0.751249281201643,-0.543671581988036,-0.0808074116044908
"239",-1.180652302426,0.365068868134438,-0.777817813673364
"240",1.5374826187158,-0.760695901152121,-0.578920963375174
"241",-0.488015770084825,0.452567833391874,0.440087107500647
"242",0.850503832704792,-0.154225613788681,4.90221215579632
"243",0.233055008645336,-0.376545203099123,-0.653393650566384
"244",-1.27865993216507,1.56782834876545,2.83811942096669
"245",-0.646911438562798,0.301847016224989,-0.422843354459591
"246",-0.623076903823628,0.817873597309495,1.45516122048216
"247",-1.05016271760866,1.02080714569183,1.41158860031786
"248",0.118040299282901,-0.0273399723049515,1.08059397470687
"249",-1.27556641737455,0.810873986568316,0.523686909598454
"250",-2.22198816673792,1.35495821725624,1.53126232535111
"251",-2.01787332687883,1.19863372995933,1.18788121898415
"252",1.35998249333243,-0.715149925043728,-0.30182962817711
"253",0.148033650151752,-0.109066668114906,0.73688722008204
"254",0.821945887441578,-0.663440206996752,-1.19309575953004
"255",-0.13693148127827,-0.211830615276011,-1.27554715156808
"256",0.268140058572201,-0.383658713937992,-0.558887896271091
"257",-0.465060212758386,0.297269177802209,-0.0926665157876989
"258",1.1616558507384,-0.642346564927685,0.17722427617937
"259",2.0618927108838,-0.769002019700555,0.995690444586919
"260",-1.45003567879647,0.263987814181576,-1.24357049996032
"261",0.539132460591492,-0.492933283237404,-0.376747531035782
"262",0.00495247001583105,-0.167007525175116,-0.384547482146993
"263",-0.615819724807263,0.567395251624808,0.576717537309978
"264",1.00737114977783,-0.67555260156039,-0.797532412575438
"265",-1.39277594926516,0.830055892208604,0.48942572245136
"266",-1.65337134691427,0.537622645604854,-0.532514997451545
"267",1.44312254309323,-0.728839099745109,-0.277369708080738
"268",-1.55646591120738,0.631673488450073,-0.206919842016679
"269",0.21559133603465,-0.221514902613,0.349840934435309
"270",0.221765456955507,-0.274251516007766,0.0136946693223976
"271",3.4539492558465,-0.938057407828467,-1.08195044563985
"272",-0.635322472454728,0.386368968987669,-0.104396308601695
"273",0.654467809061394,-0.496071801604877,0.0443230867216169
"274",-2.02132958840141,0.620090481585362,-0.446952669299439
"275",0.569848346064694,-0.439661755506658,0.246915781168727
"276",-0.0797898722695789,0.183872267895084,0.975296076214183
"277",0.351858175467679,-0.504980449058077,-1.15997451229281
"278",0.204405753750688,-0.367105355107673,-0.706577295297293
"279",-3.84879188007962,0.553016603586799,-0.991179003746619
"280",-1.25287478249623,0.570175386719126,-0.196671615445957
"281",1.58791858469017,-0.687047197336815,1.02058532061649
"282",-0.914664140825796,0.372662089935128,-0.524395191606714
"283",2.79524371938666,-0.892245023483545,-0.617701948563753
"284",0.80845609651622,-0.491551936986225,0.734854050661073
"285",-0.0643145247305983,-0.161647675881345,-0.702758933900874
"286",0.859373956345161,-0.671962379807999,-1.1861003240783
"287",0.384816436257907,-0.391601820745085,-0.12659667006313
"288",0.947467522719114,-0.62598143456982,-0.347048474410822
"289",1.39314272688477,-0.675413802203138,0.491644608771602
"290",0.473805986549838,-0.470542782570681,-0.427195971425415
"291",-0.15759363711161,-0.0241347753562564,-0.473157445747761
"292",0.686198549695534,-0.47201335403946,0.422799711802454
"293",0.802249422497839,-0.549706329081306,0.0457675549494962
"294",-1.08837803471734,0.687787078712092,0.312124717873113
"295",1.13423659001438,-0.651228279347565,-0.0496105655814059
"296",-0.275788421716809,0.469140594167928,1.20183260345433
"297",-0.674093772134653,0.631795868167819,0.691421121690894
"298",0.523900095750382,-0.535816528937694,-0.826478032086053
"299",1.30843631406343,-0.709469199879362,-0.370045266073146
"300",-0.0841931599905036,-0.177757894951629,-0.882341575523066
"301",0.435959435588876,-0.398136317258672,0.0406492872815964
"302",-0.976984126577225,0.437882273780599,-0.375526118051524
"303",0.829812707735894,-0.646827932658332,-0.977351586558437
"304",0.0308944238228589,-0.168065186658869,-0.258630123495466
"305",1.28627122851855,-0.598785870506211,1.34215550864158
"306",0.516658091570207,-0.544125222245157,-0.92703040172916
"307",-0.302747857407297,0.011630225722431,-0.81665822964078
"308",0.637848147892071,-0.269149514052628,2.25205657421334
"309",0.962902610231327,-0.619881656954835,-0.21626843517963
"310",-0.201953468330877,-0.102085900478749,-0.999909500858782
"311",0.0563111576510612,-0.121920267773988,0.144428534146543
"312",1.40812356627054,-0.663424778976552,0.756614020762616
"313",-1.24505163087412,0.574884244241539,-0.176294703258744
"314",-0.122408092733192,-0.00526395405416871,-0.21934062195642
"315",0.178106860738299,-0.177096591457299,0.455474075057819
"316",0.610075988937915,-0.447031590592244,0.348947527589532
"317",2.70357746515511,-0.877644851745635,-0.288389589440526
"318",0.0667173643053273,-0.244485499188529,-0.530748794015629
"319",1.55208810527634,-0.769653100894958,-0.708351475152965
"320",1.69062035354697,-0.750571463865042,0.101618547660761
"321",0.557280070757172,-0.537440889584137,-0.724851070660447
"322",1.37255297297799,-0.764062728878598,-1.09651571643476
"323",-2.2269353904424,0.638946847301174,-0.462120673177257
"324",0.885007209334706,-0.613736471848047,-0.407354027834406
"325",-0.00475197790774438,-0.0135595895170534,0.414926394907912
"326",0.268422458332607,0.159429442162654,3.40272655107825
"327",-0.876886910565547,0.368434891315965,-0.497830459819779
"328",1.33783458175324,-0.730406443022292,-0.625873659031239
"329",-0.176986735329286,0.00904098990657642,-0.401611641118737
"330",-1.15118707570794,0.886167440403197,0.872080303483228
"331",1.01251284649009,-0.685753575845594,-0.917605920555917
"332",-0.355502599393772,0.309067078331433,0.246543692180821
"333",0.919174254332151,-0.571386473177014,0.235953360768483
"334",0.0225562837029826,-0.118363803296375,-0.0179875369391955
"335",1.00324124853971,-0.580558559603612,0.444548141260221
"336",1.48853987626009,-0.693042267233636,0.527578152274654
"337",0.403179993307348,0.0982883763287145,3.98844675418733
"338",-1.01370376419363,0.801325076118705,0.754692797311129
"339",0.814415558180694,-0.647060325595355,-1.02641195465568
"340",-0.839452346280865,0.899523378390939,1.31779487641844
"341",-2.91680542740896,0.67141895292665,-0.542246889113092
"342",1.74705617786063,-0.796242735787933,-0.705170346008117
"343",0.754924016142009,-0.532080325928258,0.0604195111360082
"344",-1.14063392136807,0.744538291373825,0.439535285474026
"345",0.721888366876463,-0.650023852980152,-1.32982926973845
"346",-0.248397064452237,0.514976863882324,1.5250318372453
"347",1.59151869071123,-0.62401929153862,2.27878733064834
"348",-0.457573865668738,0.176284663349376,-0.537023020327287
"349",-1.23241715169194,0.659450733658874,0.0940899972875808
"350",-1.55889558593062,0.802226735861158,0.294814948135644
"351",-1.10592496556664,0.479203501633784,-0.362305439300706
"352",-0.536205089391947,-0.00512572170449216,-1.35925461145817
"353",-0.303411413136562,0.679832858107689,1.96321931838709
"354",1.38874851716471,-0.737555951111543,-0.596522556097711
"355",0.478188939768399,-0.321309542709128,0.901335534244577
"356",-0.167303024571968,0.213586539171207,0.586526207926823
"357",0.845267110005655,-0.561027968512112,0.0787230139766431
"358",-1.48459606723419,1.19603852880182,1.51388511228652
"359",0.340341514220089,-0.136834674377272,1.66842391458788
"360",-2.25140311570814,0.977647616563615,0.470823470875735
"361",-0.343465498940358,0.275813043295064,0.149361291875063
"362",-0.636384024570665,0.920222348737962,1.78806141209606
"363",0.0968778637309486,1.11060090560803,7.9631073660131
"364",-0.0681477301187201,-0.0112480385564579,0.0523897018539516
"365",-2.68296571903648,0.545434320958886,-0.834264487651143
"366",-0.884841298655089,0.266934379277494,-0.841591998712198
"367",1.78869534520842,-0.834396787141969,-1.44383569045037
"368",1.35979238818946,-0.635405968582867,1.04665497499213
"369",1.58357614911222,-0.770353245298654,-0.632171426959728
"370",2.07417942066947,-0.773864627622045,0.912236344860369
"371",-0.398510332375171,0.260211253408761,-0.0710908419831078
"372",0.0617691853957974,-0.00226853263081433,0.885072623638933
"373",1.00466490759281,-0.68607235623008,-0.944770553777066
"374",-0.819510477883097,0.332715937603681,-0.551433003803805
"375",-0.94241054241489,0.645803646797417,0.336910813381248
"376",1.34353580839262,-0.739047197797134,-0.753569971930862
"377",0.14327745433979,-0.203257479247565,0.101097031518788
"378",1.95042073026685,-0.805428455696403,-0.329171601155986
"379",-0.754871957924864,0.254135338238261,-0.73939066158885
"380",-1.13692126494449,0.568238990612196,-0.109232551074126
"381",-2.22509666154246,0.217085232087929,-1.63488229468229
"382",-0.420951823391125,0.214023227017331,-0.308482849834856
"383",1.85843114477072,-0.444030037595496,7.8884664642659
"384",0.992005558337954,-0.634562122910053,-0.306779587643514
"385",1.59978707928732,-0.745793821138632,-0.0980352124951493
"386",0.094164490070774,-0.328993181496252,-0.920363234315306
"387",-0.121048681672517,0.18909101151526,0.729731405649156
"388",-1.4451223761272,0.715538588477756,0.109262609937081
"389",0.0275827328073747,-0.335903397933492,-1.23696520406829
"390",0.703765716543617,-0.512521751115115,0.0702901743261473
"391",1.5435056254293,-0.578829457857539,2.91634051115618
"392",0.583550768618207,-0.579438054563165,-1.03481624893941
"393",-0.870029441108264,0.742050143687019,0.747536854569849
"394",-1.9946312166515,1.03924362722359,0.748407645083131
"395",1.14090109388431,-0.590291662055603,0.860734240490772
"396",0.335684326711318,-0.271744959492934,0.593849290460754
"397",-1.80202162885791,1.06234052893301,0.911265302086331
"398",-0.106472545536324,0.391221091439211,1.81624469980009
"399",-1.06487817493215,0.560838620260169,-0.0671399766609206
"400",0.464339208015933,-0.552654551905241,-1.17706764297241
"401",0.578422546068133,-0.527303070040968,-0.553355984998343
"402",-0.557251577533359,0.308961515336069,-0.242374852734041
"403",-0.492075831403897,0.636005695809778,1.11930451357329
"404",0.377410203126656,-0.29517301279623,0.61809639469004
"405",-0.00240327176352288,0.207264810419006,1.65321749782426
"406",2.76843745058794,-0.896026591786484,-0.859997896423608
"407",1.253921730297,-0.743715164180824,-1.07817935492209
"408",-0.799904783471684,0.357813382753573,-0.443266612941844
"409",-2.73998597787292,0.566073558468265,-0.790237099634319
"410",-0.842252203007168,0.294731508647497,-0.704461623599386
"411",1.16138984663816,-0.64498636376366,0.137277798226644
"412",-0.435941297604939,0.771200296340841,1.80561717716301
"413",1.6353287030754,-0.685706575799001,1.23804918535495
"414",-0.760036528083541,0.295616510809812,-0.604239392288038
"415",-1.46708450644028,0.891427374172918,0.61962145502415
"416",-1.05921665332314,1.10453401712057,1.66638907256789
"417",0.461847722925544,-0.533066928446343,-1.01542933920862
"418",-0.0464857925554506,0.0314094381589714,0.404686025314453
"419",-0.298618147167284,0.0967107916324372,-0.449844678818168
"420",-0.774571086971327,0.346343680570374,-0.450096828935227
"421",0.508623880817209,-0.520882213231839,-0.744741065667367
"422",2.34943578259259,-0.798569161899072,1.27336232127596
"423",-0.0847774238983163,-0.150392437645205,-0.747006268431182
"424",1.51536111092032,-0.704875026854723,0.404622599983998
"425",0.14564994680714,-0.0806248444105423,0.907410568060308
"426",2.06813608154824,-0.794564894580003,0.332401941277217
"427",2.71529426506076,-0.866340198975525,0.215673748639406
"428",-1.71131319950078,0.542941965120775,-0.543706368809758
"429",-0.351979749294053,0.881713001501527,2.57001839873216
"430",-1.05142573245177,0.326194051520924,-0.801167379219671
"431",0.613001595041797,-0.289374316854226,1.9103212070337
"432",-1.90325899566736,0.348626910888585,-1.17638776107197
"433",0.534295745266435,-0.331506008275361,1.09176081519291
"434",-0.761724950286299,0.149988556685547,-1.10297508538336
"435",-0.459604296450104,0.150352014163441,-0.640250578935256
"436",-2.38002151265403,0.621998214513103,-0.553094681678943
"437",0.134816079108266,-0.27518026189656,-0.402840836562203
"438",-0.0408976508459048,-0.0336685808126979,0.093515705298937
"439",0.463747578992536,-0.414801147627199,0.0176818177681808
"440",-1.53863919753374,0.742574311337736,0.130927403050761
"441",-1.15152832813354,0.320065433052441,-0.897305160754776
"442",-0.0668449842204156,-0.147389097904189,-0.641797824618105
"443",1.61176732421586,-0.724825774889088,0.360038855782639
"444",-0.259816802627229,0.0736825040701405,-0.423600924864885
"445",-0.141493777255645,-0.0694507589104498,-0.61667311605566
"446",-1.39675466027418,0.503900372466354,-0.495176528255112
"447",-0.753047401068867,0.33216465153038,-0.470373584104204
"448",0.538797709290483,-0.425758728793079,0.243068233166425
"449",2.21868005672522,-0.785886601234122,1.13636405209925
"450",-1.36319308771219,0.268891914387773,-1.18503830811998
"451",-1.38304234515433,0.215560273057656,-1.35626367283326
"452",-0.935877771485762,0.644493884308327,0.34050574068536
"453",-0.422445601685091,0.288726790490215,-0.0218980924594747
"454",-1.84848925404657,0.468523076884426,-0.814560440906961
"455",1.16101655813524,-0.505893285633816,2.18971682126439
"456",-1.71080429339164,0.623454330641705,-0.309845051793351
"457",-1.24750923026008,0.686209701479325,0.164251283501456
"458",-0.642427714216902,0.263168368394581,-0.552719645425903
"459",0.540938330065111,-0.469248563130286,-0.150455333192968
"460",0.121602321730673,-0.376608264194561,-1.10500992181359
"461",0.341282652753473,0.220994067614307,4.46406055994374
"462",1.33277433391873,-0.669058129890504,0.378282853382234
"463",0.151344721194593,-0.159166240202675,0.429594383313323
"464",-1.5862578603315,0.793135638319554,0.251629713407309
"465",-1.30303786349206,0.658244192997857,0.0354709174582331
"466",-1.01831423999152,1.79462773862483,3.93226243831697
"467",-1.87720233744277,0.974953609582041,0.621569541084988
"468",0.672875078854922,-0.473763177589157,0.348197524318469
"469",-1.61328883950606,0.902077728433012,0.555286584257815
"470",0.250657453314399,-0.378648355264842,-0.595309244370538
"471",-0.339638474809451,0.165361935578582,-0.288030954159555
"472",-1.95820018215142,0.450272846015301,-0.905616832874048
"473",-1.5115028963759,0.855238229568579,0.481681542448676
"474",-0.962682823311371,0.510156081106394,-0.126829663464927
"475",-1.79918474103954,0.835553794051658,0.260350827878328
"476",-0.81624628581059,0.23016373442375,-0.892043747589799
"477",-2.49806441987088,0.369032648098818,-1.27553460364486
"478",0.982524667557736,-0.419946883595403,2.45350715845764
"479",-1.69994166235647,0.567269200287959,-0.46790909508143
"480",0.264819326007948,-0.443103114690662,-1.00470722673708
"481",0.314135746705093,-0.290117055034774,0.345594897467933
"482",0.269471525530269,-0.157978040273378,1.09402327787856
"483",-0.980906008221555,0.385205277184612,-0.549536431303451
"484",-1.28868940300411,0.746892463106803,0.317189268932562
"485",0.851611651268037,-0.19149037658549,4.4700228736291
"486",-0.0786534860618336,0.261475545925753,1.37782327331749
"487",1.94871838300302,-0.795128038606308,-0.0778508417022798
"488",0.822193828429797,-0.228016369517999,3.84107615545898
"489",1.02960349874794,-0.544810110266428,1.02957401386187
"490",-0.123300906873132,0.759756301621303,3.47607118139865
"491",-1.16921782026516,2.00353471619399,4.33488818823709
"492",0.289270113047546,-0.313765243380604,0.0489410352638204
"493",-0.506559208806785,0.340755687088939,-0.0219312049264826
"494",2.44752852458714,-0.856212990274023,-0.294029282952029
"495",0.605530753107108,-0.30698708904127,1.69683107552272
"496",1.30313314151684,-0.575961047217993,1.78697096812739
"497",1.58843897406717,-0.749214164604305,-0.201819604542853
"498",1.00136294629735,-0.483797833434199,1.7133415048619
"499",-0.25901870981336,0.26261822624362,0.390276333994129
"500",-1.08420526710204,0.449713862357844,-0.436806511075909
"501",0.784052560675446,-0.513848501793623,0.379207587483267
"502",-2.44450498702988,0.727392083983799,-0.281015116957978
"503",-1.00390945753866,0.396686291420367,-0.534157513039202
"504",-0.605342858699388,0.234154721708417,-0.597613687596899
"505",1.8762635837311,-0.771814849462506,0.250649452914099
"506",2.32911576253198,-0.853556174736898,-0.561899405150353
"507",0.475193481387861,-0.521722680607157,-0.870435816709912
"508",-0.764482448225282,0.740214348279499,0.905037202620921
"509",-1.30614093684862,1.29421623082446,1.97188319902992
"510",1.91844743950875,-0.79829060263646,-0.250480078655223
"511",-0.848984486012392,0.402813806953726,-0.351878836793961
"512",-0.570357635165234,0.53494577557868,0.554732441246127
"513",0.159719535083055,-0.0502580014162695,1.19030595528719
"514",2.064961924225,-0.781773030712981,0.664814734925807
"515",0.195194197594074,-0.200863823634041,0.385748136208159
"516",0.664650920992777,-0.382441087946658,1.2484225664312
"517",-1.49491592966421,0.978693265558653,0.859648573923932
"518",-1.76339104262034,0.737200746045479,-0.005691495185149
"519",1.14063150913895,-0.560998342091352,1.28605367497122
"520",0.614240187587685,-0.502047878655205,-0.174069964948315
"521",-1.718215699041,0.376048550066317,-1.03072695473735
"522",-1.70147711793329,1.08880662853831,1.04622392018118
"523",0.400938857770168,-0.196336696246135,1.54847802049094
"524",2.55966983953278,-0.883862063643383,-0.955860970112225
"525",-1.67581782696003,0.865667040581506,0.412329672434711
"526",0.736806607860373,-0.177166889932529,3.83431775453998
"527",0.206276991509706,-0.275460532255345,-0.0688268177705105
"528",-0.95193711596624,0.929407861131785,1.24729883293437
"529",0.560270771292391,-0.189724858100534,2.55808611783889
"530",0.932792666200584,-0.537423443715018,0.714652148095921
"531",-0.02561784493793,-0.300972444840712,-1.26214648032937
"532",0.0148386803558071,-0.121505011513009,-0.0773286076166557
"533",0.790835009270841,-0.53478899215253,0.170647433225862
"534",-1.97425618196346,0.566603258588222,-0.58136697454773
"535",-1.16039410613033,0.503614128831767,-0.330913450604519
"536",-0.602042563711559,0.484993717906073,0.308851200284718
"537",-2.89929326437197,0.984392381141304,0.300153716221153
"538",1.14767886850726,-0.731875515503563,-1.18266789549368
"539",-2.43425218096508,0.648455946343943,-0.494856068740587
"540",0.71200113932622,-0.477690622175199,0.473022521090735
"541",1.75779149216706,-0.779027820671843,-0.296342187830568
"542",-1.94895436719322,0.773748123692354,0.0159839518935523
"543",-2.47672601192492,0.760806281117334,-0.198285987124879
"544",1.51075577469605,-0.698432336953717,0.508728251428514
"545",0.205858392864784,-0.396681866583978,-0.903766801484973
"546",-2.80667376183859,0.76307924091075,-0.273251044390995
"547",1.05157390939277,-0.648477009956848,-0.292435079485138
"548",0.558062844914196,-0.366897495462404,0.880006849772606
"549",-0.647652352682122,0.699865292737425,0.982784652913647
"550",-0.573074225125606,0.0716369623491435,-1.13387875682412
"551",1.59874864415949,-0.72360472611623,0.338638540049667
"552",1.18651492194793,-0.605918081914487,0.814870468516927
"553",2.0282517541999,-0.857086195453345,-1.44216677365836
"554",-1.17063152513783,0.461581674274349,-0.470027192021385
"555",-1.68242633920517,0.607305105503002,-0.343261977389663
"556",0.096830654680555,-0.311437991920086,-0.800931356534884
"557",-2.31217516233451,1.64461945062907,2.29373772234693
"558",0.00836953507382448,0.0392792570952458,0.790017628589063
"559",-0.534243247685803,1.15507045666233,2.92379134313897
"560",1.3132337889674,-0.791829507274675,-1.70509311963022
"561",-0.692689812612811,0.578695650370075,0.47231150212147
"562",0.916891540731583,-0.617529762897223,-0.345143703687719
"563",-0.531547867017447,0.441864387336116,0.298647009786383
"564",-0.976514851806608,0.70691473237387,0.494623633229417
"565",-1.17414276910621,0.76475479493391,0.470981747949121
"566",-0.328424935508641,0.0989402787969388,-0.527438578304111
"567",-1.06945115265725,0.383363182146253,-0.634464755188284
"568",2.37401712820295,-0.882747962485706,-1.38739478556275
"569",-1.28884659035138,0.460900228570639,-0.557010452924807
"570",-0.471482130103567,0.693258422704361,1.39433377836462
"571",-0.0516116315343175,-0.218043072105546,-0.935465786528744
"572",1.80890339881556,-0.823915717638272,-1.15852401108428
"573",-1.21909379584675,0.816372459192901,0.589838675427065
"574",0.360545009460189,-0.364443472239715,-0.0151206403976707
"575",0.938763537579919,-0.550919169241066,0.569551605667497
"576",-0.854256622265388,0.722994564171819,0.70684489973091
"577",-1.34869150141848,0.968638499051263,0.942799436183324
"578",-0.225992189117595,0.0646191390156996,-0.343943937492604
"579",-1.58082867231789,0.592634513523952,-0.33509542276094
"580",-1.67935316224443,0.655579825634506,-0.20124844078211
"581",1.93255377095082,-0.83500389298722,-1.11153276709129
"582",-0.881639750495503,0.770726569407508,0.825933503069051
"583",-0.857106602387344,0.675655790372198,0.54541123325583
"584",-1.16738526842527,0.525313597341632,-0.268898862711624
"585",0.745802573284508,-0.531089085322349,0.0358370636644714
"586",-0.581412182421804,0.664608782467069,1.00048080473632
"587",-1.45099037263408,1.66223033324937,2.93461796408196
"588",0.344976969156779,-0.249581585627663,0.814324241727296
"589",-0.748054447908143,0.558416885190592,0.31085248676303
"590",-0.0159481047144413,0.00911275643061339,0.471943738501393
"591",-2.51942183973075,0.930198771052554,0.252890950050893
"592",-1.96091058830988,0.873956147444655,0.295288259795766
"593",-3.49087096298071,1.38162251292184,1.22384657262201
"594",-0.739807854002734,0.317742891327087,-0.50217449951627
"595",-0.56081917675018,0.181590438429025,-0.713965045899281
"596",-1.30584039198568,0.783180692594623,0.414264904567029
"597",0.627618578098955,-0.513699332234808,-0.237747755646239
"598",1.89966853820462,-0.716732169858096,1.65940255810622
"599",-1.35434436362742,0.714046694504199,0.167329910707691
"600",1.63273970901299,-0.738038022169555,0.166335214769188
"601",1.28918240733603,-0.707051357084322,-0.391288614589236
"602",0.738523406465728,-0.527315857545752,0.0485602473061992
"603",1.09153784449189,-0.644765323735265,-0.105025861283188
"604",-1.6950060770989,0.483562499406441,-0.708922836496876
"605",-0.791300684076432,0.437932692468113,-0.161565035937379
"606",-1.17413036957961,0.878862261030372,0.826187688224694
"607",-2.16934209127917,0.660564100119857,-0.383719455320172
"608",0.394301288672198,-0.340620317693468,0.331044612921742
"609",1.30537370858371,-0.727139927064256,-0.667806351167676
"610",1.30295960825213,-0.68383686877234,0.0300332016395899
"611",0.116182802121453,-0.106680899642096,0.570354387171287
"612",0.698691890770578,-0.455868049961125,0.64592370552836
"613",-1.08296354050544,0.405631012556973,-0.575218209498099
"614",0.979801743044999,-0.449636055154113,2.05333167186934
"615",-1.7368020210105,0.413120927388026,-0.930740992891329
"616",0.997581264015826,-0.329425491920467,3.7255216848206
"617",1.54576152618041,-0.753899682210342,-0.424540915200876
"618",0.853182756927032,-0.598437943145636,-0.333756925342057
"619",-1.59055884838232,0.296245469027666,-1.21130966760442
"620",2.32186920134121,-0.853067957184958,-0.567406839576017
"621",0.168899564917325,-0.1764955978197,0.410200732394831
"622",-1.60108479246588,0.601898591318614,-0.318456801049595
"623",-0.335496682280066,0.373010878887721,0.570872370636996
"624",-0.415605511684974,0.231342590928387,-0.227983578730761
"625",-1.13297096170978,0.419450611599891,-0.572276375616079
"626",1.46452851451418,-0.745548736709674,-0.512760146439805
"627",-1.67760423720114,0.622583018425066,-0.296455939984976
"628",-1.42328669886018,0.370314032413677,-0.911662961567005
"629",-0.974298748290065,0.489148380157347,-0.207049303516541
"630",0.560084017110495,-0.510391673125479,-0.460463878189541
"631",-1.75443641432235,0.404661221486485,-0.962189938984134
"632",-2.9906649118909,1.3710262473976,1.31164744063779
"633",0.870811146903228,-0.515481141467072,0.722433457455618
"634",-1.78103045630302,0.949064835629202,0.596486369319746
"635",0.840442770296618,-0.480316755393547,1.00630140695423
"636",2.4691575797925,-0.832799904202615,0.591994551642944
"637",3.04720531082138,-0.915571757742549,-0.972833503826391
"638",1.73748901153283,-0.66081084968087,2.20872748019747
"639",-1.98696783889738,0.488956710879754,-0.80569308981183
"640",-0.654365767176516,0.222717099578592,-0.713520738070408
"641",-1.44662760240542,1.23643186610006,1.66583412813728
"642",-0.825439630821937,1.62271564894072,3.76414699565936
"643",1.45829875087731,-0.73445301910971,-0.330810836148988
"644",-0.315213490730963,0.613200436639427,1.63460889362891
"645",0.295014758742487,-0.0175326193186076,2.29008710246786
"646",-1.84285720229121,0.656345182597307,-0.274225088430108
"647",0.740382207263489,-0.549526458159609,-0.185416452709958
"648",-1.42007370768539,0.516111170302776,-0.472478047789807
"649",0.65380705550455,-0.401822229456306,0.998248421345276
"650",1.21379628086137,-0.692175466258859,-0.39549953872637
"651",0.844248652076196,-0.624008911865368,-0.665360457587215
"652",1.85104333841268,-0.844227272247177,-1.52689990018626
"653",-1.29850165958515,0.553891131804311,-0.279615109875358
"654",0.90393393537083,-0.543924170664157,0.514991333494342
"655",1.42533899822689,-0.705328809319373,0.0825087247285423
"656",0.5269992061023,-0.45641365222148,-0.088692142480443
"657",0.643548977569625,-0.580393655618324,-0.848147144461466
"658",-2.73226434179188,1.09852647518697,0.649762370242347
"659",0.463250167159669,-0.496438178562767,-0.692822676243107
"660",1.16922095566946,-0.588279922070359,1.00742627963274
"661",0.269586539846003,0.16179360032956,3.42913509008534
"662",-1.99779130665763,0.883944699843535,0.307749544414436
"663",-0.354943972836029,0.845765179086099,2.41184801038171
"664",-0.450116942423077,0.41107793872038,0.378587277391557
"665",2.45557252136834,-0.860587592201171,-0.420430309017811
"666",0.562100937550763,-0.596761451875515,-1.26700509358594
"667",-0.167705213425423,0.183760639751859,0.446379867696028
"668",-0.539847600672801,0.321866719964355,-0.161207858112512
"669",0.568675042695732,-0.457527053097626,0.0725837705041412
"670",0.0608990004424328,0.166084928100052,1.87897289367445
"671",0.417025127319138,-0.232258605073725,1.34166749134903
"672",1.58639927393761,-0.718602764124837,0.393876525516809
"673",1.04953888470071,-0.635703045115366,-0.124866980577512
"674",-0.257986023297843,-0.0342574180324695,-0.881250802464743
"675",0.00434989857809461,-0.0315948392700319,0.368720601215688
"676",0.337185471658284,-0.129735826257232,1.70459539071516
"677",5.08112476771566,-0.992821236791855,-0.899243593032646
"678",0.99792860570499,-0.529611359719861,1.09403809051863
"679",0.00933040899869945,-0.245310422684356,-0.80210255433542
"680",0.366039828178556,-0.119424377068095,1.96265689578671
"681",-0.770442632677222,0.486965888183493,0.0335621988105617
"682",0.57107148714064,-0.53941471400949,-0.69497136735852
"683",-2.77888622632634,3.1583280592931,6.18919158087584
"684",-1.14062727546079,1.21874570601354,1.9242493225916
"685",-1.87198528613403,0.676957849943202,-0.227561669195237
"686",1.0168983573046,-0.650918017050121,-0.440152351755675
"687",0.707473882346008,-0.545029291646274,-0.259176655144312
"688",1.1468834089339,-0.716449009659286,-0.959239994613003
"689",-0.644392693109173,0.225436627174374,-0.689248940022684
"690",-0.506790165541969,-0.055577332125869,-1.50174354524922
"691",0.669195396541386,-0.381384873294763,1.2817597099819
"692",2.60869901584982,-0.897660154314882,-1.3497783272335
"693",0.980594038715992,-0.531227476582582,0.997291120997932
"694",2.86343095491861,-0.900384418507192,-0.775959837884128
"695",-0.416231116672054,0.131222166209894,-0.619695111594328
"696",1.23333868945294,-0.73445676615503,-0.989458971811645
"697",3.17881494801727,-0.918337574953001,-0.716834212775785
"698",0.0225205447470449,0.0913874153002813,1.17678077560168
"699",-0.783099967893875,0.613196116576507,0.443500192523394
"700",1.2981105241293,-0.741896934770293,-0.928587621635753
"701",-0.0359236555433953,-0.254145740420133,-1.05517090956212
"702",3.20547959215446,-0.883269974713336,1.429035445595
"703",-0.467571684564883,0.724370216931659,1.52425055014008
"704",-0.633275924913683,0.998388337565445,2.07311314145864
"705",-1.08677420946991,1.03910372493244,1.42451263354043
"706",1.76125118515236,-0.782526687598161,-0.362904620915545
"707",-3.13950739678119,1.03790285913412,0.389687042781066
"708",-0.39474031012315,0.219510019584181,-0.221472304438421
"709",1.43384056609275,-0.712059246668742,-0.00820116962735495
"710",-0.657709713538698,0.361286504449496,-0.230270279545586
"711",-2.40775188167665,0.366599593325307,-1.26266517003648
"712",2.38445929828807,-0.693932787464054,4.87704979122697
"713",-0.207131513855736,0.162215078078663,0.164498832424027
"714",-1.19098557977148,1.21569223169201,1.85518919678128
"715",-0.971430937491696,1.63259687066365,3.49632475302695
"716",2.75077893893112,-0.890453133249238,-0.674595414286007
"717",-1.54541323457792,0.540974629092659,-0.468720720070819
"718",1.81922438488827,-0.766194825173614,0.188855632770541
"719",0.205634348689234,-0.30275081417077,-0.259368794769435
"720",-0.382701172126749,0.682794051170447,1.64840429448657
"721",1.20260149382937,-0.716146308832292,-0.795238288374665
"722",0.0699331997734983,-0.122507979737598,0.215324866052356
"723",0.185611022634116,-0.383585734008512,-0.895416611901749
"724",-3.78504938268457,1.77629277340964,2.1939207279843
"725",-0.81919796974261,0.47642784883784,-0.068720483294703
"726",-1.25129407773369,1.11611826013294,1.48269371402333
"727",-0.468412908973422,0.0768522188231181,-0.937515882504829
"728",-1.47515338639888,0.83714570316375,0.452226869034425
"729",0.727769481182864,-0.463520502039859,0.692883945641788
"730",-1.04926096511146,0.750516548019337,0.551940251952405
"731",-0.0970637575336755,0.114438315379728,0.510964872914771
"732",0.0900041909765246,-0.312531341911712,-0.837155279916705
"733",1.43255868938905,-0.724112672517319,-0.226593178114803
"734",0.637485565754586,-0.376040733136173,1.17908960201369
"735",-1.88656831952663,0.512687510956194,-0.702557643542327
"736",0.618254816820096,-0.456726483164055,0.28864253901967
"737",1.06245223920873,-0.47295609056348,2.16229158529563
"738",-1.13233111796736,0.492086247033261,-0.344020002941251
"739",-0.55607165859155,0.153611182495532,-0.808158432952307
"740",-1.18148002963986,0.738621042831291,0.382942372464524
"741",0.274994608589603,-0.176211024294914,0.991735762174609
"742",0.293406143920873,-0.340828727374249,-0.133716129830129
"743",2.13877777903492,-0.763679369390559,1.45151977123127
"744",-0.307221640353343,1.16803302010017,3.97307588055765
"745",-2.85461089485447,0.487815057821323,-1.02302453311426
"746",-0.94200731539821,0.437034712610451,-0.34261633518604
"747",1.23663116211949,-0.729175470894087,-0.898209694858662
"748",0.54303378670516,-0.515332458290252,-0.569632750560369
"749",-0.194258119534643,0.176725732026208,0.286803072589394
"750",-0.638456421918811,0.281791580114657,-0.480553021855461
"751",0.815858111220334,-0.376875309381524,2.08634719795579
"752",1.09349342716381,-0.671813639933154,-0.47919411600295
"753",-1.83337517252272,1.09909882321649,0.999655979754473
"754",-0.783376820025928,0.281517618703287,-0.681037956304986
"755",2.60682036124279,-0.835014128891884,1.0455648918257
"756",0.0199907347998668,0.0972374043151587,1.19309511438252
"757",-0.647976210235505,0.518420232591734,0.34087557953905
"758",-0.508411385183387,0.659100433730292,1.16142990302605
"759",-1.13536229044536,0.941711661331606,1.06252603281827
"760",0.530016910518629,-0.40264228449123,0.417207224415539
"761",0.450561239139952,-0.393166963698503,0.14706894705132
"762",0.865677321240555,-0.603232408461518,-0.347343448293627
"763",-0.534277816155003,0.839037844070823,1.75781775953798
"764",-2.05667436482104,0.455470461223073,-0.922820168992985
"765",0.83721132414459,-0.542801370037269,0.261249262451344
"766",0.393285714314232,-0.164114503611178,1.76774028284901
"767",-1.94147539207483,0.838535254878292,0.203173686184985
"768",-2.37095426325982,0.753807486043384,-0.187455617105969
"769",1.19739575996805,-0.676822909324213,-0.214871362309931
"770",-1.95009732252116,0.78693830992751,0.0529575991592672
"771",-0.956552304870601,1.16248858359391,1.99767239639041
"772",-0.0982013993973567,0.0532917574751959,0.199908397054152
"773",-2.07139850423676,0.929865589511847,0.406631409396448
"774",-0.658428262629767,0.965043228107878,1.89474006722609
"775",-1.24965322384284,0.443132832212831,-0.584871538279396
"776",-2.88104843602912,0.687555339180757,-0.491896097094338
"777",-1.18791134545315,0.383519558961223,-0.725665730446485
"778",-1.73780788148457,0.889344816942487,0.447068382002831
"779",-0.549777084471876,1.83127729409288,5.35226516571852
"780",0.270260708129941,0.00906319925920746,2.31875307598936
"781",0.0961647193468231,-0.189592587763958,-0.0534515526722341
"782",0.625505964743496,-0.601380711647897,-1.11584320986211
"783",-3.29184202302436,1.65366571378137,1.98418007484717
"784",-1.2589647458248,0.335675399477783,-0.921188863030631
"785",0.808490372622975,-0.394639523534546,1.84377389328221
"786",-0.413565619784885,0.239714117699452,-0.190242568833992
"787",-0.873975348358091,0.90092911005906,1.26779657916173
"788",0.725218986512224,-0.248633981402479,2.98828177186738
"789",0.133235778427343,-0.327575385597523,-0.745265425409251
"790",-0.790232038207578,0.477300678339645,-0.0269662541705922
"791",-0.762851359441003,0.154809327578303,-1.08780388591097
"792",0.00573789408166009,-0.232437012734462,-0.746569763644008
"793",-0.476412272015577,0.347745416830544,0.0723829285634832
"794",-0.892382380431095,0.57407157610515,0.162865874179827
"795",-0.692521048532677,0.954989168506138,1.7830006601285
"796",0.566629749956179,-0.488536120413968,-0.229263255219258
"797",-0.770224035109097,0.67026421515748,0.657411234407289
"798",0.00403336487397295,-0.033407143238431,0.356737347463094
"799",-1.22488332822355,0.53657776106055,-0.279047715166612
"800",-0.228378098263479,0.0774645734460966,-0.296286840080996
"801",-0.832200981835728,0.422914322493536,-0.264530808604661
"802",1.11569265859256,-0.61717346900501,0.373612394244338
"803",-1.64546289444958,1.35149106152636,1.84897843434189
"804",0.0245449706230574,-0.049750618088829,0.384500947221422
"805",0.174114707424809,0.0315757086497118,1.82420204402222
"806",0.635807240286232,-0.512529982707527,-0.194745763032782
"807",0.471401677387419,-0.538188025555501,-1.02759263065612
"808",0.215359123481678,-0.294118670260406,-0.154826958412275
"809",0.105037936530318,-0.235482514891891,-0.293266122254436
"810",-2.38407028298068,0.778602101347979,-0.123036936986914
"811",0.0303194455350547,-0.17595025973365,-0.306868402430452
"812",-1.9091618812757,1.36199737566864,1.70868969887141
"813",-0.183754006291558,0.0671937332743915,-0.1640873650237
"814",0.669304099095157,-0.540670269723799,-0.354303789233151
"815",-1.25862007260915,0.725307131872025,0.27535805314264
"816",1.30715311106212,-0.667486177299183,0.311323393460768
"817",1.99573467351351,-0.78686279973755,0.286195530034263
"818",-0.132700486601,-0.146768071947291,-0.947881086290985
"819",-0.0444184690755561,-0.151601281466681,-0.550577690685429
"820",-2.81305057308463,1.39602253424642,1.42867391702687
"821",-1.39634444637785,0.513747273986673,-0.46528924911515
"822",0.848158786410831,-0.401379557009051,1.97156298323567
"823",0.237817726994595,-0.137377361857293,1.06086878334573
"824",-0.158765452545307,0.112394906924533,0.159115308269747
"825",0.611643011772397,-0.61423880755338,-1.28505803194455
"826",1.71158501666355,-0.6962768569097,1.33098184272378
"827",-0.108991325106303,-0.080228632556584,-0.518038657350417
"828",1.81927671766956,-0.680453493110478,2.15223840193706
"829",0.567869278756356,-0.561952905710748,-0.919674801683168
"830",1.31387757550126,-0.644626702617692,0.710533104222983
"831",0.545883879943772,-0.31450018738713,1.30862139379184
"832",-0.22644003078298,-0.147156485615345,-1.27774592808893
"833",1.04330417578725,-0.594143639969651,0.418355406274843
"834",-0.277582268505365,-0.00435890495421981,-0.812095406864205
"835",-1.86415619397658,0.458902955661253,-0.847919065192556
"836",1.11673160837949,-0.713035581196374,-0.994767074383478
"837",-4.00434003756514,0.608063027625553,-0.865551467522345
"838",-1.07959735166312,0.937629442523843,1.11194495230061
"839",-1.236681892027,0.414225145394073,-0.6649021141579
"840",-2.19241876313381,2.29501168106276,4.16492214681621
"841",-0.104791151108016,0.355884106652499,1.65460309171339
"842",0.105954544652221,-0.217613770184946,-0.177681341520806
"843",-0.0843059776125597,0.181845436620371,0.933571567853387
"844",-1.64705930383728,0.631646240364957,-0.254876256595808
"845",-0.211687497149163,0.275657441579555,0.65034317955723
"846",0.259227149923311,-0.21410457852159,0.630011641782386
"847",-0.617372650588636,0.945272926199612,1.92349363189708
"848",1.44628108590605,-0.681078735063526,0.588822891595804
"849",-0.349260698380556,0.139046638930703,-0.421726655338406
"850",0.334014227480672,-0.457832648497697,-0.8560166209125
"851",0.791209300086882,-0.574836687771067,-0.280101481647767
"852",-1.28479136740082,0.316467074291794,-0.995997852319358
"853",-0.225721442068852,-0.131783597448535,-1.20791595481857
"854",-0.0938579089006953,0.246212689238028,1.18946673401876
"855",-0.0725591502763043,0.518061760554276,2.73720145321391
"856",-0.396261002214148,0.118051598336824,-0.624984187204033
"857",-1.12457519515719,0.410700100160224,-0.59309450149657
"858",-0.175773921518464,0.105184105388189,0.0452042406209814
"859",0.13781295654195,-0.254104619822369,-0.253530373621176
"860",-0.269033370377871,1.17683393413308,4.24819166240544
"861",0.821176985759544,-0.401638070052021,1.82879116627071
"862",1.16762263750666,-0.612271034852541,0.644883450392811
"863",-1.1018378905197,0.338687734332937,-0.801848940431126
"864",-1.431534162957,1.00889854795576,0.997134555563239
"865",0.47658591464337,-0.155928154163669,2.34473141331484
"866",-0.971839296318058,0.730117344501508,0.575246389443512
"867",-1.44847389110171,0.688611129591015,0.0265726299093454
"868",0.366851529304009,-0.502396253426628,-1.08753859218897
"869",-0.386957773565605,0.0372405459474235,-0.922599356060826
"870",-2.10346224093288,0.721370920466557,-0.191181873184457
"871",1.34905531453787,-0.42985631891899,4.45534232921005
"872",0.755998531540916,-0.539921257846778,-0.0215911052889541
"873",-0.325743243085954,0.243629139320285,0.073813827015929
"874",2.98713877336999,-0.902679661655934,-0.501550478954959
"875",1.17696610798568,-0.633528261118364,0.364269898608122
"876",-1.62259128159431,1.28462926244619,1.67003785403794
"877",2.32441795619322,-0.849648568982154,-0.451375512299267
"878",1.21310356361325,-0.720621320837576,-0.833149263621017
"879",0.0245233458064764,0.282336106323242,2.28039357630796
"880",0.845454991110407,-0.647585237127897,-0.93878664681984
"881",-0.288369965933462,1.08841519480015,3.75214636131639
"882",-2.69283275804823,0.401375661844559,-1.22625293953511
"883",0.647161916256399,-0.215960480248828,2.84308424935613
"884",-1.3743547441098,0.402863571054994,-0.786464125212946
"885",1.08910346892068,-0.616670803288071,0.281007180623753
"886",-0.138580920793386,-0.139756886923245,-0.93859381262466
"887",-0.668224071291984,0.207529005521256,-0.786723158959506
"888",-0.163196592332626,-0.166793520913963,-1.16022256448763
"889",0.0982616425097949,-0.199170345110481,-0.101851764276934
"890",0.778848917844737,-0.633148418530174,-0.976607013164728
"891",-0.469794984320186,0.914686887968336,2.23978647385712
"892",0.944470656050665,-0.642355087002177,-0.564431839879223
"893",-1.71449723536237,0.65124049465383,-0.23098454032811
"894",-0.327001234094246,0.115311094964679,-0.456329760650831
"895",-0.00711674570592638,-0.112156284001859,-0.14298544425847
"896",-0.210526700493829,0.261783307424359,0.593900745801289
"897",0.0791912045084519,0.368545141738053,3.23736758418807
"898",-1.2560784735171,1.14744165500814,1.57407663544328
"899",-1.10896946291698,0.903726253027657,0.971840943122989
"900",-0.721656741293074,0.634980168648608,0.617230280199512
"901",-0.568355037070325,0.396290766272977,0.0545574407267932
"902",-0.0505532197034726,-0.152514649694577,-0.586366116349412
"903",-1.01549828940882,0.646785566876278,0.257075824412044
"904",-0.297850453058078,1.07832324695643,3.65405032826225
"905",-2.1899019331092,0.734936173990115,-0.182990616219999
"906",-0.503657747902262,0.353766260775501,0.033027037655347
"907",1.48625789111661,-0.670193207361754,0.939884055775574
"908",1.76801248663602,-0.785016736047172,-0.397634382138684
"909",-0.255289371333791,0.0353546134445803,-0.573353200124249
"910",1.37814991476987,-0.666115445173824,0.595866872830539
"911",1.20196134311405,-0.604752123668197,0.895064574305305
"912",0.708260249680665,-0.588111531985374,-0.71266476746763
"913",-0.259188778116764,0.217770816277466,0.19707470634665
"914",-1.0502689681786,0.306952718337405,-0.861479631460909
"915",0.314766213814043,-0.288287705725143,0.362598973937743
"916",0.170668141670145,-0.0870622581460994,1.01341022813743
"917",1.74765179926012,-0.796313144055595,-0.705045175291666
"918",0.343424278525596,-0.365228132283091,-0.0972321461395398
"919",-0.801051600866787,0.334200203790916,-0.524329411251516
"920",0.25209853343273,-0.153253540733539,1.02935733776892
"921",-0.752993697760509,0.521181619453791,0.175885108014973
"922",-1.00791112805289,0.39646991472704,-0.538553700102161
"923",0.612102558401285,-0.608971228851299,-1.23197357465327
"924",-2.74857985880294,0.620007061904583,-0.646402160063187
"925",0.874083275880966,-0.457881993088885,1.42855066110264
"926",-1.24882514815476,1.08973421548257,1.40406409949758
"927",0.137671545798808,-0.0840026195877401,0.838593876413275
"928",1.01730656033856,-0.658000645577495,-0.533303884689605
"929",-0.768112099881059,0.482697059863735,0.0223731310791155
"930",1.54662336342731,-0.751370373288806,-0.373473076845517
"931",-2.49133694775373,1.37343169737845,1.47380329843001
"932",0.816529306082604,-0.436018421841233,1.409161619465
"933",-2.10586849837264,0.718562034525137,-0.19991293920315
"934",-2.1178954521737,0.944163132899797,0.428064872239702
"935",0.565896078822437,-0.444389383187223,0.185264433364628
"936",1.53064777630692,-0.792138198563109,-1.19499359365442
"937",-0.176395220001767,0.00385903149255824,-0.422948659737613
"938",-2.43998903620852,0.557934753520967,-0.744758092670611
"939",0.184751308575955,-0.278001724729638,-0.188118301505224
"940",-0.27834077007076,0.131121532640113,-0.240622988120956
"941",0.91956343934995,-0.549242600273146,0.512645706829943
"942",-0.45419079112076,0.203685024497372,-0.424996592628121
"943",1.53938372921897,-0.701854024268173,0.548748141831742
"944",-0.93992170837921,0.177661884989573,-1.18566674701946
"945",1.27447875020232,-0.70632516391408,-0.425673633858268
"946",-0.529082612388339,0.0685684155746057,-1.0759809447018
"947",-3.14262637150788,0.66697238799928,-0.595321510744833
"948",-1.04854126726845,0.32032299969255,-0.81748872390824
"949",-0.536431944641482,1.6905907674717,4.89039862898881
"950",-1.67731521003631,0.744261817312234,0.0579855098491438
"951",-0.162850714822375,0.0682057652259546,-0.0662304146869448
"952",0.253054532345891,-0.393173310844545,-0.689743307388869
"953",1.27535089567991,-0.675763053331977,0.0653097882928151
"954",-0.147145598255014,-0.085292795194502,-0.71589535402308
"955",-0.151135156464018,0.110244199200842,0.186930769720279
"956",0.514587670856107,-0.435050419992796,0.0543282954114543
"957",1.34578284710671,-0.730018299536803,-0.595807285965737
"958",-0.0591468063940718,0.231090099030374,1.36550215086256
"959",1.00968198347654,-0.490053552330185,1.67060970484197
"960",-0.995845968718119,0.733179374915154,0.556668721107239
"961",-0.978884873362529,0.993996625002254,1.4193878368096
"962",-0.88571177281174,0.0907739317002917,-1.42384491660414
"963",-1.09330792983694,0.645639543043264,0.174130633757438
"964",-0.411449285018579,0.137965339381378,-0.582412844128837
"965",1.3391103371523,-0.749773466937912,-0.945201255958907
"966",-2.15682646976405,0.647714420806777,-0.415544363439118
"967",0.983995855491868,-0.559930809632047,0.63820610725294
"968",1.66109306654386,-0.771125493120012,-0.420404911043437
"969",0.722290147919343,-0.613251148613192,-0.934853441439347
"970",-0.0912931785704322,-0.11747296431654,-0.614331238305493
"971",-1.45209481580263,0.75016373751426,0.208175217820511
"972",1.14434909391012,-0.648241432812239,0.0290977568971913
"973",0.442419174802101,-0.401699340394161,0.0384398030417614
"974",0.823754892832016,-0.545337596819873,0.1789563692468
"975",0.352725827749794,-0.463513058312926,-0.830321114875674
"976",-1.65095984655836,0.812531615605355,0.271311845472231
"977",-1.82645387604173,1.17804411465685,1.22999977848814
"978",-0.198855254917788,0.0537144089727525,-0.287868322805193
"979",0.467037354219875,-0.350799404415711,0.588927700677114
"980",-1.30135443915274,0.313769603112452,-1.01412535409521
"981",-0.668129953507043,0.418819700124163,-0.04492964025459
"982",0.123833046418757,-0.17370971694988,0.189220532108972
"983",-2.14207613144558,0.799181699064038,0.0130013597026459
"984",-0.505778366457875,0.270321330473696,-0.283243865531891
"985",-1.22174330368561,0.676812212996919,0.156434461456557
"986",-1.56753278366272,0.552024476598884,-0.44771398220006
"987",0.523094604904513,-0.402082314434421,0.391209840748339
"988",-0.262817931558971,0.0414785850710336,-0.571485022216431
"989",0.466851747887624,-0.326167229093425,0.802437704435234
"990",-1.03097731767991,1.4049866367135,2.66399828750495
"991",-0.752632206585758,0.310735032981343,-0.543093635097
"992",0.791811987415883,-0.60867120927,-0.660174872888735
"993",-0.434850016371372,0.153816373016406,-0.573844453744635
"994",0.229495662416436,-0.360478539628441,-0.555189726036137
"995",1.14363196444551,-0.625947752991022,0.351790224657479
"996",-0.0430330560343236,0.420726998101693,2.48838702307416
"997",0.0451057453231054,0.159848360727224,1.72821901713791
"998",-0.693559997505403,0.378850672874964,-0.224912363103711
"999",-1.04728521663015,0.306982779439544,-0.858955161474876
"1000",-1.01396254394258,0.353562532139217,-0.68172699480025
