"","x_pa","x_child","noisetmp"
"1",-1.54332671055073,0.87027986250388,-0.303174060414785
"2",-1.30677180522175,1.23387124098262,0.683359402148479
"3",0.925576226844084,0.747782398498299,1.31307082590584
"4",-1.09626596373377,1.21079415757701,0.684118194155631
"5",0.467997817118681,1.0006310693357,1.14186361552878
"6",1.40925581529798,-0.255585862803877,-0.644125489123523
"7",-0.0833418953167869,0.720587524190458,-0.210980846690975
"8",0.0188908098581093,1.29264587856262,1.49554345626803
"9",-3.4115994410687,1.00384659168582,-0.206177511757906
"10",-1.41767749993489,0.750552962642978,-0.585097699566586
"11",-0.364890646554335,0.676699935179406,-0.476058228007612
"12",1.02863383631958,0.112780165618318,-0.763301293894958
"13",-2.31378902172446,0.950133305956951,-0.224233504222379
"14",-0.982773967081237,1.11609601200115,0.472244597779615
"15",-0.869615805061013,1.40742623604972,1.27940591365877
"16",0.465773313583037,0.518612728713525,-0.362443955774368
"17",2.60373587261959,-0.780887403076191,-0.0644300380735614
"18",1.01360868697796,0.443712449509647,0.475376686160913
"19",-0.9634563417616,0.768726443272033,-0.433496734368262
"20",0.876714696551264,0.319379406893559,-0.377601361174681
"21",-0.177775156484534,0.618547593906208,-0.550114619271226
"22",1.01483980537932,0.111955249533717,-0.805551515724245
"23",-2.29987235301212,2.16585597505794,2.80149006620335
"24",-0.468949801793107,0.453850852513567,-1.12491049598873
"25",1.17464102509889,0.158053874545691,-0.0147637375353951
"26",-0.347333619918516,0.599645413811712,-0.680395584718418
"27",0.833474961173036,0.47467111029851,0.0758698330397651
"28",0.734951976210277,0.901826125917299,1.31847572906165
"29",-0.154002044632888,1.57836704983403,2.15695508491537
"30",-0.431969591345371,0.916757376405355,0.151150794321722
"31",-2.99987097079804,1.32226438137099,0.60980443584406
"32",-0.383414189856482,0.486056956600342,-1.00659456572957
"33",0.850936885277174,0.555622089363581,0.402685329357138
"34",0.317733383922289,0.379199055297877,-0.929950962409698
"35",-0.0896766107775396,0.61247727049717,-0.520637259409956
"36",1.040961264679,0.105129136700313,-0.757110521244963
"37",-1.35097513039996,1.11222724900711,0.358694240700829
"38",0.732533974300694,1.07740780734238,1.90479740778741
"39",-0.525607193504752,1.04548150960389,0.458202090522244
"40",0.59357855539985,0.678191346095577,0.311399879333965
"41",-2.12543016480767,1.04038547479882,0.0272021622777996
"42",-2.19927101686551,0.837271946991083,-0.490355505533589
"43",-0.552877125246028,0.968331354660249,0.23761301215495
"44",0.274547684641527,0.486253558375547,-0.643368789819669
"45",-1.29440014750349,1.37346869740209,1.04680018698263
"46",0.791843071686368,0.430625824110208,-0.165573993386742
"47",0.0324125241673239,1.02423585468871,0.736033691883048
"48",1.65022229856752,-0.313375552163396,0.535775828611053
"49",1.96903231566914,-0.527321309788814,0.493004624179558
"50",-0.764884697070125,0.779058335175951,-0.347790222063993
"51",0.11416903850219,0.673151146328293,-0.2162636257224
"52",-0.80952913686544,0.912137391745822,-0.0090057134140209
"53",0.522749885807213,0.67217979520775,0.189468131232485
"54",0.459152978055058,0.32420068320098,-0.974239478473449
"55",-0.424279534228943,0.775787213227638,-0.23028795147332
"56",0.252871427666982,0.826709308286313,0.353324666127902
"57",-3.19825511934033,1.21525243888927,0.327418705977632
"58",1.17185621860412,-0.0381764717742279,-0.893107520507102
"59",0.0413330796458582,0.974257167530518,0.599379313577675
"60",-0.274765009976979,1.65776946901476,2.28297631537491
"61",-0.117184330020163,0.248795987818644,-1.5612161843244
"62",0.774489587157561,0.335342724574726,-0.525772603906
"63",-1.89126324637484,1.67949866300137,1.67442600604668
"64",-2.23380555260413,1.54656123521767,1.27268115829752
"65",-0.790064796633831,1.30628983234349,1.04369678933098
"66",2.73681150972441,-0.798923531109489,0.274806183662215
"67",0.538869322256735,0.617903717916494,0.0394896092272887
"68",-0.712625351077642,0.819574378527171,-0.222624002186357
"69",-0.494883780878462,0.60348620896545,-0.727392738256789
"70",-0.927904559072951,0.886615850568401,-0.113559233594104
"71",-1.13532471571419,0.639286568630239,-0.813803899294211
"72",1.16492828650007,0.351903717368749,0.784706383457409
"73",0.8230656830916,0.146624034606389,-1.09415613583823
"74",0.971802675462959,0.219925168073456,-0.510122032877142
"75",0.0640285723950888,0.834566886396039,0.214195336031461
"76",-1.42984801879752,1.2222009039861,0.62167947173523
"77",2.03264600232407,-0.65835679126624,-0.83326411570052
"78",0.297384704091463,0.386672753119845,-0.923577454784409
"79",-0.531247783352144,0.831230622767719,-0.124110197152214
"80",0.441719497391018,1.12104379394092,1.47654796121146
"81",-0.689880417161476,0.982503584828749,0.220714862269178
"82",-0.0640013791700122,0.709050255552318,-0.232070700243124
"83",1.8690748402924,-0.439009957313377,0.855249589350978
"84",-0.845246281638992,1.60810422455144,1.81994287436241
"85",0.10614089431826,1.16435916791529,1.20560142882954
"86",-2.71153616533036,2.69825835158075,4.03206809786931
"87",-2.27110048744904,1.2009050436115,0.405650766402582
"88",-1.43146642231823,1.0656041302276,0.219849654318121
"89",1.26325969714707,-0.232147079641804,-1.37814177900205
"90",-0.777481992527065,1.36581894798847,1.2069859355164
"91",0.523642386935177,0.670514267207528,0.185418813424815
"92",-0.935141009594413,1.01561629822538,0.223545294012602
"93",0.572688110525819,0.540277648542899,-0.161959710542048
"94",-1.93887567825164,1.07316794531466,0.139196935249078
"95",-1.59705568408172,1.44899851163882,1.15996564898803
"96",-0.430077100633227,1.70324231473071,2.29889406181869
"97",0.0436416841673198,0.701512023479541,-0.184276637294343
"98",1.78592630014204,-0.241439152322391,2.26770134744767
"99",0.112261637145078,0.444517058048328,-0.882839425404661
"100",1.29153247957094,-0.00663253209853769,-0.0750210377281169
"101",0.726929140272157,0.292691671692137,-0.749536013327602
"102",-0.101620843472201,0.550481021502329,-0.702368500451708
"103",-0.931762585958974,0.768227087934678,-0.42611307582918
"104",-0.480334042356345,1.04041190868563,0.465344645991519
"105",1.27054508394412,-0.119271933944582,-0.782098141943111
"106",1.57968501783574,-0.332886470886425,-0.0953584875157989
"107",-1.31466378369327,0.879841701501448,-0.231125359073098
"108",0.448309842888509,0.780315341164516,0.429900680461959
"109",-1.52523862313742,0.782028096139272,-0.52500051220704
"110",-0.440073353908339,0.977997277534802,0.314435505760994
"111",1.22214979718275,0.131349807546186,0.128493683149817
"112",0.452554340303887,0.636492750891359,-0.0111216816090167
"113",-2.19742699094373,0.559831922666304,-1.18219681471606
"114",-0.877149045185686,0.726380794086012,-0.521066368130081
"115",-1.4364450280763,0.501661132610468,-1.22662298798077
"116",0.385117447778442,0.468998260645213,-0.598527511909155
"117",-0.810434821165971,0.756304357229513,-0.422373565052937
"118",1.92946044217837,-0.557737570479282,-0.115766576343642
"119",-0.760360845226107,1.03410685929564,0.332006514315828
"120",0.387161598154415,1.17051980063728,1.54915296744312
"121",-0.136833301435537,0.621414974082398,-0.520934546626634
"122",-2.19371989609655,1.10191847817327,0.170607807675482
"123",-0.766754698908898,0.866738435309206,-0.115286934070387
"124",-0.35909602570743,0.586424122576195,-0.721609053737416
"125",-0.263385179118763,0.458016183929003,-1.03670002398947
"126",0.179049795562865,0.971954072007494,0.712259102864008
"127",-0.138289281138207,1.60677281911441,2.25001381364028
"128",-0.0328211707863858,1.26123398576647,1.36089055235488
"129",-1.0954208730075,0.797137404160071,-0.393527855101842
"130",0.426501921758524,0.5348501040973,-0.354810467789122
"131",-0.41321415981796,0.52794926515079,-0.90305075927792
"132",-0.101458043960058,0.718278902574004,-0.228193184045476
"133",1.0052583851413,0.0902463732750539,-0.915280647307502
"134",-0.953367903136735,0.78403376600991,-0.390539444653601
"135",-1.29500556700028,0.709241947836861,-0.666746661988283
"136",2.4867060581746,-0.690976635404851,1.31834341569576
"137",1.74534586927371,-0.526317987156674,-0.785741917341344
"138",-3.28528839600308,1.39343074481883,0.752474418780634
"139",1.11810445561729,0.337358100856169,0.478656001496829
"140",-2.49227115308651,0.658624455971514,-0.967956532100505
"141",0.674985098567477,0.399659937941084,-0.472361158398086
"142",-0.910441268883791,1.18106210285419,0.667188396540803
"143",0.61710673337212,0.377157387256285,-0.627850998387411
"144",0.0932963793212627,0.507893307133665,-0.710840645655868
"145",0.209354702870133,2.1014739524013,4.08004470696934
"146",-0.718099838169001,0.851168233492977,-0.140208115254882
"147",2.33954060883258,-0.744153622535526,-0.693858670845946
"148",-1.61011828601939,1.17355815378203,0.45592147695888
"149",0.236899761582089,0.712313363281739,-0.00176731411339004
"150",-0.398227071212329,0.516676941532096,-0.928267955119848
"151",-1.80992607385679,1.0190682421166,0.0252161902772845
"152",-1.75977551984776,0.506144183992478,-1.26352820964415
"153",2.56867836618753,-0.786420267048138,-0.40839501003948
"154",-0.741445334206476,1.76845628897647,2.29470935418162
"155",1.91130327598314,-0.410034753353969,1.49110149040914
"156",-0.697919924373467,0.513720316606203,-1.03464365313118
"157",-0.373482264052521,1.19646380088809,0.946475806522837
"158",0.40911029343282,0.614783688428608,-0.127292066031477
"159",-1.04448486952225,0.749011737393768,-0.506323450940394
"160",-2.31758420330306,1.11999164014257,0.197559482004465
"161",-0.0544950402894419,0.831040003407963,0.1204143845058
"162",-0.0837043403601454,0.946466969392495,0.428393239237324
"163",-1.05140441249386,1.06422890786679,0.315320767084962
"164",1.74908488995085,-0.436636575740066,0.0881711647486392
"165",-0.894657759075745,1.04594129928623,0.316504198069183
"166",-2.2340056176425,0.911561153500722,-0.309719438520965
"167",2.04035636383834,-0.619460935989511,-0.272216996651884
"168",-2.25359630345748,2.52317898794425,3.70147001674127
"169",-0.145490683034591,1.43734319757098,1.76770172826119
"170",-2.09085536347754,1.26327578378966,0.590227764177759
"171",1.60890306729172,0.019095337204995,2.90627248762806
"172",0.210435201824983,0.606762265290673,-0.336908899284639
"173",-1.73931257078315,0.56970523451436,-1.09979948549676
"174",-3.82650685875232,1.03340487786259,-0.166509342963837
"175",0.855667134600822,0.176359592019587,-0.930940326704371
"176",-1.80193868105651,0.80519976955773,-0.513663675887827
"177",-2.01777054630608,1.53122246707379,1.27497611407807
"178",-0.381637599085291,0.5928131699394,-0.713218105037462
"179",2.26181195771889,-0.706817418896242,-0.415196941281873
"180",-0.940832856728267,0.945805518045536,0.0382201415290799
"181",1.1291457777723,0.188139134858724,-0.0991082161294647
"182",-1.78825398729274,1.11714537247819,0.276979259979152
"183",-1.83116510119368,1.15962106698168,0.37618815110628
"184",-1.68698227734953,0.67819605517072,-0.81695757765892
"185",-1.54808688078738,1.11498518093348,0.320117515743477
"186",-1.51523265609318,0.837801920908372,-0.380675875860031
"187",-1.48980375297156,0.721256178649007,-0.673753552123239
"188",1.39778709083816,-0.380794976332285,-1.4657446254353
"189",-2.13959081234623,0.802390720253408,-0.569616044312025
"190",-1.04855360832711,0.7615105037201,-0.474694675538099
"191",-1.01353573646103,0.700339129089471,-0.625838447678231
"192",1.07313243320929,0.317925335183585,0.203558471786284
"193",0.361160771635313,0.688738124292182,0.0476066327297735
"194",-0.391761422417746,0.763766040926429,-0.248981203163754
"195",0.153011044444634,0.335950692233659,-1.17425145209787
"196",-0.558874208770457,0.613707662615008,-0.722383177542553
"197",0.899196004456615,0.488214338351564,0.286054548772325
"198",1.09070488818322,-0.0245716404110217,-1.12662217756437
"199",0.784795238226783,0.501430893990382,0.0641320881883165
"200",0.117354210416173,0.455481671289902,-0.847682384783352
"201",2.12339054404094,-0.62071918877771,0.185031930461057
"202",-0.0388511161790144,2.28149183178902,4.26134374926384
"203",1.43181375427165,0.443183166913608,3.89396516936578
"204",-1.67050956653707,1.47327423848802,1.20400607072092
"205",-0.232097897426346,0.959571180395752,0.372471443371387
"206",1.78895771160058,-0.468174318765501,0.0263672892056572
"207",0.95587579564943,0.575308555174146,0.775973030391039
"208",0.943663762080784,0.238331205062025,-0.514232014432011
"209",1.52986271605749,-0.399688171574831,-0.889416971259944
"210",-0.231258281853125,1.57766085931309,2.09347826330833
"211",0.695059407282956,1.21825757590482,2.28176998881922
"212",-0.437825137931083,1.44478313791134,1.58880238428409
"213",0.610696875285186,0.851455033454605,0.89932769846831
"214",0.116168343922223,0.782446954092522,0.103380194307105
"215",0.299039873016478,1.07881594528078,1.15709708608944
"216",1.33532964338221,-0.145751436281996,-0.493053040389244
"217",1.42880116016548,-0.320026751178024,-0.924606315545366
"218",1.19987461142851,1.24245877390653,5.04008269379601
"219",-1.93509693782773,1.34730326964878,0.829242641824185
"220",-0.582799921090336,0.666605039431536,-0.588004499926741
"221",-0.00534950500568291,1.07585051457827,0.853906224576225
"222",0.511044000825251,0.339517735320036,-0.873921483103102
"223",1.41072783487581,-0.073884644376746,0.474289058022423
"224",0.805493232337245,0.477931241728274,0.0260789852807872
"225",1.09035044655322,0.149330210956766,-0.415937114463163
"226",-1.44347026971507,1.10536297988466,0.318982928938269
"227",-0.712749448425325,0.935939788426523,0.0878643651088859
"228",0.678694204507692,0.369350746896316,-0.567013483433279
"229",1.00222967808989,0.403115831578165,0.279071049305471
"230",-0.0830328705178617,0.689187079483385,-0.299716104864951
"231",-0.123989309737213,1.52878277208724,2.04257266101595
"232",3.14866798244361,-0.867370670386434,0.738798779024754
"233",0.817357960445273,0.876347359246583,1.44093392480192
"234",-0.843522752204988,1.34228960576298,1.11763097713706
"235",-1.72923872514238,1.15338392348162,0.380086281328252
"236",2.02439521562077,-0.639677820628144,-0.626100259367731
"237",-0.741294360657071,0.682799187740939,-0.596546030250358
"238",-0.0257414617216851,0.746306523418502,-0.102101319234845
"239",1.02600268002733,0.150869657575486,-0.622199237268892
"240",-0.314176678195266,0.388664544665748,-1.24857966821546
"241",0.154980514966644,0.391150140585525,-1.0113590954884
"242",-1.54377952445382,1.31086080120449,0.820793119510593
"243",0.0372363812220081,0.603589674777921,-0.470406189720483
"244",1.55700055990604,-0.00572436669400667,2.20250640099159
"245",0.959217343832017,0.111885798248693,-0.947656850340341
"246",-0.00294426503265182,0.594548942288305,-0.521382225838067
"247",-3.22669080287367,0.705991552417999,-0.9158999190426
"248",-0.657379104483849,0.630795646304696,-0.709143863788641
"249",0.188761447883772,0.990729069023701,0.776827589406036
"250",-0.118173969562813,0.73719154656146,-0.18452362573081
"251",0.605915268815718,0.746523627742176,0.551661417411277
"252",1.78784376363316,-0.413573643735889,0.565032638016361
"253",-0.786373869397087,1.92914351242339,2.69886423419608
"254",0.194205600626522,1.11814056852293,1.15773874480316
"255",-1.0179032810731,1.39762190258387,1.19790567053603
"256",0.564457360401201,1.11396610802421,1.65962480483337
"257",-0.341823333152023,0.83118335785354,-0.040823057651389
"258",0.451409990444659,0.44858262893656,-0.595624756255554
"259",-1.05715746878807,0.735170403956838,-0.54564856323196
"260",-0.328264621714694,0.977222542221802,0.368234699439003
"261",-0.495948887377905,0.837374211510922,-0.0930012632453403
"262",0.145806974550671,0.483079682679892,-0.748366168348424
"263",0.94426760724588,0.357880059248475,-0.0689903068447992
"264",1.03071750117911,0.131810036888521,-0.682731592881216
"265",-0.2222299613356,0.408166376823537,-1.15819229496472
"266",-1.11933454659235,0.744007910337044,-0.537716948104907
"267",0.177807320319905,1.74061604309491,2.97089116639197
"268",-1.74746224551373,0.738033506923597,-0.67487749838533
"269",1.00731604742055,0.132113566115545,-0.748426352683646
"270",-1.14744732006381,0.859813209177053,-0.243415155057752
"271",0.950032534400263,0.22230367022921,-0.557781679859448
"272",-1.77817688969987,0.948064755041196,-0.148629814138151
"273",0.755546315436496,0.746530877863889,0.839576618887814
"274",1.42633893312573,-0.0730438005918346,0.602866423471848
"275",0.385427235560825,2.38690304566971,5.26585761495585
"276",-0.935178096213425,0.445621668658659,-1.27546061319294
"277",-0.206790674274002,1.03181109631957,0.588916546398218
"278",0.198502868583758,0.693261917293513,-0.0912331217271236
"279",1.20631388735181,0.133668838521611,0.0459891759473208
"280",-1.64720026008581,0.713415291831477,-0.721111519125804
"281",1.10370622053342,0.096386041807521,-0.584834509966887
"282",0.960488353351368,0.169465496226931,-0.728962625310454
"283",1.42948960366785,0.290084465996322,2.90479913203516
"284",0.149776955016654,0.403191852190012,-0.97945702602134
"285",1.44091383847884,-0.32335180868813,-0.875453546014872
"286",-0.240126635284501,0.332080548844039,-1.37717861466111
"287",0.3000185802216,0.725356175005226,0.0961719014610098
"288",-3.59054577685285,0.691903658832879,-0.975538201279991
"289",0.699108770212817,0.258810831133872,-0.904271255388328
"290",-1.12537100968181,0.8836825910443,-0.175771987319111
"291",-2.20431976081635,0.683046999304924,-0.875654374434581
"292",-1.08213792630543,0.903965044344139,-0.111620856804367
"293",0.204794505912899,0.362558637878343,-1.0626365262003
"294",0.164514751720268,0.972729834151074,0.700884616276365
"295",-1.23200490328812,0.927197302870459,-0.0895187294396274
"296",-0.394012079033656,0.950848830951864,0.262390481245983
"297",0.82271823442087,0.257103032206118,-0.708581987128407
"298",1.15661910667114,-0.00238503046534266,-0.799193403227391
"299",-1.98885622842482,1.01816369562276,-0.00723801646775502
"300",-0.669072917755352,0.800809569599273,-0.257727484359042
"301",1.73979169082889,-0.49700866573068,-0.538334586658978
"302",1.88357429809171,-0.512695837367462,0.131315906094197
"303",-0.755637175584131,1.0798795890133,0.455524594233428
"304",-1.29164877625884,2.40085149153474,3.69815123351946
"305",-1.18570727292112,0.929601081078248,-0.0718292923479054
"306",-0.960401144043952,1.0662211329254,0.34851202003984
"307",2.0695980420647,-0.683787566523686,-1.00530548211959
"308",-0.416888251572867,0.912891201925983,0.147608036226927
"309",1.14611460497035,0.243609386152688,0.215711677105739
"310",-0.226100974920599,0.481962183914566,-0.954270320818106
"311",-2.25437977759668,1.3532991559695,0.787718277649132
"312",-0.221431570977073,0.907213005075393,0.232769695177879
"313",-0.276809281538035,0.521249297638786,-0.867044059432451
"314",0.108663332988127,0.463940932807901,-0.828631203386155
"315",0.60175417920408,0.314649270727848,-0.849730871323197
"316",-0.934795172477366,1.22206800705735,0.766602092925704
"317",-0.307696352781366,0.552174923013949,-0.794599317279314
"318",-1.23959235706958,0.619487421009332,-0.887233958779051
"319",0.568736369863403,0.770787273386649,0.569945029419272
"320",-0.70002686084574,1.62130038394548,1.92312102978412
"321",-0.654726361732582,1.54607434666573,1.74457166767334
"322",-1.59863846370741,0.977642041434684,-0.0403353824019543
"323",-0.148413222770079,0.41824829780752,-1.09782449780838
"324",-1.54941258206826,1.01585396987401,0.0669740944588444
"325",-0.919919515843972,0.883760134691734,-0.118693605952943
"326",-0.735901391489786,1.04643727526365,0.373926163953596
"327",2.61125803111554,-0.803307880457683,-0.607342883451158
"328",0.334452979190328,0.608753519989585,-0.221913013638354
"329",-0.899431212483347,1.19999097593407,0.720940199877669
"330",-2.4679193788025,1.84017966882411,1.96040106402477
"331",-0.647591583386681,0.584427011210001,-0.830330961445312
"332",2.71996641154641,-0.80022362935397,0.123488833744664
"333",-2.05424801999823,1.06460731427169,0.0988139500624814
"334",-0.917277646406785,1.34316324070521,1.09157186883292
"335",-0.0687418682192161,0.730190811960879,-0.174959894027254
"336",-0.746215724104809,0.980094830180943,0.193432606449532
"337",-1.05814993200957,1.3742227789655,1.12275950173064
"338",-0.809857782706226,1.1763700750255,0.691316300008247
"339",-0.525817165027044,0.760950099974799,-0.312185369825161
"340",-0.80185555730956,0.729567969263403,-0.490671576040491
"341",-1.00200333639214,0.946466923146734,0.0217887909271028
"342",0.69947177487384,0.598517718531978,0.228070177884869
"343",1.74794237284548,-0.485461814705238,-0.383532778045104
"344",0.518199070261046,0.593308513291792,-0.0655373613167822
"345",1.91674733699223,-0.420592720672761,1.40986957829577
"346",-0.766124644408608,0.612097601121789,-0.792073959218052
"347",-0.848053316679376,0.832394190331715,-0.232423075259843
"348",-1.46199501399207,1.28800606267044,0.78230350948593
"349",-1.65829561074499,1.38358485183519,0.979117277047723
"350",0.474137787485828,0.530349368102605,-0.316414291841451
"351",-0.388047992500314,1.1862251683515,0.910294890011658
"352",0.339815883283192,0.763064618308376,0.250604875622503
"353",-0.0932838216550635,1.96594702382399,3.30524891754698
"354",-0.907791030399177,1.02399688340185,0.254366473803981
"355",1.05428316538908,0.647963683090953,1.44504499208519
"356",0.51124132807199,0.543279350857143,-0.231973019107401
"357",0.515384006939345,0.455208681617849,-0.50454451034769
"358",-0.623733506857139,1.349122736738,1.23134334452446
"359",-0.450991118386463,0.958738329565094,0.256817466682701
"360",-0.101166362661467,1.00681439896755,0.58722334244019
"361",1.32214786772302,-0.109994636510776,-0.390826858282832
"362",-0.201724048471994,0.865039609974638,0.126318775107002
"363",-1.38402357653071,0.990054904896312,0.036788986439138
"364",1.44415139099937,-0.388635754287825,-1.27452311994526
"365",0.359365258337523,0.614907580853415,-0.178779267876239
"366",0.558954864711572,1.05677728019407,1.46703866410696
"367",1.65754939014337,-0.484525765306393,-0.867497047053964
"368",0.188162726239471,0.511493940571707,-0.635104414982782
"369",-2.27011236255657,1.36056294853388,0.80324907113298
"370",1.2297305979412,0.304067310330313,0.98663323418718
"371",0.972074508971668,0.334998368519996,-0.0753574651104125
"372",1.54689757910775,-0.0216667789442567,1.98926241388932
"373",1.59123482681468,-0.206083661783021,0.969130472381142
"374",0.637677770350422,0.366918253549743,-0.633487925414255
"375",2.49029115898651,-0.67678319214179,1.66733949600291
"376",0.146571979754831,1.02935043502192,0.850004604294846
"377",-0.808182349802692,1.1234978448871,0.551779337409849
"378",-1.18214510213262,0.569538706051954,-1.00490361653805
"379",-1.32413782264784,1.79796331384473,2.13179473151437
"380",-0.647046778722297,0.801517533231919,-0.248042058928505
"381",-0.380001813187751,0.673896001734305,-0.490207275913163
"382",-0.565319721572045,1.63268879937195,2.02514434537303
"383",1.3695802335413,-0.128170457825392,-0.155697689767487
"384",1.7363044978791,-0.522544444243436,-0.796975946806762
"385",-0.845388219052346,1.02340037968842,0.27354208499418
"386",0.743408154257263,0.591566111064268,0.28816629305302
"387",0.0467455099539681,0.845646423735154,0.233139652961373
"388",-2.43068997560681,1.21112048045209,0.407833382944228
"389",1.12978110444786,0.450660835319043,1.01459823915358
"390",0.0496716954825121,0.661067098377651,-0.296707514235466
"391",0.727275346749343,0.277174131700455,-0.801214516580064
"392",2.33190186291929,-0.736170871892274,-0.581406980689913
"393",1.73106569733506,-0.491474697286637,-0.534495970640203
"394",-1.59812625436185,0.832876813066154,-0.408765191288569
"395",0.0591209349007739,0.35662093340561,-1.16904398337725
"396",0.8326329211954,0.138037711892246,-1.10782887896371
"397",0.306078851212254,0.658530682615424,-0.0988883954305031
"398",2.34042500912216,-0.717510814952861,-0.182361768608696
"399",1.2343369952409,0.559103266455936,2.22515394633494
"400",-1.4339933008353,0.997831865686578,0.0455594311824048
"401",-2.76374196269787,1.20719204818511,0.35505810082649
"402",1.85889412152029,-0.549408516995403,-0.416571536598235
"403",0.460961245083949,0.67599838133883,0.121739063105853
"404",0.164984542758612,0.73568573185584,0.00589838296591116
"405",-0.201462655594877,0.40143498335375,-1.16823283034729
"406",0.497227721864326,0.596012489045542,-0.0834678678216303
"407",-1.69314127444322,0.709823537750531,-0.737709506033901
"408",-0.706122198814896,1.28339002161449,1.01791744185575
"409",0.187665335321746,0.866696872993475,0.410519639176569
"410",-0.891736203898843,1.10188628819883,0.464993627080889
"411",0.435992689194539,1.56986301939137,2.85580532327092
"412",-0.48975160392144,0.707462067870994,-0.44318063578024
"413",-1.62274441217405,0.716792451455235,-0.708451123540296
"414",1.47137506988458,-0.110665736895588,0.717671124942396
"415",0.447197046764505,1.25668946862148,1.90538430414998
"416",0.388719739645151,0.23322318468316,-1.31651095038226
"417",-0.596161379169771,1.00324183931163,0.313564918003791
"418",-1.45599359751485,1.23015408245663,0.635655089144823
"419",0.0913526601028157,0.507655899708224,-0.712781463435189
"420",1.68604345353766,-0.540421790534791,-1.20898332040644
"421",0.586421547906677,0.487604396159854,-0.31228379872075
"422",-1.1175304729239,1.13285991400093,0.474778024304943
"423",0.2699819476952,1.14908718647789,1.33336156403588
"424",-0.413659689095341,0.432793449059495,-1.16335043179715
"425",2.47571693176607,-0.729444637159305,0.378695870392557
"426",-0.565718777591956,0.690317669245021,-0.518010285064822
"427",0.894644405084368,0.209503810078333,-0.733669354341984
"428",-0.513159544414748,1.35646408968175,1.30665757926796
"429",1.27561919069271,-0.0192644338018996,-0.252535006098256
"430",1.11256616771926,0.056626738752242,-0.717589170609951
"431",-0.0854412652683398,0.792722621286037,-0.00802054450910683
"432",0.159845628167208,0.469450795224822,-0.778696196509778
"433",1.53483190009073,-0.426512008383571,-1.05639187166698
"434",0.773461764691335,1.14666445340705,2.25081405493195
"435",-0.696402483584997,0.835385991842816,-0.174808954427904
"436",-1.49665669964698,1.07897268793346,0.239426086353829
"437",0.836638756644024,0.458091399244874,0.0247292965235704
"438",0.389486516085011,0.637036932990404,-0.0801354191839643
"439",-1.54269045832284,1.09953889220061,0.281883249335128
"440",-1.19939526986351,1.70523589967729,1.93490766458403
"441",-2.69863265457629,1.04055224983815,-0.0473989957430527
"442",-0.923389026654725,1.01912482271597,0.236513585025553
"443",-1.27673873819601,1.42590633469621,1.18730153059684
"444",-0.680158928448932,0.899590238647615,0.00263471116299874
"445",-0.957807117930799,0.51988517713207,-1.08548528971006
"446",0.395137342941394,0.874638932927666,0.653923985343058
"447",-0.490405731077105,0.789135842250471,-0.221665673731691
"448",0.780112550077406,0.747515243913597,0.899545124258083
"449",-2.68724088923396,1.09445028391516,0.0866591776407302
"450",-1.64081503773483,0.857412923225875,-0.354091160828627
"451",-1.81449248978606,0.752143902355128,-0.649629661452439
"452",-1.80632151276497,1.02511797285731,0.0411374026469518
"453",-0.481704958845174,0.945161702719785,0.205873153192435
"454",-0.133210100428693,1.01145093799711,0.578775664363874
"455",-0.637451414947473,1.37017405678027,1.2813285080323
"456",1.81915767461856,-0.482722030843331,0.0622521388621351
"457",1.7982802374852,-0.372759115204162,1.04879131092917
"458",-1.92193674999317,0.771842989522274,-0.616033155664958
"459",-1.1612007539015,1.81894400616093,2.24376928962686
"460",-0.207116502372342,1.29689993613645,1.32856247480607
"461",-1.34810482643603,1.1114075291443,0.35729332673069
"462",-0.332978742227328,0.883404312842286,0.107310977158451
"463",-0.25242036838408,1.54076237087973,1.97501947645294
"464",1.57134577571603,-0.452713322613274,-1.06020091329434
"465",-1.92751015836795,1.11744714146253,0.25251104173897
"466",-1.09823210835799,0.679062177098089,-0.701862869859094
"467",3.92070480676934,-0.97063963795668,-0.649313008780862
"468",2.52409112656458,-0.745737129566808,0.312710898046157
"469",-0.185115067636935,0.80839441921723,-0.0226508168606616
"470",0.130142408891198,0.366684921832239,-1.09846460338433
"471",0.324053491349309,1.44689190743515,2.2984871320808
"472",-1.99056525889224,0.9376705160487,-0.209573761137591
"473",0.565809961409424,1.19492632605014,1.92087802879882
"474",1.02760999751783,0.0417249364555239,-1.04392485254686
"475",0.685001026687062,0.340706243349897,-0.652541898927516
"476",1.61688261821603,-0.389541479178253,-0.310010424328326
"477",-0.454410667684224,0.812172336251871,-0.143983124680877
"478",1.31673238875726,-0.284633725161509,-1.35638612923342
"479",0.870798280887506,0.447206283708947,0.0659556755628206
"480",1.05516889208081,0.596070445472525,1.24244329303496
"481",0.667105236953643,0.610779953843243,0.21159345121344
"482",0.327519449662612,0.440360884653505,-0.73727314618927
"483",1.42094892124374,-0.389317751748585,-1.39905769680317
"484",-0.363359278121986,0.401483670601252,-1.23131036265098
"485",0.0306999904939658,0.470574736126867,-0.856951696483826
"486",1.67545692289334,-0.314792153725029,0.702906888379679
"487",0.78374680962517,0.392563313387006,-0.312377137049556
"488",0.455432238717884,0.67211864668784,0.102945323263064
"489",-0.596541425831045,0.636161537502318,-0.674720807640403
"490",-0.0374711499780038,0.423240787081783,-1.02982545309817
"491",2.56798987098255,-0.68649901465176,2.07620842930534
"492",1.30656664205823,0.370787812386601,2.01429217147076
"493",0.239475028294243,1.07985527408962,1.09259829707545
"494",0.170696461055897,0.789187601621863,0.167692264825595
"495",0.799018377717898,0.323962939013643,-0.520301546295867
"496",0.777188200322303,0.135835486366192,-1.20519659725596
"497",2.61095215327574,-0.787601789859521,-0.196839898593131
"498",0.0176265974367537,0.711160508171818,-0.174142408502039
"499",-0.32481826732866,0.607911764370072,-0.64809424721036
"500",-0.30718052226007,1.25564366319078,1.14841609301157
"501",1.79697794375366,-0.515032952537334,-0.397861515455902
"502",-1.24227212114589,0.499302140007877,-1.19858805384021
"503",0.678598312802869,0.21517311808675,-1.07719353619711
"504",0.171364056799006,0.604073523170261,-0.375383274298454
"505",-0.476747365969875,3.29495176216835,6.59599312106439
"506",1.58136349001107,-0.318498772539695,0.0263142420985267
"507",1.73889069162067,-0.421846354495737,0.163972725516352
"508",-0.793099064169357,0.435328083822925,-1.26887467606864
"509",-0.553405990352237,0.626986456962378,-0.684624156998906
"510",0.367629025721273,0.703468789999491,0.0993178806358666
"511",2.19182789784024,-0.656985069267631,0.0286697886537266
"512",1.72729755147106,-0.552354422186519,-1.11995591100546
"513",-1.06311632842671,0.973439275227376,0.0748590393820656
"514",-0.932547182239287,1.64694409414098,1.88492206264109
"515",0.640631376167304,0.465377070533251,-0.30771617450299
"516",-1.83567773588869,0.987503322317939,-0.0589665730542319
"517",-0.880114157385826,0.781986319745993,-0.375172044760247
"518",-0.930957286000734,1.06710638943112,0.360316343171713
"519",-0.388295008404309,0.478367298322508,-1.02948641379231
"520",-1.11749753744514,0.540357105235874,-1.06732204204221
"521",0.32266429072475,0.782065455635618,0.289928791435996
"522",-0.99992249977275,2.37071839531725,3.7536155310318
"523",-1.25319656226469,3.0343753513518,5.35180453058745
"524",0.115416615451988,0.423983997603077,-0.940605949033788
"525",-2.53495712519752,0.875150411028291,-0.436962716621789
"526",1.10666432043872,0.355827072318728,0.502235163565619
"527",-2.53345928979794,0.819439801755834,-0.574523060520226
"528",1.89217435417995,-0.433015269258258,1.08585794952348
"529",-1.79178199168872,0.519673211619805,-1.23363514666518
"530",0.808733003616089,0.474104295385392,0.0196677199734072
"531",-0.265239274136735,2.01110551565167,3.27019659004525
"532",0.916976636147015,0.0621765318179603,-1.22303018814016
"533",-0.903757494186746,0.88008832169526,-0.123507967652362
"534",-0.990202652587571,1.3446455968197,1.06895746846403
"535",0.876223383461726,0.265362626217962,-0.572209300833711
"536",0.35629169919097,0.849564544492727,0.531218821870878
"537",-1.79748422479803,1.09403758269058,0.216857436136093
"538",-0.648555883289661,1.14808400175791,0.680616206202748
"539",-1.02971975152717,1.05533375662817,0.298548117572098
"540",0.414670810611721,0.75213576097197,0.301430328267201
"541",0.351444663737891,0.260699576112163,-1.26196184187713
"542",0.544862789746608,0.614559890058203,0.0370064080897472
"543",1.04896590140343,0.155638143471101,-0.532539395233258
"544",1.3641502083836,-0.252798538097466,-0.905287891280214
"545",1.58425068881207,0.159082594067812,3.7401418920386
"546",0.563890964282621,0.50995229580365,-0.270745777963078
"547",0.0773950900404072,0.513052900562068,-0.706063132013701
"548",0.596379161990595,0.61292384579636,0.10533191607407
"549",0.117911258226627,0.915811161925145,0.493093357148645
"550",-2.23216440017569,0.678012612210338,-0.891487053001238
"551",1.80175565836439,-0.49817147437589,-0.199874774597255
"552",0.336395153610125,0.687970908710567,0.0197055349699724
"553",-1.04186827577173,2.17179184138113,3.21279637478532
"554",0.30366285865172,0.639669539161425,-0.1578966379833
"555",2.44026342453497,-0.73930717929814,-0.0527003138327429
"556",-0.0646815789695912,0.836422965381148,0.129043678401854
"557",0.794257221882265,1.16757658238703,2.38426815054081
"558",-0.441684601938078,1.30659499738706,1.20971502266016
"559",-1.98725931916188,0.979774690653702,-0.10335989499641
"560",2.06624556733954,-0.644223135785631,-0.471914549767142
"561",2.41582196474362,-0.719659650931013,0.215618185392434
"562",-2.68233532764462,1.03009566046413,-0.0712986514323906
"563",-0.822254312385491,0.984916506094361,0.179568057977527
"564",-0.731291235686513,0.407141185030251,-1.32810694991769
"565",0.180746245673755,0.962868114214181,0.687144637014094
"566",-1.34851090116434,0.77602304625357,-0.505765004069313
"567",0.866089986819834,0.219170784195046,-0.758349970916814
"568",-1.77168898674861,1.34515005023626,0.856751886261264
"569",1.78983877595217,-0.244376344829842,2.2728800550177
"570",0.440530302614617,0.465969723113733,-0.553009381860506
"571",0.384199295662074,0.764694153740379,0.304469346485271
"572",1.36760341030937,0.356349854193192,2.60814043395587
"573",-0.440283584113647,0.554379546668557,-0.840957240488133
"574",2.61536578302012,-0.804406078347568,-0.614137609009528
"575",1.64286919305381,-0.378739835487346,-0.0611675259718476
"576",-2.00278637170166,0.856747637907751,-0.41450719249177
"577",-2.22013243595197,1.01435596757672,-0.0516069707317768
"578",0.894797842258357,0.411360970589806,-0.00355048041687844
"579",0.744594315148398,0.28259400829628,-0.755832289723812
"580",1.85810728727288,-0.524246632044139,-0.147339688589604
"581",-0.234372855842592,0.874197382940659,0.133590582583291
"582",-0.347509200147318,0.629894381416578,-0.597260237527803
"583",-2.15718544243317,1.25265201285363,0.552585057848067
"584",0.271967367641788,0.976247688569076,0.819092678418631
"585",1.15580355883904,1.15668032494855,4.22219573762114
"586",-0.151605717919797,1.00607778517962,0.551658562572369
"587",2.60370851511424,-0.818292878037774,-1.03750151683033
"588",-1.11029424717392,0.53844314398894,-1.07078782444936
"589",0.610816480591474,0.240612435200092,-1.07823387534535
"590",0.513502457384905,0.342592671994523,-0.861616837257891
"591",1.52414308356789,-0.426509365919782,-1.1124753925044
"592",0.951044165240174,0.108595821589284,-0.978889582011745
"593",2.95362020043325,-0.787492922120564,2.53880498540146
"594",-4.55936128152365,1.0812850048131,-0.0983680156161739
"595",1.52623436984057,-0.261203276160008,0.0828095533259767
"596",0.812323308677066,0.556398864626245,0.313702831232813
"597",-3.31867383958077,0.611631152532659,-1.15217681976592
"598",-1.49357659231142,1.01266613549375,0.0705851384940326
"599",-1.34010023350789,0.437948642531104,-1.37423587714687
"600",0.241594128204446,0.566187551865795,-0.43192307256507
"601",-1.33136642355529,0.610875898522452,-0.927462452901038
"602",0.450906354079806,0.395713309876341,-0.760201633327123
"603",-0.875074674135954,2.99784007172362,5.47535236872395
"604",1.0785079389953,1.02483245743704,3.09165931947561
"605",1.35300476043213,-0.110087631727229,-0.171822253174043
"606",-0.0421907558264971,0.614105041944746,-0.488961889997999
"607",1.80224424605492,-0.279600630087741,2.02488350238464
"608",-0.981571572020294,1.06230569006728,0.331560758264353
"609",-1.25067157545821,0.535747636473122,-1.10594359268084
"610",0.931618743437579,0.352553188307783,-0.122976133462849
"611",0.569273496109065,0.643688779164489,0.164199887722905
"612",0.279978990823423,0.691224095344225,-0.0253807558702766
"613",0.0138636877750946,0.847837425080148,0.215335432533672
"614",-0.570472110265802,0.591000502518117,-0.787614741758426
"615",-0.38937345099324,0.576770963913164,-0.760270600395422
"616",3.12569639810187,-0.874230586051294,0.158568736085568
"617",-0.741551605077094,1.18425360792919,0.738829048379981
"618",3.80157847136396,-0.960923065298073,-0.65544623210713
"619",-0.53263520827373,0.54112806927638,-0.909600427256814
"620",1.03757039909644,-0.0114665738059846,-1.22595284250165
"621",-1.8320633723254,0.656200786079699,-0.894433905104222
"622",-3.32803404418422,1.38920168744124,0.737791984228888
"623",-0.112933689915315,1.09951279351877,0.840780295259052
"624",0.247845049017359,1.09972039546978,1.16087031108754
"625",-1.55639827008559,1.52155337152812,1.35505786876383
"626",-0.385444130259669,0.841076034251349,-0.0342842437096376
"627",-0.154141419169377,0.828657666919549,0.0518823343635413
"628",-0.2941521437073,1.20018026946319,1.00312619433673
"629",-1.06395015204347,0.747279338921538,-0.51572015770006
"630",-1.49799418435692,1.84595475033078,2.19965756627095
"631",0.575012630252417,0.356804963129614,-0.746653400616891
"632",-0.92398065356673,1.17498097774458,0.646480197532673
"633",1.45069218641956,-0.411077680141585,-1.38517621520852
"634",-1.54772718039804,0.683365190333867,-0.780818589808834
"635",2.00472879471387,-0.527215373450797,0.727789237157767
"636",-1.17019545864284,0.742010999051587,-0.554794827957446
"637",-0.268637932933594,0.725847400891722,-0.296271740750826
"638",-0.655916053250601,0.751685450505087,-0.384730454032118
"639",1.30725055324663,0.00125836430902102,0.0873976571388422
"640",-0.576035773594524,0.807281568235125,-0.20634247508209
"641",-2.48371176284258,1.52564434110782,1.1790460772056
"642",0.796211123456946,0.372241922696485,-0.35865235183103
"643",0.510324975809134,0.301261805944741,-0.995141199612176
"644",-1.71354896564675,0.600513050412106,-1.01800454803732
"645",0.101367601273104,0.578920050277361,-0.499310246106615
"646",0.824554383975628,0.263772629190513,-0.681811801228515
"647",-0.362819826207078,2.26156815423845,3.87807569780203
"648",1.42148806325406,-0.0889900160114923,0.465489943524627
"649",-3.22292532703334,2.64158241940786,3.79961133033294
"650",0.789192190114989,0.43391567235491,-0.159480612892068
"651",1.0559084269501,0.148304762319985,-0.539237355037893
"652",0.816518890018652,0.444213710959682,-0.0678131788204224
"653",-1.43417186217369,0.908637726293672,-0.183099391416082
"654",1.13798146879198,0.782978062407838,2.47606771833518
"655",-2.03602109475817,0.803479051082879,-0.552850423601876
"656",-0.926402827739218,0.695722545127258,-0.615398639885729
"657",-1.14647571053126,0.933241701088726,-0.0523531824510439
"658",0.915825816191306,1.2764354044599,3.2124833015452
"659",1.52660260290854,-0.359405779864406,-0.618604050907179
"660",1.84279252967869,-0.53665821798263,-0.367795455092705
"661",-1.439691382499,0.792794811769722,-0.481113117381922
"662",0.417210756635288,0.465899178068065,-0.5768724511753
"663",0.869739386468042,0.223259083054385,-0.73636836462787
"664",-0.18425746697717,0.82384213364854,0.0210531483546252
"665",0.178624036880887,0.384859492024136,-1.01439298836285
"666",0.19728367154646,0.526673998297158,-0.58360747672741
"667",-1.69782736954886,1.28154378247995,0.711383299457273
"668",-0.256480570508108,0.851774455018312,0.0593014821190794
"669",1.8713816136324,-0.629560219304523,-1.23310670439823
"670",-1.45269244736175,1.04710332236205,0.167647119170757
"671",0.660568166516776,0.388689959055651,-0.52987461348064
"672",-0.128878038647414,1.03459550822719,0.646819751361165
"673",0.366473456698989,0.646555526032162,-0.0752354736810747
"674",-0.373986976383225,0.437178672498388,-1.13716710670616
"675",1.31194078092611,-0.134033653125684,-0.589044763116895
"676",1.46315333723866,-0.340789793189418,-0.859794829216829
"677",0.0438491772330014,0.620262942527405,-0.418135078068283
"678",0.300345201266193,0.880748106753517,0.563447576184053
"679",1.21609090672792,-0.122368139291106,-1.08029074976978
"680",0.25427473358665,1.05446179992607,1.0332132911994
"681",1.50172493016207,-0.31951198260861,-0.486912920506276
"682",-1.87102066834551,0.93805159851248,-0.189615766183425
"683",-1.38260680789775,0.935974542721776,-0.101824002105985
"684",1.00746902596326,0.544350889386131,0.841499883611327
"685",2.63509013774986,-0.818534966845101,-0.888305649138007
"686",-0.321592314259869,1.0147545198267,0.475275327693829
"687",0.460973906417857,0.748442105665462,0.347085807089997
"688",-1.81396974979819,0.649504583028678,-0.908738998375122
"689",-1.04951896670136,0.772978213335723,-0.444980921781431
"690",0.856744862785916,0.461479334487424,0.0830900634083607
"691",1.14820096433863,0.623617484281105,1.86143521722118
"692",-1.03182699759825,0.667777327808644,-0.715543582144944
"693",0.627133999099675,0.414608351198684,-0.492582556037375
"694",0.754920048538962,0.484544067531846,-0.0525497487546618
"695",0.718920368399593,0.924245600198028,1.35686353235173
"696",0.624165786238678,0.459583446240617,-0.35047967630489
"697",0.680990566309561,0.46275576104685,-0.254348821477153
"698",2.29302131546859,-0.702047669817392,-0.161077739178692
"699",-0.160238556656172,0.714897590567658,-0.270856358844116
"700",1.4679831504331,-0.240568269015092,-0.168741582064871
"701",1.23230023039269,-0.0979697489564488,-0.888618432314888
"702",1.55659349084262,-0.0833719257530471,1.61934962559731
"703",-0.655260965926611,1.40658387051277,1.37049518538308
"704",0.786986426647477,0.953556851598219,1.6253998239808
"705",-0.970174645655618,1.49997910689387,1.48374159421495
"706",-0.000198208416807243,0.956503287970699,0.516364249505188
"707",-1.10958527026758,0.756801836191154,-0.502074114072421
"708",-0.190049980899167,0.665332633788868,-0.425440924418875
"709",-0.267125139522687,1.74498940186269,2.53061502617014
"710",-0.202103398877224,0.635779812219213,-0.514100625616961
"711",-0.723050781781395,1.72411797422706,2.18591775336152
"712",-0.947853712172682,1.52902689489391,1.5686987968204
"713",-1.11836459263042,1.17149490478006,0.575084896409987
"714",1.79665956920172,-0.303199098517888,1.73929976401517
"715",2.1001648120903,-0.654168104107192,-0.434504270360317
"716",1.55128549652754,-0.279098842060303,0.123010386054797
"717",-1.23985511189177,0.899372644297392,-0.163390707999927
"718",0.450383247340501,0.944557895977295,0.942132504784208
"719",-1.25336296362056,1.45300845873738,1.26437783926516
"720",-1.5708518118397,0.887836897385351,-0.263684594243221
"721",-0.979390140308893,0.664383200694222,-0.711473832777892
"722",0.953664112370842,0.324561344554627,-0.167005821074719
"723",-0.590971093785656,0.774840793815421,-0.299363514679203
"724",0.220159321283475,1.30193547574584,1.72948640212142
"725",0.358086392928131,0.723014503898097,0.148576000479593
"726",-0.69024595517047,1.30292065962273,1.07702226061003
"727",0.827617489904714,0.669095042257772,0.743782902635562
"728",-0.388186288905805,0.776126116001282,-0.213530524082511
"729",1.75707320118262,-0.57754426988077,-1.21758600028368
"730",-1.32450742865916,1.59323850837804,1.60431881151756
"731",2.01371896594269,-0.592696485037883,-0.0667504819755982
"732",-0.68562617222533,1.01107436983121,0.298724317300608
"733",0.847856505869555,0.192470317935788,-0.888621794022648
"734",0.734454693628409,0.430762243953666,-0.271958267830335
"735",-1.23830684676895,0.637461101359374,-0.840482201780788
"736",0.49079141566379,0.552319831967061,-0.228296322634473
"737",0.0783105331986298,0.471794173813746,-0.824904571101867
"738",1.41543406460204,-0.210553058098306,-0.328634534843838
"739",-0.9054361816591,0.764550058848539,-0.42841534691261
"740",1.80570259020443,-0.570911111598493,-0.919469271301957
"741",0.0772178980046217,1.38493690603321,1.81706750907927
"742",-0.978814754801777,0.781664285374155,-0.403700206969244
"743",-0.137430003292524,1.12716646534021,0.901524738195302
"744",-1.43021627622931,0.577468169647783,-1.03125479821595
"745",-0.994023772578225,1.27783676480346,0.892523981372651
"746",1.50349877772838,-0.320611263306069,-0.483655727671301
"747",-0.466506923918205,2.04016364413582,3.19213142783698
"748",1.57394947859609,-0.29475370439954,0.158982594913212
"749",0.851961633511833,1.41126460903958,3.43548502019946
"750",1.32489197532313,-0.0700981283676854,-0.156955353143386
"751",-1.5947752323252,0.853051283388079,-0.35678828731215
"752",0.442864845724656,0.888892798150512,0.7592675913695
"753",1.06501655789073,0.305766053761164,0.122902296517662
"754",-0.512699108116743,0.966269003729286,0.249396787671376
"755",-0.323740519418848,0.737100152183565,-0.291433953747154
"756",-0.567227206238118,1.55377352915498,1.81114785162799
"757",2.06986181893979,-0.55709086155747,0.760825650584017
"758",-0.306276326082943,0.930581228601204,0.251154457206504
"759",-0.842135480846087,0.952569819934731,0.087290248781891
"760",0.551391732022813,0.648360499785883,0.153549750099202
"761",-0.295848648468591,0.686279742855416,-0.418788593710911
"762",-1.9381183197677,0.680307341438655,-0.848555622815564
"763",-0.000831319230653422,0.504566552553628,-0.777648171355238
"764",0.497211171467875,0.540056929325868,-0.259089681608542
"765",-0.598411019477211,0.718062296958528,-0.454919968444551
"766",-0.755540114296822,2.44336127651335,4.08320712002991
"767",-1.21039983569677,0.460866604349355,-1.29210965784091
"768",0.12761954040217,0.660434882814007,-0.243352643622448
"769",0.15433748081309,1.34808550455887,1.79077099605364
"770",-1.58113028132601,1.18670313182503,0.49570144570442
"771",-2.14335224174634,0.892802557853262,-0.344218925329648
"772",0.0807829788854013,1.00933110351286,0.733084099603709
"773",0.88870484509922,1.603006817841,4.27636434560731
"774",1.48937172385061,-0.302665918951197,-0.4475333840528
"775",-0.49592979514206,0.562220926031968,-0.839768009279255
"776",0.11950251314203,1.76767149488328,2.97556131300094
"777",0.74435514578803,0.390231762680006,-0.391723758675839
"778",0.725835177277841,0.263553121554024,-0.849226503051453
"779",1.28299667056474,0.00028367664610722,-0.10273367381133
"780",1.43770278143335,-0.181134931773122,0.00804965842615424
"781",0.239435274582719,0.810879328103077,0.293357384052697
"782",-1.46884506394628,1.17938298657085,0.502602219315422
"783",1.03184363715113,0.203563298139416,-0.398180648929711
"784",3.86893613370636,-0.966053127656098,-0.18623776528856
"785",-0.368244167251396,1.09997498418452,0.684531920113765
"786",1.06938313096926,0.845213627205009,2.31199478360047
"787",3.07774551271275,-0.877585120984205,-0.388156565833919
"788",1.15274425215761,0.270409394064028,0.364341507564469
"789",1.03238041501559,0.990024493820087,2.68688095583023
"790",-2.78351367889904,2.81790736295547,4.31154498597597
"791",0.976253063959487,-0.0134537380461538,-1.38060124920394
"792",1.4864631584898,-0.221377129206614,0.0861680419187296
"793",0.212843994570264,0.531384141626819,-0.5578941082477
"794",0.557825262826826,0.931340014451854,1.06502720406135
"795",-0.65788433585763,1.02572590473637,0.348823613412528
"796",0.164391180009583,0.241661502083607,-1.44377991285129
"797",-1.11639647085218,1.01343248228067,0.164257287475181
"798",0.941957202621796,0.375792245457057,-0.0089568023511184
"799",0.529658707652789,0.608154761855097,-0.00370662411368605
"800",0.423155591577523,0.544908683831505,-0.327330679767507
"801",1.56287466275901,-0.4967051653595,-1.43481579408301
"802",-1.84234806045391,0.965249025404612,-0.116253551814499
"803",0.248057087874348,0.520003803104077,-0.564050654751872
"804",-0.709384301629018,0.740592518619893,-0.4323374313823
"805",-0.0920981247503043,0.701429401424025,-0.27036600139413
"806",0.697900785873529,0.488791952158458,-0.140160752238497
"807",-0.54647284742305,0.677853088880352,-0.544718160363298
"808",1.40271578682103,-0.0384376140435533,0.625496966138851
"809",1.23061416951804,-0.0204400751843336,-0.532595202118562
"810",0.0686981318782998,0.774928263448593,0.0453712736263889
"811",-1.81754425363182,1.1090094973138,0.250962981268876
"812",0.507830082765285,1.62503267373189,3.16781203359038
"813",-0.341871942769818,0.974237128992824,0.352880098294225
"814",-2.02482274873719,1.15547195354329,0.33136016968616
"815",-2.26579743827541,1.1603677747107,0.305527053669786
"816",0.957218792673703,0.102558434728543,-0.987213088305539
"817",2.38930775304969,-0.7092491321538,0.266090392863515
"818",-1.87823900691216,1.56876617758041,1.39836946581021
"819",1.03682123440826,1.13019459123083,3.26181011414347
"820",0.0817993592584802,0.751198478067367,-0.0135971948054927
"821",-1.95707625178497,0.72637822052265,-0.735360093613891
"822",-0.417513585497577,1.2192809881038,0.9846177826479
"823",1.78951957314903,-0.429712257903234,0.414808868368956
"824",-1.30911234566503,0.715339187924571,-0.653927589126224
"825",-0.91190497127618,0.729567838352081,-0.522368617517676
"826",-2.49268978426376,0.734697516871541,-0.779738144612068
"827",1.4607513076648,-0.077116325437093,0.853834189301958
"828",0.54478173860438,0.41139788183951,-0.608641644681873
"829",-0.102749563248556,0.374779669749439,-1.19930256619086
"830",0.480929277278268,1.74465815321718,3.48673880943235
"831",-0.674349234101298,0.780313112230452,-0.314419947121317
"832",-0.671263991406011,1.22484585583139,0.876492215674439
"833",-0.0216981464666874,0.573364281492774,-0.593091246675859
"834",1.22337189660634,-0.189593733254403,-1.35983964318412
"835",0.556163271617193,1.43434544061169,2.66549721596322
"836",-1.01203717422534,1.05776679699851,0.310265074564157
"837",-1.16683965377395,0.797825443693882,-0.409131900483702
"838",0.422454723459806,1.45579168193167,2.47987363519974
"839",-0.543304982066085,0.968881428521994,0.243181673645469
"840",0.279647566118166,1.93904244657825,3.70929411540081
"841",-2.64087012472338,1.05227519029883,-0.0118378443040101
"842",0.742600170910431,0.412824095552836,-0.318306275440698
"843",0.593085487692238,0.838548679500326,0.827122968005355
"844",-0.775949214742714,2.17219544239083,3.3500586480277
"845",-0.154183956286479,0.873823637480157,0.178669167583676
"846",-0.655493268312607,0.30880296372762,-1.57140291123692
"847",-0.82649437025965,0.812158822417426,-0.279318806175357
"848",-1.10300392797751,0.623969819417546,-0.846471826486611
"849",0.556597167854997,0.214052285805781,-1.22353676565805
"850",2.05361168147207,-0.393480208054642,2.8902641862616
"851",0.0621284747854937,1.55541749129246,2.2942991346008
"852",0.206820577550164,1.26431592291056,1.60283532555286
"853",-2.09225350122138,1.16592740992,0.34639194798972
"854",0.848747763796503,0.118872956443021,-1.14720257735286
"855",-2.22271403135617,1.09436163747458,0.1474591656272
"856",1.24353096598503,0.309466260763729,1.1163876517092
"857",-0.948090957011664,1.27960193946117,0.913168209039895
"858",-0.891974636993759,1.23303187165272,0.810721704563941
"859",-0.826699271447921,2.01653079852282,2.90963775603886
"860",0.789678957005652,0.259668201904445,-0.759146300949761
"861",0.0564273083414012,0.563050342403653,-0.574937302119195
"862",1.27884273524986,0.21650294805868,0.951584754196385
"863",-0.985444832906829,1.02615366788419,0.235561947594378
"864",0.740495778391855,0.124447547513821,-1.29710050059825
"865",-1.13038571136085,1.40626269179785,1.18213360881952
"866",0.904067478740104,0.207210150082384,-0.721507176579052
"867",0.562739458725449,0.574548972864758,-0.0659948551850396
"868",-0.542138115530416,1.0201810721904,0.382375319999904
"869",0.361602207879337,0.763595173257598,0.275797560514528
"870",0.202601376291037,0.212433888635985,-1.50731298287941
"871",-1.83172236275077,2.75096870769635,4.39212633767589
"872",-1.2943180069247,0.993654902696412,0.0670623509759105
"873",2.62532570273789,-0.779129233050527,0.114977855421098
"874",0.363873797762637,0.349664174809815,-0.98153454956262
"875",-0.383278425328462,1.42774162917124,1.57503463651689
"876",-1.02802701074996,0.771915709600099,-0.442240210368227
"877",1.11833152046677,0.122541040396292,-0.420224377274667
"878",0.336308656211862,0.507874904932516,-0.525424522088029
"879",-0.670812164625351,0.940843424053541,0.116494545650009
"880",-0.286839498300944,0.78015815982784,-0.154784575086615
"881",-0.775228857783767,1.70541644509676,2.11024283445239
"882",0.777537203571634,0.274265158397942,-0.729838321234984
"883",0.0903721257196914,0.824402957490552,0.205054047302907
"884",-0.559518467999291,0.889177805831505,0.0211043163262659
"885",-1.02074541575819,0.706729571159833,-0.610920175969688
"886",-1.01753227265547,0.735103247348923,-0.535857185768648
"887",-2.55290308919665,1.07395399561395,0.052276799242637
"888",-1.16263429750202,1.07234421825494,0.30466365201687
"889",1.13135823862881,-0.0762355348265039,-1.20975347862433
"890",1.52175757954398,-0.372717163669132,-0.741842072296739
"891",-1.93566102660083,1.69601339983294,1.70606597259814
"892",1.58818171546454,-0.110222786845301,1.69088081032866
"893",1.24483289823543,0.139248698080433,0.311930147792747
"894",-0.826032769508072,0.939059774790151,0.0568558326505806
"895",0.789144334433587,0.402660343251283,-0.267288363250032
"896",-1.86526137947263,0.895563081172694,-0.295770732815773
"897",-1.05866385890032,0.837401317602669,-0.279090345686381
"898",-3.15737322414636,0.803745197983771,-0.672171009852148
"899",-0.956535963340406,0.880479352648659,-0.138100536779712
"900",-1.33612428945554,1.41737121915097,1.14797154178606
"901",-0.45942373791098,0.847714674895415,-0.0493537724281847
"902",-2.14952501067018,0.595352566344528,-1.08810929698925
"903",1.17998300246152,-0.0152112398034686,-0.756802150697677
"904",0.846976231025228,0.707314297179864,0.928869895351295
"905",-0.866164608330803,1.24149435836552,0.842535691093714
"906",0.259661477723895,0.421459702279787,-0.848558621717393
"907",-0.854904819629181,0.865047480318017,-0.148220118623914
"908",0.363476233858838,0.450408902176015,-0.675268478179424
"909",1.08925309451823,0.231679271513716,-0.0831948120243162
"910",0.370201674091485,0.534790186633318,-0.411989477656842
"911",0.804841584357799,0.272884905376309,-0.686549879795608
"912",1.88527910864953,-0.572262640556343,-0.527103292924403
"913",-1.45204249059233,1.22117570144803,0.613622195431743
"914",0.206841876061355,0.883259687693339,0.477082815896997
"915",-0.225874387778573,1.66228016779813,2.33328482770999
"916",-1.4765492669735,0.982605044384204,-0.0026616364077281
"917",-0.232504515641481,1.07095792896629,0.68225240148547
"918",-0.405984389382969,1.03155764315331,0.477372667952932
"919",-0.684772094901161,0.679360377655131,-0.587940690379188
"920",1.04619385160799,0.326965129304034,0.136836813377562
"921",0.174223219483464,0.693312687039809,-0.111002719332766
"922",-0.147282960289451,0.620562235685489,-0.52882004172888
"923",0.723304763084648,1.09102967854226,1.92733314561372
"924",-0.0236042383875044,0.94149837398192,0.456261143025865
"925",-0.743115507781195,0.646063636666557,-0.694927695557539
"926",-2.18279460989658,0.71402838878486,-0.795764184923581
"927",0.294501363951762,0.835878086857568,0.422526842880801
"928",1.16223889757869,0.406628035201098,1.00811335101697
"929",0.416638919543141,0.858286338038972,0.630570278686195
"930",-1.69684498182724,1.22089793389361,0.557794576568134
"931",-1.21554958654667,0.475800283201899,-1.25439670308585
"932",-0.958451923899781,1.6265425692619,1.82062936130146
"933",-0.687111262086213,0.735955676492504,-0.437384147433709
"934",1.40351518245164,-0.128778992563962,0.0861761588165679
"935",1.19135333661964,0.123246953200116,-0.0832426522513161
"936",0.88189198608795,0.225896008340014,-0.701731842863733
"937",2.17469368958202,-0.655511962029267,-0.046369280141255
"938",-0.998778466976939,0.918945408561637,-0.0493791700320581
"939",-0.92546793761166,1.12614300784594,0.517456001465342
"940",-1.90333874751319,0.842056266498326,-0.436546109797681
"941",-0.86529878021899,0.84570814347062,-0.202523128490945
"942",0.553184873398137,0.493214125083872,-0.338020248767652
"943",1.27054114940226,0.699293156874281,3.27324504130198
"944",0.187682888216198,1.98824409860953,3.71323549147472
"945",0.582884969379133,0.713903836726785,0.409678532370762
"946",0.528620377732043,0.88969086046064,0.885634772115113
"947",-0.00882998593566922,0.691010716043938,-0.249142287000634
"948",-0.471614790843189,0.431920625230887,-1.18545107275336
"949",1.60330531082597,-0.311672657957247,0.226031332503798
"950",0.57943080101949,0.516856153585379,-0.227831590199499
"951",1.28570055459569,0.472205185491665,2.30682390605641
"952",0.74641660700512,0.210980334742492,-0.995608078271523
"953",1.77693685517663,-0.407105186352259,0.555509106647752
"954",2.25105035068828,-0.590918806935919,1.51755969429907
"955",0.536539804056328,1.04227595572118,1.38178633818542
"956",-0.896401546636604,1.54972597369198,1.64395780630068
"957",-2.69478067411436,0.87086428105693,-0.464857785847252
"958",2.71970485461973,-0.716799830155109,2.62905249706449
"959",0.6299764854228,0.994952042107585,1.40139263636017
"960",2.05555774697875,-0.535259931953255,0.96543323116019
"961",-0.960644912562509,0.823624404695626,-0.28858144384596
"962",-0.685837256315401,0.67420507877592,-0.602067419552488
"963",-0.112618770948245,0.738680648946764,-0.177097100382329
"964",-0.09742609723304,0.983187324520093,0.522995609058138
"965",-1.1860701298967,0.872697486578523,-0.219494271285425
"966",-0.341816328322114,1.75810490846322,2.5103582760759
"967",0.479312356347385,0.471483038788161,-0.494396794244256
"968",2.42439830335025,-0.682112937592894,1.05648792138685
"969",-0.409890032558683,0.548450292767277,-0.84574213900058
"970",-0.971640260644794,1.03250236641959,0.256469063667343
"971",-0.750740868666162,0.679826884310759,-0.607350397436108
"972",-1.14134696157173,0.601483160346664,-0.913399054791794
"973",-0.204071229637785,0.642574213517075,-0.496107450412289
"974",0.526525506001786,1.11382048495097,1.59108579051343
"975",-1.21242826469935,0.94289345261151,-0.0440678577861704
"976",0.0243357157061385,1.18211503098056,1.18300137647921
"977",0.246798953980879,0.614309566072002,-0.284479456724011
"978",0.426939200289204,0.309152681589657,-1.050806415114
"979",-0.675016322073036,0.903334358872954,0.0145411022500888
"980",-2.1856035453235,1.08016478701718,0.117542600526416
"981",-0.544870806127107,0.606708628366873,-0.736439068914012
"982",0.476779234400426,0.218509796155489,-1.28706347850705
"983",0.456337165223509,0.634386310797529,-0.0131922195467087
"984",1.16567263516047,0.0752446243709846,-0.422003794452148
"985",1.24635547515017,-0.00375745973008487,-0.363423040274222
"986",0.312763769454784,0.748310699732217,0.177943193168658
"987",0.785247468189976,0.668176217603771,0.638793018497914
"988",0.208167203480428,0.29736018621462,-1.25302146102187
"989",1.40513635428451,-0.281516502578805,-0.826870053848493
"990",-0.376446660130141,0.997216429152695,0.398236119805142
"991",-0.448186020861995,1.93151134116519,2.90921317437826
"992",1.44642276014817,-0.231577801394055,-0.254066473372034
"993",-0.478370678735827,1.24050340502327,1.01014127912295
"994",-0.197700459825385,0.445276252133184,-1.04414734515289
"995",-1.09675012562574,0.829848912721227,-0.308626257711781
"996",1.27123152456414,0.223492052507891,0.92177109424195
"997",0.428906094055188,0.557878323363628,-0.281168230863472
"998",-0.744174141941121,0.686742201404412,-0.586931623732502
"999",0.59655129647319,0.62402166628377,0.141370130610339
"1000",0.728587986739643,0.32167358010014,-0.649392534217757
