"","x_pa","x_child","noisetmp"
"1",-3.57375494596037,0.754330025488537,0.224140986231907
"2",-0.388844933761519,-0.638636817132432,-1.34671513866535
"3",-0.769166999136636,-0.429556276215827,-0.140401744385045
"4",0.160032752729429,-0.682416721968321,-0.733027839977057
"5",3.46214216983744,-0.910233490865386,0.0856761978254927
"6",1.8000210663427,-0.804807664140494,0.584753929132096
"7",-0.41038055406989,-0.416558348935998,1.19448086503278
"8",1.43094805063185,-0.81876602726488,-0.898090427322643
"9",-3.07571118237986,0.680979496417813,0.266695271095157
"10",0.353006526959738,-0.671436414125046,-0.0697040240062841
"11",-0.286541157398391,-0.308949995222388,3.00181512862422
"12",0.269347455104881,-0.639871277887552,0.251021992801354
"13",-2.10804770607677,0.022593459252443,-1.17170868047218
"14",-0.526161705914277,-0.566723246138278,-0.849137931231845
"15",1.49349101192905,-0.770271702286356,0.833848624583608
"16",-0.136049635124464,-0.634171878245652,-0.718107526035399
"17",-1.47813101302397,-0.104797254183542,-0.225494485726082
"18",-0.973972183490366,-0.235950873957745,0.840394144447056
"19",0.210280497240248,-0.642420047043883,0.0442582828054889
"20",-1.21318347030053,-0.0800091366679229,1.02487639938444
"21",-0.855268881798917,-0.447916074651927,-0.563728349913595
"22",-0.573776001968828,-0.543787173284829,-0.723914059889555
"23",-0.498332414836519,-0.333344280483745,1.80137357837466
"24",-0.727723309508535,-0.5173140086084,-0.855720952183633
"25",0.0491194243738805,-0.627834803832311,-0.159335497135297
"26",0.962259296035083,-0.732269347364918,0.316801805310619
"27",0.447479352558833,-0.721375734421188,-0.749648445276127
"28",-1.14904702899028,-0.220003794624061,0.291976899610206
"29",0.508875486953203,-0.665615398095306,0.470496417587741
"30",-3.32708252207703,0.568966866177768,-0.234011941622616
"31",0.434219160469168,-0.724480785601154,-0.837334544310152
"32",1.34438809235243,-0.783852538402075,-0.0326786814764219
"33",-0.416833223428152,-0.616244561442203,-1.14615733871984
"34",-0.387905772321152,-0.411378312734381,1.33749593542728
"35",-0.676231962937989,-0.47364020146522,-0.287156966805305
"36",-0.900155173192365,-0.349386172943675,0.156688721317203
"37",0.656683356671252,-0.71043818206217,-0.0211516467741752
"38",1.35888105451562,-0.720007593159695,1.94980918819041
"39",-0.192580685829078,-0.652575130137509,-1.09521304569069
"40",0.874475014302583,-0.733124452783057,0.054793504315473
"41",-1.18661254075945,-0.0565980792854108,1.30746593546256
"42",0.0642361386006449,-0.524360130313584,1.45675809018665
"43",-1.06489585275706,-0.335361219939523,-0.275912306660239
"44",-0.458112743535272,-0.447353375548059,0.67424584550723
"45",-1.1383197480096,-0.401482075982364,-0.996272240919449
"46",1.59223817409219,-0.793568075317463,0.35548218157761
"47",2.00876571402231,-0.820417008655871,0.622210443988343
"48",0.562687349160005,-0.690368031715412,0.136337988997684
"49",1.12343005543794,-0.750243165011065,0.311474425783652
"50",-0.265965225277884,-0.450619957881966,1.30264436366179
"51",-3.06997449013013,1.26140256714199,2.14803859097582
"52",1.45176003857369,-0.788698490294878,0.111650072472613
"53",0.749421394424078,-0.589044388275013,2.89793328555177
"54",0.0990376843120341,-0.631590787621036,-0.0835325246923946
"55",0.888925426086007,-0.600440527304555,3.23395552071855
"56",-0.991491124915178,-0.259823677307309,0.578601523824737
"57",-0.766246730893225,-0.502957163619675,-0.820251727486821
"58",0.177797821892219,-0.678900561636447,-0.634726725566973
"59",0.43496093009158,-0.721545888784003,-0.781091715969071
"60",0.811876887497829,-0.68188527065379,1.05409556375199
"61",-0.376058550407561,-0.22076894526007,3.64661967799799
"62",0.716916747114249,-0.704056038849083,0.278159984569914
"63",-0.0242484040884547,-0.646170808414659,-0.617062154553871
"64",-0.786927362527938,-0.557682351691196,-1.38158406017671
"65",-0.659684323896124,-0.455357121049242,-0.0553827411390895
"66",-1.34870349659859,-0.256389522335828,-0.661346186138823
"67",2.15604270130837,-0.815359688674419,1.38818522558851
"68",-1.13257094865367,-0.351688373917598,-0.613926389205504
"69",0.700059835191469,-0.697151595020403,0.37910418208599
"70",0.304845214948599,-0.621919511967858,0.663717644148258
"71",-1.29183071160509,-0.408876879341119,-1.46821417747751
"72",-2.43961327110304,0.418671430718745,-0.0814277116795234
"73",0.844339131553137,-0.66943095010033,1.44697652037731
"74",0.0457910025188274,-0.627644972713412,-0.165309163079289
"75",-0.390732865022031,-0.585142817844571,-0.720415303388648
"76",-0.882375114638516,-0.448488750507177,-0.646190284323871
"77",-0.656082893191144,-0.419394023805244,0.31710748313459
"78",2.08283607909144,-0.847263993725981,-0.356054859794744
"79",0.504368186322971,-0.697657434600848,-0.161100392920204
"80",2.48180427990421,-0.869625639275758,-0.342682612864497
"81",1.44896811625985,-0.803198591827005,-0.359734743685222
"82",1.10294395444458,-0.809728091116433,-1.32390352812954
"83",-0.303011800170064,-0.526762527984345,0.226304621734961
"84",-0.360160196794516,-0.440424085799507,1.09221853271822
"85",0.00826544809642694,-0.689280546673742,-1.17428948320995
"86",0.412786977739829,-0.683467566165065,-0.130714483710906
"87",-1.32525242916694,0.166325334013427,2.1155808884957
"88",0.117186704339351,-0.625226009771971,0.0651688385151945
"89",-1.38571271095427,-0.212662558031547,-0.517520344826282
"90",1.99689788210882,-0.824459229023972,0.406303031554995
"91",-1.2490063107237,-0.227875646196656,-0.130551195897792
"92",0.654695828009884,-0.753884158875863,-0.934671427568131
"93",-0.0228225745175809,-0.567614601462859,0.526737508938596
"94",-2.12047860623286,0.786363242490309,1.81139619960085
"95",-0.824655731484677,-0.245421143470847,1.35561288151848
"96",1.15815436394858,-0.724513946245822,1.11387077825067
"97",-2.31481862848657,0.242558870555119,-0.583313126062724
"98",-2.31627778775253,1.55619683457636,4.28504201795828
"99",-0.206049105394284,-0.617056449261931,-0.659489424474002
"100",-2.16760727536304,0.094247623234764,-0.967767648281881
"101",-0.432385293081924,-0.507402324828114,0.07040982526315
"102",0.453851708439487,-0.673727682940226,0.160143263997375
"103",-0.0995857328673526,-0.277631933287066,4.32967377796047
"104",0.609778562877258,-0.720331392086586,-0.345377979257642
"105",-1.57105375792388,-0.0874254140271092,-0.490234213998418
"106",1.04523433833505,-0.76234854147134,-0.216870917872866
"107",-0.0553187417636185,-0.591488252564953,0.0877350934383156
"108",-1.59930553812023,-0.114098471273037,-0.728948413552081
"109",1.10920083449465,-0.688121637754027,1.92424246732461
"110",1.290148447115,-0.783484209136374,-0.165630967766709
"111",-0.715964208289514,-0.339215467435261,0.899902415436101
"112",-1.54267645067076,-0.206015622606632,-1.0170476882684
"113",-1.86771222952705,0.193252324340107,-0.0425638633146548
"114",0.282937203331423,-0.629821482537988,0.461902596445867
"115",-0.592567316681092,0.0366252034237492,5.29311441893279
"116",-1.51656190195602,-0.17312854000794,-0.748794711689798
"117",-1.9840627325283,0.0169069929122805,-1.01672926729439
"118",1.3075094217597,-0.785663575661083,-0.184553930787717
"119",2.73029607451918,-0.888664465447712,-0.801301361539805
"120",0.565490862945975,-0.626671204946571,1.41409900343352
"121",1.14508662720221,-0.745038597207012,0.514525965781948
"122",-0.333182811195498,-0.575056949311955,-0.452153885571116
"123",-0.114107061166294,-0.6534372450265,-0.930979790333716
"124",-0.0358221399449745,-0.600142796861693,0.0183113016534708
"125",0.847405703698052,-0.664098494574915,1.58091831358364
"126",-0.563949883866593,-0.398959810737929,0.841452345625719
"127",-0.184340020308378,-0.662427615898537,-1.20767453890035
"128",-0.439043777544752,-0.562560845670695,-0.581202695393326
"129",-0.370487344588621,-0.316102052900299,2.53804836464146
"130",0.448546500339559,-0.641886293322797,0.742198468100148
"131",-1.64709483639559,-0.0966521135303327,-0.792877414275038
"132",-0.00585507146641652,-0.575868441575034,0.457854330249517
"133",-0.200702779125019,-0.628794876630005,-0.800595482584657
"134",-0.777561480511741,-0.309115722463834,0.956035559167185
"135",0.734758729916957,-0.541613026203922,3.87140236676904
"136",-0.113141767711621,-0.690840049987379,-1.44513522195462
"137",-0.228166754841849,-0.556722910224262,0.0670285758910927
"138",2.86302281939301,-0.82710334037887,4.41987623959886
"139",-0.907035409513377,0.096091552801773,3.95149306960455
"140",1.43341927336463,-0.810347684039558,-0.625687591717387
"141",-0.442092759986442,-0.515170930276192,-0.0472894185952939
"142",-1.93167333151387,0.406577636251427,0.714750932219314
"143",-1.25811674263195,-0.143307493288908,0.404518507301256
"144",0.728110971148015,-0.576433397144126,3.08340991132486
"145",4.05188198662685,-0.929724725240046,1.02477587881806
"146",0.621722330839047,-0.699874981257858,0.104445415576827
"147",0.638289040108709,-0.720056303504033,-0.268785775979144
"148",0.198923892364944,-0.664095176614112,-0.341848551110602
"149",0.141040255668862,-0.414703008864235,3.4747000002234
"150",1.70350367703441,-0.834488854411019,-0.80683077877824
"151",0.0852229136430256,-0.632249153440245,-0.130649566632975
"152",1.64178692604137,-0.820116696611219,-0.438663739867825
"153",0.894387098011619,-0.642872216155676,2.25066977817894
"154",-2.14557388117502,0.591350666423328,0.996411172112305
"155",-0.684750789142124,-0.265860244423073,1.74003538998434
"156",-1.00005530906875,-0.25511471368359,0.584385830492397
"157",0.100549009382143,-0.603419998170772,0.358141288613148
"158",-1.27393349842543,-0.117963230042999,0.509573531081717
"159",2.91153152938175,-0.890224273801308,-0.311083169955471
"160",0.703721816117629,-0.666276683994642,1.05199908809023
"161",-1.41881625046205,-0.155053883947898,-0.290754415697605
"162",-0.66696480674619,-0.34588649919747,1.01553111203701
"163",0.675824936944539,-0.733026669113377,-0.447951256852781
"164",-0.437958145595424,-0.397725098047593,1.31088099767093
"165",-1.84502534940531,0.0783001779286407,-0.492089477323741
"166",1.47260655575392,-0.836899667914977,-1.39066387104059
"167",0.720766671891915,-0.716472721790801,0.0201038903687749
"168",0.79036989771781,-0.719208992193115,0.14711409393552
"169",-1.49324369030942,0.341759281122645,2.21233437039846
"170",0.32146476883158,-0.620421578163099,0.740707591900493
"171",-0.502032613394061,-0.611096120107432,-1.27854336857896
"172",0.577226213853049,-0.629933068219747,1.38872975287088
"173",0.482109695732958,-0.706630074251182,-0.389231147625035
"174",-2.63270629779993,0.656537973423627,0.550440713527352
"175",-1.46113411915525,-0.183224548673816,-0.609243636513299
"176",-1.71490197072219,-0.165581400448084,-1.30441201348047
"177",2.42631593521235,-0.852937722058559,0.440647031524676
"178",0.422527983691147,-0.611171235084123,1.23064987066705
"179",-0.350109280938208,-0.210864886059568,3.89736154520723
"180",0.245702235734531,-0.68603341368968,-0.591325166157791
"181",2.19380054738025,-0.865473476998891,-0.925438974581862
"182",-0.913246130088537,-0.385415234818127,-0.195006951336897
"183",1.26562596176053,-0.761622870447756,0.403442100040822
"184",0.250892192361492,-0.582956719702724,1.15831729941353
"185",0.244426545277242,-0.522231424056657,2.1567998715359
"186",-1.28057526245071,-0.362139201565891,-1.12975776690173
"187",1.18169633687355,-0.807687503100784,-1.10923613346135
"188",-2.044192916666,0.529524668126216,0.959516408123289
"189",-1.6340671885953,0.0252374641535957,-0.145321585111784
"190",-0.217853189943713,-0.599167882615707,-0.455620825946843
"191",-1.47460658013317,-0.102145538592945,-0.19672159615537
"192",-1.00642712882604,-0.300931545843069,0.192871636314162
"193",-0.515035793511178,-0.464065019068949,0.302632747416088
"194",-1.45943660734094,-0.0580497701688921,0.116105128072695
"195",-1.73052438280772,0.359950817521933,1.11759778294964
"196",-0.0457577037820075,-0.630146977281493,-0.439298090119108
"197",-1.59692540778483,-0.0432418026895075,-0.357479799410124
"198",0.666783547023878,-0.737522288756388,-0.56429238094444
"199",0.47914952441942,-0.702387339645748,-0.31568682479878
"200",-0.923837594892637,-0.434824266792224,-0.647249053667193
"201",-2.42088697017665,0.165503265562434,-0.975143799200529
"202",-0.61788922561293,-0.479937043395342,-0.179938399703178
"203",-0.897450687117553,-0.436182940648124,-0.582760692041252
"204",1.18870186516886,-0.782722970163584,-0.401424120025651
"205",-0.30969463864648,-0.604340665335658,-0.751786727989323
"206",-0.348788930777337,-0.568274640716894,-0.411132340536696
"207",-1.55566329694621,0.297047284008272,1.60926743386807
"208",1.25925649097925,-0.692988256750846,2.3643146265623
"209",-0.996334894901765,-0.290487623730414,0.312767179190151
"210",0.706446868070921,-0.744546190363175,-0.621036407037503
"211",-0.19828884100763,-0.58976857179016,-0.281281877832061
"212",-0.934363426352083,-0.232250369292492,1.02773058556614
"213",-0.91812503019451,-0.249602156826924,0.94511961267648
"214",1.45107208973806,-0.816511779270454,-0.780497727250578
"215",0.157793482983866,-0.65832624240419,-0.352134502078472
"216",0.205866954274176,-0.671638234078476,-0.448391351376432
"217",-1.39919551175929,-0.112509727489228,0.03921552033606
"218",0.701113574744213,-0.709379864169662,0.12009945573858
"219",-1.91155138008803,0.145613003496567,-0.344882447447153
"220",-1.25277979361959,-0.275470427356622,-0.464881536255833
"221",-1.69487228601372,-0.18938628454172,-1.3708048787254
"222",-0.434275575862768,-0.615023803650917,-1.17139694833659
"223",0.498346557481467,-0.692230188700536,-0.0721499673830444
"224",2.14467027072622,-0.850567523695571,-0.335745050135103
"225",-0.689592264238329,-0.36181896758006,0.77500265056051
"226",0.538461700463644,-0.691115489242204,0.0559840808340288
"227",1.96078784818467,-0.819073384479802,0.522149358208018
"228",0.586888373808416,-0.718458808762316,-0.363787415160068
"229",0.777057943920085,-0.771214586782184,-1.04905819476584
"230",-0.357708460767575,-0.464200388393251,0.815299803958939
"231",1.82955043130393,-0.809523590960668,0.493685681393083
"232",2.32100399214008,-0.789718039804724,3.44885815471066
"233",-1.53269000463768,-0.0453813241587786,-0.114384319343023
"234",-1.51951610999259,-0.00852578562025348,0.141234931485586
"235",1.49388408276164,-0.779174039843728,0.543394395621095
"236",-1.14877138133758,-0.36674487269148,-0.773389944685534
"237",-0.764630395279696,-0.448603321158489,-0.305369061999456
"238",-0.741154126068876,-0.451665300314001,-0.264585272009568
"239",1.6660974430892,-0.730416999181301,2.85868055458756
"240",-0.840311633154134,-0.27261009713443,1.04853484152076
"241",1.32650760768354,-0.798979286989006,-0.533000965469317
"242",-0.62291029628264,-0.471199961147986,-0.105064485704762
"243",0.913735476169298,-0.606676944562275,3.19344541920148
"244",-1.26406931513367,0.083183574276681,1.89456064457107
"245",-2.64081358481162,0.722883787811912,0.77124329695922
"246",0.0107849349865944,-0.661248561344514,-0.754434449877822
"247",1.51735658442361,-0.803935863059867,-0.206398967710838
"248",-0.157216913836704,-0.356415351886088,2.97214680054104
"249",-1.37978773151716,-0.273620451829054,-0.869896921640022
"250",-0.821708026982209,-0.187439553821047,1.89289535299057
"251",0.560290860759639,-0.625767829038819,1.41437926440259
"252",-0.409615247833783,-0.552392342249322,-0.385713657504361
"253",-1.68891228718617,-0.0395547677497717,-0.637399681042287
"254",0.86130722726715,-0.672726216303554,1.42834250137735
"255",0.601604165288079,-0.715394076180537,-0.265159394174194
"256",0.438614676957981,-0.634560502372475,0.848412612904862
"257",1.4178859300748,-0.770615488858456,0.586155581322856
"258",-0.128270148149459,-0.621864403577391,-0.530918873399831
"259",0.290287962765264,-0.633087168248692,0.427318943434268
"260",0.924873477247147,-0.759547887455005,-0.445709283466086
"261",-0.545484996201939,-0.431738265239473,0.55434143177545
"262",1.22269314793924,-0.747635237271507,0.675493706467353
"263",1.70251661977235,-0.818532946178553,-0.22184694335395
"264",2.31186501553835,-0.84718752610121,0.356502177267985
"265",0.698831479895806,-0.754599832246653,-0.853815344021574
"266",-0.471828808063328,-0.492036854646239,0.126401851866496
"267",0.0336616689948012,-0.62901485455197,-0.217930144952225
"268",1.68795618085622,-0.839871072642699,-1.03995537849414
"269",1.12054934222939,-0.802783474856413,-1.10325214982581
"270",-0.493403973924106,-0.430999116745154,0.73819292651146
"271",1.57125476975323,-0.781279193045648,0.713649220022072
"272",1.60932689731055,-0.775639762610091,1.03302072338734
"273",-1.73575015021864,-0.139420462404378,-1.22939248238794
"274",-0.483922496447126,-0.385717067003359,1.27570001165386
"275",0.243235215348854,-0.720866240702925,-1.18185188922005
"276",-0.863155541281666,-0.417418442778521,-0.317367423106831
"277",1.61062033927931,-0.784401371906589,0.731085690373954
"278",-0.385365647390065,-0.5730636431653,-0.564225259865378
"279",0.841087644877907,-0.743602278896164,-0.275623517061822
"280",0.0199714191523117,-0.569395366612562,0.632322957613869
"281",-0.0669504186981013,-0.512951306590277,1.16746561300919
"282",2.05286194055596,-0.836271652161506,0.056899383833847
"283",-0.807526486132621,-0.341239782928458,0.549818718054946
"284",-1.25374091746444,-0.148820299602368,0.384908101168214
"285",0.258543609863611,-0.709849802607127,-0.963763793419938
"286",0.863456902374049,-0.710565296106024,0.552122170436668
"287",0.190910931196038,-0.60935771667416,0.531119623477951
"288",-1.64517644636803,-0.125727459520288,-0.930932244441866
"289",1.44712406561343,-0.81962309290885,-0.888983898079001
"290",-0.759375813766373,-0.513573045861517,-0.902126011486668
"291",-0.310449263491079,-0.496447645240411,0.578204585597168
"292",0.867337286551552,-0.731041747652694,0.0844392338987143
"293",0.90409304441639,-0.707978536823342,0.734738064570681
"294",0.178982313005598,-0.701610339848643,-1.00008371641623
"295",1.55657936949224,-0.764808430271486,1.22605731502333
"296",-0.982549168226564,-0.435206931937088,-0.817314326194257
"297",-1.01285210174209,-0.208368803996429,0.909524160942938
"298",-0.933589332616556,-0.349862030874618,0.0403132339519692
"299",1.22530714566361,-0.761228749570851,0.298545519748385
"300",0.689406392359477,-0.706832672590409,0.142689021252855
"301",1.1579375621025,-0.732611012222701,0.892015235113319
"302",0.75414030876305,-0.596263372323865,2.75861100517687
"303",-1.2918997909031,-0.317577716482471,-0.870708471702377
"304",0.116209563628275,-0.610181273118083,0.298186871512101
"305",0.105037197281298,-0.649447025429913,-0.345468495724506
"306",-0.0832851651646981,-0.659519162018299,-0.94574407004855
"307",-0.470275894052395,-0.596708758719149,-1.04590948098188
"308",0.892566488530977,-0.741023050300701,-0.0837970353197266
"309",-0.913757367766436,-0.422140722135615,-0.50999715792028
"310",-0.848488389959266,-0.482466655360763,-0.851863556223097
"311",1.49094745712331,-0.80921983539916,-0.44852455474533
"312",-0.126577002874485,-0.635604936219624,-0.714947207044557
"313",-0.381223851776612,-0.299073592939972,2.69286523942918
"314",0.359568639645587,-0.716916806354537,-0.864974265785218
"315",-1.98200413696568,0.155359471864096,-0.441615744617503
"316",-0.930437781633186,-0.208753607721384,1.24171428653451
"317",-1.12903719150724,-0.0739336768807469,1.44393490474874
"318",0.979958874764285,-0.780800703325247,-0.838441162870912
"319",0.284710173610234,-0.680993683623512,-0.411209034676151
"320",-0.658864167077499,-0.453963125047017,-0.0388945859525625
"321",-0.886707823212263,-0.45429140060481,-0.708887250757028
"322",1.52149613838645,-0.75734902049818,1.3545651332592
"323",-0.813578480351064,-0.369492756545121,0.271097731491823
"324",1.63276348364231,-0.707171436445526,3.53587569676114
"325",-1.13801237363738,-0.3950540983107,-0.948329815633711
"326",-1.19003509004716,-0.411729753248864,-1.2137948051719
"327",-0.52892410453524,-0.550634578819931,-0.681291169340903
"328",-0.936242835281538,-0.450539763506491,-0.814943063589223
"329",-1.11223080260531,-0.387020269826413,-0.814161373986179
"330",0.987973425147774,-0.677472755362692,1.75683570864553
"331",0.942241629853818,-0.667750428667386,1.83139703720507
"332",-0.215688441484035,-0.592729790800467,-0.366144983504761
"333",1.12456770956292,-0.723526490194046,1.03147445653542
"334",-0.609373955481443,-0.0765064747094748,4.01821955743204
"335",0.585215960704003,-0.686403061944253,0.278016566859221
"336",-2.84667845383314,0.3532709888532,-0.657331316590302
"337",0.504372921393141,-0.693482078149824,-0.0804922467919955
"338",-0.191510257966226,-0.612532830411563,-0.563882086865028
"339",-1.87738869957124,0.169247166653951,-0.169091573040071
"340",2.82015689224896,-0.894595900113963,-0.958181088914246
"341",0.151415093079658,-0.422243624149688,3.40221259152234
"342",1.15310376704228,-0.755042225134,0.265730527272734
"343",0.997945277759657,-0.797627499842161,-1.22044099212178
"344",0.00783618647865121,-0.616749901014381,-0.104346856839515
"345",-0.405880860269893,-0.437948663336958,0.960992144871456
"346",-0.409012098491195,-0.355266918225874,1.91396995406843
"347",0.831339099674229,-0.688581929185876,0.96309722932277
"348",-1.03641276863683,-0.313148768371338,-0.00801274696040921
"349",0.441397771723022,-0.70909646416858,-0.534201030019638
"350",-0.871309561174255,-0.357663198272557,0.182136185976244
"351",1.52920341764216,-0.798687167691323,0.000439707286445046
"352",-0.470836363057331,-0.481664175660727,0.246016652887524
"353",0.33418617795444,-0.611423313213458,0.938623623026988
"354",-0.294536006737551,-0.564097963960133,-0.213293637381126
"355",-0.911785152161915,-0.208060825230051,1.32492084509501
"356",-0.829304073505544,-0.457047352982461,-0.571098784973504
"357",3.1742743062983,-0.913055010194881,-1.45254102981422
"358",0.27233001183497,-0.522531242855189,2.26012111614306
"359",-1.41658433408818,0.126798569360304,1.39371737256348
"360",-0.580628841235391,-0.543939715350302,-0.743212052216878
"361",-1.72130530113163,0.149389220508831,0.162061765860722
"362",2.11993180731425,-0.755179734967222,4.07653838502835
"363",-1.0844267329488,-0.372288245013183,-0.620127892849003
"364",0.278395713926426,-0.72892930092992,-1.24675273789964
"365",-1.14803784294674,-0.41776817341567,-1.14217922113923
"366",-1.48448711020786,-0.213604121918704,-0.862864309004244
"367",-0.771613423485627,-0.515340872405373,-0.950244326957922
"368",-0.945245217098035,-0.457864864163308,-0.901085965634547
"369",1.13122010282862,-0.711868628322492,1.36684291897607
"370",-0.00804798301616277,-0.642330163851025,-0.521434106333822
"371",-1.29549727078528,-0.244184827832271,-0.402678333235312
"372",0.958424725137987,-0.695175465980994,1.21688058721671
"373",1.29214412261041,-0.820552798710765,-1.24860368027789
"374",0.614483253440812,-0.739985742726086,-0.735977779062955
"375",1.80941315659193,-0.778502105920898,1.64397007045667
"376",-0.81367104285134,-0.376787444542444,0.204362683716346
"377",0.124704170495464,-0.591030260897806,0.624215447691799
"378",-0.0769144584556589,-0.682559589472539,-1.25590700773635
"379",-1.15800889964334,-0.0991781930184798,1.13065213803132
"380",-0.720768633531985,-0.400742827122032,0.288059153878354
"381",0.237377775596036,-0.681693506357377,-0.538467917772708
"382",0.465000072832481,-0.659209235354209,0.465320274880384
"383",-0.918458492575193,-0.332118280363362,0.241891778625798
"384",-1.11863486104255,-0.420790708048109,-1.08363923006219
"385",-2.88139038049786,0.426190974776403,-0.437830572754263
"386",-0.142089296845562,-0.556338562881933,0.324623799212582
"387",-0.675855333821945,-0.293367201070066,1.50410896232666
"388",0.474532137257312,-0.739965367735024,-1.04112084111813
"389",-0.325651657052259,-0.608234348549724,-0.838309943211609
"390",-0.740649529316259,-0.368606704958594,0.529064363539991
"391",1.38389905913997,-0.722787673176667,1.9592466416012
"392",-1.998688653993,0.393819792116257,0.506638436760586
"393",0.5811319215132,-0.681357825051097,0.36803110814915
"394",-0.290944646981313,-0.606822347582766,-0.736753774223094
"395",-0.0418370049389632,-0.660609101824036,-0.866937943570898
"396",-2.41333144784094,0.149498276316346,-1.02602029635004
"397",-1.22481166490113,-0.430900737942496,-1.4400726868062
"398",0.476490535706859,-0.456253610076807,4.35877377891457
"399",-0.639980139101706,-0.576747187548222,-1.22749266031645
"400",-0.996126192487452,-0.32182947306901,0.0603663592339125
"401",-1.62975874876569,0.0793734045689651,0.140874812378373
"402",1.6072899489177,-0.801894040015344,0.110069410895278
"403",0.514118794563591,-0.710426546871525,-0.383703746347308
"404",2.23342228604319,-0.795924655279462,2.68118613059578
"405",-1.48148087305496,-0.201825743491771,-0.786208477705671
"406",-1.64289828543612,0.403362890847904,1.69714634927571
"407",-0.546417394723456,-0.541579686021591,-0.629084539681059
"408",-0.114074427612048,-0.595344708536524,-0.129345598273046
"409",0.56594922645215,-0.618432467082908,1.57997982346295
"410",2.05635842632348,-0.85317786478449,-0.69692719072509
"411",0.0420693100203421,-0.653263504068488,-0.560604212718317
"412",-1.63818467061623,0.331845398668132,1.36443243982573
"413",-1.09213824409894,-0.253107653829326,0.257752912491388
"414",-2.1858711093392,0.150548457236677,-0.773869401545531
"415",-0.68771172775562,-0.495154623885248,-0.532632649234358
"416",-0.699253912019652,-0.171873656972146,2.59948205438567
"417",-1.08518791885308,-0.253115417172823,0.283176199040014
"418",0.558116816129183,-0.706056841413616,-0.187722833744405
"419",-0.763412449468521,-0.251975724673262,1.54682106418204
"420",1.55341603246142,-0.779814195905011,0.706998861009532
"421",0.157783354013143,-0.686098173695358,-0.797237229621743
"422",-0.512198497099652,-0.268900339047589,2.4522186883068
"423",0.473487297780473,-0.570594532772396,2.17270457806167
"424",2.23759864425285,-0.851329170154138,-0.0981771915806187
"425",-0.650121397417267,-0.507182685334715,-0.549067946479205
"426",3.20813395223371,-0.873571520975845,2.75084205920458
"427",0.538461077233782,-0.684448041608385,0.187036035702797
"428",0.445989080600367,-0.590452394590804,1.69680150121568
"429",-1.41408002229273,0.310161756416287,2.49899899956764
"430",-1.94255279569036,-0.0605622543637921,-1.27301401320517
"431",-0.443450151678707,-0.47251457010317,0.436079142206035
"432",-0.939390193509402,-0.303918434326236,0.406417969481134
"433",-0.571949759519016,-0.365071703435907,1.17189080322625
"434",-0.152339846900392,-0.5888311271943,-0.144762239026924
"435",0.779442642262333,-0.674837321503047,1.10840498837366
"436",1.42765987637446,-0.792675705566753,-0.0810186931862882
"437",-1.15532400694556,-0.104421517519326,1.1044623642264
"438",2.16719657894029,-0.866066249934038,-1.02046357212577
"439",-0.330486239077539,-0.628331412301079,-1.09513623641067
"440",-0.510499995837718,-0.480282170878399,0.138958392670005
"441",0.229983174935791,-0.662648737567427,-0.238858680655844
"442",1.45953651381478,-0.74443882937403,1.55670015123906
"443",-1.02179551324201,-0.4032481207196,-0.673180910656444
"444",-0.801899051580669,-0.406243657985046,-0.0265690062821089
"445",-0.628163124830331,-0.451135260170317,0.0844199031896737
"446",-1.71238028179194,0.0833670239505502,-0.121371738360942
"447",0.00727036892111113,-0.609798931202386,-0.00328090377453694
"448",1.51624710616313,-0.831181602835977,-1.11320767476257
"449",-0.161872613346231,-0.596550766321118,-0.274422663003974
"450",0.67179809978085,-0.718682429690412,-0.155042256108883
"451",-0.399608353491975,-0.622229358981492,-1.17726730736294
"452",2.13234668964142,-0.855046838895815,-0.582827221491886
"453",-1.98527687298831,0.110762307747639,-0.631543138807471
"454",0.8991102833641,-0.768843564988746,-0.728716378045392
"455",1.29826311624195,-0.734427884164631,1.30048834256087
"456",1.12948174063174,-0.755605067812734,0.184456425914845
"457",0.49506632129605,-0.745904160756452,-1.11168236720394
"458",-1.40456101729345,0.10811296690916,1.34252355304186
"459",-1.98269324932656,0.968552611873481,2.91475108855044
"460",-1.24249681993719,-0.360870267655759,-1.01034226190168
"461",-0.0410144002733963,-0.567190737385708,0.477440941998051
"462",-0.793137492100022,-0.476642511118298,-0.648196658038172
"463",0.302308135494578,-0.507718419317755,2.63479197346214
"464",-0.500118447660689,-0.396924314825576,1.09174921683341
"465",-0.305259961756637,-0.513832308797613,0.379642493968588
"466",-1.21377888776342,-0.223220884982738,0.0290313553063211
"467",1.59564896457198,-0.828434294073944,-0.843068109926344
"468",-0.65804388744275,-0.539359825694106,-0.893777936137709
"469",1.05587269096291,-0.762277036051612,-0.187837115152655
"470",1.48449772361161,-0.813632667271554,-0.608501537001059
"471",-1.51470501035526,-0.212660098364242,-0.959359282463823
"472",-0.641143402305042,-0.330174020178563,1.27129020055136
"473",1.15241166224973,-0.825229317751254,-1.64749490294581
"474",1.53216432011796,-0.789173501401718,0.3270311762366
"475",1.22597408033954,-0.769509661331303,0.0658692262000633
"476",0.163507200281758,-0.652665589900735,-0.246689561838659
"477",0.808061457272955,-0.756206770692512,-0.643355259284101
"478",-0.1861280378374,-0.613818820237786,-0.567412783390132
"479",2.29460884063737,-0.849556300253093,0.173962017205607
"480",-1.51173261626464,-0.0627622203711385,-0.124063396526136
"481",1.27943072663039,-0.740663247309428,1.05492159029489
"482",0.124328974025477,-0.659481430085696,-0.454159194730176
"483",-1.31553388725813,0.645170789146498,5.24766616570056
"484",-0.345353441361113,-0.580775697008771,-0.553231448351388
"485",-2.54403229359161,0.65777680954093,0.651075840375665
"486",-0.442213098647984,-0.5430960566956,-0.366902686161947
"487",2.79680589069469,-0.884850409154681,-0.30831012071687
"488",-1.32093482383177,-0.1277748126562,0.255383982527329
"489",0.839666277360749,-0.704754598910791,0.616556270709058
"490",-2.22544735664769,0.655841241614947,1.09728446472473
"491",0.388828078042212,-0.7021899452176,-0.532448868978424
"492",-0.420453961795825,-0.580212154395739,-0.737077145993957
"493",-0.411322563869723,-0.0940700423167725,4.94549677982388
"494",-1.85262748036486,-0.0107832428328577,-0.89868877390986
"495",-0.427957657405028,-0.50874483594176,0.0681400149181468
"496",-0.602670149926295,-0.388848023619893,0.811044765504113
"497",-0.42782711320501,-0.556568806663654,-0.482878577627945
"498",-0.429267767514145,-0.38125499700534,1.5329472224018
"499",-0.752923609439331,-0.322413666790137,0.923687006790701
"500",-0.276241221681402,-0.446688004790439,1.315212245362
"501",1.96165954028043,-0.844363974983417,-0.555939760040074
"502",-2.79435264011666,0.470315619545386,-0.228105377372546
"503",0.18879433947644,-0.685333775559862,-0.713479236691875
"504",-1.67896489437968,0.310025485604517,1.08070209534383
"505",-0.84536746722614,-0.486389265486599,-0.878488922080848
"506",0.387862139039934,-0.666548976841045,0.111777977236027
"507",-0.03292054005045,-0.590689776333554,0.162839884639162
"508",-0.400660320710925,-0.333144782455664,2.20698368150365
"509",-1.43820693967495,-0.173353390197112,-0.469859274434437
"510",0.452209926049447,-0.620018952577067,1.16396098737913
"511",0.520340028756646,-0.676347858216017,0.295012247326309
"512",1.72458073634968,-0.838361779210291,-0.900872990353375
"513",0.451014981844795,-0.717312140433635,-0.665388780574736
"514",-1.78782693618913,-0.147847421557133,-1.37854994935198
"515",0.158012363630792,-0.647574689201409,-0.179254428651527
"516",-0.177727487318795,-0.613594431590908,-0.543359512719378
"517",-1.04963236991859,-0.143471634376103,1.26844740202235
"518",0.19547966056836,-0.694645099172724,-0.850236518602914
"519",-0.540941117849697,-0.235454562246729,2.68566351678746
"520",-0.579867013515419,-0.458668466758772,0.156740875545427
"521",-1.55347819414919,-0.162554491849956,-0.822111670738114
"522",3.1852535923541,-0.896488569373898,0.264642866556702
"523",0.32574702882016,-0.672085175487956,-0.152610207480964
"524",-0.489363451233788,-0.236977744072738,2.90918627714021
"525",-0.56793126954928,-0.572599837707488,-1.01440975491262
"526",0.689074816517449,-0.691680872781218,0.464370684744768
"527",-0.20695662841696,-0.560032300016188,0.0850273438925684
"528",-2.22094198031859,0.656386186680196,1.10734726427111
"529",-0.0880765457857253,-0.512353725610557,1.10372197527133
"530",-0.145776439489188,-0.303305708199081,3.74347410985719
"531",-0.0237894856285654,-0.624579319824842,-0.302689494158661
"532",0.249780572139005,-0.464495158477761,3.15001745335677
"533",1.08749562594016,-0.796170944672604,-0.997504688870299
"534",-0.920731059699875,-0.278271778532128,0.691399502746622
"535",0.104035160351892,-0.615632876667764,0.178267894529239
"536",-0.576675501056262,-0.433149103995086,0.435973272466598
"537",0.110921112506184,-0.624079049858187,0.0658104244340847
"538",0.467807070535833,-0.665122967575068,0.361546833641063
"539",-0.211211537221989,-0.612396991308213,-0.611295909771638
"540",-0.0955532833593974,-0.566441974518347,0.324254369942103
"541",-0.80040821292577,-0.472441093160902,-0.62973534486448
"542",0.986041157828779,-0.723468080298897,0.603725148096029
"543",-0.798469083997665,-0.372177555224166,0.297546526786334
"544",1.19100003101125,-0.767016343933423,0.0408972848212033
"545",0.651807244285518,-0.644331492741421,1.34590885159189
"546",-0.339612306358728,-0.297876333880325,2.89542672235413
"547",0.725058545705275,-0.678752894544335,0.850039875544449
"548",-0.254957114520247,-0.618582773423894,-0.797936867225912
"549",-1.63201254162012,0.300908595505654,1.23868222411215
"550",-0.562175380713221,-0.398672075302015,0.850771004984408
"551",-1.04997083801039,0.00402975449979404,2.41548567654117
"552",0.548191825921527,-0.655999608789116,0.775990693756886
"553",0.166363967897745,-0.711830750493391,-1.19193022304654
"554",0.314021750649634,-0.704585314696889,-0.749710608508678
"555",2.15413824696233,-0.851351856783941,-0.346239463807621
"556",4.53421255227628,-0.948342230652369,-0.100209599843506
"557",0.505960458853618,-0.662886153545128,0.514748498187416
"558",1.7669061675344,-0.828136271962021,-0.410650203597009
"559",-0.112035524960521,-0.630589599611864,-0.610652465609489
"560",0.51626937444932,-0.724084841641845,-0.643738387917126
"561",-1.104017369977,-0.260205626291481,0.161109730373204
"562",0.478457459020035,-0.70712582165548,-0.407625586062946
"563",0.00775430365973692,-0.623991484233073,-0.211478246386173
"564",0.433194796980199,-0.629572339207102,0.924233869428214
"565",1.01018996260978,-0.790404576569407,-1.01343336572544
"566",-0.456873336632128,-0.511249374878285,-0.0458211164742857
"567",0.0310939505110707,-0.548609979685751,0.977724557125116
"568",-0.533704229668823,-0.509549876786718,-0.248781360972332
"569",-1.82987236420105,0.00654360237900165,-0.775043622911655
"570",0.51870430190798,-0.351555305030388,6.60776744892913
"571",2.16592726127749,-0.82107154977504,1.15104165914034
"572",2.28086076292862,-0.83230268933114,1.02492166021345
"573",1.78560293914275,-0.833592747376036,-0.571944281637557
"574",1.23308597188943,-0.677080216426761,2.71361224592512
"575",-1.9053742518439,0.362045244318752,0.591601265517975
"576",-0.181656063475696,-0.587685128054519,-0.209049194743341
"577",0.0665696087935122,-0.65727291586272,-0.56167958530972
"578",-0.881693298763475,-0.240755857912877,1.16594091600966
"579",0.0247740853673667,-0.618595877884922,-0.0859778686305381
"580",0.441172243104298,-0.679925922429513,0.00969836790871881
"581",0.284376643261425,-0.698604809817414,-0.714256757139369
"582",-0.115574706402982,-0.465603058192771,1.65524072544527
"583",-0.314440982886657,-0.401182844689193,1.73865432276651
"584",-0.311994765663379,-0.60624808868794,-0.780931059956456
"585",0.280681703565081,-0.607910724633261,0.830542178197594
"586",-0.51718184038621,-0.493551427667252,-0.0266112423599028
"587",2.15918916071081,-0.865447024790399,-1.01019943530657
"588",0.621867586402273,-0.655207195460691,1.02255238364865
"589",-1.06926215803817,-0.391909184466621,-0.724624270933839
"590",0.791821796506449,-0.774764690709662,-1.09785735491749
"591",0.792621863122713,-0.763168585994767,-0.835404853372101
"592",0.810700582809665,-0.544095275026045,4.17906401705765
"593",-1.01173798755308,-0.203903898827173,0.949676559290187
"594",0.8800449868213,-0.690912934554714,1.06408710615311
"595",1.37122731366176,-0.803459317264231,-0.560511379500205
"596",1.33140245991542,-0.745447736140819,1.08408534787923
"597",-0.0470335003768471,-0.530994085176464,0.977632133881138
"598",0.299340725902408,-0.705643972072807,-0.801410616220929
"599",0.296445016733976,-0.715241486792139,-0.973715085957751
"600",-0.00159206663225,-0.663262819558482,-0.812894787911605
"601",2.68834258023802,-0.856040055880677,1.30012545570131
"602",-1.66258556283738,-0.0204028355236894,-0.465780724701892
"603",-1.48442804001855,0.00732346709304302,0.381386276210215
"604",-0.344551877645908,-0.438192341918627,1.17458599028357
"605",0.628579328852192,-0.564437274432859,2.91556494291777
"606",1.37858280167786,-0.807878184492938,-0.678655035276449
"607",-1.02549991858711,-0.386669861340816,-0.552817535573879
"608",-1.17351261880106,-0.268375998442285,-0.14499377617917
"609",-0.370298529846723,-0.609445535529702,-0.9589722706201
"610",-1.0055536700169,-0.330965057011887,-0.0450974418082462
"611",0.114057020125473,-0.581517019150932,0.74054666515818
"612",3.18936606272004,-0.867310926222194,3.25764245386184
"613",-1.63666201993228,0.298722944704264,1.20662847767787
"614",-0.906857199816885,-0.485198925947733,-1.03008862874601
"615",-0.557193680360415,-0.495102020758063,-0.161135133739498
"616",-1.73110049846244,0.803447573672716,3.18853255229881
"617",1.14270192353958,-0.770391133979225,-0.179306617351803
"618",-0.784839100025042,-0.507770172310893,-0.913861812679148
"619",-0.802866058726697,-0.174155056538881,2.0983225078639
"620",-0.869186722545259,-0.225472604712835,1.350628397554
"621",-0.261980298835983,-0.496324391261714,0.736935190508408
"622",1.40198329486329,-0.803733944707958,-0.494076683106151
"623",0.756796603798778,-0.690383238709332,0.692532939482425
"624",2.90637606044506,-0.890490383543328,-0.351378808947356
"625",-1.52511350683787,0.0504073156041661,0.43821597403443
"626",-1.07814326641629,-0.295150053028989,-0.0119271819408828
"627",-1.56382563972073,-0.0472644185468513,-0.251011107836216
"628",0.945325634689609,-0.73414049013507,0.223582860081432
"629",0.131066785045302,-0.411984127956956,3.47177019086421
"630",-2.21690710111321,0.947408954960804,2.22344503698327
"631",0.48511048619066,-0.638835082071701,0.913427158132467
"632",3.50706798537542,-0.911745907885225,0.13278299098326
"633",-1.01027693898158,-0.288035402791226,0.282514488096508
"634",-0.304914124669089,-0.548437328207054,-0.0478156223603123
"635",0.406732679472637,-0.550812350032271,2.28434415510015
"636",1.0911086147377,-0.75961150874032,-0.0263175629929078
"637",-0.189965706716072,-0.586530566467451,-0.216212733529047
"638",0.0750721047551435,-0.497223541520002,1.91090735746034
"639",0.101748996326265,-0.617193668846831,0.147547721788237
"640",0.0386383968918791,-0.46284918805324,2.29038588289917
"641",-0.409867407180163,-0.578924895871785,-0.695551843114969
"642",-0.216298583720872,-0.542797039177741,0.282681982759676
"643",0.834007037490436,-0.712656560490517,0.41808809450414
"644",1.22940965930612,-0.727514969810731,1.26704129271019
"645",0.530849196554465,-0.735591986060397,-0.835115536405933
"646",0.914379711162656,-0.708576111220053,0.751775546395275
"647",0.906534218643398,-0.714014876544186,0.597962065454709
"648",-0.219717914535975,-0.653073873710103,-1.16125164512808
"649",0.064737477017883,-0.605366176954194,0.224564484311415
"650",0.169330073491445,-0.673327839336541,-0.564861312152436
"651",-0.51325438001336,-0.537373252901883,-0.495272204018969
"652",0.345463168788694,-0.702085593322798,-0.633095518697184
"653",0.684571208187465,-0.753620192789897,-0.86420743922776
"654",0.856304271524692,-0.769223451681995,-0.83337563176125
"655",-0.595075536794251,-0.393384681318786,0.790596182832081
"656",0.560204574558941,-0.650373228715911,0.924830415722637
"657",0.354388469748252,-0.572248558539659,1.70128985581892
"658",-1.98339155873959,0.0328330882746626,-0.949917595033785
"659",-0.764734621185309,-0.4564002003042,-0.378918714505442
"660",0.64198528880092,-0.728277927555886,-0.430234742734528
"661",0.922579988182713,-0.67816532457326,1.50955873736526
"662",2.2289054130569,-0.844871999792266,0.199760314739199
"663",1.50426639633151,-0.67144629248308,4.12550765435795
"664",-0.49893517064399,-0.418525435921844,0.857237647579591
"665",0.0755603261278479,-0.623005649255367,-0.0146781075535276
"666",2.55394907592001,-0.867479609776888,0.0236117383295942
"667",0.0650186786298809,-0.657095557392841,-0.562747099974005
"668",0.892386576607848,-0.722452839843912,0.356051313097605
"669",0.102354189009465,-0.65258274840731,-0.401039559504423
"670",0.762155059121516,-0.753641811104227,-0.691223008519416
"671",-1.0847986734303,0.0376052596085783,2.4944508587576
"672",0.730908347089205,-0.695273430821401,0.508584836597807
"673",-1.2862493845487,-0.30587300625629,-0.776234723890336
"674",0.847565809719251,-0.508869891012651,5.1756926899799
"675",2.29605950138577,-0.784715475209868,3.57792780109686
"676",-0.668310445073191,-0.486625287504828,-0.393576483311033
"677",-1.97056200243719,0.304985488624696,0.200419819159026
"678",-1.07440030348486,-0.264322176877832,0.237049844903771
"679",-0.569574082959728,-0.318871892138801,1.67032259621651
"680",1.34430315299167,-0.807523235519307,-0.747691250761615
"681",0.293039213371358,-0.653892396139438,0.0766477799400449
"682",-1.49251221010953,0.17440765509345,1.28052181197629
"683",1.14309821986124,-0.778505268443388,-0.398142694144036
"684",-2.10736497874202,0.1767215247695,-0.562977805186319
"685",-0.399640921110584,-0.397129978112821,1.46125063893982
"686",0.496411191529874,-0.270499621873439,8.02894259984916
"687",-0.0592511262202102,-0.662877184320402,-0.938948572488789
"688",0.423707251595153,-0.754514229315437,-1.41595889463472
"689",1.39556385221716,-0.772108869659744,0.472158123393273
"690",0.0642873809906551,-0.586492230294054,0.510712640017501
"691",-1.45651749943032,-0.212259532110732,-0.76009055248335
"692",-2.8231857069624,0.468609294312246,-0.255417851041233
"693",0.0198355218028472,-0.604891141228311,0.104364047055672
"694",-0.363225029763605,-0.554883422286874,-0.289050710512784
"695",-0.6194981306327,-0.421269108418862,0.418451273633343
"696",-0.297614654519311,-0.507322977992644,0.484275653167517
"697",0.856108365623936,-0.714656936909496,0.435375213002436
"698",0.0503581372619403,-0.592985734334001,0.370643915999227
"699",1.88777916045546,-0.823510603827498,0.109475233397296
"700",3.43883688651119,-0.902417155468427,0.976816941460618
"701",0.754611256870502,-0.731897936517799,-0.229120218806492
"702",0.474178069078308,-0.726365601088033,-0.783538673852968
"703",0.959215185570696,-0.80052086205766,-1.36850584525216
"704",0.303417026384676,-0.578875521975711,1.40565145693629
"705",-2.14964576045484,1.12367931902071,3.05908934323272
"706",0.050906163998753,-0.597282423387904,0.307302048317641
"707",0.188887985916811,-0.706408776068947,-1.05676025693644
"708",-0.0251421785086743,-0.644896217589366,-0.600750198710557
"709",-0.956700285520026,-0.463792683125912,-0.981383694876905
"710",0.012330296709193,-0.644931988333212,-0.509321570709955
"711",0.399913305867039,-0.698952396272704,-0.446793610139702
"712",-0.556386374204604,-0.492907419895727,-0.135339977614327
"713",-0.731311681622237,-0.43855331283803,-0.109455609963139
"714",-0.570862788674386,-0.530813453694112,-0.579006565252963
"715",-0.0203868492774837,-0.628229634231923,-0.346901969871885
"716",-3.32841530207749,0.738083192390045,0.296464339464024
"717",-1.34415366346769,0.0268421948430504,1.13595385007288
"718",1.47212428519865,-0.790707469839979,0.104029797395098
"719",-0.484517363242574,-0.597453073807063,-1.08745263407063
"720",-0.688428125803495,-0.492495458340017,-0.508416019648595
"721",-0.403035220987354,-0.582075603867046,-0.71517138370328
"722",0.38922283644951,-0.657080546959479,0.287381722764122
"723",-0.360906149210368,-0.51227767310611,0.228107772631887
"724",0.0298746257005336,-0.480176626333633,1.99640653798976
"725",0.550103145476051,-0.720425171727857,-0.492330675642459
"726",-1.59788073935568,0.155705751690868,0.658708049979081
"727",-1.25649236169582,-0.295709907393434,-0.613349783312348
"728",2.10552889789452,-0.818523783673146,1.04688885934058
"729",2.02430172306798,-0.852433447305763,-0.745692209172422
"730",0.13316011941944,-0.569260057198656,0.994426305619335
"731",-0.751316716249639,-0.489207227450775,-0.650418489987074
"732",0.448997358185542,-0.703110184677294,-0.403875789441897
"733",0.148875591994018,-0.415931999793106,3.49128529802099
"734",-2.21196381478297,0.264322400183401,-0.372627305071977
"735",-0.319843058086598,-0.498732024798312,0.520060886505454
"736",0.673177809418327,-0.735890113523682,-0.514782430046727
"737",1.78160437953944,-0.783517823314578,1.34586768582971
"738",0.469075275243838,-0.746024513205092,-1.16739037078499
"739",-1.14657576728235,-0.244108351862979,0.125825186665525
"740",-1.57440303125442,-0.121452509710224,-0.680549303255532
"741",-3.44305833138322,0.434806344890926,-0.705261568812511
"742",-3.07269691653555,0.698519980358968,0.325410773664039
"743",-0.974197277281141,-0.354917867579426,-0.13566633376926
"744",-0.0625603580470579,-0.657631172957777,-0.871914851330503
"745",-0.599637899823165,-0.498125481515254,-0.315306826338956
"746",-0.695817364191309,-0.474802748666313,-0.35544383430449
"747",0.0357988986714865,-0.683057853303224,-1.02257880079133
"748",1.28942475507414,-0.786306229570496,-0.250242546264099
"749",0.0529386278948815,-0.685869583343805,-1.0275263954712
"750",-0.193843376953537,-0.527628876012844,0.550393580659857
"751",1.20781032304247,-0.816869832728285,-1.31190484220544
"752",-1.24133107750056,-0.204927214221152,0.0530339286263404
"753",-0.10312966580612,-0.405301881959621,2.53883457516484
"754",0.655423998623991,-0.534215081473062,3.66105816000559
"755",0.289256173337181,-0.560113557796672,1.67989935830244
"756",0.686813861522715,-0.772629578101381,-1.26352062798435
"757",-1.38205395800044,-0.212216991020508,-0.501983996827761
"758",-0.547836915611783,-0.523048864439629,-0.433857840468868
"759",-0.939150982390229,-0.411926653904823,-0.499006975780284
"760",-0.835180423607342,-0.394236464189065,-0.0237256559863843
"761",0.639531192517009,-0.759961040020229,-1.09323813383963
"762",-0.791686510596468,-0.48261944111019,-0.699367533042531
"763",-1.99802252899644,0.398764395906681,0.528370502411919
"764",0.819647223700138,-0.785321379912825,-1.28077303899125
"765",-0.511672562705498,-0.441126966329523,0.564958403551863
"766",2.19732558169945,-0.850395667062406,-0.173554991348647
"767",2.19103910338852,-0.850848190173065,-0.214515821599107
"768",0.512100778276268,-0.720967712817358,-0.592966252836374
"769",-0.285110858865416,-0.418666145817132,1.63418510892078
"770",-1.13020045155103,-0.272136742497034,-0.0208066969576022
"771",0.217101608135151,-0.661264799209909,-0.248976692561917
"772",2.02815630443474,-0.74644865583622,3.97619425167283
"773",0.928503831872122,-0.742955947184611,-0.0359089065778082
"774",-1.54555153453072,0.305641942889307,1.71198000880489
"775",-0.624546031097031,-0.526879231379356,-0.680590839741317
"776",0.576338108069954,-0.664045577287961,0.701590343093433
"777",-0.266620524647488,-0.478319936185168,0.949651799463254
"778",0.401512513783536,-0.718548048513961,-0.800972854464949
"779",2.67329832570037,-0.833478844625411,2.75617372690759
"780",1.51287324660513,-0.82418975191156,-0.888912974421754
"781",0.111847455028964,-0.654217173337698,-0.402700915044953
"782",-1.71331025780619,0.066739361934196,-0.202797975106987
"783",-0.872717254543689,-0.363488498107827,0.126333133687035
"784",0.373959887285069,-0.685724966368223,-0.271366923601722
"785",-2.04218867973926,-0.07801316579503,-1.48779631296635
"786",0.316689635032774,-0.726293409663457,-1.12267637796295
"787",-0.895648218578573,-0.418453641012264,-0.424450693233894
"788",2.79568541836874,-0.849705856000361,2.28257483204172
"789",-0.968935825332442,-0.468755757528489,-1.05492321475062
"790",-1.52222082236328,0.108502339830507,0.768434410753692
"791",0.457597985872641,-0.672757411292471,0.188723605887366
"792",0.260481708402642,-0.611688193092689,0.703472743253702
"793",1.5987946479392,-0.807252782458815,-0.100175172565574
"794",1.75191442592438,-0.765008665356502,1.93998362970491
"795",0.758553725835585,-0.739690318874128,-0.391269394870436
"796",-0.576035670100916,-0.542323775026495,-0.714306424431466
"797",-0.710580075357625,-0.346547489087777,0.848504815769787
"798",0.406462632028402,-0.72726778002018,-0.949612333880863
"799",-1.22773619951792,-0.230679172490846,-0.0731212182290688
"800",-0.735502577672002,-0.138010204708024,2.75333046288485
"801",1.91702348654781,-0.854417782744243,-1.08946298697687
"802",0.392040557669652,-0.667393873575438,0.107847680726727
"803",-0.82532649682558,-0.325024710081091,0.63343287706722
"804",-0.912138550216368,-0.42174941711086,-0.501868035624421
"805",-0.875465121687999,-0.440297320329809,-0.554865858823864
"806",1.20609020496621,-0.79989068713502,-0.839447595740775
"807",0.860745009429878,-0.793307702781718,-1.38512234346187
"808",-0.970203260874619,-0.140500347571568,1.63966902468941
"809",1.19235098803518,-0.739848228774363,0.800379930309567
"810",-0.728966968101486,-0.2633501454313,1.58097907570532
"811",-1.35500255807198,0.0877037813118516,1.46476691220823
"812",0.645929011051241,-0.744580546375214,-0.759915235501795
"813",-0.82072609929022,-0.461117110806855,-0.583524512230588
"814",0.255074794171653,-0.583686985252743,1.15988347438906
"815",-0.416390059063447,-0.488789219954168,0.334289392274949
"816",-0.803833728306951,-0.308975681943045,0.858566125905228
"817",-0.987199019459836,-0.205153147305967,1.03899209647778
"818",0.246795572178242,-0.574633834097843,1.28469416194705
"819",0.191832046380153,-0.532998062174799,1.78044182640528
"820",0.450281634507514,-0.687109288588518,-0.100635128975036
"821",0.00309335724732252,-0.646022548355665,-0.548186791720319
"822",-0.0170156205262318,-0.629702633316009,-0.359672935184624
"823",0.794716501215951,-0.762453815822706,-0.814689597342573
"824",-2.1295236129294,0.282336446412091,-0.182065258456098
"825",-0.308725880337898,-0.346581391190373,2.43552927306752
"826",2.69077118015553,-0.866883937800135,0.569665009490375
"827",-0.537169096483004,-0.536089528123579,-0.545417635087303
"828",0.400951395474469,-0.58173570530366,1.69699001471732
"829",1.47991059968959,-0.827350051620583,-1.06561935653166
"830",0.660231873698463,-0.656965085597418,1.10940808692398
"831",-1.69147128970541,0.182563200662318,0.419780315578018
"832",-0.173159147099493,-0.647668237768619,-0.986673544554776
"833",-1.09906601507917,-0.306116935747669,-0.166538094838813
"834",2.2005750310116,-0.833450030021398,0.672877695790158
"835",-1.65774864494994,0.00906492895175199,-0.306055229059293
"836",0.576801518118852,-0.672559120289502,0.532211047902087
"837",-0.111971548626353,-0.52775847270582,0.81003628800671
"838",-0.606296619087242,-0.447591653838781,0.189452772802868
"839",-1.8499154161803,-0.0530369721681014,-1.07829313918618
"840",1.45729900487548,-0.818391907350759,-0.826453069848885
"841",0.784433001510821,-0.676102508750611,1.09623694443418
"842",-0.886489224046878,-0.340218005565079,0.282659410429251
"843",0.268796798960386,-0.745526326478853,-1.54854043836009
"844",0.4283440845488,-0.64315858489601,0.657079477356388
"845",0.884712873941485,-0.774947883872274,-0.905347788149948
"846",0.292467506745663,-0.678971836769162,-0.357177394523538
"847",0.418093141998335,-0.617856037679602,1.0926809019438
"848",0.390313888457793,-0.617195187282042,1.01494263239912
"849",1.9892684597971,-0.794157904417258,1.69829106820362
"850",0.283317020546179,-0.705742470967062,-0.839118649731011
"851",1.39366137497759,-0.750507333996869,1.13653318869776
"852",0.0355834467383147,-0.29409896485228,4.80793881973219
"853",0.923152302425642,-0.721227151395555,0.473702143868794
"854",-0.0462308359400476,-0.653770723584888,-0.779005638245532
"855",-0.901533677803106,-0.345459227286889,0.185806754691289
"856",0.964813986234185,-0.60485364914866,3.4635341933047
"857",2.1751301509742,-0.844820259786836,0.0316886383457518
"858",-0.332546631343344,-0.56405996194729,-0.316453574130237
"859",1.70014458899443,-0.769662390229226,1.56822494655672
"860",0.265553895433232,-0.707122020076513,-0.902150903104817
"861",-0.85435646030446,-0.244474854778666,1.24346263114724
"862",0.0515299572359878,-0.632156436778988,-0.218284979002795
"863",1.57205307354369,-0.765592881064222,1.25290131415844
"864",-0.0770851529083529,-0.575240297637178,0.255405690922706
"865",-0.0749831620600988,-0.545614078062213,0.679352721749372
"866",0.421501695714069,-0.683020598768612,-0.0997536112453723
"867",-0.114598908942448,-0.466025453638937,1.65304765074865
"868",-0.883942599391483,-0.405577675704133,-0.277260886765589
"869",0.15467995020429,-0.644176624026045,-0.133607598338073
"870",0.811324898380404,-0.683645956503021,1.01233357344164
"871",-1.28562753062045,-0.160872931889713,0.179445023931945
"872",-1.30155926928357,-0.110758395454879,0.443555878832843
"873",0.107266662868923,-0.60843220873288,0.299676816265932
"874",-0.825392252830257,-0.398049341495825,-0.0267607853476046
"875",0.616668254753719,-0.741192757272828,-0.75576481601978
"876",0.097577741400106,-0.638516914382898,-0.194869337662067
"877",-1.81288198289416,-0.141883909313527,-1.40026468173791
"878",0.698631063288742,-0.762927088293018,-1.03244397710943
"879",0.351545819164424,-0.66686408960386,0.00778614323645988
"880",-0.0236272905579699,-0.675363668554855,-1.03913829371425
"881",1.2476915744517,-0.749223752448692,0.706831353704351
"882",0.629767129342132,-0.716862555956592,-0.224217660854435
"883",0.813184375989208,-0.762026061383859,-0.76382894328598
"884",2.04542083300621,-0.807805764568778,1.31311630386301
"885",-1.4097682319794,0.162638244940163,1.64254619093184
"886",-1.25452049601531,-0.168705398694212,0.247954217269221
"887",0.517769782657627,-0.731857486728502,-0.791368254351247
"888",-1.56867472391719,0.210415594360445,1.08207436443784
"889",-1.10869189658526,-0.259151203928219,0.152134998906818
"890",-0.835096774713382,-0.334587747177503,0.512260286681855
"891",0.760790769259592,-0.714765497880992,0.165388270324906
"892",-0.420237219861004,-0.423373613561019,1.07987600704054
"893",0.534692950319938,-0.738330688017281,-0.880323563407729
"894",0.697384768360172,-0.64964565064756,1.38736077124883
"895",-0.466364917976187,-0.513763107955751,-0.10186839758877
"896",0.438712864984279,-0.694627830104732,-0.270903091739631
"897",-0.119819498435991,-0.442686770488116,1.9546366886842
"898",-0.0780506846955616,-0.628964467942048,-0.503754823730748
"899",4.09037223930287,-0.937375941628436,-1.12247608155315
"900",1.38197935041662,-0.636955959876701,4.59745664287718
"901",0.871306567876676,-0.763412499694306,-0.66386592453811
"902",0.799250307205902,-0.574979315313807,3.42653934292987
"903",0.0222653040177338,-0.554384369286696,0.862830432344745
"904",-2.49854624854544,0.317592464249975,-0.503599945075675
"905",1.13300987146302,-0.768312617350221,-0.14822006011486
"906",-0.248831851649551,-0.568889676230547,-0.14778951694184
"907",1.16878942228382,-0.761556051433358,0.131216489738863
"908",-0.380052823919801,-0.481606884737081,0.533890462351456
"909",0.311017587204781,-0.68268097364313,-0.375239753381797
"910",-0.344541119982502,-0.581634130426994,-0.561530355125078
"911",-1.77239568299726,0.0264540736576227,-0.552049860680868
"912",0.169667619196379,-0.651888101691317,-0.218228313308832
"913",-1.11955250617991,-0.236673698006199,0.279775073982369
"914",0.128225380473654,-0.708929421488165,-1.22432383311339
"915",-1.57880166574859,-0.0820189209334253,-0.490973126253613
"916",1.82052668075514,-0.818003685753706,0.131371591851329
"917",0.0217216954875138,-0.590400264059575,0.325253054210467
"918",-1.78327846661957,0.224878094173295,0.32096299850797
"919",-0.404815931917477,-0.445695926929031,0.874168090221491
"920",-0.517648865393544,-0.19286032552018,3.2593068668322
"921",-0.685682487446677,-0.362033677803361,0.786905353857554
"922",-0.8748112840547,-0.275996955104582,0.885183535057573
"923",-0.882279699296945,-0.540451144774911,-1.44697736727138
"924",2.08328716518532,-0.850518408394051,-0.504351333471773
"925",-1.59944641530788,-0.0940115594503906,-0.626594686799344
"926",1.08212263302903,-0.7476470728434,0.26368697659275
"927",0.112314954633739,-0.590045511191827,0.601757482590831
"928",-1.19626899529594,-0.4072522843461,-1.19934793919087
"929",-0.329807623906234,-0.553131910760099,-0.175640542030284
"930",2.20189236220167,-0.844964423997501,0.108518707905918
"931",0.29708855112891,-0.577387579021135,1.40961415455943
"932",0.80616137499689,-0.693831113963273,0.765199677259619
"933",-0.428493457495173,-0.3749169207921,1.60896842588721
"934",-1.48997011969766,-0.219337969493107,-0.913531146397461
"935",-1.24956414753884,-0.412781805822102,-1.38177369027763
"936",-0.253992069478161,-0.579912835829539,-0.302587919011798
"937",-3.93177399491521,0.827848749119099,0.29946595341543
"938",0.857398380555968,-0.633024520680524,2.33910960324075
"939",-1.45506303281396,0.274474375242543,2.05180984243875
"940",-0.441792932196318,-0.459599980724346,0.589073694964872
"941",-1.68139574478477,0.0750368297331297,-0.062831515739971
"942",-0.24287415955909,-0.554420378363444,0.0543604802649811
"943",2.96289080349228,-0.878734106616507,0.849711203350099
"944",-0.491093278458791,-0.306663423630443,2.12706677561683
"945",2.14526903583445,-0.849021188153239,-0.260241512270113
"946",-1.93105931445141,0.0878964211944398,-0.628211597995342
"947",-0.76128077555224,-0.49060287698429,-0.690809360945277
"948",-2.25424783217543,0.624224403428285,0.928294288510568
"949",1.30880971786758,-0.81952358256779,-1.18415952739402
"950",-3.58669857756134,0.477872945300651,-0.629009429291
"951",-0.782875787837311,-0.0379876854622181,3.45372882515269
"952",1.44274840804645,-0.781165451647648,0.326491735988864
"953",-1.06999711212174,-0.2680646056285,0.224285976170051
"954",1.11299240955828,-0.721020272238705,1.06110269210939
"955",-1.10428339284232,-0.106100074772028,1.31574536357474
"956",-1.09329768114721,-0.388813117779206,-0.771943961000906
"957",-1.08742182095877,-0.145408286748701,1.09219860864887
"958",-0.579263799184005,-0.52988695947655,-0.591649734368625
"959",-0.38167344876614,-0.532387465126797,-0.0728466538098407
"960",-0.656330060556751,-0.457183029264724,-0.0635075043365014
"961",0.970481683363629,-0.711695425429846,0.848540718982831
"962",-0.732316271174883,-0.327273132716371,0.954334271538229
"963",-1.26183136609623,-0.115523024540145,0.575682880410207
"964",-0.890399483769364,-0.288035799531134,0.721316152691552
"965",3.0993580070206,-0.885566642317249,0.909046541952991
"966",-1.5284079789134,0.0178070270340787,0.246260052870358
"967",-0.674125193837619,-0.429428838602388,0.158490272364546
"968",1.24629210923079,-0.744254923964131,0.844833408903681
"969",0.598068687601987,-0.683917672980946,0.36455167889391
"970",0.968389585977964,-0.780403334108825,-0.854131363837107
"971",2.79422507073737,-0.863481852876791,1.2586273903762
"972",1.10340690766834,-0.73322260056448,0.70645993562658
"973",0.494685005602875,-0.711294038138682,-0.447834095611577
"974",2.43380215978951,-0.853238177695249,0.450324768501747
"975",-0.517800089533719,-0.460320341691257,0.334817778702088
"976",2.48474654133255,-0.866842853809658,-0.168532387388963
"977",-0.845795182708426,-0.399057581790459,-0.100675373566763
"978",-2.20110477628542,0.249682680610406,-0.413737768200136
"979",1.52030632942884,-0.82790038304034,-0.995391736049904
"980",0.592169187948644,-0.538630700551931,3.28610941588071
"981",-0.278622696057545,-0.382331306540947,2.11567686212221
"982",-0.645864619641287,-0.428144310343006,0.262111352921892
"983",1.46704016705114,-0.775642734014784,0.576221134773806
"984",-1.24709155705125,-0.114713232498885,0.642244449273766
"985",0.18297896943202,-0.697579492879449,-0.925919585708399
"986",-1.16846003040758,-0.198236862368698,0.375218460690035
"987",1.31445325682425,-0.777626344601014,0.0723802458092928
"988",-1.40272966952441,0.00852188460221631,0.752906227466002
"989",-0.548959112836461,-0.594096789627305,-1.19922631101197
"990",0.528723828534551,-0.742498823961593,-0.974875505933489
"991",-0.611269058508996,-0.470101715750862,-0.0588168684661883
"992",0.955367915855697,-0.749863101833588,-0.133959116646742
"993",-0.403912337959723,-0.620270589597386,-1.16396939941713
"994",-2.1675790184857,-0.0456131695160545,-1.50865067343508
"995",-1.93099481571116,0.522194285321896,1.20422177970618
"996",2.39340549762479,-0.881394900242107,-1.26359110863224
"997",-0.677242030476869,-0.507205321663812,-0.623127524533438
"998",2.15026946213268,-0.842200570248207,0.0807877714799767
"999",0.243863751943193,-0.605329862330325,0.759360329743607
"1000",0.548993487813771,-0.724491716711201,-0.575365925756972
