"","x_pa","x_child","noisetmp"
"1",1.10250323605685,-0.923101684125031,-0.510174181821189
"2",-0.684276661298587,-0.608324389209478,-0.586933561156876
"3",-1.47288166702163,1.85838326366135,5.15380258263989
"4",1.17400551485099,-0.934484636430068,-0.839922804415244
"5",0.0614627726051583,-0.745434712437439,1.00370857279175
"6",-0.197317671697102,-0.624612245840008,1.94675353825648
"7",1.60836624210881,-0.953168095034579,-0.641259796463901
"8",-0.322060539732749,-0.668572892482715,0.510179919256181
"9",1.96959666928963,-0.971316335996551,-0.915047491464009
"10",-0.715854679207878,-0.512235937760883,0.239724210701143
"11",1.57082177273845,-0.943797788808602,-0.159423125682562
"12",-0.0518678587372208,-0.708179416107447,1.21189562478469
"13",3.01910277302715,-0.986476106792051,1.66724247526749
"14",0.705412302505462,-0.854655119781441,0.832299933884034
"15",1.62590768197858,-0.940113641669728,0.265500460358268
"16",-0.451776463509673,-0.660955351567855,-0.0392882029129471
"17",0.244356721959533,-0.84018223329433,-0.458991258679242
"18",-1.34584823513549,0.434587329388051,0.67827781416511
"19",-0.646682737788866,-0.61754152132845,-0.492231338193793
"20",-0.500068718357234,-0.599454560752879,0.528479840274724
"21",-1.0572448697564,-0.059332250615592,1.06672725765041
"22",-1.05734300545238,-0.343798745832519,-0.729430589643697
"23",-0.105709725803211,-0.810309775217898,-1.0051906688728
"24",-0.709047059970849,-0.58058580475316,-0.427331903743863
"25",-0.860156633407593,-0.539652363209838,-0.88644859038077
"26",-1.2015173903751,0.110215275911908,0.402792049588987
"27",-0.14136643890032,-0.749133445606202,0.00146694270697223
"28",0.830921481188955,-0.917017164677868,-1.03112502056696
"29",-0.731222658895623,-0.538422805234085,-0.122602960774449
"30",2.51398913049392,-0.957703442669899,2.83653707197686
"31",-1.64710625031178,0.776798059048156,0.810365499183649
"32",0.560313851665464,-0.861729656306012,0.0423231222542877
"33",-0.136061622044532,-0.762245352713016,-0.218248413814479
"34",1.90986680542768,-0.957601645602374,0.00851179428195259
"35",-0.761886321092811,-0.449118047995618,0.564372451704956
"36",-0.789065629025591,-0.305025543340369,1.72998036056799
"37",1.98892339385063,-0.93068674275173,2.55928791546386
"38",0.924777925240324,-0.899342047364801,-0.0464685054992522
"39",0.146897481910821,-0.749959715589605,1.3189448104877
"40",0.959757581749155,-0.888994700295364,0.505461373250145
"41",-0.738948551385731,-0.589430337116866,-0.679967230626402
"42",1.14265062862668,-0.875755516598596,1.85363062644864
"43",-0.170901341975331,-0.595713683468146,2.62961557495401
"44",-0.442186779610533,-0.636894101419498,0.344056357316724
"45",-0.484500591348315,-0.719974307260425,-0.989697725381821
"46",-2.03709818742843,0.475776972279513,-0.639502276017295
"47",-1.29807793631281,0.0918140147911336,-0.424813125210719
"48",-1.31916737772775,0.499162088326923,1.09914176502868
"49",3.55154611766551,-1.00677078640572,0.199805845635744
"50",1.87193090520449,-0.952984342165641,0.235594901301086
"51",1.07792297802858,-0.905754005679557,0.202561412970064
"52",-1.39823099533375,0.74956411074387,1.58843207374297
"53",1.52006276848607,-0.951798680556387,-0.809907653121674
"54",-0.806495100781805,-0.424844647630437,0.477283094565196
"55",0.156129302831288,-0.803749802482457,0.099431092549843
"56",-0.695504589757959,-0.40390934272211,1.51397579637413
"57",1.71672778067858,-0.955981772359532,-0.5040556395999
"58",0.760046228427268,-0.893779839214864,-0.371374320863768
"59",-0.916938009929773,-0.30027186413635,0.683317503941454
"60",1.71841631403267,-0.956611833097342,-0.542796537637491
"61",-0.238504271149368,-0.735993156575016,-0.188344792505334
"62",0.759870890490583,-0.897908424895385,-0.52267138367255
"63",-0.160472588258687,-0.753787363728681,-0.16534563163099
"64",-1.75387420132401,0.417981805112575,-0.518958589026171
"65",1.76190369962293,-0.959830718084959,-0.639307482841006
"66",2.4241869287487,-0.95269880752468,2.87917094303729
"67",3.32412305419984,-1.00024436540191,0.582682706076361
"68",-2.85218772051808,0.967463969509866,0.305576971931448
"69",1.67074495453927,-0.943040277180857,0.23069996935777
"70",-0.750709805975166,-0.472749237813132,0.409607956338857
"71",-0.265773168264454,-0.642926669973886,1.22888557776903
"72",-0.323799421163831,-0.638903605718191,0.96488564601883
"73",-0.27572320514813,-0.687129444048323,0.449729181898057
"74",-0.844130705746816,-0.569039816468827,-1.05207574332763
"75",-1.4237319107284,1.06328497624933,2.60299890713898
"76",1.47614170832648,-0.923168079363422,0.762580441926263
"77",-1.31029432237275,0.294777723311078,0.332196655403675
"78",-1.57169342487079,1.14899495992251,2.2463604015284
"79",-0.334385843921769,-0.64258821123402,0.848494214955696
"80",-0.203885711376012,-0.7507571127386,-0.294081270309672
"81",1.53424140202541,-0.938427926859039,0.0531104340116566
"82",0.903525933113698,-0.906866922187183,-0.420628130391738
"83",1.59583872328906,-0.949358610916351,-0.433655852550461
"84",1.62568811560609,-0.947575528779641,-0.223741112459908
"85",-0.2057774569791,-0.735764029773928,-0.0409135035539916
"86",0.985511134530814,-0.906468365711674,-0.141961621019567
"87",-0.676606503677114,-0.605410953709243,-0.515346677811268
"88",-0.222972571001853,-0.679820353748476,0.842734970938522
"89",-2.47065868518,0.794828843896658,-0.00587060433307651
"90",0.0791780668062536,-0.846833045522596,-1.15492224082105
"91",-2.85626105255082,1.39453959632499,1.44366218545717
"92",2.26909436008939,-0.967259944576412,0.495468407142342
"93",-1.27645402882104,0.301156368816337,0.588680190658716
"94",-0.404221319199146,-0.694648548840035,-0.285819568245687
"95",-0.917413322089382,-0.484283713963546,-0.771585165987311
"96",1.34571217098767,-0.930128852580462,-0.0972007527543841
"97",0.407205363699462,-0.789843118797864,1.55905484930978
"98",1.42443502382181,-0.899778163334856,1.90314879815583
"99",0.211553071960418,-0.850687385327658,-0.829454090599956
"100",0.0322678012572915,-0.776216667607646,0.20765240776249
"101",-0.0301622572604151,-0.793646627943441,-0.405431174271672
"102",-3.64427944110559,0.772707118941505,-0.387273655264865
"103",-0.591299944438626,-0.661101135801425,-0.720528847022322
"104",-2.14958255218356,2.57183575020355,5.27620844740586
"105",-0.455688413830922,-0.622563781031252,0.468659659857807
"106",-0.953226078253783,-0.433589581946712,-0.613100350723042
"107",0.241968460069116,-0.843989999910404,-0.562942052342076
"108",-0.661845834149149,-0.419874801305203,1.60200438370309
"109",-1.41402682443041,0.394921916494276,0.202676696944875
"110",0.816870154100002,-0.891365671543874,-0.0951521068156487
"111",2.7568245733367,-0.993379562252114,-0.845473837153201
"112",0.508045169769851,-0.836148573965195,0.640016267908257
"113",1.39374870985107,-0.927920420021513,0.186693356409216
"114",-1.6834117871798,0.601801724431082,0.173507610032249
"115",-0.217855469495635,-0.791201662764034,-1.04916800488888
"116",0.0353539209331368,-0.77600265361346,0.225283058593335
"117",-1.23580224293928,-0.109380087842807,-0.907487514885371
"118",0.795873993995715,-0.913470392896517,-0.992679717537902
"119",-1.3530083225592,0.755528889316803,1.88209129320763
"120",-1.86864198325456,0.799508962377669,0.494368111308008
"121",-0.638758716612775,-0.623518190613571,-0.518556377561405
"122",1.83470604684946,-0.943074829806325,0.850524362369741
"123",-0.242117615839852,-0.675934106659007,0.808222637554622
"124",0.342429874433339,-0.846916015292771,-0.293920783713112
"125",0.0752026716632475,-0.797786852175995,-0.0849149228494481
"126",-0.179679543335869,-0.797619744124064,-1.02727393677084
"127",0.119567362094564,-0.830463936677595,-0.6554284126947
"128",-0.149218652539747,-0.727907997810598,0.355974618144919
"129",-1.1351325362185,-0.172616363278198,-0.361544676088271
"130",-1.36022112977166,1.33367500363672,4.05971957683713
"131",-0.322923708419846,-0.716331567994569,-0.24137133807518
"132",-1.0842024494689,-0.139389294016354,0.302461387417061
"133",1.50645009262136,-0.878676302851831,3.56842566286555
"134",1.44692234802846,-0.936129931799276,-0.101535707213691
"135",0.00980430847711101,-0.800573246675212,-0.396556237185391
"136",0.185299496740683,-0.762298456973367,1.21376623666724
"137",-2.03343190928409,0.824750847545141,0.381028566240633
"138",0.38764513693275,-0.783273188137263,1.64970562628748
"139",0.407143238545805,-0.869740800915253,-0.71275381378053
"140",-0.583377179345248,-0.556621655610959,0.571835901244112
"141",-0.587743194057946,-0.646306435633903,-0.526859444567082
"142",-1.90481052629445,0.212738083519035,-1.30850295138851
"143",0.444048935163281,-0.8639281646093,-0.426003970137014
"144",-0.0680674549656572,-0.813702306691385,-0.942177670039412
"145",-1.11436077037469,-0.273753084557583,-0.749042325279592
"146",0.968088042165572,-0.869732914971028,1.34729800572304
"147",1.69618116394051,-0.940316462422148,0.509130137639615
"148",0.851629964841833,-0.921099694561684,-1.13324885879285
"149",0.786016797115966,-0.891027223247165,-0.185444874520216
"150",1.96629773768923,-0.962672539003409,-0.208877648614525
"151",-1.49977903437373,0.666633216516032,0.853626811022606
"152",-0.461697630108091,-0.717005820674034,-0.854444733037052
"153",-0.449191058825874,-0.737276577754331,-1.08197481168515
"154",0.977933239607233,-0.869988462010065,1.37887755650594
"155",-0.602061789792992,-0.584569525683794,0.129067173071461
"156",0.0896725183048514,-0.713085537323704,1.86287620487044
"157",-1.01528510035712,-0.26809012156391,0.0978480121158531
"158",2.75755315746392,-0.982800235587177,0.776500630935269
"159",0.78989763325006,-0.916326395733343,-1.11556967541506
"160",-0.951513879016905,-0.305137087272811,0.360927448861774
"161",0.0133672487153919,-0.758908524725185,0.491375945653236
"162",0.146767516973233,-0.760741630247005,1.06653390700602
"163",0.916634691082321,-0.828657668618675,2.79926170633348
"164",0.811760275569511,-0.921763903163976,-1.26252487607507
"165",1.86468199108245,-0.966309239025053,-0.818223091515247
"166",-1.02405326645209,-0.306448401367003,-0.231616448701712
"167",-0.293622063812225,-0.73522655414554,-0.412957611749011
"168",-1.26602115670884,-0.0988423794965819,-1.04628060542233
"169",0.431870668350362,-0.764556711821884,2.41028894564838
"170",1.38358779261729,-0.929433339178894,0.0673710060782575
"171",-1.34382768409785,0.15932907307449,-0.386533578579486
"172",4.27700834416093,-1.02053960566834,-1.05101564199599
"173",2.3176358415843,-0.982373692837884,-0.916596898380592
"174",0.150541785129412,-0.7863764993067,0.484103432065816
"175",1.45351069205468,-0.933668473056449,0.0636402081403844
"176",-0.520084921841043,-0.581946151441817,0.638902874268036
"177",0.520661417469745,-0.822922539284675,1.09947288725866
"178",2.51511011705241,-0.981815214681963,-0.166176477027386
"179",1.0342361112326,-0.833571754515082,3.22866370808768
"180",1.34726229604939,-0.932188703577189,-0.203930130595596
"181",-0.745112022612458,-0.35654636651854,1.6030471077909
"182",-0.0886399275988402,-0.752132904193401,0.174954712086746
"183",-1.46305089484887,0.45505452840834,0.237519335104938
"184",-0.148965177338791,-0.777022437324999,-0.541974197988734
"185",2.29775572841639,-0.969815476631564,0.345942113059908
"186",1.04089308325306,-0.861081472557447,2.04946986006754
"187",1.13942490666273,-0.937038756581489,-1.05586803588127
"188",0.0634183806088149,-0.793660689164214,-0.0409551902772405
"189",1.59481168256779,-0.956189524450666,-0.874732411495581
"190",0.295687341459116,-0.860048639915649,-0.799198619113869
"191",-0.905853634261647,-0.316968426938366,0.641900661196193
"192",0.608023378620716,-0.879549773474815,-0.3696754896243
"193",0.0352198238596018,-0.765486168045236,0.449407368580565
"194",1.7929760694418,-0.96302460096709,-0.779533014807533
"195",0.126160817952498,-0.757420468695645,1.04547623546804
"196",-1.04496123402359,-0.381514149033371,-0.880533544144306
"197",0.568266261677532,-0.853357788031087,0.33820858079843
"198",0.890145327845427,-0.927231739287687,-1.27510835460407
"199",0.424171543621951,-0.849505509964702,-0.0765550592917781
"200",-0.970873386333266,-0.393617896306167,-0.440027459525768
"201",2.06558860105898,-0.95326615306219,0.977503030514766
"202",0.433983032487555,-0.874694190411535,-0.771511617791042
"203",1.20597356522585,-0.85572092337649,3.1400761230016
"204",1.25062996580734,-0.899087930730125,1.18021323857186
"205",1.55762195856968,-0.930940339968418,0.601465981172879
"206",-0.781926696292846,-0.566034502594487,-0.685542816678516
"207",-0.897787476966755,-0.430307794397564,-0.211614237904641
"208",1.26032416862298,-0.933723025029942,-0.553491692026653
"209",2.46349173702385,-0.98474401619233,-0.712071368523641
"210",0.286931816449985,-0.864389235774771,-0.93964659827399
"211",-0.656256364789187,-0.551110774908621,0.193146272091482
"212",2.54616960015894,-0.978309389770604,0.40555005772699
"213",-0.529157518704288,-0.635694839202712,-0.0993511268200651
"214",2.52935674686122,-0.978690413257652,0.284253045010324
"215",-0.272263535181473,-0.742163679428932,-0.435329965589972
"216",-0.591337020072887,-0.532646599640096,0.808611720084285
"217",0.84013202114071,-0.905348486571183,-0.555836689351153
"218",0.487165052697437,-0.859035626671602,-0.133647378480915
"219",0.111664856499366,-0.771278995796991,0.661899392301618
"220",-0.858554574064804,-0.362654919285516,0.64005928131242
"221",0.951070917187789,-0.899228770774788,0.0473610949617078
"222",2.15363227354815,-0.944164658878773,2.23270735452454
"223",-0.212093106901784,-0.737792023791921,-0.103897281991376
"224",0.415321500062034,-0.863725946487327,-0.514992637361804
"225",1.66439364061687,-0.945491293186049,0.043445900556383
"226",-0.537120657368842,-0.658313579274054,-0.426250720140468
"227",1.381018318513,-0.914411833525917,0.892726838956328
"228",1.18794130158798,-0.870700231553151,2.31147225516507
"229",-0.408477740081126,-0.566228487761011,1.54435335647548
"230",1.28002996994708,-0.942566250631273,-0.953426934272579
"231",0.407811646332499,-0.851975201758554,-0.205327379847283
"232",-0.468929394313066,-0.672763544623143,-0.285068231138474
"233",-0.414057078100171,-0.71868555712816,-0.675681830574934
"234",0.816882168799384,-0.885006426309858,0.146356435740818
"235",1.34567432729687,-0.943170063294228,-0.80450648384664
"236",0.227815999875419,-0.814687992259358,0.117882369908712
"237",-0.127439316457698,-0.608102047789874,2.69242233045772
"238",-0.0317992032293037,-0.744538304169637,0.581418889423055
"239",-0.796253841916466,-0.397398328902326,0.80680049043502
"240",-1.01862530193307,-0.362487688334066,-0.566149474222055
"241",-1.52745205457804,1.10818719000227,2.27152692774442
"242",-0.258131933078133,-0.679608729056484,0.663226075470567
"243",-0.569598322492723,-0.650060454675474,-0.482832646402495
"244",-1.1426578693313,0.328914539152442,2.27406781317212
"245",0.416212655622532,-0.813256185437549,0.93234963294486
"246",1.55118957426707,-0.949337080068304,-0.567905818642077
"247",0.221275240628173,-0.819488893322479,-0.0264447321537407
"248",1.00416827037494,-0.885803528149874,0.810865837998509
"249",1.05970064715997,-0.913725887291145,-0.217721171045166
"250",1.49601460688143,-0.92903058297456,0.48842501170868
"251",-0.610784332775156,-0.0722474195976403,6.04824945551443
"252",-1.51448543860977,0.348387142564509,-0.290392684064124
"253",0.470310426591178,-0.85928247809131,-0.199826282030634
"254",1.73166455686995,-0.935244604519139,1.00108100389714
"255",-0.448371980673975,-0.594050058757582,0.90397655343321
"256",0.426044249126673,-0.844138056161733,0.0848964204211513
"257",1.23050664312871,-0.922564918614359,-0.0811159918952202
"258",0.20238933036001,-0.791784879687711,0.57737958357407
"259",-0.483425202351677,-0.651387392264577,-0.0691138310365393
"260",-1.23750698723581,-0.0403066514880508,-0.609492725887297
"261",-0.555249030198662,-0.680488192767069,-0.78886906360093
"262",-0.695515707048946,-0.470477128798794,0.810688066428108
"263",3.05078336968422,-0.998688483986141,-0.583150576854565
"264",0.670963105789065,-0.87468130828913,0.00655959244673188
"265",-1.14979270457335,0.12989008257844,1.1142346294567
"266",-0.926364500133155,-0.415546433102309,-0.292058283321826
"267",-0.436914248827953,-0.500828901792862,2.2778063900654
"268",-1.4184466843142,-0.0940544275878155,-1.60613695345423
"269",-0.587259628438734,-0.608288155120954,-0.0698071915808813
"270",-0.471941534265848,-0.602239142533995,0.653627044181668
"271",-2.85441654584823,1.03496144712087,0.484924930298886
"272",-0.134334057442894,-0.760552406612584,-0.179713618789021
"273",-0.201345293090413,-0.708176429527409,0.460999547315407
"274",1.7636330533716,-0.961660774951826,-0.765737366183984
"275",-0.721675355875704,-0.131874973072674,4.09596062095541
"276",0.824424085605507,-0.894179935784649,-0.177099766705226
"277",-2.73369666583234,0.650900547799106,-0.502854016777171
"278",-1.13936746464969,0.534546512178289,3.43685125159464
"279",-1.08582215947103,-0.231838008529456,-0.267717061196925
"280",-2.86794161015303,0.513149435173655,-0.911028298087462
"281",2.1894018284741,-0.962942890324621,0.599322068128139
"282",0.803937038512638,-0.901414636115547,-0.516693530168676
"283",3.12646152457107,-1.00192397307567,-0.92580410578832
"284",-0.232773588386583,-0.62194891092938,1.77510711252708
"285",1.00943551339926,-0.900905155457597,0.177938637975193
"286",1.40317703524119,-0.922326222711349,0.534813910100193
"287",1.12034748656222,-0.926217894127273,-0.601396020691207
"288",0.787358683860621,-0.886581692722744,-0.0155838799447416
"289",0.701356954383592,-0.723368685062464,5.41875065440133
"290",-2.13906045427331,0.771432518987441,0.134262568738354
"291",-0.0372586935327819,-0.811147594863884,-0.784757622224195
"292",0.225142969274019,-0.799016519042641,0.496253413580559
"293",-1.89017500020919,0.459656365355529,-0.554454807022777
"294",-0.180674158214479,-0.760204410433648,-0.364547183094291
"295",1.25341072122046,-0.916220105298457,0.318306584604692
"296",0.799069214672354,-0.905816412518827,-0.696771064611431
"297",-0.585726638361771,-0.627946992748078,-0.296977604248005
"298",0.930804787842878,-0.886763063004199,0.490064821127217
"299",-1.37486333622692,0.559110000368485,0.997978474813268
"300",0.0283627695376744,-0.823043867224097,-0.803785676243298
"301",-0.325771434219769,-0.708823025445671,-0.136990120182652
"302",1.28430569892782,-0.881880038728297,2.21660784999246
"303",-0.908231084893639,-0.480379767121246,-0.683385730069577
"304",-0.51211311850773,-0.679789866105806,-0.582186611982659
"305",2.36877061059604,-0.969277199992225,0.703201795482742
"306",2.56662302818121,-0.968204245342989,1.81176956498146
"307",3.75645530910908,-1.01058097255592,0.445706505427736
"308",0.175316736492326,-0.80278528832931,0.199191987770393
"309",-0.954514190279532,-0.25221845149025,0.731200675104204
"310",1.22753218951638,-0.916480641409412,0.213961163364655
"311",-0.920986695341336,-0.473865002149062,-0.711991208362137
"312",1.35088294517602,-0.874667385786297,2.93778545151914
"313",1.08482414947874,-0.8695053790174,1.87732427092703
"314",1.64774012668289,-0.937731286857679,0.502343613375703
"315",-1.09331678005575,-0.139951201383493,0.212162656538065
"316",2.73930057684499,-0.978477128988628,1.33575405020105
"317",-0.621208375737624,-0.362475779193159,2.57755567538507
"318",-2.4341837673009,0.675709111358729,-0.316496697104457
"319",0.0942024229162185,-0.812083636136492,-0.330112713166837
"320",-0.90253743332559,-0.138553300203848,2.10657369056448
"321",-2.54427601009356,0.618920194283297,-0.520818534385468
"322",1.68342186638828,-0.956909405966734,-0.668168445639573
"323",1.10248774452896,-0.888208446745812,1.09760208623318
"324",-0.0771280152111697,-0.75470483308764,0.175564565939339
"325",1.26048607831261,-0.893086753850571,1.52849427070145
"326",0.837357723287677,-0.879945890283338,0.413927733240897
"327",-0.210494378447601,-0.765536422917813,-0.578013784234107
"328",-1.84971696632253,0.662569337970408,0.104855901052693
"329",1.0897754601963,-0.866368437281518,2.04355794178873
"330",0.351089036606156,-0.81693648392116,0.554263584170544
"331",0.95290792946386,-0.902967483512261,-0.102103779509058
"332",-0.579467587366714,-0.56478488824501,0.497328843022884
"333",1.37456448846232,-0.926467329141825,0.200826306638379
"334",0.447717380863831,-0.862115809946122,-0.360726429362376
"335",2.74793017465985,-0.984312270606388,0.498279667705362
"336",1.40570303321925,-0.847713744606586,4.75609493529583
"337",0.831226785693343,-0.903681548845209,-0.51892329825668
"338",-0.283303951950896,-0.703977259989724,0.138305206184342
"339",1.33930198280982,-0.927485605080047,0.0245395919312843
"340",-0.782034323061995,-0.502701970018612,-0.0850283292966747
"341",-2.25155230287623,0.387823588610652,-1.02849266813108
"342",-1.28295294301206,0.432068466253115,1.08962657266021
"343",-1.03316062110446,0.0757993305200621,2.21026826255518
"344",-2.10169323644402,0.544735838446,-0.488712089715119
"345",-2.06440334712087,0.72619088017933,0.0657905337018359
"346",0.105999412264594,-0.798012294183668,0.0320329863046633
"347",0.28508388963632,-0.795027854865816,0.855788827609467
"348",-1.81234924792694,0.753147092239732,0.432491059048172
"349",2.20223350043339,-0.975584631133466,-0.588131975921453
"350",0.283119338550117,-0.867111536292128,-1.02187892231393
"351",-0.929858554680613,-0.465658307310883,-0.704331459050316
"352",-3.19250419045486,0.372617168345902,-1.35132906272415
"353",1.55529602584914,-0.944930769922643,-0.280580437104542
"354",0.488348188811902,-0.860859233396122,-0.184492804853661
"355",-1.00501416257204,-0.361135348768968,-0.456991486754007
"356",0.0990863565786877,-0.767641009041232,0.687540500993824
"357",0.233404863160131,-0.860908342822263,-1.01425853736835
"358",-0.544433786510111,-0.523731190204859,1.22428623216517
"359",-2.20264005448694,1.14907948316325,1.15869448461346
"360",-0.511293664125063,-0.625872656633967,0.121246247357666
"361",-2.07650082429781,2.41269072527487,4.93635044260041
"362",-0.366460702915426,-0.719677616472821,-0.484919623553176
"363",-0.510406409659943,-0.636657777853068,-0.0140700816340273
"364",-0.710447128198732,-0.560257071709568,-0.224124806524274
"365",0.311602176308911,-0.848769549995673,-0.449982717243423
"366",-0.0685606039728874,-0.7298005273329,0.701475606196577
"367",-0.793710322946349,-0.522277442405649,-0.341536647243837
"368",-0.282839835206868,-0.748677814947281,-0.585363249102624
"369",-0.0303848300350422,-0.783201076171106,-0.194797175423242
"370",0.614458928442801,-0.899643214914617,-1.01152254876801
"371",-1.36818386633523,0.847744397139958,2.13680552249599
"372",0.875386193114263,-0.902273137986156,-0.325989988890683
"373",0.67828442743731,-0.887241897206426,-0.401132400530097
"374",1.69832838984698,-0.939679512626674,0.561005566848945
"375",-0.795724336814725,-0.492838358176762,-0.0791810507032376
"376",-0.479160625485054,-0.628826699100157,0.255241159228737
"377",1.61134809267674,-0.907697545572015,2.31530013862475
"378",-0.451494147297737,-0.726427792536215,-0.941367664624162
"379",-0.187908772401935,-0.654932708886472,1.46845397699322
"380",-1.15531566324406,-0.163414069407265,-0.494668515066308
"381",-1.4195459476527,0.468293344390505,0.449277960479436
"382",-0.560443445483404,-0.651159285078216,-0.451258235516015
"383",-1.57133307115313,1.5111633773303,3.45747683479762
"384",0.933911086495179,-0.92740621644895,-1.16982895009975
"385",0.0171785424456798,-0.761994935959854,0.443511624738191
"386",0.70055489060206,-0.884072597315809,-0.218163785381151
"387",1.85453666626006,-0.944755430518146,0.802797742949206
"388",0.0745278654393304,-0.813067962405797,-0.424567859957321
"389",-1.58342372525171,0.3967811874287,-0.292082659648164
"390",1.86358866292053,-0.95853194694744,-0.222136356152201
"391",1.23031277184992,-0.873844173207592,2.36398590652778
"392",-0.31472820577051,-0.728282524083993,-0.392958564421823
"393",1.51604669534795,-0.943809282985325,-0.335537875208197
"394",-2.16437039925209,1.56584932139745,2.38220051094496
"395",0.710449764232884,-0.891677409834547,-0.453470415321623
"396",0.657374867720302,-0.871728974324453,0.0595949749615912
"397",0.317052921725008,-0.781040950970494,1.37000134277941
"398",-2.46071705502221,0.852886304054335,0.158897449485244
"399",-0.47392554498958,-0.673765380173446,-0.322608662027409
"400",-1.85028247228274,1.38984860320808,2.30964539513918
"401",1.24946792368455,-0.942671682931377,-1.04067715181358
"402",-0.0283956227730961,-0.730093866489882,0.890135692952721
"403",-0.716614558457607,-0.561636356047238,-0.273868799996803
"404",-0.0111584779903618,-0.777760794538749,-0.0058580471107097
"405",0.708011595854958,-0.780705206782224,3.44753896570028
"406",-0.90095892604758,-0.276346261275023,1.00996869282017
"407",-0.176092606937009,-0.7665073381198,-0.458494193630379
"408",-0.0312401222157707,-0.653526699050459,2.42534176469646
"409",-0.410656730670404,-0.691289945326613,-0.267341955992937
"410",0.341010679585241,-0.891276206531697,-1.50000027102806
"411",-0.858036612158546,0.214488560971531,5.59548585875995
"412",0.93028482471759,-0.926397493135604,-1.13785818514108
"413",-1.69824183785722,0.570894667065656,0.0483760667745625
"414",-0.367311546701464,-0.681654059203384,0.0815367306402992
"415",1.84757897785147,-0.945079897697086,0.75013761542499
"416",-1.78701342230758,0.44652999724285,-0.474741859901231
"417",0.935679303222015,-0.913848298098807,-0.60698491177481
"418",-0.337938897405082,-0.683409101071922,0.19927390006489
"419",0.895747172031866,-0.873383695765939,0.896973788605892
"420",2.16219663941054,-0.943289442020335,2.36152798617501
"421",0.318086031810249,-0.693160157671971,3.71411392723877
"422",-1.17782682378466,0.0702807207428372,0.475329225683073
"423",1.02289421198381,-0.923550110564972,-0.763887874808076
"424",0.0444161470170437,-0.82161941404568,-0.718151929755078
"425",1.97091116168392,-0.963909666030645,-0.296019107581939
"426",1.35803663954088,-0.934963373038272,-0.320934412558998
"427",-0.0959481672691385,-0.804554683581728,-0.861531650419452
"428",-1.85060890416328,0.165834679279282,-1.40254546760913
"429",2.01124021831411,-0.976598172869858,-1.24424544526818
"430",0.212453146916054,-0.864542348176099,-1.16699901019677
"431",0.443521149621481,-0.885878308961998,-1.06858835520827
"432",1.63944982708492,-0.851389649056038,6.17641590610471
"433",1.59895869282752,-0.938567342598977,0.269722361596147
"434",1.6237520773055,-0.923737593323159,1.32839336590626
"435",-0.189282005404029,-0.800937620210358,-1.11943464516264
"436",0.154298855363983,-0.765179080139117,0.998131166890554
"437",-0.87336597757606,-0.303803713132664,1.01945057492543
"438",2.46272722773957,-0.981787601713914,-0.360732067033147
"439",0.440669946953128,-0.86908526609237,-0.587473845370998
"440",1.05238677188345,-0.920912101227317,-0.561362525889961
"441",1.62257588161606,-0.949313512221438,-0.347331098749552
"442",-0.82809560099086,-0.424679923858094,0.324161065734804
"443",2.16893829485113,-0.974769941210046,-0.616815026728502
"444",1.88689901366752,-0.968419128597177,-0.918299584611193
"445",0.0323707417945749,-0.81599017148883,-0.639740621776196
"446",-0.811082879301092,-0.548912736495066,-0.689578343024081
"447",2.09350309142009,-0.964447485758449,0.0851052877333447
"448",-0.0556308353062919,-0.692622888294336,1.50075422763434
"449",-2.13311221066189,1.16164111418617,1.2580024723793
"450",-0.315833701257844,-0.53898981337934,2.58311680210114
"451",-0.795772747601991,-0.416813034350656,0.629401654701902
"452",1.8786321551945,-0.965128614094111,-0.685525916109706
"453",-1.03551492374072,-0.354884222264209,-0.639519897715912
"454",-2.23595955306033,0.803352256730016,0.153845851571102
"455",-0.758870696949947,-0.536202943394796,-0.265693576079314
"456",-0.203081800418563,-0.781219845945676,-0.822466138630931
"457",0.64492722708872,-0.836385809377203,1.2069054839477
"458",1.45592690463555,-0.940591845820959,-0.332355417988323
"459",0.236395990907427,-0.863282261005488,-1.06455513451538
"460",0.00851010498708843,-0.602564977152688,3.73808994800707
"461",-0.333990150093228,-0.676461069004157,0.326335417456494
"462",-0.229668159947316,-0.656766932402925,1.20061292988643
"463",0.248703441178879,-0.778791650116144,1.10685987787894
"464",-0.718603195236156,-0.585392532934928,-0.529343615800127
"465",1.89708448311897,-0.955485613471916,0.130880229119968
"466",2.56321220475252,-0.979996966754427,0.26216497699428
"467",-1.21951352726646,-0.0761608657783515,-0.638135110759444
"468",0.302115053053758,-0.874961642062925,-1.17110562790798
"469",0.174437127720869,-0.68159894537056,3.08716298655792
"470",-0.231108529827435,-0.346836239076711,6.46858101090684
"471",-3.22467988404762,0.624098563846931,-0.699179548364122
"472",0.978193642079121,-0.866226372296875,1.53942918942294
"473",-1.52826454504333,0.186650876917118,-0.878159510557346
"474",-0.0395259165967389,-0.808290366431949,-0.735296087292445
"475",-0.425324539884014,-0.703017253300196,-0.501789339273031
"476",0.54580176186236,-0.848355923112496,0.410767362726143
"477",2.15101680945284,-0.959523256041814,0.767225757606648
"478",-0.696811710997312,-0.35845990375769,1.98318564170267
"479",-1.18937791940744,-0.0683585162183205,-0.335574062000149
"480",-2.28548877824618,0.695193086614339,-0.182569775336325
"481",0.828777008908184,-0.827130901833143,2.40407905701373
"482",-0.615755013068454,-0.659745983835728,-0.819890628059382
"483",-0.341741587387042,-0.605150389554517,1.38308458879193
"484",-1.41711337455179,0.543237777631727,0.734198472208813
"485",0.692796622922577,-0.877401961918715,-0.0114343938097989
"486",0.402447436109869,-0.843678788959926,0.0109253151281155
"487",-0.533874565535141,-0.606132307558847,0.250740832017576
"488",0.8371674035708,-0.843790309131077,1.80530622923017
"489",-0.757228704935909,-0.632836457338221,-1.20243983181084
"490",1.90703581043048,-0.958213968003267,-0.0500223580829053
"491",0.222793227893696,-0.845429631574544,-0.663121390772477
"492",0.710641011938851,-0.899790244483901,-0.739142222958422
"493",-1.25952585146075,-0.083937067496594,-0.944746686567396
"494",-2.9881993217574,1.54594791816053,1.79324494055207
"495",-0.808269430537941,-0.531334912773087,-0.512340631065271
"496",3.09898037706271,-1.00224211979304,-1.11110810337182
"497",1.57068497746543,-0.939304891456799,0.123498360959491
"498",-0.867141530178486,-0.0573086079193052,3.16017930790739
"499",-0.286545809621073,-0.75862126491784,-0.761374398128433
"500",0.503161532580762,-0.889698935709393,-1.01194975332474
"501",-1.07327842512379,-0.343858502542241,-0.847611985470106
"502",-1.31610688923009,0.185465300383794,-0.143241444566401
"503",1.20936847344124,-0.902470922398971,0.844450220343774
"504",-1.79958273665063,1.01914886234585,1.2692147750123
"505",1.26903253878785,-0.940486051526857,-0.875921034571139
"506",1.07238236038353,-0.92189781551065,-0.545765468141652
"507",-0.313753285101951,-0.649009389341045,0.862033870236845
"508",0.189384407163573,-0.810919659466816,0.0598118392026179
"509",-1.59015190017816,0.029882550198944,-1.52155108156601
"510",-2.5471852622087,0.52190525968686,-0.786972039563158
"511",-0.0808056793361094,-0.620382974887062,2.76650802138888
"512",-0.768877139791742,-0.543134734291819,-0.392067970250934
"513",-0.107048030892477,-0.828934645973501,-1.36326358090067
"514",0.153270506687973,-0.833014840521142,-0.598791144540985
"515",-1.4310862727082,1.20364093910499,3.07114429416681
"516",-0.195733890929693,-0.770506548246375,-0.606868957586042
"517",0.749841299636819,-0.850244304564032,1.17464239482614
"518",1.30689897798508,-0.912568098628565,0.705002750496697
"519",-0.514964332863412,-0.63638567757571,-0.034333372836288
"520",0.612499294152362,-0.818100524494237,1.66942598201807
"521",-0.630373984673757,-0.440118517763107,1.61449903281528
"522",0.623141039688468,-0.845664198453805,0.804666800305113
"523",-0.803120197155046,-0.632012919690689,-1.41175194150719
"524",1.43994508982672,-0.93601584821224,-0.117816878728089
"525",1.14514498683735,-0.914460778570293,0.0298477624385605
"526",-0.584771835158929,-0.62420620541452,-0.247174422906129
"527",-0.250139789232336,-0.674906733745548,0.783281550623717
"528",-1.06208848299279,-0.338993627710542,-0.734515636723009
"529",1.39841709898787,-0.889761020863438,2.34656323167458
"530",1.05803081766505,-0.916188059139405,-0.333203929372354
"531",-0.28345694700729,-0.707830068330591,0.0750507844283921
"532",-1.79660808302811,0.995042749927864,1.20028256759292
"533",0.382214700679296,-0.894508539784312,-1.48189954376928
"534",-0.894447558252975,-0.321829889740449,0.695626046764629
"535",0.778976888958192,-0.908036463789477,-0.83797684166036
"536",2.87389760920824,-0.991516163801167,-0.0637444977310189
"537",-0.685869801565573,-0.59073014630605,-0.407245382974846
"538",0.0130707501108125,-0.823227858978088,-0.859626212059305
"539",-2.55608821153774,1.24811624784108,1.19169099077275
"540",0.567149519043191,-0.850816542749993,0.415056770094445
"541",-1.63923431383046,0.230440898921291,-0.943228114281198
"542",0.470814198597556,-0.866361650579448,-0.408882015461297
"543",-1.00561636020858,-0.18157967058183,0.774423534190334
"544",1.23155709978178,-0.878768455481382,2.12271920873175
"545",2.10935867720019,-0.951957238933069,1.28905986796637
"546",1.233309614198,-0.879056891585794,2.11656824441517
"547",2.23169306146242,-0.972239258485588,-0.155269644434301
"548",0.103649281793321,-0.766564285823249,0.732478774494114
"549",0.333883616910631,-0.809084096089535,0.695197405153315
"550",0.919415016101765,-0.874454569391433,0.949018341945002
"551",-0.410892725958771,-0.596941618522219,1.08740922027558
"552",0.474251247230238,-0.855206159800109,-0.0644519711050839
"553",-1.15251597581206,-0.0582810785796856,0.0864238800257988
"554",0.556657675070428,-0.871958554172843,-0.294700897730706
"555",-1.1799149308102,0.0666636512457283,0.433393793613797
"556",-0.204524605384739,-0.803185820328124,-1.21077131661553
"557",1.11700269476273,-0.91573621868121,-0.123550213797106
"558",1.16779738727233,-0.862308068217016,2.61749712435977
"559",1.64706079701943,-0.92287157233864,1.48673160477058
"560",-0.516027324697391,-0.731639262049795,-1.2697731903384
"561",-0.812740260745859,-0.411871049970494,0.550764879572014
"562",1.50580599205382,-0.950568626227426,-0.77564119892139
"563",0.384466340781174,-0.845420105802801,-0.103508625781992
"564",-0.0564922852892835,-0.72807918243905,0.793670378924819
"565",-0.501490318647475,-0.674469214783148,-0.463117087548387
"566",0.610247492165583,-0.880674619094178,-0.399407586498252
"567",1.12048773454004,-0.919138892699419,-0.270828457932085
"568",-1.27002959135623,0.238246746013146,0.369521445812972
"569",-0.209603087698311,-0.695491193811772,0.641120539358182
"570",0.736328879692988,-0.874977773388277,0.228738689182937
"571",-0.631645944380967,-0.453424549330003,1.453526093628
"572",1.12313388034393,-0.927178645921549,-0.638052585568801
"573",0.488673098581495,-0.842119557937678,0.38190200846855
"574",0.0694303300143297,-0.779075672476701,0.303369582394464
"575",-0.880065143845829,-0.293829491751709,1.04606883799859
"576",-1.13290194596482,-0.171752739549774,-0.336658428154048
"577",1.40270968841449,-0.893324756101141,2.1669470086539
"578",0.0740309867809143,-0.831600829714904,-0.83493576459271
"579",0.540405829944924,-0.89769876681976,-1.15462510587524
"580",1.23469638807757,-0.918015755969083,0.161728120431082
"581",0.0272445139535635,-0.505050253366796,5.94270619345911
"582",-0.0259167572577361,-0.765782046897317,0.177020725345418
"583",0.0408685915339897,-0.789548309086084,-0.0420569136489943
"584",-0.591062215433125,-0.52185106967799,0.938940901788762
"585",-1.21759704699893,0.289993641764018,1.07396940665054
"586",-0.597458711071964,-0.652428349124269,-0.647058629033759
"587",2.11833253022084,-0.969479595261844,-0.28722270459006
"588",-0.316276707207644,-0.70140792508653,0.0233779334906239
"589",-1.22511943025999,0.284454831033544,0.96815402096131
"590",2.25360672328167,-0.964371725617349,0.726610080601211
"591",0.740978120564914,-0.870906600559177,0.392304862225272
"592",0.254482628997102,-0.828195350816114,-0.119750914704566
"593",0.130674251792146,-0.829277255814655,-0.589880261767902
"594",-0.0721716009546273,-0.683876821907015,1.58199664325553
"595",-2.37186793850145,0.940303915604873,0.450131496671339
"596",-0.044100979468512,-0.774863809453065,-0.0824483318187657
"597",1.54898203089453,-0.911174977800993,1.79742098405004
"598",-1.16817292841723,0.992867033284871,5.31025313458375
"599",0.601986890249065,-0.907947096183002,-1.31800422297075
"600",0.433944379508233,-0.878532594322704,-0.882914140140595
"601",1.06969647455588,-0.929723488816197,-0.906538394312638
"602",0.17013599220697,-0.806260736076322,0.0956627619618153
"603",1.27437348002344,-0.919101196946073,0.244455025988145
"604",-0.592101453136398,-0.589060676765268,0.132635239405567
"605",0.497359126527407,-0.891991402351026,-1.0981292214353
"606",0.753420821299777,-0.907605062145712,-0.895027587888316
"607",-1.91486947861346,0.794514887494264,0.420605907861315
"608",0.0162294899085197,-0.572660975796275,4.42252895265308
"609",-0.539983579899038,-0.705646750453191,-1.03603773257297
"610",-2.69646345933709,0.68617029827146,-0.395236474909791
"611",-0.223573905611287,-0.774570547092483,-0.784341075363336
"612",0.621413097802839,-0.766880253830336,3.40952307274152
"613",0.703348277417822,-0.852182973824871,0.910728912199512
"614",2.23975553879181,-0.96159075418743,0.948384676985932
"615",0.0780745248368425,-0.775879441510902,0.410893749567567
"616",-0.855856399002541,-0.508874871375507,-0.597157681863606
"617",-0.239783113744837,-0.644373285408941,1.35358495508336
"618",-0.810059577082021,-0.197686597712279,2.53058715523155
"619",0.975836366350058,-0.90601182794639,-0.15431393556929
"620",-1.15924146779801,-0.162670504666663,-0.526318061415306
"621",-0.29497515219143,-0.750597648658561,-0.665532065103847
"622",-0.898820736669369,-0.270278381299503,1.07763521725473
"623",1.6591887085405,-0.965853338445528,-1.33791390491196
"624",0.0148219863983789,-0.690615803126445,1.93300707426286
"625",0.344406713426871,-0.871849191027912,-0.963813115806317
"626",1.44700922568731,-0.936820693009875,-0.141338828009828
"627",1.39846563893848,-0.95196151505051,-1.14746052801173
"628",0.176012066100543,-0.82942817489448,-0.434481385838696
"629",0.678123225732085,-0.824074471301063,1.77742714835955
"630",0.71990597708308,-0.8627709248215,0.603077326033707
"631",-0.773185679392505,-0.626289204130821,-1.21546242960245
"632",1.2322896204541,-0.929989072184603,-0.448423527057317
"633",0.195825903919006,-0.725132133528754,2.16611848726453
"634",0.400707897041795,-0.887827649540192,-1.24471898722726
"635",0.167368405111368,-0.596604556230926,5.05972062132557
"636",-1.72609898267316,0.607929526340966,0.11757212975349
"637",-0.17143374325629,-0.791747804612287,-0.892957692564411
"638",1.49934119158713,-0.941193923735079,-0.2304400989412
"639",1.45256357557711,-0.932859338645142,0.107557114413393
"640",1.12746304668975,-0.924826654186583,-0.515158086887807
"641",0.417577120001059,-0.826876303607857,0.548077990269162
"642",0.244515571204493,-0.865663414608904,-1.1000806062433
"643",0.412093470531994,-0.870333031309207,-0.714090376807338
"644",0.496434360773959,-0.910360248546093,-1.6579088337033
"645",0.61092796000749,-0.900366216460196,-1.04522846494718
"646",1.39073575250408,-0.936789491919504,-0.31943078950202
"647",-2.51649721866806,0.580515979946674,-0.614645911795566
"648",0.86045169003531,-0.889002304937872,0.145783474346515
"649",0.446679738343469,-0.842331682839102,0.214699936158496
"650",-2.48964658944376,0.728905519835668,-0.196066440657649
"651",1.64852399517523,-0.908982553203276,2.41654874492318
"652",0.676969637877865,-0.894981362928757,-0.672122575295237
"653",-1.90427657162519,1.01958690385592,1.10733114710344
"654",0.820465443751395,-0.87168953958884,0.66591939392007
"655",-1.82060995624751,0.371919464581646,-0.744630361936277
"656",-0.369474462663125,-0.715639760635645,-0.437602102376842
"657",0.878278431546618,-0.891467457620239,0.11112922795191
"658",-1.47938571337039,0.263914868561289,-0.488325104437381
"659",0.842564369462577,-0.845757762109934,1.75444983758232
"660",-1.64176898326361,1.02171776230562,1.61608290787215
"661",1.0753576097828,-0.910454397451306,-0.0190770008213719
"662",1.74895755514491,-0.944742086010155,0.39638225189779
"663",-0.657936826362703,-0.552077318427838,0.172371419751603
"664",1.51142297093899,-0.943478563560081,-0.329982949966686
"665",-1.76076906689226,0.227630746118915,-1.12007730318095
"666",0.774828704693046,-0.829400429026481,2.05096204501708
"667",1.01763939657988,-0.874973834428998,1.33524248615303
"668",0.566467867740155,-0.85692239345007,0.217721869210928
"669",1.14809621112202,-0.918958998240113,-0.17390172072289
"670",-0.268198571691647,-0.791566614587742,-1.23137956559244
"671",1.36086963498133,-0.940627574787255,-0.622344263356311
"672",-0.0869838267420064,-0.759448515283167,0.0409842249669916
"673",-0.555262411740701,-0.461470566067473,1.92330297591499
"674",-1.35436589532271,1.13442776907951,3.33934276681541
"675",-0.197727570197484,-0.771037742050835,-0.623951396682084
"676",0.847775403285329,-0.916191345637911,-0.953062671798617
"677",-1.16076778196555,-0.0500761523248418,0.0452242813594603
"678",-1.18814330259816,-0.0484559561449589,-0.225552255522768
"679",-0.123194132993353,-0.723032771231542,0.569154595257976
"680",1.69074310026815,-0.954242173934078,-0.464025905202486
"681",-1.38169143330147,0.378396721198303,0.280000294057882
"682",-0.695215719237073,-0.575998716841012,-0.302327261093703
"683",-0.913797593895761,-0.455917892707089,-0.52431100411787
"684",-0.252143838473544,-0.360087194845942,6.03085376147771
"685",-0.623324288853656,-0.557454886987462,0.319657652195079
"686",-1.67644996093171,0.370016971324677,-0.554410558632177
"687",0.42412348556225,-0.86665704964042,-0.570440374859136
"688",-1.31331226626817,0.222364310149322,0.0212271066775469
"689",0.594643167547971,-0.872944544534775,-0.198325335698474
"690",-1.97583267596231,0.797000022609296,0.358579603931139
"691",0.109103062576927,-0.827922261023173,-0.633602030403194
"692",1.09619907960148,-0.914626318893979,-0.140256735583196
"693",0.5253555241761,-0.899221300407196,-1.24289713264688
"694",-0.710976371634626,-0.5291383379671,0.0955025006938905
"695",-1.50585376054469,0.594572837809441,0.583885708537474
"696",-0.757273851837983,-0.589231243251106,-0.775565440574284
"697",0.630598953866109,-0.872571907974344,-0.0626601355457288
"698",0.657450182678517,-0.866170780150329,0.248851518155926
"699",-0.308495342262172,-0.762330043604626,-0.905839682579614
"700",-0.696632691404515,-0.538828699295546,0.0818599304629708
"701",-1.0635993156907,-0.228911660748366,-0.0586412849604576
"702",-2.01553823072818,0.733484535150779,0.131769282715124
"703",0.507746573139287,-0.843762361646041,0.405972846342554
"704",-0.418149804633771,-0.710716149176784,-0.579463768194905
"705",-0.40280985627132,-0.640631592768586,0.503195140335233
"706",0.884346115848582,-0.872209383543131,0.898066920236149
"707",1.57878372088014,-0.891385763581572,3.19043459747014
"708",-0.271111117054867,-0.634665820826984,1.33406769348054
"709",0.967389398843877,-0.861826408624598,1.67691768562323
"710",-2.0306676369358,0.900246382863859,0.603996211357129
"711",0.087249622556881,-0.481361466774571,7.01211801726503
"712",-0.981134012229837,-0.182001930505203,1.00196140897035
"713",-0.232165474037227,-0.710731298366847,0.268903392302846
"714",-1.56576716688873,0.813631459800701,1.14371619069654
"715",2.24109677791859,-0.973972456401794,-0.296327460804118
"716",1.39801081302577,-0.939587156971346,-0.453686415242304
"717",-0.0280698030278439,-0.720675786708675,1.08277451628252
"718",0.784212993154502,-0.882021248748125,0.142958312775304
"719",0.700360429470757,-0.913536775453055,-1.25110273961647
"720",0.187360580301622,-0.85318968672974,-0.966820253369687
"721",0.634444756535954,-0.897313320017936,-0.87709909069449
"722",0.545725618333118,-0.866270064540107,-0.152436695793891
"723",0.309694679472918,-0.531735243396639,7.92946018219666
"724",-0.843898891376407,-0.439528332773233,0.0819769078165105
"725",0.516606273919185,-0.857619263925962,0.0139713613477381
"726",-1.69327318280215,0.925030154826245,1.18251128581923
"727",-0.913573272416441,-0.47582995428507,-0.680737516059436
"728",0.123608729273619,-0.794092100771357,0.192449820781889
"729",-0.208522703746026,-0.696547180657299,0.62821736150372
"730",-0.20958791124916,-0.773625341166688,-0.714816793244976
"731",0.242673609071411,-0.864541878035501,-1.07734645883981
"732",-2.18195894709216,1.90243157561813,3.32152391657929
"733",0.404166911620737,-0.8686192153128,-0.690273699020074
"734",1.04054569159432,-0.90507081375015,0.103554985654931
"735",1.81826741166253,-0.959629697310331,-0.451770678094066
"736",-0.580635749265223,-0.545950862028511,0.717178174381985
"737",-0.970940792910942,-0.334469410682492,-0.010329089149125
"738",0.308959125986012,-0.845576152543559,-0.374556284455009
"739",-0.946753015481907,-0.428943070933424,-0.53466985616978
"740",-0.449507192239614,-0.628255402399973,0.424248550782834
"741",2.75218301339724,-0.986984385486177,0.111812238477544
"742",-1.36490977831295,0.183748091898183,-0.38577965852571
"743",-0.606285280413111,-0.594226764749612,-0.00811011999455236
"744",0.0870659371933098,-0.75572509707311,0.898824663712304
"745",0.780319243310504,-0.881753430978651,0.139105844225235
"746",2.74777325461727,-0.983418886691656,0.633093233153681
"747",0.158900580219327,-0.716226778925364,2.17368333033696
"748",-0.342111314062667,-0.710875147240922,-0.243209727769023
"749",1.24085779574804,-0.925343261753545,-0.187387844853854
"750",-1.09019296892775,-0.136850994030798,0.260373882345751
"751",-1.0910245743336,-0.352788263528052,-1.03105538408035
"752",-0.136786513846923,-0.772989629380548,-0.420027600562837
"753",-1.08472187820289,-0.178245239360565,0.0638939551711966
"754",0.614818846678129,-0.891680086624468,-0.747733873103131
"755",-0.475597997227418,-0.441996375069233,2.79019753544097
"756",1.30361818051418,-0.944691819988675,-1.00113728298703
"757",0.748962438486226,-0.911754566100179,-1.05801941961167
"758",-1.73418126193693,0.163231451240281,-1.28964168253684
"759",1.69969580822698,-0.952570961057198,-0.321219995954605
"760",-1.1145930317686,-0.149179895741408,-0.0421010827947958
"761",-1.829119279815,0.554362389003267,-0.197927639407102
"762",-1.8777830426918,0.602759707355676,-0.110369974718131
"763",-0.448463854162857,-0.515012837477368,1.99745543667213
"764",-1.95857157384832,0.412860322311406,-0.759124547203522
"765",0.0679539777424067,-0.81932610029881,-0.585896781380099
"766",-0.384075647418842,-0.738715634741592,-0.842141779236969
"767",1.20441042827315,-0.924038266198626,-0.238969773042701
"768",-0.597265848966812,-0.59118916391407,0.0781856826941851
"769",1.12431861947725,-0.884556781476164,1.35834913013507
"770",-0.597267494933739,-0.65815264058702,-0.71383942395686
"771",-0.964730329096734,-0.387923172815034,-0.354557178906545
"772",1.33633574719198,-0.93471670846173,-0.375098844750062
"773",0.988983473290191,-0.876472886838518,1.14989075089389
"774",1.84968674529107,-0.930387587222872,1.87975973185025
"775",-0.95042555941666,-0.448593283881512,-0.706972376188344
"776",0.170933535494527,-0.794276339521133,0.383994521312453
"777",-0.343007107449145,-0.635861713976309,0.904045271405218
"778",-0.891029104658932,-0.559134795697029,-1.22039557393109
"779",0.0940344834072551,-0.850612328213855,-1.19375149702848
"780",1.14208671782968,-0.898754441180732,0.762753501549693
"781",0.43496464825624,-0.853530616449528,-0.154455312841589
"782",-0.974840508035009,-0.218073196021309,0.800798431262344
"783",0.0425339672458201,-0.723039980795886,1.39407420970266
"784",0.221515978172327,-0.813518892966489,0.1221847805161
"785",-0.552001743703465,-0.585957856022023,0.400632633409956
"786",-0.685032378881904,-0.584813171027656,-0.339399243980889
"787",-1.70221852818327,0.239231564981215,-1.00923187887521
"788",2.81669533018811,-0.994301427500227,-0.765849464147911
"789",1.46112499231032,-0.952130737775496,-0.992081225658954
"790",-1.62763682880009,0.275141964605011,-0.778416854811301
"791",2.05774765854953,-0.971622301461323,-0.677879021565293
"792",-1.05273629052465,-0.285858606938069,-0.326682536290399
"793",0.0131925499014295,-0.819140210745823,-0.773430635704604
"794",0.502711652297307,-0.856889867301738,-0.0135342974715846
"795",-0.568458859421831,-0.671696949693795,-0.741363964582631
"796",-1.07916912672685,-0.12339803903761,0.447722230313829
"797",-0.552575106476217,-0.36627942107168,3.12560447181709
"798",-0.210963296862601,-0.718740826641144,0.231273302206542
"799",-0.790346583423868,-0.611214376678899,-1.15633806681712
"800",0.875823871713958,-0.815579547049312,3.10264568730281
"801",-1.32201010070157,0.0598963205539611,-0.677398014275017
"802",-0.449304846540705,-0.663180242172871,-0.0576599452726669
"803",-1.15377235616629,-0.0776431309710135,-0.0284490306392264
"804",0.841408467832917,-0.883478882434831,0.292529495089387
"805",1.07096318488962,-0.921742169583014,-0.542992247990373
"806",-2.72923232088828,1.09220272685565,0.686359015230881
"807",0.2827984041382,-0.857769084317316,-0.780666535345051
"808",0.234254627460452,-0.863565438839223,-1.07805783331313
"809",-0.0845840732009501,-0.704671245528364,1.11100662699716
"810",-0.147179066385629,-0.810803613912582,-1.15443522060536
"811",-0.422984321148177,-0.667846972654627,0.00809812430957857
"812",1.27134140920919,-0.921220811381039,0.124465109868739
"813",-1.20449758675429,0.188234243173918,0.741849241344178
"814",-1.05696720325857,-0.291743335345509,-0.397933942824605
"815",0.546431792090933,-0.88921141772065,-0.871238285872475
"816",1.45105217829691,-0.882065872443293,3.05820609602243
"817",0.135877015610499,-0.760297028266113,1.02524987894298
"818",0.371373283878859,-0.805303076204816,0.960401047877317
"819",0.375807623980911,-0.817640531516731,0.637159754987138
"820",-1.97212191868229,1.20961497488893,1.57997384966191
"821",-0.775777190413489,-0.143189750692832,3.39418430341458
"822",-0.0937232860302841,-0.774712070256807,-0.280797554003018
"823",-1.50786090406575,0.510323797944049,0.286523849400914
"824",-0.124181316390281,-0.756663144025173,-0.064580384447396
"825",0.667881180616726,-0.808376353591698,2.26680010397801
"826",-0.856699719359454,-0.559518567816625,-1.0375438407089
"827",-0.130157009519215,-0.764762296750844,-0.240632398589637
"828",1.87719922219897,-0.934564823234173,1.68759313868996
"829",0.953061844182113,-0.873517758425748,1.12537066059728
"830",1.03916009968602,-0.930851360312041,-1.03960576225669
"831",-0.0365734155808411,-0.795700356744065,-0.471209887229936
"832",-0.0117182870325285,-0.637670234858412,2.87227585945866
"833",1.57618581625912,-0.917341430324755,1.53295632127625
"834",0.51770961320214,-0.867148830618263,-0.275573935885769
"835",2.37137543914042,-0.958350353176759,1.93275851502103
"836",-0.445327693348905,-0.66797780344303,-0.104422556245783
"837",0.839984169344392,-0.887098167686145,0.147754095663194
"838",1.48895548758745,-0.952869256257765,-0.960553745886277
"839",0.578987252167582,-0.836118246185742,0.933626000139449
"840",-0.736582063502675,-0.571536049481826,-0.487479090355712
"841",-0.281239766543412,-0.701198473489155,0.193296712499921
"842",-1.01655834757593,-0.295681531728134,-0.0993556722391782
"843",0.0946987833111553,-0.863983471965398,-1.49140192298834
"844",0.912377830786756,-0.888992320806578,0.331447938782735
"845",0.015441061028575,-0.798918964423538,-0.340516534638669
"846",0.952894230566389,-0.8955691783843,0.206051337858653
"847",0.213776159173658,-0.84015826375072,-0.563353362529959
"848",0.165098305829336,-0.843619337744331,-0.809200252431094
"849",2.04354416951686,-0.96452908780545,-0.101197127420462
"850",-1.09089428466218,-0.178276230646036,0.00738731433952866
"851",1.71087346536126,-0.948880250872604,-0.0293998491372593
"852",1.9939007871524,-0.929325649435965,2.70089417514289
"853",0.862564386004119,-0.911223412802466,-0.717340902020815
"854",-0.532268158496717,-0.676512181790582,-0.633558602035474
"855",0.108284014260772,-0.623338510834948,3.99822151891639
"856",0.790573674310419,-0.912980044906735,-0.988973344013575
"857",2.17720325947631,-0.972094865359009,-0.332430249567335
"858",1.06485577596321,-0.93457548291991,-1.13783192757589
"859",-2.74658501966234,1.18646388470045,0.932586768306438
"860",0.19690526145006,-0.825198365290841,-0.25738220105727
"861",0.0878540843282868,-0.60705591089231,4.21626553221836
"862",-2.32036728487929,0.483710843659097,-0.794210650139197
"863",0.0121496392997987,-0.778094777784679,0.0836137589972292
"864",-0.185507739212912,-0.713344894720516,0.446545998724925
"865",-0.03965633212937,-0.796790065479093,-0.504709919390838
"866",-0.547771146482584,-0.596811405275931,0.289743199113934
"867",0.989729787879858,-0.930287048631226,-1.14537418553021
"868",-0.190000397706016,-0.75873043321302,-0.376534918693668
"869",-0.0493207702909754,-0.792058726654828,-0.446520313037045
"870",1.22544001311651,-0.922586881959941,-0.0988636630236206
"871",0.127034166691944,-0.815978989979976,-0.296741986824978
"872",-1.58618540908559,0.622445346177564,0.450568273127989
"873",0.0238608833280541,-0.421494294088633,7.68145010687095
"874",2.96228556536657,-0.999934660594452,-1.18771767607817
"875",0.348491273243037,-0.880481568676742,-1.18659255759776
"876",0.682295228916262,-0.874193402908837,0.0631973678568016
"877",1.40529425128796,-0.944402426083793,-0.703200038882225
"878",0.346299045087715,-0.853073438486155,-0.447755002199432
"879",-0.641896823426799,-0.164853621506468,4.62406895576122
"880",-0.807498725257067,-0.35764272879772,1.08716424192389
"881",0.510347869791999,-0.873929739530771,-0.508191318423908
"882",0.851223281090956,-0.902794044582415,-0.422700445553759
"883",1.82568666021583,-0.942761592672439,0.837646813966511
"884",2.52351752816559,-0.971224456107713,1.19767277419119
"885",-1.00561953158491,-0.128288829319215,1.14118403192145
"886",0.0364839721767196,-0.677218688565063,2.34283124430956
"887",-1.80841583387342,0.738902269940477,0.394650730167515
"888",-1.53442914750677,0.457027027064146,0.0284357410319709
"889",0.827598174771576,-0.825489353811908,2.46089345487472
"890",0.263274535211793,-0.776866852414919,1.22395273571984
"891",-1.62717019223034,0.795899090639826,0.919450922467326
"892",1.9159656619326,-0.955622672038749,0.188083353374093
"893",-0.0412482609232916,-0.783451032116074,-0.243032295479553
"894",-1.8316031206259,0.723296508077527,0.313711834770163
"895",-0.0578303554515478,-0.779549297009238,-0.231310045191256
"896",1.30183178934936,-0.916032064199803,0.503288227105823
"897",-2.84217824582438,0.753325023212939,-0.262838454366291
"898",-1.34403657857212,0.589692664451495,1.2949331716772
"899",-1.26874475809783,0.87178642927669,3.08638909780072
"900",0.564513640687749,-0.855385612997363,0.259424285492718
"901",0.213671453349847,-0.838325399459598,-0.518632668462255
"902",0.484428159073777,-0.892822770477602,-1.15928642889339
"903",-0.446814632037852,-0.707096745094166,-0.654131938722029
"904",1.35022733265918,-0.943494370500006,-0.809344040545064
"905",-0.748969702666228,-0.591168169038998,-0.75059837584545
"906",-1.0747443352419,0.0881657186684373,1.78576484473494
"907",1.31055166526126,-0.95235433324936,-1.38841005020902
"908",0.0258858352192758,-0.822538001297903,-0.801503935606427
"909",-1.02017462335967,-0.273733980686864,0.0189985580685157
"910",0.841117717429832,-0.808396108517633,3.1901830587033
"911",0.890052773593675,-0.920943951677961,-1.02434762291358
"912",-0.333285836805575,-0.757460336892409,-0.92481547395463
"913",0.795284290260683,-0.898294039377898,-0.426523031778664
"914",-1.83950672892917,0.732817408700473,0.331776515715713
"915",0.939245117399355,-0.90695215613466,-0.311712581040107
"916",-1.55695083655913,0.599514122897413,0.450043015688775
"917",-3.23401088976794,0.635066106236217,-0.672355998836847
"918",-2.11334060522466,0.778129745249231,0.174236851647847
"919",1.82215845041413,-0.942267789462694,0.860400409079909
"920",-1.84434706613298,1.18935243470145,1.71172203880195
"921",3.07328552496863,-0.99903275039376,-0.550508843286857
"922",-0.247247480127174,-0.745089557572777,-0.3789204247461
"923",-0.947794101860281,0.329325098785076,5.17263190449291
"924",0.211427994570255,-0.75367035199145,1.55206932228443
"925",-0.134838569738455,-0.816568953528164,-1.21993567296342
"926",0.718793624439416,-0.866370470169134,0.4710166569102
"927",1.54379985648797,-0.956089620134236,-1.00815859944606
"928",0.119689902798328,-0.834900438990762,-0.756423449786375
"929",-0.445095826895647,-0.681957404593921,-0.29744180606782
"930",0.0195288395943807,-0.735357702914205,1.0158666596724
"931",0.619880570836658,-0.883862192626753,-0.473643359394675
"932",1.37932691874234,-0.919817287727472,0.586260000732815
"933",1.81787223589503,-0.936685089424903,1.25982695410019
"934",1.43290123764915,-0.935130979774645,-0.0899530524705978
"935",-1.37883035382386,1.283395129203,3.71747989661292
"936",0.598791425924146,-0.862412245515488,0.159419555316846
"937",0.520622096483648,-0.872901507473116,-0.443261843643201
"938",0.133050577106327,-0.808008065819201,-0.0902913377899825
"939",-2.56702268041906,1.00514309023282,0.523245246820081
"940",1.13289324206271,-0.895498199198187,0.880470890142928
"941",0.113636088798976,-0.834743209187341,-0.773091187324987
"942",-1.48155844141367,0.561936843197508,0.55098234883549
"943",-0.203792489085609,-0.656155898650071,1.35661123145374
"944",0.832069396393656,-0.897601151294673,-0.283041482326512
"945",-0.859878562398313,-0.421322846348363,0.127721156479206
"946",1.40391186304605,-0.91989931437542,0.674374958813687
"947",0.384388732700761,-0.873211348173432,-0.88081087504343
"948",0.212686601335389,-0.815416041912799,0.0409848943535165
"949",0.746301948575951,-0.849983545802906,1.16898323997691
"950",0.67771790276586,-0.85809706057123,0.602170333185545
"951",-0.0451039135658543,-0.760130421197606,0.208101227596078
"952",0.407353465884993,-0.83544387350871,0.263126253519238
"953",1.39636284647251,-0.936091508953519,-0.262601924159731
"954",-1.60962625108059,0.319161162043698,-0.601699844666282
"955",1.58759846867224,-0.955377100865994,-0.842967273788242
"956",0.756563913278186,-0.914798419420222,-1.1481395647056
"957",-1.62141875009068,1.07965050959743,1.86053467588359
"958",-1.32784545676515,-0.0476469464379303,-1.13222462891988
"959",-0.353144111181667,-0.645012163223157,0.708117780962485
"960",-2.44268194385997,0.782036670823414,-0.0272229393703143
"961",1.12733569830677,-0.899624871389558,0.665243169344464
"962",0.357312066854634,-0.818486979824471,0.537443082313418
"963",0.236937331248059,-0.807788804143651,0.326396560985368
"964",-0.875387750297551,-0.35474474215053,0.575810297122872
"965",-2.53813547972889,0.58080277657335,-0.622539282017415
"966",-0.826897253588675,-0.59293876588202,-1.17314362584307
"967",1.57814817608937,-0.938228759189518,0.217594071557333
"968",1.21825118140877,-0.936017928492891,-0.791192863533414
"969",-0.206815155399586,-0.78256535345681,-0.859743202146644
"970",2.11991202251501,-0.957291307929227,0.844430811639839
"971",0.472118843083761,-0.841518332882582,0.335931873587598
"972",-0.125707038251035,-0.766685225845066,-0.258260831043966
"973",0.00515778777360691,-0.792592181909145,-0.24764550132175
"974",-1.86433413307046,0.705964483782562,0.217463438645112
"975",0.321940363803418,-0.827551486355878,0.151727436909586
"976",-0.377194518121773,-0.737726492691009,-0.79957814360554
"977",2.06032307600347,-0.946410614510333,1.56181664908659
"978",0.112150979777057,-0.809405214266768,-0.202284488267009
"979",0.900452090025674,-0.885548545902287,0.426837254394131
"980",0.14825600509589,-0.768928551623011,0.882209210405484
"981",-2.29062661605517,0.520117587490026,-0.676897585813886
"982",-1.52100136818737,0.180840560048984,-0.881746233044081
"983",-0.161737539584488,-0.783809255460465,-0.714206803609823
"984",2.49102204642823,-0.984123036738389,-0.541172359646044
"985",2.08029759475231,-0.965128409752325,-0.0241908634146379
"986",-0.189884679372327,-0.759089213809136,-0.382398106948334
"987",-0.553246857071911,-0.669061261959367,-0.637959632344352
"988",1.27112767989218,-0.945677839708586,-1.13797501043584
"989",0.434238260591888,-0.832950169347281,0.439781430041723
"990",1.07704368938198,-0.920530307934708,-0.4698405263583
"991",2.17474328524301,-0.95543706401051,1.26120919806706
"992",-0.804144662413329,-0.493953035657383,-0.143212700972452
"993",-0.862818729721388,-0.529375741070194,-0.813981579558158
"994",-1.20543293336198,-0.111463547722089,-0.689598405653244
"995",-0.67918025214527,-0.643429661455882,-0.938390872580991
"996",4.08551108925706,-1.01718279978449,0.290551143850381
"997",0.456687387023871,-0.873877179010884,-0.67710650023203
"998",-1.11389375885124,0.123534811534091,1.51818457255905
"999",0.0641457066425831,-0.790676234022817,0.0272146280311669
"1000",1.43822288282743,-0.915376010361454,1.06735068028723
