"","x_child","x_pa","noisetmp"
"1",-1.61464141817228,-3.33992093704556,1.03324948057297
"2",-0.525985371631236,0.77896081037954,0.0335283516355953
"3",2.00956713224375,2.28730423075527,1.28397095668066
"4",1.2385955049024,1.68755914674979,0.481103055149165
"5",-0.844988769532958,0.579639485241392,-0.32460041167276
"6",-1.10863281384188,0.312824964451805,-0.787769936447923
"7",-1.47110670744011,-1.22489454940787,-0.301437831077296
"8",-1.36589624011015,-0.386156146071635,-0.936914856643964
"9",-1.30553166467111,-0.531293268826326,0.48034852108193
"10",-1.60312385566639,-2.8253140683804,-0.591628043411808
"11",-1.24917879603472,-0.0243050862448083,-0.735442859636892
"12",-1.25942100415907,0.12153976795193,-1.34396247784321
"13",-1.53974380739778,-1.75993715886858,-0.746456343116878
"14",-0.352559325282588,0.972317728494501,-0.729002652098863
"15",-1.61756017486026,-3.4557717612894,1.58293949797505
"16",-0.983825665415492,0.540857246715128,-0.946449674174477
"17",-0.944454022276893,0.669496618590501,-1.32978152656903
"18",-1.10717827696109,-0.0340782407760916,0.807706016289954
"19",-1.20623365871009,-0.366752621592614,1.2195673300142
"20",0.112432881193091,1.24642456823137,-0.938406514198695
"21",-1.25777690543001,-0.251193029266879,0.0295918323019468
"22",-1.40200052503293,-0.68117153770034,-0.577088554879294
"23",0.219866547631169,1.16287737389513,-0.369301588603436
"24",-1.27512606968166,-1.32399277184633,5.41172689335934
"25",-1.51095922518191,-1.66494360471733,-0.0198969293728772
"26",-1.49078443494403,-1.39189798972126,-0.296163760481949
"27",1.12532969578832,1.62534471311924,0.357045800428752
"28",0.903769723112291,2.22866291357108,-0.584052484135519
"29",-1.50060397082921,-1.87338874231573,1.18499489309771
"30",-1.43253963909394,-0.84969045464676,-0.616559981315005
"31",-1.30225833773784,-0.437597240008712,0.15748231703508
"32",-0.88339366850314,0.576174327562584,-0.528095135593835
"33",-1.33493050223521,-0.306078538162148,-0.770462738550836
"34",-1.31860820887439,-0.32325765063163,-0.494402004571321
"35",-1.58191717493823,-2.24512720257174,-1.17047082728386
"36",-1.15613621677429,0.174477802835277,-0.606506840276109
"37",-1.57203593288695,-2.36319858072278,-0.228940584136688
"38",-1.23355506877233,0.0748419304721154,-0.93757672807128
"39",-1.16000870855962,0.144291300209886,-0.517446743185547
"40",-1.53419904676136,-2.00702149885569,0.321335149545676
"41",-1.10321350016616,-0.0795663818445985,1.07885008378737
"42",-1.42938731939869,-0.717688611712115,-0.952367166217028
"43",0.530442371121091,1.12471767443524,0.624043998733352
"44",-0.977569584104313,0.138305354551021,1.1708932708719
"45",-1.35468466649327,-0.7639346176554,0.57346772346677
"46",-1.20293201056127,0.129539473189471,-0.851181985469933
"47",3.48605833331711,1.35710320307796,6.0162808476636
"48",-1.48208067767992,-2.00562267637469,2.62355145060292
"49",-1.14835685452324,0.171905326938014,-0.527211812517074
"50",0.272264694441316,1.21166107111665,-0.447469816624739
"51",-1.31053748350019,-0.263986825130192,-0.59534838663988
"52",0.701828924818118,1.13145336717767,1.01876328625283
"53",-0.900720807461228,0.668431047005582,-1.09832688980693
"54",-1.28219957095823,-0.0371238392551123,-1.04003412698569
"55",0.766089825165309,1.52563403891513,-0.182854676013411
"56",1.32455099903987,2.46939875070325,0.0201489802944406
"57",-0.757594850569718,0.526628418034051,0.510813022609326
"58",-1.47549754808816,-0.997121781288213,-1.08174248059728
"59",-0.33469245634898,0.82060206828307,0.541465853827611
"60",0.71324376821899,1.22816776076145,0.519839977095329
"61",-1.35880508469625,-0.258651711879391,-1.22980527046349
"62",-1.36268823404565,-0.727195447043648,0.284069963075348
"63",-0.485478142081919,0.808528107882339,-0.00354988559496561
"64",-1.40631014565554,-0.407234381718205,-1.44973542873267
"65",0.25570182237759,1.20050032705146,-0.44337360747892
"66",0.707569227003479,1.40781246887346,-0.0661561597390823
"67",-1.5492443742855,-2.1438433368344,0.148986994684285
"68",-1.42621614809623,-1.24239521536837,0.920997530756834
"69",2.53329883853295,2.2827043692658,2.18578368843904
"70",1.30322327763867,2.01653793463659,0.250395841138393
"71",-1.36608497088779,-0.518956013306387,-0.512496744017988
"72",-1.54955148811472,-1.83108217060505,-0.910240370321058
"73",-1.65425994835465,-4.22358183508002,0.214983610252921
"74",-1.23547180537521,-0.306445982899296,0.548464449616335
"75",-0.803918011988399,0.661053083281266,-0.555448509004679
"76",-1.49049968955896,-1.68340390198918,0.764921779741713
"77",-0.0917459444077443,1.17988276069156,-1.20220927884167
"78",-1.2668309017485,-0.187251601017701,-0.330379554805698
"79",-0.233535884935517,0.769203584052319,1.42627412769257
"80",0.188340680169078,1.39984382636036,-1.13616735734624
"81",1.5425485062556,2.74924850792926,0.274615783094295
"82",-1.44188135598616,-1.04904150780276,-0.174121710917216
"83",0.0443692221789744,1.11561970862362,-0.580070859857313
"84",-0.866167607280404,0.613048015967956,-0.626759450272845
"85",-0.716376019946194,0.581096370702358,0.409040361131688
"86",-1.46694198140289,-1.66364037556284,1.50391319275746
"87",-1.39010801276579,-0.415825874943499,-1.1929688553001
"88",-1.51373332460272,-1.9427032656233,0.944788928720117
"89",-1.46111675889516,-1.10161599471036,-0.44865943687321
"90",0.0752208887248833,1.2824157559863,-1.12371824294314
"91",-0.323961060452378,0.737183180496777,1.29010788628051
"92",-1.28669875596453,-0.298376277478244,-0.160839183074027
"93",0.582403392578773,0.86731621006083,3.74726313980457
"94",-1.51140591445544,-1.57458154920378,-0.337572088926495
"95",0.76458659007615,1.43970135520669,-0.0196325513894577
"96",-0.72725038570007,0.485462622474555,0.967959551067212
"97",-1.49451245292444,-1.60527908789866,0.325960700796877
"98",-0.724438059007991,0.65004203352549,-0.0717932248764543
"99",-1.45983452308652,-1.17314578435768,-0.186764950733932
"100",-1.46365857100806,-1.50454411751251,0.926758721153334
"101",-1.47754626098181,-1.38012649178621,0.0437636455512553
"102",1.02440220953301,1.98209835510715,-0.219056786128533
"103",-1.35976160288003,-0.622492141605309,-0.0514236019742944
"104",-1.60422363536961,-2.96138874003475,-0.0743934498005969
"105",-0.575106466206369,0.180563214032969,4.46443612585351
"106",-1.39574003120548,-0.607258916503945,-0.703959619594344
"107",-1.33707913750544,-1.15743241588987,2.76765297888959
"108",-1.45128316706072,-1.52246793306866,1.39016038030219
"109",0.911756979723529,1.34952869880965,0.521994766707141
"110",-1.50770143941486,-1.81590663319188,0.663106343473476
"111",-1.38141549477981,-0.900132812981499,0.588898686635746
"112",1.64561217548304,2.03255418798017,0.844177978724494
"113",-1.28410757422767,-0.24981435299757,-0.309555194094931
"114",0.864120832278059,3.66510869318836,-1.01683173030191
"115",-1.1155396259322,-0.137185667990446,1.23368285671142
"116",-0.718739106897557,0.669709622320433,-0.163989838945387
"117",-0.458703168346004,0.785842153426114,0.28160818464357
"118",-1.14736910320311,0.0664419931308421,-0.0687133598770948
"119",-1.37633266432638,-0.76683687721863,0.181416675382548
"120",-0.246383643329614,0.926748680288089,-0.000287518925867536
"121",-1.4493960489223,-1.35152353976298,0.733392831184314
"122",-1.36869663984823,-0.895795386553854,0.831661986951585
"123",0.460689367235133,1.38961519997253,-0.542871594368411
"124",-1.62470234130592,-3.37014543486985,-0.310927998801174
"125",0.171898251029203,1.04247186106135,0.270916997027826
"126",-1.58170040950187,-2.58251276376902,0.037207194330048
"127",-1.36704833988274,-0.770469354979488,0.368371352120195
"128",-0.966471206272703,0.408314507809235,-0.186165787500782
"129",-0.592183187267392,0.862539516771525,-0.815288993406765
"130",-1.59904991450993,-2.6024213619903,-1.10167960755503
"131",-1.08500034338062,0.0821728776978791,0.461129467359797
"132",1.89037353724124,2.54633045537855,0.935432267562783
"133",-0.77707038809723,0.639140439831803,-0.286737043693263
"134",-1.22740005840297,-0.195675105503533,0.179961330317144
"135",-1.24347725092816,-0.217948866209813,0.0748328103469746
"136",-0.720780254088328,0.81215411723329,-1.03063917545613
"137",-1.02809105059868,0.0642655571556359,1.10343667171766
"138",-1.22573432383789,-0.237793090145954,0.378531058086397
"139",-1.20980703670201,0.0604860841285138,-0.653290231130995
"140",-1.56985075693372,-2.77414565044896,1.93870447489577
"141",-1.45670681937597,-0.948269720054211,-0.81475768686977
"142",-1.43263938277391,-0.710143701864534,-1.03243947968089
"143",-0.774232334695458,-0.0821410627904964,4.72893974991898
"144",-0.423140894866682,1.00005898074015,-1.16021863766299
"145",-1.18034079206673,0.286819318676683,-1.24579280313006
"146",-1.55949964317248,-1.85628839664644,-1.23189444878321
"147",-1.33322999728308,-0.874419209781611,1.4582644418336
"148",-1.1265867501138,0.386545604255231,-1.22147188520645
"149",1.29274414951228,2.84673377518312,-0.167315267269704
"150",-0.64254926811947,0.679750552198433,0.162690191283522
"151",-1.19822374699722,-0.0479772954152304,-0.101330861493235
"152",-1.41002820778702,-0.979965318378289,0.289746897412076
"153",2.32181112327306,1.8916816255678,2.20690603873746
"154",-1.1655131622703,0.0134492861542346,-0.0191720196765679
"155",0.465649999074909,1.02955381441022,1.25700150262565
"156",-1.14600337434174,0.142770116564739,-0.383995509581932
"157",-0.801683749050304,0.0614013740494235,3.33137497036294
"158",1.58516916147712,1.19937087870028,2.73597798876335
"159",-0.764485678919731,0.425775488034502,1.11307644490205
"160",-0.724325917171236,0.697357485284894,-0.362265257462917
"161",-1.55551989621738,-2.14973443630342,-0.137309810247374
"162",-1.2917788892004,-0.0855017815945442,-0.981398035411411
"163",-1.29422510849765,-0.306506696795095,-0.229723678062041
"164",0.841907119301793,1.38802085061701,0.264679766776414
"165",-1.04946885090559,0.417336712439615,-0.807337384345027
"166",-0.929930424305565,0.601260175958072,-0.922541497895544
"167",-1.1353150202436,-0.277774680330624,1.72270558049099
"168",-1.43761866391953,-1.12723939154076,0.196167662063225
"169",-1.31477786752613,-0.445394132913451,0.00340486791313088
"170",-0.329772881329685,0.831082810617336,0.475749317370537
"171",0.421737258941494,1.06779328223522,0.757804535647309
"172",0.915440273183157,1.6199159931799,-0.0396029250239307
"173",0.662390640318236,1.04343001019602,1.67595728120612
"174",-1.12852746743847,-0.00246710314108327,0.431976163370444
"175",-0.991840710580519,0.0797208603914753,1.36875344948432
"176",-1.27890566894429,-0.347524681076749,0.134130462342532
"177",-1.28891874894519,-0.185553624714026,-0.60263910224444
"178",-1.3743628702117,-0.533680217729567,-0.593570570738632
"179",3.97658926380405,1.67292400463045,5.70973489188009
"180",0.814842142816564,1.97729453986911,-0.589697326900936
"181",-0.831041629626353,0.423989843549955,0.666605234471625
"182",-1.59930529995797,-3.10366413647085,1.28729521225712
"183",-1.21493750121319,-0.0329130574511103,-0.340869256054264
"184",0.663451459410444,1.25827400588365,0.282303046946957
"185",-1.529100226211,-1.73696960503561,-0.425559321167565
"186",-1.54427447587781,-1.92024574540128,-0.421802176972351
"187",0.036407797078421,1.05198714200672,-0.195485044894623
"188",-1.14245321953809,-0.706697434612704,4.13996961907699
"189",-1.58873268608075,-2.74982295016544,0.26817875906192
"190",0.594660568622404,1.17275415107553,0.503261691039387
"191",0.894826792293926,1.43533622189411,0.258585580786016
"192",-0.626953744189407,0.823567442404382,-0.704856248387463
"193",0.566532780822897,1.32132434452133,-0.143143021372272
"194",-1.35822084358424,-0.311687013645114,-1.06175632138446
"195",-0.663521230795571,0.825553974585439,-0.869996680781538
"196",-1.47521687818153,-1.08445073309117,-0.830674631957967
"197",-1.31158064808066,-0.467906489690187,0.13677960224978
"198",-1.28781868310842,-0.346808662425137,0.00944727069499907
"199",-1.57944305003284,-2.67089833675597,0.605642903840095
"200",-0.988468396089336,0.359429830546545,-0.0968823480826293
"201",-1.54555083516064,-1.88867086184477,-0.57618637194267
"202",-1.3392199370859,-0.385796585024752,-0.56226226738544
"203",-1.30255274043261,-0.687810930688559,1.19612561933591
"204",-1.25783651960908,-0.892638519185556,3.0776925053085
"205",-0.61981768000632,0.459795347957382,1.85059545622486
"206",1.72895974118296,1.38591911021406,2.14303886848825
"207",0.884980978072086,2.05960401988689,-0.520596987692803
"208",0.701260723517659,1.49684277998592,-0.261752751890312
"209",0.864200356846488,1.04650382084571,2.22073418127242
"210",-1.2672402490517,-0.0432959185815378,-0.859162414193164
"211",-1.38873263622591,-0.774365902204232,-0.0231558660108302
"212",-0.817544556193843,0.708060988647842,-0.885708535276863
"213",-1.41069645078744,-0.895373020679518,-0.0275152682954842
"214",-1.29111465714348,-0.924810993060804,2.56829033561464
"215",-1.40584686586264,-0.704688525576576,-0.57017593406077
"216",0.654457480132383,1.45954588117323,-0.286394410087497
"217",-1.45068415152716,-0.998696570710032,-0.532974417695185
"218",-1.54201840425382,-1.90018301507949,-0.394649539895958
"219",-0.628278283419085,0.388890920522324,2.32883039845259
"220",-0.464623508480222,0.46708395513993,2.81575066208871
"221",-1.5311773403954,-1.75546688885504,-0.442622461696693
"222",-1.47731572543665,-1.4263992004776,0.213660460023544
"223",-0.863182544883299,0.418080056720435,0.479745713977119
"224",-1.3918385775693,-0.733936311514559,-0.221212064926276
"225",-1.36576264309836,-0.938032817011039,1.06839135802044
"226",-1.52656290182384,-2.21800802758447,1.62129528049997
"227",0.56559569100953,1.10657902455582,0.840495718094661
"228",-1.16259593401549,0.0988980571327131,-0.353371412945546
"229",-1.14160293929081,-0.940880624617876,5.80494970053542
"230",-1.044150378538,0.185008366224965,0.328647953040412
"231",-1.0144094889708,0.166251921681545,0.686785062437319
"232",1.19677132386216,2.14558690780807,-0.0285741633547236
"233",-0.653620199513629,0.633268253675241,0.416049396175268
"234",-1.53794920764873,-1.77919869571758,-0.62077825925326
"235",-1.43538080855745,-1.02104771645309,-0.122025317837048
"236",-0.391206459362535,0.937219691383129,-0.59352832293941
"237",-0.559794093832796,0.546385056367289,1.57507711438378
"238",-1.45146701644167,-1.60631307297323,1.76594435265243
"239",1.79673779378542,3.79626077670767,0.436038656927258
"240",-1.42038070365136,-0.594952802691618,-1.14823099780326
"241",-1.35608308066131,-0.451451433656384,-0.585259986828891
"242",-1.39044542571041,-0.579878871124294,-0.702942793508147
"243",-0.408097744438808,0.911056970951302,-0.45726329760725
"244",-0.368369887257185,1.02582867083246,-1.17905155047626
"245",-0.925923887343679,0.500942369202833,-0.391470371825583
"246",-0.57100658384505,0.60026909738424,1.10526177308392
"247",0.627483345439388,1.13680001626423,0.794205616942623
"248",-1.57947748318613,-2.44218676654566,-0.377965652052718
"249",-1.4048476211596,-0.825815949914158,-0.151492215181807
"250",-1.56807175595125,-2.14607087658045,-0.7670831900934
"251",-1.58263213826378,-2.84354423800632,1.28229106018637
"252",-1.48767826747551,-1.50435953235826,0.179205355994517
"253",-0.998999594643212,0.201687438682854,0.63411551301881
"254",1.27987307421768,1.68635943751315,0.561035955635974
"255",-1.40060222784188,-1.06257380893665,0.818132632201696
"256",-0.978759125760858,0.0613681962121696,1.60118796564155
"257",-1.41944837922862,-0.808623331198661,-0.490524504694176
"258",0.503667530049314,1.41394860963245,-0.505042840965124
"259",-1.27103220777858,-0.700570437365732,1.81370905949367
"260",-1.4072703124223,-0.705000700169428,-0.594571571576544
"261",-1.26178969887442,-0.209946121452313,-0.182393923306526
"262",1.03675209745129,2.22842431137406,-0.354356782814437
"263",0.46105808576391,1.38531439256067,-0.532549825593263
"264",0.296547133457456,1.30929459318109,-0.702395480412079
"265",1.26134395142516,1.69747394323901,0.510210245030857
"266",-0.405529010374189,0.680295986355695,1.36769446969692
"267",-1.15655993090474,0.174493234648297,-0.610307028304756
"268",-1.5044394849953,-1.35015415963841,-0.811016061894806
"269",-0.491502402025232,0.439856945540222,2.86876705916416
"270",-1.27271226923859,-0.19704825228345,-0.364779128586185
"271",-1.43002524855117,-0.691650320389156,-1.03865651918095
"272",-1.23732769691873,-0.565264987171531,1.71854795579355
"273",0.754676499994658,1.23598720462477,0.582178738076373
"274",-0.961631460890926,0.124571594118514,1.39580629798797
"275",-1.4201350424847,-1.85953913645692,4.33145845972913
"276",-1.08247373933861,0.139942554565019,0.206445449412807
"277",-0.558966961848562,0.780449149876792,-0.123942542956035
"278",-1.25376602490665,-0.0676880712713797,-0.62578791997475
"279",-1.26414623481568,-0.347005372160706,0.333872341096191
"280",-0.18265562804354,0.777798179085646,1.57606123824457
"281",-1.22401202747213,-0.17231038954145,0.123341255747227
"282",-1.02639774836144,0.208867626713813,0.362075265702674
"283",-1.4859696805635,-1.43545826343978,-0.0103150882038516
"284",-0.793500220666299,0.529037804752528,0.275568223157406
"285",-0.538777612225965,0.819246818602043,-0.306152070265294
"286",-0.525366906298481,0.855314914085915,-0.501935150739618
"287",0.0826485534557213,0.884854822810849,1.60696040347981
"288",-0.01934580893774,0.862987551743368,1.43726769978313
"289",-1.28531723732212,-0.322132692821796,-0.0518501271455898
"290",-1.05468909251334,0.288801009170439,-0.259689590189093
"291",-1.47115170542583,-1.74275629292241,1.71964123502765
"292",-0.785924705503842,0.530706314542943,0.31182564636136
"293",-1.31860985070266,-0.0347322617915316,-1.43482336442294
"294",-0.976988420384073,0.60522552819656,-1.20573212429066
"295",-1.34076480136624,-0.999820642269347,1.88434284817616
"296",1.35117491844494,1.99884190474735,0.350049830552288
"297",-1.43996753301661,-0.962367133162592,-0.415259700711383
"298",-0.523404065384633,0.608581502580566,1.30957287502288
"299",-0.322089340299296,0.622593153469641,2.30634396182895
"300",-1.47496425980425,-1.41917669517597,0.256756525179924
"301",-1.49091930312665,-1.44315994111211,-0.131322766228737
"302",-1.00263169116728,-0.0453799474639952,1.98429754000623
"303",-1.49492093389764,-1.29071150114536,-0.723182404163355
"304",1.14558755661224,1.89199201197807,0.0746312654913353
"305",-0.366848965025435,0.866364953457426,0.0423740079778598
"306",-1.26366939696425,-1.00855801444799,3.62959404082676
"307",-0.874417528143243,0.475775599694452,0.0746758423400844
"308",-1.18760890627513,0.0162503180582986,-0.255893660536828
"309",-1.46902182636498,-1.56050863743241,0.987121852863517
"310",-1.57063733545638,-2.09528356295853,-1.04546945475728
"311",0.969964920618924,1.96494577916331,-0.303232687618865
"312",-1.04575187122279,-0.0627294709482478,1.61846856839606
"313",1.32713947162755,0.976832070839716,4.70321795559108
"314",-0.38938192296177,0.583937238933782,2.27022691997177
"315",-1.40637602784501,-0.991609079276129,0.412528317197134
"316",-1.51481748027944,-1.83185733303303,0.449416106882492
"317",-1.39299461854787,-0.427491025235447,-1.20112086101963
"318",-1.43335610702232,-1.23178217569452,0.693911358106912
"319",-1.36421615119091,-0.29926782147301,-1.17873832534824
"320",-1.30699852072033,-0.908280655675614,2.15398342881764
"321",-1.10173347183826,-0.171583565697291,1.575538671794
"322",-1.47102790270767,-1.09235103196039,-0.709762596265424
"323",-1.46271397235736,-1.00824221978569,-0.768967249531403
"324",0.873358629533198,1.12041594368199,1.53957937089658
"325",-0.421478527445881,0.838069791280124,0.0432053697238279
"326",-0.0968092193513949,1.01736295152414,-0.298573374661924
"327",-1.51696581433252,-1.64574101844861,-0.29205657919536
"328",0.814820149113571,3.98733843554595,-1.13152234494892
"329",-0.774443565063377,0.504878872497856,0.542422027721221
"330",0.4074596181231,1.03378327555977,1.03993156801743
"331",-1.12339438279895,0.349858369496073,-1.05206396268049
"332",-0.370685366015695,0.955829135462474,-0.663708593975691
"333",-1.54496306111094,-1.80569440269898,-0.807122522833468
"334",-1.23955661813871,-0.413758760979992,0.967444841384383
"335",1.46346124748712,1.38186561201039,1.59589484596885
"336",-1.37478838866274,-0.675058824200604,-0.121533764682805
"337",0.802327510841415,2.02395608733667,-0.643720077457363
"338",-1.32409499152064,-0.171527288251754,-1.07093354946118
"339",0.448915602466554,1.22980836178773,-0.102797155094503
"340",-1.13038875409686,0.0610854789607408,0.120699532692237
"341",0.320691810077025,1.25363745593798,-0.483736455568425
"342",-1.42459476742329,-0.832037862928388,-0.515698612431086
"343",-1.24732035036758,0.0369167139426037,-0.936799328920475
"344",-1.17265471758881,-0.296531662825655,1.33147479246108
"345",-1.51782151610565,-1.5363352477228,-0.663260970808874
"346",-0.937581501537021,0.392617393959016,0.0995046980839058
"347",1.68586539088853,2.95057964862864,0.444690346693751
"348",0.286569741358919,1.15177183111086,-0.149919358003169
"349",-0.869798739769582,0.600036923037848,-0.577501641713114
"350",-1.27060798914757,-0.639021927101489,1.52460315826072
"351",-1.36222660298996,-0.503771603665257,-0.503464426875612
"352",-1.18537284013635,0.0519522268155729,-0.379667938271074
"353",-1.34051484436078,-0.33610467895615,-0.746289900475567
"354",-1.020492540795,0.170526282190791,0.610440648552588
"355",1.38791101234838,1.73585906150578,0.695624263518432
"356",-1.28865030106619,-0.718325650512249,1.58385932838154
"357",0.701287563593785,1.58073804066334,-0.398183006366493
"358",0.653848604290907,0.763045433659025,5.530697971265
"359",1.47057336272006,2.76855105606922,0.14936960917791
"360",-1.34236696340918,-0.262112916555987,-1.00914042998418
"361",1.0562001794014,1.94761685293044,-0.134954071687322
"362",-0.613077710211283,0.692799379082886,0.22366901660483
"363",-0.14629991950047,0.663819009611575,2.85405985343924
"364",-1.22367717547232,-0.0172819028446252,-0.494131883850794
"365",-0.405706732949098,0.180182720428731,5.95399863942917
"366",-1.49160803847956,-1.40966131305031,-0.262336142269969
"367",-1.3247635330612,-0.986740065846061,2.17020166292177
"368",-1.42031219812574,-1.00285515138234,0.148332147175463
"369",-1.04090550804957,-0.191585650718497,2.41857721225075
"370",-1.16663892626342,-0.239610941441296,1.12910820100702
"371",-1.42389594962879,-1.09562896213848,0.40602722535851
"372",-1.03471328376728,0.282021163555025,-0.0689802011492024
"373",-1.43818527298102,-0.783055480562308,-0.924957689784478
"374",-0.090457100140489,0.708687242206939,2.68313365934715
"375",-1.1057282924888,0.276935959919173,-0.612370283685511
"376",-0.464384587469896,0.713010848642675,0.812466697502989
"377",-1.33441860883045,-0.331758236766314,-0.678215581038487
"378",1.36018039155904,1.49617729468143,1.06523769438884
"379",-0.965165722642416,0.0434376502395104,1.84123744398101
"380",-1.34187294469655,-0.52557905085576,-0.111504121887729
"381",0.714373649521215,2.82032972942234,-1.10950624628252
"382",-1.29828342772714,-0.29868773812088,-0.312216498497849
"383",-1.35585585054469,-0.203202007733612,-1.35685019113402
"384",-0.557249167952227,0.69621887809119,0.479159253474729
"385",-1.43365727431318,-1.19707964856947,0.552015707015019
"386",-1.17094960999442,-0.0293945346053268,0.110284533712437
"387",-1.53885263152483,-1.71030510853999,-0.8601170246755
"388",-1.43940964156911,-0.740802851719287,-1.06824065320924
"389",-1.58967250434621,-2.70110849689059,-0.0298471693420412
"390",-1.40417022452662,-1.23082510978304,1.44195162910255
"391",-1.25000263259169,-0.238926213442084,0.0785093141719218
"392",-1.26723619091824,-0.263550471591685,-0.0421701339303697
"393",0.792087171498658,1.65694872776194,-0.327041531883604
"394",-1.2126916093087,-0.0891726383888551,-0.0895754988035424
"395",-1.13174976882925,0.369396673671209,-1.19130597498125
"396",-1.11852100112662,0.202091301890915,-0.395316339104766
"397",-1.4814129792639,-1.28586261558316,-0.376048013262577
"398",-1.49070737774905,-1.5572076349562,0.274155941097844
"399",-1.2917299854596,-0.161093930103262,-0.722233199965778
"400",1.46574008558182,5.26471869736051,-0.230556961141418
"401",-1.4186241616654,-0.501937336950553,-1.37678978389639
"402",-0.502005476872201,0.922297217606041,-0.877359165960098
"403",-0.77924674004416,0.466772021618824,0.750686763178884
"404",0.773100699999651,1.09248902248913,1.50325577884948
"405",-0.606518730863111,0.681052025172643,0.337555990623234
"406",-1.28977676510915,-0.372379048179258,0.0817133928492786
"407",-1.29286771254461,-0.492843119560361,0.519327478695344
"408",-0.994715733249385,0.368496910241298,-0.187970311781158
"409",-1.37564662692222,-0.597400471976795,-0.403280829441116
"410",0.216383780206414,1.17224518590107,-0.420164062723548
"411",-0.98364121305935,0.132071258943662,1.15043539289955
"412",-0.878246112943993,0.439627512886168,0.252842617387557
"413",-0.370392155252052,0.661291423641541,1.70846185823846
"414",-0.456063351091174,0.543256377685873,2.22440305317427
"415",-1.55067255427531,-2.31958673886629,0.808333084921661
"416",-1.18075353773519,0.00441723213816034,-0.136611966444079
"417",-1.50944969590824,-1.74404880343374,0.31902248815859
"418",-0.377410567664761,0.778232239512852,0.702257803811823
"419",-1.47451106646867,-1.512699853341,0.620852854802497
"420",-1.13303905407564,0.258412795217569,-0.75489065367165
"421",-1.5294794559982,-1.77139861756996,-0.327644063441776
"422",-0.943072141142782,-0.00522520803153451,2.36561553956707
"423",-0.921302590805903,0.169128958969654,1.49693998269461
"424",1.13587266326471,2.02894487349088,-0.0559339834698287
"425",-1.15607847863201,-0.0443307977590655,0.334871826700055
"426",-0.853417762745784,0.351383464246303,0.94643479198744
"427",-1.48478470876904,-1.07966107812505,-1.0665266731971
"428",1.25024799586788,2.45344213625934,-0.0982122244409332
"429",-0.027131019659069,1.17505185876747,-1.02705669022801
"430",-1.13993321992582,-0.457412531445063,2.64924508922918
"431",-1.54119818205454,-1.90975785674152,-0.329048226806945
"432",-1.49901250626308,-1.22795870556942,-1.00892396793216
"433",2.51799831419138,3.48264716185508,1.64060286417931
"434",-1.18737307012988,-0.116457722083988,0.310997977549147
"435",-1.22704633139876,0.165483087090638,-1.20035824500704
"436",-1.35059581825156,-0.735986615404632,0.537949463344475
"437",-0.86654587682223,0.503995018948798,-0.0328373011699377
"438",-1.15684666495218,-0.16705715727108,0.897913183128378
"439",-0.828122900841427,0.511111410632675,0.167780555304879
"440",-1.55820207393521,-2.22924365420786,0.0235622837071667
"441",0.567456738119815,1.74639992688204,-0.850711067914665
"442",-0.649136736258519,0.526357149118343,1.17930277326251
"443",-1.33978420421358,-0.623595082360695,0.288509461334081
"444",-1.10949816225304,0.0967035705494096,0.158602319833432
"445",-1.41615142292051,-1.07858469687686,0.522320550759824
"446",-1.19083998541565,-0.772653651844886,3.6754190403487
"447",0.749748517680228,1.95915928945749,-0.693281528308707
"448",-1.38544415727473,-0.877398459098727,0.419192498852463
"449",-1.59180795880863,-2.43432182206721,-1.16451596543229
"450",-1.0957747633686,0.451031122189933,-1.2659613449357
"451",-1.04371100012099,-0.0171635348681876,1.38849065091654
"452",-1.39682368323048,-1.11431792838627,1.11982369114703
"453",-1.54360557333882,-1.79468946989288,-0.787942617985348
"454",-1.59571874856472,-2.82831492240503,0.0610415290118129
"455",-1.54291005110185,-2.11709844543871,0.351718079276211
"456",-0.0165890524246254,1.18406573395003,-1.0349899676996
"457",-0.92238533339809,0.335742630182625,0.521400274276518
"458",0.999573876196461,1.18163358911614,1.43977349380679
"459",-1.46715632700066,-1.06086798633697,-0.713479795792245
"460",-1.19066830395931,-0.282016886382853,1.02568922502441
"461",1.38083651282005,2.08689980254424,0.333672427485642
"462",-1.02522833813131,0.300275737746217,-0.0828644526412405
"463",-0.923697707515791,0.47721237491155,-0.253543825660674
"464",-1.20053801334229,-0.171113047812234,0.397617342081632
"465",-1.33598733890931,-0.610737379754516,0.302443882850749
"466",0.345931245532555,0.999925879350632,1.2400159839794
"467",-0.291483623626576,0.828032885935024,0.659870625468605
"468",-1.18268504806481,-0.0873917707001363,0.236318786676768
"469",-1.51735822667143,-1.61333191817172,-0.410123114657951
"470",-0.486521428668378,0.724457158093358,0.617516037348218
"471",-1.44537613479219,-0.898189791973745,-0.727086248652271
"472",-1.48094073669802,-1.43877435222139,0.150533102966708
"473",-1.42856455594738,-1.40780985828881,1.5656039055758
"474",-1.15145967903902,-0.10415069847058,0.66150071946696
"475",1.37184532170557,1.351805421751,1.50396406197197
"476",-1.46960228641403,-1.27466682965447,-0.0979522833673119
"477",-1.42118432232642,-0.913644176803876,-0.180301512105854
"478",-0.873678588507594,0.0676350283589089,2.58585887234276
"479",0.103590421305851,1.2017666048474,-0.810879999157239
"480",-1.39392135403686,-0.619989884717035,-0.633388022218184
"481",-0.99059804372974,0.134980144540758,1.07049936038133
"482",-0.765428835162139,0.255569734505733,2.25909882238868
"483",1.52716620500727,1.63268226402432,1.11852141747422
"484",-0.885600036071581,0.0960026572165418,2.28337781147691
"485",1.68616704753416,1.99691342723409,0.948164644703802
"486",-1.54366165169597,-2.02801602705124,-0.0223713949200168
"487",-1.23455180003332,-0.459832501853203,1.25341255653716
"488",-0.159557428349753,0.578882366914992,3.6431229202035
"489",-1.18669675259736,0.147721606419911,-0.772817709116261
"490",-1.49755942587237,-1.43945619931979,-0.341138763938139
"491",-0.756909525555236,0.0976869872403924,3.48992868520367
"492",-1.20398107207476,-0.645742504357935,2.69513254843529
"493",-0.907974248784926,0.580338811664433,-0.692074543672426
"494",-1.01423073739188,0.091065850325723,1.09144399448775
"495",-1.41535764133127,-1.11185791861028,0.669594067247631
"496",-1.30684631783078,-0.625793737890691,0.851779154182049
"497",1.1958643611312,1.47521205076086,0.781868154991169
"498",-0.660512304031625,0.429081911700129,1.80331398926182
"499",1.25163557473358,2.65795680972691,-0.175189436469372
"500",-1.5085544905896,-1.43914769456824,-0.668952810324643
"501",-1.29952928024124,-0.120981206543421,-0.949709119347749
"502",-1.42255541983157,-1.18321683297882,0.776041108141259
"503",-0.417050492781968,0.782760277663635,0.489737643804131
"504",1.84778286121973,1.39489551888706,2.36122812831161
"505",-1.2009107429929,0.0721981343206575,-0.612057745909274
"506",-1.20039590744125,-0.00695913944951985,-0.292410870014847
"507",0.922615139101797,1.20187442181207,1.14035774250042
"508",-1.56972980812756,-2.21688030529916,-0.620735337173591
"509",-1.55635550521798,-1.85113171614898,-1.12113040568875
"510",-1.46266473182404,-1.05702199140767,-0.622250927368025
"511",0.520268399506766,1.28185353067548,-0.124403210069253
"512",-1.26835172482277,-0.240810902258326,-0.144731533715946
"513",-1.42249653000397,-0.903963050794152,-0.239832866854997
"514",-1.41045823300379,-0.92066964403465,0.0663560066949311
"515",-1.14896693169893,0.186315236441177,-0.592200105566241
"516",-0.972356230214345,-0.166198988066874,3.07980668170201
"517",-0.962203654751258,0.29729090256555,0.425822916052058
"518",-0.0146208578966237,1.04724952445822,-0.304691117687127
"519",0.356635349901951,1.21626953877263,-0.266267321664537
"520",-1.62416804081021,-3.42738530537996,0.175989774189697
"521",0.785877028382505,1.47934241770783,-0.0579979036118159
"522",-1.39691377305645,-0.993393916172774,0.626116035467936
"523",-0.949263439609815,-0.014465888782473,2.35970310384299
"524",0.13534330551121,0.906445222582871,1.57349507636828
"525",0.835014027296385,1.55556634732973,-0.0967799685861248
"526",-1.38521895333581,-0.543513050292983,-0.733570802542079
"527",-1.44860545683643,-1.06299749552198,-0.281531034538969
"528",1.07051288076376,1.78443607891476,0.0455018239153944
"529",0.0788659628164083,0.847472186170046,1.98935285143684
"530",-1.36832070071212,-0.61438666791512,-0.223536404753536
"531",-0.0892959833055847,1.07058519080952,-0.677358885116143
"532",-1.45151693397819,-1.06886148770719,-0.329414193718529
"533",-0.910457805685246,0.054998348562555,2.3096475206881
"534",-1.43881241058033,-0.872646681992773,-0.67116992456513
"535",-0.986966047645811,0.537949529511945,-0.951867914855624
"536",1.05427227394865,1.34029484062808,0.858754959274248
"537",-1.14725029193079,0.206221735374379,-0.659191686312101
"538",-1.57085029134077,-2.25232373275537,-0.560217664133965
"539",-1.46533104539869,-1.03040425283548,-0.762076792695645
"540",-1.43833872275628,-0.98491562717384,-0.307280191397239
"541",-1.14431794106515,0.0401290612554827,0.077350183713667
"542",-1.20028372328709,-0.155508188144509,0.332468035054874
"543",-1.09102288440495,-0.517353132882226,3.76037899552245
"544",0.176944070258586,1.62902491459558,-1.47451964958347
"545",-0.926215162815119,0.556573146414258,-0.677831662665767
"546",-0.928791837382257,-0.088315622415628,3.06173927700224
"547",-1.03042897494696,0.28779141573281,-0.0629765718345148
"548",-0.243107983499699,0.896217149054115,0.270566831323474
"549",1.47677215949151,2.47971012702503,0.271978229779361
"550",-1.38131527034075,-0.673769569051312,-0.239899237491956
"551",-1.17363025090259,0.255630788543019,-1.07492112524201
"552",-1.18904561936212,0.104572143062966,-0.625727302521063
"553",-1.32944538535559,-0.339898760860205,-0.583261865810326
"554",-0.27286074436651,0.486871856002723,3.87933396842896
"555",-1.44751366758156,-0.838242364305495,-0.945474170780902
"556",0.493395210072585,1.36406457781781,-0.41441039857128
"557",-1.01790817088687,0.434536037580956,-0.668867055756638
"558",-1.21590414670575,0.134678449896761,-0.989265580705608
"559",-1.39067720652079,-0.512323666919514,-0.915622974098836
"560",0.222711907831409,1.27545229016656,-0.773337743117914
"561",-1.2220220975578,-0.643269350026362,2.37357734200673
"562",-1.27662927269485,-0.0499193230383329,-0.936874583313498
"563",-1.39285167157701,-0.837510963559559,0.123862571225191
"564",-1.02593171669302,0.461524784908234,-0.846752225633696
"565",-1.32394728727796,-0.512307173513055,0.118335496885178
"566",-0.520416316292083,0.743341323365409,0.31624261135793
"567",-1.35717431297593,-0.37205181022513,-0.858999456075379
"568",-0.970849890134399,-0.35284499104667,4.3861936206911
"569",-1.22794441519276,-0.279177177434108,0.528826808569015
"570",0.506645842493978,1.37075386084768,-0.402271040840519
"571",-1.13102490881044,-0.342794312974739,2.13075244364254
"572",-1.17309519231404,0.213510878355331,-0.908774085157061
"573",-1.20703449340533,-0.389433163362303,1.31727223535373
"574",-1.11407777058842,0.327897108368026,-0.892363588949274
"575",-0.476881337945256,0.640334453237191,1.31679129355328
"576",-1.42243948664178,-0.739167568169934,-0.762642858835839
"577",0.340984516067608,1.31894240576855,-0.630201655573364
"578",-1.48704848399977,-1.06752694312029,-1.15150937815967
"579",-0.96290731263926,-0.142562365416167,3.03519636134935
"580",-1.61637916734328,-3.13241695471771,-0.524702025612145
"581",-0.814503305717335,0.426795268767544,0.763153245077063
"582",0.859600806125366,1.03946880328233,2.29269665085114
"583",-1.51517413773653,-1.44300722078051,-0.854719925335129
"584",-0.849023391882607,0.323250411697057,1.15183885962561
"585",-1.4700493771294,-1.2702236446106,-0.124730710185458
"586",-1.43801750098252,-1.98219324693089,4.41284431831157
"587",-1.10456741321669,-0.0486362256976781,0.908007038549911
"588",-1.53460234778291,-2.00508869871834,0.295998548468645
"589",-1.46115226538974,-1.32331601300374,0.300633452896153
"590",-0.7965768444947,0.310987686554734,1.63344881757346
"591",-1.26118047324794,-0.0770806464414675,-0.672778486558944
"592",-1.12087146958142,0.186727968707461,-0.348911994932716
"593",0.931930768059281,1.62592696444386,-0.0165313569657308
"594",-1.40100710529606,-0.822524313255013,-0.0882781035183895
"595",0.102015305143345,1.26972135283582,-1.02950744437262
"596",-0.378365965097969,0.33853945802143,4.5983674920938
"597",-1.43668681328609,-0.930197105449552,-0.448457804186721
"598",-1.61226956471324,-2.89149544916769,-1.1433661023986
"599",-1.52951456050101,-2.0571138960083,0.735404402442732
"600",0.821787060302182,2.61614862590987,-0.8762721921612
"601",-1.31132452952018,-0.654151491715122,0.896488606345096
"602",-1.1178640830817,0.251100303837938,-0.60026932004639
"603",-0.697731114302061,0.452825248294506,1.38290866683949
"604",-0.766349446751878,0.617297881973675,-0.098422796175436
"605",1.32568680462806,2.34106419492617,0.082651241511265
"606",0.80355558942743,1.11543776935479,1.39677390592419
"607",-0.766952708251072,0.748155943386996,-0.867136281630512
"608",-1.39363661169328,-0.567795855314604,-0.792427488037336
"609",-1.45007924232419,-1.76032444304984,2.58607715498689
"610",-1.22445262703926,-0.151171697721931,0.0307279290237741
"611",-0.221205304349845,1.03617994301766,-0.819228740791985
"612",-0.440720064503821,0.493240233847792,2.74518743420601
"613",-1.30027138317531,-0.923134791866778,2.36880928698426
"614",0.434229612213148,2.50270905699536,-1.49030750537829
"615",-1.59872660064452,-3.28787947490051,2.90229435564268
"616",-1.16578176457371,-0.0947961981422827,0.457611984731233
"617",-1.22908522667787,-0.352267763126883,0.836900504301123
"618",-1.52597333392399,-1.48810437836919,-1.05590644212973
"619",-1.07673295741036,0.326585094777535,-0.602582790521771
"620",-0.869373260527333,0.359129670178847,0.781954738243907
"621",-1.28225047644893,-0.372567641956592,0.187397237366382
"622",-1.496847601418,-1.89494880474902,1.43458036968709
"623",-1.3194736716138,-0.868612434126514,1.70755667846013
"624",-1.28266940441082,-0.649024100826266,1.36549895017932
"625",-0.882082901544756,0.73816371684058,-1.35376312848483
"626",-0.479810768022057,0.670360211244735,1.06604616104534
"627",-1.09491768839075,-0.0305785282052941,0.920182830626965
"628",-0.899351541635311,-0.355524746483862,5.38961284367814
"629",-0.174914775983353,1.05448851044598,-0.812680998398576
"630",-1.22284795745277,-0.112632296440194,-0.108048045090546
"631",0.341204114641706,1.30792346904338,-0.600292646285916
"632",-1.11948258294069,0.0535302928250685,0.262281802891578
"633",-1.55981891454577,-2.16270762317679,-0.303545714239827
"634",-1.4993480946356,-1.68922284710639,0.475641976295096
"635",-1.09249493891432,0.288382887069428,-0.556758816958977
"636",-1.03893468064458,-0.037680814022856,1.55222003051065
"637",-1.2023709777748,-0.203145929055062,0.516764036270294
"638",-1.3298880436225,-0.60824877198094,0.394253760439389
"639",-1.07716142663716,0.431307017006906,-1.05852168362543
"640",-0.836784039985961,0.262843311135163,1.62939741595871
"641",-0.875771461038932,0.507040957949967,-0.107832998371096
"642",1.13075953083972,1.96460110022974,-0.015165921185134
"643",-0.53244424036841,0.640551744372829,1.01705441473015
"644",-0.976118047075241,-0.0163076880107772,2.0905479754696
"645",-0.89896570241179,-0.307655428689396,5.01623379623799
"646",-1.45178367259273,-1.65407319759855,1.98350726831366
"647",0.8864713709341,1.16555302210115,1.26113194872112
"648",0.484755084833145,1.11356739265786,0.579640324665103
"649",-1.13333404532628,0.16219433179862,-0.35276061151607
"650",-1.10712597349688,0.126327235800619,0.044237095786849
"651",0.762403722635137,3.36927867651598,-1.13696099542851
"652",-1.21782685989599,-0.0083975952275308,-0.467605348257546
"653",-1.35248399077079,-0.642153368336502,0.143851505372044
"654",0.21942866605977,1.25268593453768,-0.712321177791242
"655",-1.45660841327478,-1.3749504125807,0.621333834798524
"656",-0.681849286096982,0.765412073262591,-0.578071984412541
"657",-1.49320848157123,-1.87276767065876,1.47980754129724
"658",-1.52039781618946,-1.5666199496888,-0.655070156492574
"659",-1.51780041398827,-1.89502613716848,0.578396232022687
"660",-1.22136658395335,0.150397431565442,-1.09587488904258
"661",2.74890473677879,1.52484204890588,3.76596445593612
"662",-1.30497769543705,-0.21549371553115,-0.693421077198465
"663",-0.988030693024962,0.320355561600195,0.104661828260447
"664",-1.41623088650803,-0.713010568357408,-0.729909129679835
"665",-1.20745585752152,-0.821267327053919,3.6578588359054
"666",-1.26068653160366,-0.596089861898458,1.48717414891885
"667",-0.880369201089866,0.439517652278543,0.239091716201165
"668",-1.417363808781,-0.66594675955839,-0.891858985960045
"669",-0.112023662713445,0.796976072570833,1.70481647837305
"670",0.720286229121815,1.23367123031534,0.512377873079239
"671",-1.40116880970827,-0.655558672956822,-0.643872416195489
"672",-1.39647999152348,-0.466839041208164,-1.13895983495242
"673",-1.41370895863409,-1.13663087850074,0.807142142255343
"674",-1.22940059014772,-0.0259432612631673,-0.520960447396969
"675",-1.14471942259421,-0.287400379771482,1.65097556216601
"676",-1.10637564914485,0.14460380227569,-0.0324517083072611
"677",-1.10315214512072,0.193950852900375,-0.226815663201231
"678",-1.55297044313154,-1.75781987893688,-1.24334223765093
"679",-1.44542259010765,-1.12759129149535,0.0102057695944575
"680",-1.45796065643409,-1.08975594177492,-0.412039111762898
"681",-1.22288768048857,-0.35153842330374,0.918652086150522
"682",0.957801567231944,1.8015035689933,-0.180863864929509
"683",-0.890472443286448,0.425354409337779,0.249861663169196
"684",-1.49580372996308,-1.58280242736968,0.201190126380235
"685",-1.55759860782057,-2.24835665872836,0.129527105716711
"686",-0.5405602867372,0.499355901555084,2.05947113105527
"687",-1.03281008591087,0.368038727976707,-0.463763998564917
"688",-1.35727552507347,-0.539768860113994,-0.303459223762766
"689",-1.38051024564544,-0.650489108885454,-0.305573383008207
"690",-1.55763241944569,-1.96267097234402,-0.852944800300434
"691",-1.39336848011573,-1.10379228548461,1.15704941451137
"692",-1.17699464983687,0.10068744406048,-0.496699719306007
"693",-0.311325782088394,0.945514379450718,-0.381091048777588
"694",-1.36415367448415,-0.508444880686898,-0.517572238226509
"695",0.732997824911938,1.41593049414377,-0.0319155309750858
"696",1.63119499762504,1.65482838975422,1.27945166183563
"697",0.779919530136398,1.09024668583584,1.54103880598112
"698",0.117808951875795,0.997249636006419,0.555929974946713
"699",0.938441306086322,0.818303469491993,5.92511181595083
"700",-1.127558774447,-0.206260589340726,1.44620250478966
"701",-0.933103118490383,-0.107023801855408,3.13956656294242
"702",-1.09521052653072,-0.0837460397283081,1.18874305457236
"703",-1.42971920318034,-1.07035618998245,0.178092266732666
"704",0.909622015321562,1.50099737087503,0.1492474787826
"705",-1.46614724381113,-1.06271185077528,-0.684857332230526
"706",-0.759122529378745,0.789666095993866,-1.06717742470856
"707",-0.901497637013796,0.42844537430427,0.157012041991836
"708",-1.43108086806115,-0.723841246912534,-0.965095628422794
"709",-1.42656002710086,-1.382687162986,1.51046441848051
"710",-0.757011595092104,0.510697220657736,0.615237310401216
"711",-0.697580728020088,0.526379003165573,0.881331484086098
"712",-1.36564604138821,-0.808627160551165,0.542745940298397
"713",-0.684622368856772,0.489982657783747,1.21106676166498
"714",-1.58864360025517,-2.53544380542783,-0.621668781982484
"715",-0.973670761429505,0.292469680352221,0.361416639458658
"716",-0.778184953004172,0.633995856487817,-0.262454585840574
"717",-1.560342535672,-1.96624518845675,-0.958822626084687
"718",-0.286029636771903,0.777786784809338,1.11421949746442
"719",-1.18624062574348,-0.451929755002206,1.93188574502424
"720",0.373594276362474,1.14506147283065,0.103523416571358
"721",-1.23439907554757,-0.524771232362383,1.56640389290745
"722",-1.13523949401789,0.271180060576448,-0.82499671842281
"723",-1.43642460673208,-1.02975399662874,-0.1158709532237
"724",-1.39557468452196,-1.17964897348624,1.43280796963646
"725",-0.787269069331015,0.524150973584229,0.343547991178759
"726",-1.56649597864941,-2.52250724217547,0.79343338140745
"727",-1.5394124581325,-1.66655804780911,-1.00423066411663
"728",-1.53265817050621,-1.76537688650812,-0.465941784769332
"729",-1.26535499597137,-0.113142701963215,-0.588188587279513
"730",-0.993039325009638,0.209405350373655,0.644092423100568
"731",-1.31163420782743,-0.34792655766395,-0.312079344698803
"732",-1.30305607662871,-0.260588076283858,-0.511545624303663
"733",-1.08330035273706,0.0694133281261021,0.539965199438648
"734",-0.938431586166844,0.24325897106244,0.916059470912508
"735",-1.38971406577916,-0.755396123234156,-0.108105556578188
"736",-1.34657635405805,-0.142471745424516,-1.4242351146422
"737",-1.37303923580167,-1.09646798897525,1.60332532555446
"738",-1.30648530646195,-0.395840982817273,-0.0634279680500387
"739",-1.08062696073836,0.285789721762157,-0.451290897024048
"740",-0.909623037144417,-0.166754516787716,3.82711288826334
"741",-0.584905674922734,0.521002598751828,1.61449127661067
"742",-0.357047155072172,0.812742189979603,0.511261880435576
"743",-0.309590215675075,1.00078137980085,-0.811708421579119
"744",-1.58581298831074,-2.10687208098341,-1.7351957045711
"745",-1.41095921282525,-1.36852239574065,1.88911832041903
"746",1.41243653498508,1.85980918999213,0.591873422366401
"747",-1.47384069793272,-1.36518086684673,0.0968941041010116
"748",-1.48876159641994,-0.993789505087593,-1.38087048681526
"749",-0.671659705957918,0.477622305461045,1.38105312054204
"750",0.363594061569136,1.4122702154241,-0.793528440476832
"751",-1.50064019827505,-1.5007445604982,-0.235694479243282
"752",-1.44337243548441,-1.04795861531154,-0.211597385290107
"753",-1.42074651272178,-1.13239865823653,0.620817580252393
"754",-1.45499956849231,-0.884496667508157,-0.962926919142095
"755",-1.05741860287544,0.117120547213789,0.548678252499802
"756",-1.49391762906244,-1.21175937682259,-0.923619329824825
"757",-1.21109454214322,-0.305799437388418,0.868473283611012
"758",-1.3030348574829,-0.466403445731774,0.258946102047357
"759",-1.57729002188561,-2.35736749605826,-0.554318746594568
"760",-1.02284536698947,0.221286523070796,0.329269380648326
"761",1.51931049506987,1.75599274781159,0.913900862913466
"762",-1.50791371786915,-1.87869444589135,0.913114321535745
"763",-1.32806155419202,-0.453699367635851,-0.162198882909114
"764",-1.5183074986942,-1.64990040265416,-0.324542144479458
"765",-0.885845096200003,0.568381784036412,-0.501013437974246
"766",-1.54629886369292,-1.70419509395467,-1.14375538725944
"767",-1.50267718037713,-1.2659343903576,-1.00005851229162
"768",-1.31655444010098,-0.60011219232436,0.582712498971242
"769",2.33529939986607,2.74857732730643,1.58291643058169
"770",-1.49619997189954,-1.18953959538977,-1.04261772057431
"771",-1.19297560930487,0.00460995365498319,-0.262933903040102
"772",-1.23207679260097,-0.0655921513239958,-0.397021082495402
"773",-1.32714810656607,-0.596635288893247,0.393855706351435
"774",0.0242838347869584,1.10722938144769,-0.587287446912285
"775",-1.30865388854688,-0.599767673993751,0.711880320187164
"776",0.125430202718407,1.35482829234385,-1.18122948010559
"777",-1.52754930824843,-1.39455730014894,-1.34736113126147
"778",-0.756960267594803,0.372162793722027,1.52196385845718
"779",0.779627872406284,1.80660384368331,-0.514400396776099
"780",1.48584271023557,1.53177177064233,1.23603012640864
"781",-1.39826910858428,-0.73653194911761,-0.329651403801299
"782",0.251534253729215,1.12748397770892,-0.109543597561284
"783",-1.07747177606533,0.412200543219486,-0.979619586684783
"784",-1.15152540971968,0.350370613208024,-1.26322158808506
"785",-0.667277518455326,0.860434918245314,-1.09842527349291
"786",-0.723633864635535,0.831946123924552,-1.15755502701097
"787",-1.53105222137912,-1.60562986522529,-0.891270134919085
"788",-1.61717832341047,-3.22557109210916,-0.115878978539337
"789",-1.38282820653711,-0.625923469120615,-0.427615918025396
"790",-1.28998517546437,-0.787808782192997,1.89324839625178
"791",1.36657955508146,1.18467282339226,2.3097449612504
"792",-1.47167659735461,-0.954112018572354,-1.11609499231506
"793",-0.144984154847742,0.968119254874816,-0.0106625807665357
"794",-1.08589601756179,0.197532594320598,-0.0938956990566053
"795",0.941062101212759,1.77575453943857,-0.185058360682557
"796",-1.32372077898898,-0.242667723376206,-0.835210823928935
"797",-0.0823328943278744,0.990455093709285,-0.00932388221954072
"798",-1.43521484734294,-1.0283730646853,-0.0934492350482705
"799",0.281310468845217,1.10651325238354,0.0929522808830434
"800",-1.34074717374148,-0.659393413979389,0.411084604021774
"801",-1.28033737348996,-0.400444197845687,0.326395497906578
"802",-1.50503026919217,-1.35648109013463,-0.809352388051648
"803",-1.04106220742865,0.302979025807059,-0.21948028239672
"804",-1.24911653551408,0.0896839386958589,-1.13929629029611
"805",1.30317342686583,1.16328028349303,2.3044602730789
"806",-1.25448680865181,-0.188378533156583,-0.17720987227981
"807",-0.685701544580106,0.545198797395713,0.826693100206064
"808",-1.1807859799832,-0.0419226531763962,0.0599361374782483
"809",0.888493019232367,1.48260613023631,0.143185734474469
"810",-1.34730816790843,-0.557304198067356,-0.0826080775654652
"811",-0.675086986589493,0.797932734411396,-0.748975746595458
"812",-1.53359920720353,-1.53571672283618,-1.16639915787828
"813",-1.08377276750095,0.113528326421125,0.320940185361027
"814",-1.5371732070889,-1.6557018846983,-0.957034975059203
"815",0.819058763731178,2.07875556701754,-0.64865529663806
"816",-1.6343674099421,-3.60364641266033,-0.451381419204251
"817",-1.21683837907721,-0.00815652483582832,-0.458281397045298
"818",-0.631973302616238,0.78119999933412,-0.453816788056688
"819",-1.16916940671764,-0.375143300565583,1.77760404198485
"820",-0.208918788651067,1.05227208326765,-0.894518251187628
"821",-0.949292394185154,0.528348100768465,-0.67586132369123
"822",-1.26617202351615,-0.118788251085763,-0.576855844452796
"823",-1.06148023683394,0.16504264929728,0.274338466693923
"824",-1.51916726772577,-1.58468399960487,-0.559911306474258
"825",-1.15099066388517,0.165940304686838,-0.525813287085771
"826",-1.48072457550881,-1.80355567389715,1.64714913138183
"827",-1.35064925272933,-0.564856356413968,-0.109013754708397
"828",-1.04547577817647,0.106458957700435,0.714493663537531
"829",-1.29088477119378,-0.499177105928149,0.57589128891389
"830",-0.500834901310682,0.697395989164484,0.752030425580084
"831",-1.1841704761619,0.0188561168432548,-0.231741848046741
"832",1.19334075530953,1.33499227615425,1.17817012250216
"833",-1.43846209540928,-1.1322449414479,0.19384146263477
"834",-0.503312205681181,0.869770046882301,-0.516091600848363
"835",-0.695175351566194,0.791616510922287,-0.798026479864065
"836",-1.45372207581141,-0.917404950500538,-0.84220597421019
"837",-1.22945033814602,0.00781608438526244,-0.649581158391183
"838",-1.00091344983833,-0.122641211922059,2.47009330073347
"839",-0.272382337356166,0.833649677269624,0.691001393121487
"840",-1.1491084450295,-0.299545473958544,1.65670222025066
"841",-0.914831051010833,0.28394993178705,0.874030820340481
"842",-1.58048319940332,-2.45540559051437,-0.391004761110901
"843",-0.772094377569917,0.562488530771098,0.200947297867454
"844",-0.0200873252777767,0.708907657893783,3.0265191254152
"845",-1.2762240983779,-0.238929421491925,-0.250887469155866
"846",-1.60594844938824,-2.89042407094019,-0.567423168370927
"847",1.27554361590958,1.68460850154933,0.55535085869547
"848",-1.42027928953466,-1.14590694081743,0.684771096262495
"849",-0.998872474233088,0.303324150248758,0.107681729487928
"850",-1.32069408856062,-0.579969877452354,0.433541973742549
"851",-1.17019710607331,-0.0601400954501489,0.253454875713581
"852",-1.00954533450614,0.24493563566936,0.319738512417323
"853",-1.17816210629151,0.0335462603911262,-0.232233730412031
"854",-1.05342683225981,-0.20514737117898,2.34691702051631
"855",-1.41308717114745,-1.40279833681282,1.99170791076028
"856",-1.33902705942142,-0.42191833219867,-0.435727595529046
"857",-1.21406746303164,0.131627620352233,-0.961236136778456
"858",0.396380921518482,1.09199346374061,0.497583221447552
"859",2.11130284509697,3.25521460952306,1.04772972231842
"860",-1.39997419569739,-0.69265370310856,-0.504527020333412
"861",0.466569928830181,0.935590962654803,2.41961717238477
"862",-1.49459146881604,-1.72338311663263,0.780337135545344
"863",-1.41044876133907,-0.591941732270533,-0.993499589054079
"864",-1.01260147342554,0.438236322748563,-0.650095086527447
"865",-1.15908088809991,-0.0779359374583557,0.455095145308281
"866",-1.43392310452784,-0.712142417089783,-1.049758155917
"867",0.029588604276928,1.09780701722433,-0.520058195157402
"868",-0.279939375246403,0.845584438043742,0.558373713479606
"869",-0.649290567003006,0.547611780356099,1.02882706393205
"870",-1.36247525575008,-0.549144369839875,-0.353625143700331
"871",-1.35112188725281,-0.548297353986217,-0.175850669925419
"872",-1.21985612737715,-0.201052760378477,0.29438137428549
"873",1.05690677682195,1.63275866961339,0.214003910186645
"874",-1.55705773309639,-1.8548602033067,-1.13872053456344
"875",0.299559542468432,1.37185299110862,-0.845255775248739
"876",0.525116173088112,1.33704142451889,-0.277144731286426
"877",-1.56317054629139,-2.32444801323945,0.126976246552025
"878",-0.335056328030427,0.978277493845719,-0.717722345100183
"879",-1.39066595279649,-0.855262655060858,0.231793137489
"880",-0.886436025028117,0.597772865596984,-0.659437533531136
"881",0.476249643477725,1.57068652420391,-0.824345864135352
"882",0.140158520268902,1.61831960815899,-1.53453254687515
"883",-1.0978877869281,0.199488891726852,-0.206238799566333
"884",-1.46029227103507,-1.26940754548713,0.130619894968181
"885",-1.39926142622757,-0.783232965870597,-0.19027003973635
"886",-0.936623088281304,0.375906614490346,0.195931754039774
"887",1.08474251807489,2.51443142167856,-0.401627600420124
"888",-1.41701302766094,-0.664807847511332,-0.889161741469014
"889",-1.47017611258115,-1.23198279174092,-0.254488818234862
"890",-1.14386478631102,-0.276140133773086,1.60344962195325
"891",-1.60374081113744,-2.69906366212431,-1.11949687711937
"892",-1.42853785092014,-0.826011781050079,-0.611416357991422
"893",-0.950779814860069,0.687400858785225,-1.44564662514234
"894",-0.684833341264488,0.0996918420393067,4.15534438179839
"895",-1.4030276301406,-0.662955303924845,-0.652660292305697
"896",-1.14022446752541,-0.250000117183969,1.51464194254567
"897",-1.07469443405484,-0.206637384303752,2.09534671813328
"898",-1.41931758366482,-0.89589251050687,-0.201772182946835
"899",0.728721452563982,1.87513132665779,-0.667436249748653
"900",-0.992667595839191,0.274460954858086,0.304819453400024
"901",-1.45951076934201,-0.696561352282909,-1.54736897541767
"902",-1.55124509211829,-1.82440955713147,-0.995388577800225
"903",-1.15806743531387,0.052980042349223,-0.11503026558713
"904",-1.50418136057406,-1.38786849815611,-0.693594328262577
"905",-1.31974891506701,-0.948704694493861,2.088902580435
"906",-1.5688036850645,-2.28217078696716,-0.345543973967722
"907",-1.1281510898759,-0.142924203548838,1.11647597082171
"908",-1.35679811455305,-0.383972948441451,-0.815713519300579
"909",-0.970494872022582,0.508858160411125,-0.711897890230847
"910",1.32173385382569,2.1432413627895,0.190879568572913
"911",-0.846989352763564,0.62948035848563,-0.609996104163573
"912",0.629054860563296,0.991707862240702,2.2325565782115
"913",-1.14852610200114,0.0275226057653551,0.0912543308155946
"914",-1.14178947983831,-0.00603047225086087,0.311223751900444
"915",-1.48214847666268,-1.3281500842282,-0.259975384192166
"916",-1.36935404963582,-0.642337418935572,-0.143054524803159
"917",-1.13137478475335,0.102274037283222,-0.0732833792001772
"918",-0.261154464617411,0.933564168307037,-0.109454107074581
"919",-1.29038517087785,-0.259798235104049,-0.352511617811929
"920",-1.05538263943934,0.25408405749195,-0.101920789038704
"921",-1.48013341345812,-1.07853683235318,-0.961712375328249
"922",0.0117236721252072,0.996385620492728,0.231702621709576
"923",0.437093237974227,1.32702971521751,-0.441611326063666
"924",-1.52850851244851,-1.86038591259159,0.0150677473690197
"925",-1.29982433661834,-0.598045317862504,0.850436021686414
"926",-0.898341649539299,0.553738833572242,-0.497471090823465
"927",-0.68498236481084,0.786069289401599,-0.719416649972944
"928",-1.39861980925203,-0.900243489516314,0.236894882928887
"929",-1.47137493364237,-1.4299833748158,0.402014057044797
"930",2.00913631504593,1.15976739084084,4.0800206934546
"931",1.36876929897776,2.06652657952831,0.327593751302964
"932",-1.4044607217214,-0.611214227189948,-0.83687946049915
"933",-0.86927562256278,0.582323022346981,-0.479390404320023
"934",-1.2896002236254,-0.313179025917002,-0.143245272858402
"935",-1.48320981651094,-1.16584141130173,-0.78669949935706
"936",-0.326518117417501,0.689727869784256,1.68813883262851
"937",0.91062992044781,1.99505818610129,-0.431479325794244
"938",-1.20902628910462,-0.192530123402925,0.389245867049312
"939",-0.950026462618522,0.512862191445038,-0.603492009550724
"940",-1.08679313755074,0.223512191898258,-0.220599844588909
"941",-0.0156341489953064,0.886159098538388,1.2201168530736
"942",-0.689839356181931,0.74658487309751,-0.498232916583378
"943",-1.51945310949672,-1.89580842359807,0.513921531519862
"944",-0.322297955202175,0.593913189063279,2.56478925503934
"945",-1.31020629251695,-1.129199747858,3.26333694454628
"946",1.09351546383677,1.22331978304818,1.43131091430205
"947",-1.04748834120759,0.479002277011728,-1.06560485452332
"948",2.85533644401889,1.90904677949639,3.14842488084957
"949",-1.29283435035099,-0.647661428011297,1.18525648328194
"950",-1.33616468436241,-0.347522563001236,-0.649070747690808
"951",-1.26878526975732,-0.131424979436449,-0.560632730471089
"952",-1.12371456549615,0.028803238994996,0.335070828568516
"953",0.0251769870379783,1.00820442550382,0.158642976970272
"954",-1.43513692062442,-0.833013505121968,-0.71858874556962
"955",-1.17462461438693,0.250822612107759,-1.06478621775322
"956",-0.875803829805195,0.425392706579591,0.350466927543519
"957",-1.12922829197045,-0.258587679990025,1.69940349385847
"958",0.0127448995939445,1.09303183736542,-0.537058608187703
"959",0.878122512636982,1.05384461246776,2.1752629705469
"960",0.937482793996613,1.47245806030747,0.263532186304384
"961",-1.54748411994574,-2.35022603873881,1.13262767039496
"962",-1.15472526133844,0.115030407723393,-0.347160728824741
"963",-0.267315544795321,0.808192291116441,0.931996306381339
"964",-1.50298756386287,-2.02717172835868,1.8040201497586
"965",0.878971591235431,1.78075070212534,-0.305406665014837
"966",-0.752472551247142,0.664552406770125,-0.307521988066052
"967",-1.15505479971267,-0.264893146041107,1.40167281764097
"968",-1.36804696632368,-0.600318378469581,-0.267813000149492
"969",0.172337720804169,1.2002785605913,-0.641414697809791
"970",-0.834273490781443,0.54735819162614,-0.0794391463888249
"971",0.814011012913969,1.78729677447533,-0.4323009401437
"972",-0.367828287278149,0.600583648434859,2.24762458130165
"973",-1.45328231596442,-0.891912235196666,-0.906880934118361
"974",-0.791903223399106,0.544466294769503,0.192208141596693
"975",-0.0730923051083052,0.202437415952394,8.58572533585593
"976",1.01601589571383,3.37649645872258,-0.732780621547407
"977",1.0684459566557,1.89206987774965,-0.0652554658978608
"978",-1.11297745637074,0.0104947462926991,0.530363016846389
"979",0.998015225174457,1.53577350465565,0.259835042692618
"980",-1.125535506928,-0.313788857087899,2.04521184162701
"981",0.136202258242926,1.3523253161595,-1.15287870105296
"982",-0.567921094076677,0.791259209399775,-0.238047416366685
"983",-1.0439516421482,0.521974867209212,-1.22911879991874
"984",-1.33600383391496,-0.504114082423085,-0.0984538226329805
"985",1.33397390366949,2.41208078640339,0.0620114910591454
"986",-1.3259698458999,-0.490799223532768,0.00613429940434385
"987",0.498941898779521,1.35847399945287,-0.388847985085793
"988",-0.64345471355057,0.543440438396434,1.09324718478206
"989",-1.34264782990502,-0.556541413409778,-0.0107539588640522
"990",-1.28038208818292,-0.28025011785291,-0.147138432167627
"991",-1.55379534382524,-1.79083143753231,-1.18622273173031
"992",-1.26431906039774,0.00424805147919543,-0.99432859128427
"993",-0.517324998903224,0.769698644097623,0.139046410193699
"994",-0.516142480825172,0.825795065076637,-0.257339605894464
"995",-1.38643369510616,-1.16892281004819,1.61110396424928
"996",0.189509936563894,1.08883792616819,-0.0361045123830241
"997",0.703160269812963,1.12889250471121,1.03965453112067
"998",-1.11247686693486,-0.231946161182644,1.76846518805545
"999",0.680898736653521,2.20216372400922,-0.956323029122986
"1000",-1.37173335039283,-1.09196018301771,1.61335639373142
