"","x_pa","x_child","noisetmp"
"1",-0.220413558847013,0.345481854430399,-1.14723118407938
"2",-0.382733908664924,1.02311862304235,0.888104592289072
"3",-0.031439800723641,0.753206637803996,0.263158046744728
"4",0.510366414825165,0.738644258082028,0.829577800362344
"5",0.336331196509394,0.523085334520947,-0.172893135781838
"6",-0.515555184472507,1.18491796924563,1.31262606487348
"7",-0.845168521260887,0.530481846627998,-0.796541613321518
"8",-0.819865347656758,1.04119225336962,0.739043362915353
"9",1.08459879652003,0.163738405181306,0.276028288564971
"10",0.24717336003571,0.158087389788274,-1.49919138949857
"11",-3.1389301464884,1.42672445629712,1.36121482950864
"12",1.1091349424189,0.486335593932625,2.12561341176575
"13",-0.103783246259835,0.912805212296266,0.722488088116516
"14",-1.98127860127941,1.15366488451825,0.76307759690345
"15",-0.893912020427599,0.516532251157594,-0.851160198748782
"16",-0.979853864321343,0.491709225683633,-0.946291870354713
"17",-1.7814522055657,0.694091458899596,-0.512234229452227
"18",-0.0916216579406307,0.629755826602362,-0.175222142663944
"19",-1.41603572030643,0.635408029369223,-0.618086893486456
"20",0.214327505193038,0.414121261677051,-0.660608656842743
"21",-0.290087502135976,0.499014490077735,-0.696267642859688
"22",-0.107799055766088,0.575286879885583,-0.359506589495498
"23",0.500619986699764,0.219407759756476,-1.05623610578422
"24",2.13870369079896,-0.618523777078608,-0.0715417712587767
"25",1.15773785938194,0.0722778286913431,0.315340343568073
"26",-2.99487661756389,1.18556885186727,0.710392161279692
"27",-0.391055129601932,0.521865580007862,-0.669279018521916
"28",-0.0391921770728801,0.893982604891784,0.711658589920608
"29",3.31879458853471,-0.801952156142006,0.704777282819886
"30",-1.16200935578796,0.474234736387848,-1.03795931851214
"31",-1.26169747178449,0.990115143064288,0.448420646551627
"32",-1.50934526998044,1.13382681775527,0.803799178528421
"33",-1.52078796991418,2.04993763996506,3.44497692884395
"34",1.79905471146418,-0.567031872021275,-0.926490002844704
"35",1.75102365801224,-0.557185702371414,-1.02215849909007
"36",1.1464620649392,-0.133815366084332,-0.91067100686922
"37",0.343613794499036,1.31642509367242,2.57637639907871
"38",-0.255389464343352,0.797961530921044,0.258977857339493
"39",0.238713284656565,1.28998747318155,2.31946626151482
"40",0.563432866210997,0.273999545075129,-0.777983997760358
"41",0.350960978960037,0.472896440453283,-0.330345156988027
"42",0.262549053653794,0.470473666652192,-0.427700634922914
"43",-1.33349232325648,1.3814410332922,1.56861899145142
"44",-0.324471779279494,0.650721124794326,-0.238682285376549
"45",0.874437302135303,0.245380842981912,-0.255511171062249
"46",1.90936787249856,-0.549209394016295,-0.123959391227927
"47",1.11626176255271,0.645213505424671,3.0311236232093
"48",-0.361054134800856,0.409859563367407,-1.00451338706501
"49",0.374086215505832,1.63307847728936,3.73286873941767
"50",1.39391795244987,-0.246806722626151,0.0244217274784884
"51",1.91758546119184,-0.407011705111389,2.05997604075881
"52",-0.157980220613797,0.456329617016812,-0.766556712493899
"53",0.342344278397583,0.513970270430657,-0.197745354041319
"54",-0.574461142871825,0.828991771758643,0.1968832382664
"55",0.696349369108043,0.15063603072666,-1.03911412647391
"56",0.588631100976501,0.203137237848852,-1.0043624209357
"57",-0.737058576578574,2.13251207957573,4.05677103447338
"58",2.31270919074236,-0.652859606400189,0.14122367011243
"59",-2.70089220975188,1.00012516638915,0.228140988325733
"60",-0.272116517536396,0.765491105456933,0.147562063149428
"61",-1.85689522190975,0.96702003200834,0.254213184654244
"62",0.164675944437622,0.741222249738394,0.389629814388732
"63",0.557285711825384,0.57139554390938,0.302937560667464
"64",1.59499691980434,-0.368817248768503,0.254210768088845
"65",1.95261918812948,-0.549608595182511,0.107829649258405
"66",0.145968558691837,0.538468634022397,-0.30154471726005
"67",0.623864059172581,0.427127910469688,-0.114382574571145
"68",0.891544458170878,0.179374186953086,-0.484946309657504
"69",1.21731620188457,-0.229050618538553,-1.00962971225561
"70",1.12141947942919,-0.152787022019709,-1.15463043120293
"71",-0.537431543056927,0.732741199448577,-0.0813840478900167
"72",0.900163120586183,0.0287899940608172,-1.10660402815839
"73",-1.0592780575689,1.88445788823096,3.14387783859506
"74",1.57344034625699,-0.44353800803682,-0.637127321970208
"75",0.526336316279283,0.545987681381805,0.15908457887587
"76",-0.184594845257271,0.75245272055208,0.157630260106395
"77",1.13828828622419,0.0539514884857182,0.0623400758815649
"78",1.5188353617067,-0.241011915659205,0.979888992388341
"79",-0.762597297983469,1.20765600401421,1.26159573018676
"80",-0.993096334174807,0.569877698668044,-0.717969242667352
"81",-1.00302500370571,0.427584508711099,-1.1415216037333
"82",-0.238569386287829,0.817459187056832,0.330184187233492
"83",1.80215944035541,-0.533798372310759,-0.472723180224419
"84",-1.40938008906018,0.698851048631834,-0.43285907835415
"85",1.09126880413624,0.0630745910634681,-0.196443471040617
"86",-1.04920533137838,1.02702393664873,0.617665411684251
"87",-1.65554988291402,0.938055072157203,0.208609903979767
"88",-0.0709424842591186,0.408985369169588,-0.8711669268566
"89",1.13925604994773,-0.0484149095991968,-0.488430886733287
"90",-0.543743612,0.439755110209579,-0.979156954335536
"91",0.436059068548239,0.299984775935162,-0.841923930645451
"92",-1.49599976768708,0.577406309006707,-0.800471097424283
"93",2.77919036496004,-0.771893171244721,-1.00735466949111
"94",-0.391708844006859,0.922697270096476,0.571955598916645
"95",1.29685017173321,-0.138821331640264,0.129630489116393
"96",-0.531291032133505,0.693677641092447,-0.198310097239813
"97",-1.06166059434752,0.847709746743123,0.0848881628169411
"98",-0.739483469281025,1.22507133459108,1.32417428383037
"99",1.30304673125877,-0.31163179186514,-1.03662859323654
"100",1.69857243763574,-0.472438915101613,-0.264439615991162
"101",0.0578356467818794,0.529739062290767,-0.398093172274767
"102",-0.998800589483652,0.987774226090699,0.517602523355495
"103",-0.907132031212368,0.879949679931774,0.227076228811795
"104",2.50653584685085,-0.677957456783794,0.613490970604781
"105",-0.891974079211481,1.89975693507246,3.27019078856446
"106",0.924410692629323,0.428476471658025,0.708789889676171
"107",0.10468896876964,0.174028681555916,-1.53631380178795
"108",1.61000884592248,-0.270566782449264,1.38785397229547
"109",0.1139383590358,0.287927955130671,-1.15476408476033
"110",1.85811255241377,-0.580935233484669,-0.841263594417536
"111",-0.390247102862823,0.376790506127038,-1.1183500259918
"112",0.653529393183496,0.155935328781008,-1.08728487351455
"113",0.410799011314397,0.726963875761734,0.630393382144305
"114",-0.19129813048638,0.881092052296158,0.560581200390178
"115",0.849970956537543,0.387967001279813,0.267760489802913
"116",2.49829412787386,-0.716258267573739,-0.510750217876096
"117",0.755758930569862,0.633842073050874,0.982872297637124
"118",0.588304102252023,0.344886246459872,-0.480153293552385
"119",-0.443032899562211,0.664082952693458,-0.252028627739688
"120",0.736090767782977,0.42865093951419,0.122341746085168
"121",-0.612824905021583,2.0751473084642,3.96703062371757
"122",-0.0436116825075783,0.383707854886864,-0.937234194585119
"123",-2.65800211558327,0.985959346897219,0.19357714716965
"124",-0.457196758319201,0.686779902480164,-0.188285472688089
"125",-1.93823351111935,0.412951530522811,-1.33488326414021
"126",0.341023072776124,0.416468373065434,-0.535897358205431
"127",1.03388717721039,0.152515609804812,-0.0605720766709139
"128",-0.532827360000816,1.53007970067604,2.35889118729333
"129",2.18503798977645,-0.596799332783341,0.614815849205408
"130",-0.267468375173593,0.650520585571267,-0.210499940811617
"131",-0.0223107025117655,0.443974306625515,-0.730150644204599
"132",1.72999979261217,-0.387842376462646,0.942297648667497
"133",-0.431319740317298,0.567392370506359,-0.545256259404536
"134",-0.182523410385321,0.748495840969888,0.146366684645279
"135",0.355722194533765,0.722210779837874,0.53872112634855
"136",-1.93460993602739,1.591255539874,2.0157498740195
"137",-1.20747101133426,1.19590661322485,1.06526937068633
"138",-0.974100970501255,0.843093538614335,0.0966931609073667
"139",-1.4333328088496,1.57434520966653,2.09833120913617
"140",-0.267714007171382,0.424941444714361,-0.918250231923311
"141",3.02906657149913,-0.714008974839249,3.36498590257147
"142",-0.484138240680355,1.36032491858667,1.86860506161041
"143",0.836114089876314,0.172150321396876,-0.666873299352487
"144",2.01898739808643,-0.367069960618124,3.55986922064983
"145",-0.569529090513015,0.397373239798991,-1.11694462639691
"146",-0.210552767061014,0.882000778568391,0.550972376839575
"147",0.226765239220627,0.649727183521015,0.144036264181016
"148",1.31589126372976,-0.066656731526955,0.790125251978869
"149",-1.03625091644852,0.594150359034667,-0.656837090677971
"150",-1.62550266479419,1.31050899577036,1.28500592047032
"151",0.355280186125876,0.369522881719692,-0.683794733851536
"152",-1.87037596928591,0.650541868371235,-0.649849152767829
"153",-2.63499852196429,0.714744822620432,-0.560534848112518
"154",-1.01503030227031,0.828385072004915,0.0410938728102499
"155",-1.00583661003554,1.13262527081505,0.943951162065652
"156",0.872013534574071,0.561293725614201,1.07148010782072
"157",-0.368672691873915,1.35927228934417,1.93972799767302
"158",0.844850648151129,0.369159871028382,0.17366454746849
"159",0.144473494309359,0.390256515946983,-0.794870582410832
"160",-0.106542078202765,0.821162971634247,0.427423824768017
"161",0.347640427118381,0.503579583369707,-0.227820200253444
"162",0.636987822153638,0.5035887247021,0.197540366925402
"163",1.52395791288272,-0.506027298030686,-1.49203465469607
"164",0.0233315973195339,0.894208645485639,0.764282176342573
"165",0.407809482432646,0.370385916880047,-0.625205611615075
"166",-3.12537310523269,0.727995285345804,-0.567701616746421
"167",2.89990846299256,-0.753654220047608,0.397948369655566
"168",0.825805119200198,0.700577841978808,1.47896900745733
"169",1.17328665723664,0.217589658081187,1.28519942966881
"170",-0.760360131387622,1.11936652701231,0.997243357917185
"171",0.923945979957622,0.489950407701714,0.975760631166285
"172",0.754166792793484,0.714700294305866,1.29841607766892
"173",0.526752026533455,0.758440257435914,0.930499202192625
"174",1.26426935798304,-0.142028521518155,-0.134287959124178
"175",1.45663047067651,-0.238172207645055,0.541319924472941
"176",0.656793972609728,0.378296401080977,-0.238322723722792
"177",1.36391039807179,-0.138596499397119,0.648569218621449
"178",2.32275043403306,-0.520196689896968,3.28222024159503
"179",-2.12908534965783,0.524944491671584,-1.03947566452457
"180",-1.78668052069925,1.11014927454988,0.675749270445368
"181",0.819642970290894,0.145238691428455,-0.817261069625836
"182",0.54275103598614,0.39003998657262,-0.382984838644296
"183",2.4707650675341,-0.716429747646843,-0.646286100592489
"184",1.82692662077912,-0.590107807616274,-1.10938419113615
"185",-0.539736116701142,0.818382187946749,0.179411255942207
"186",0.326804504944221,0.725685059714105,0.514111376306075
"187",1.29009483963144,-0.0433653136988757,0.736288260841314
"188",0.051125694852151,0.371445757156589,-0.920463219627603
"189",1.60125798209153,-0.240178610191019,1.6369545341528
"190",1.12067843841163,0.00416752426994768,-0.325078834769717
"191",-0.0648126328927677,0.809626088680472,0.420369123894602
"192",-0.838613406482238,0.302722197814866,-1.47559952589967
"193",-0.261070639875709,1.46917743228097,2.3627690624139
"194",0.960831305103177,0.945394259482053,3.19415984338003
"195",-2.19931335648499,0.852548601859203,-0.123194677513672
"196",0.26730596341958,1.01549052521664,1.428961291817
"197",-1.8654007349455,0.703697734907706,-0.497654839810574
"198",-1.45950303576643,1.43293971668597,1.68128413671617
"199",-1.67781640231965,1.45266739015862,1.68043993204392
"200",-2.66006939515844,0.669720557268073,-0.688586104697404
"201",-0.535037502114007,0.734328084184959,-0.0755393501078943
"202",0.83429463022049,0.353770974165514,0.0784522445265776
"203",-0.383982406573743,2.35098723766217,5.00331019531673
"204",1.66764525102156,-0.18741640055479,2.78747490449838
"205",0.228830402566841,0.471608007235103,-0.454567637686139
"206",1.05848897050994,0.0121866269812567,-0.623964695158078
"207",-0.428123391741026,0.574582853725145,-0.521738139904621
"208",-0.646775573289031,0.962773434522526,0.572675617672094
"209",1.24856083753345,0.240488683530499,2.22639215974835
"210",-0.50982532150572,0.890077660139204,0.412307723053799
"211",0.319447924592582,0.499471292719269,-0.272310283425551
"212",-1.39732643644409,1.36923328136522,1.51440122719371
"213",-0.114187360327807,0.490368601333191,-0.634571604351678
"214",-0.0722344904537273,0.580619286889487,-0.320606863414735
"215",-0.507506339975001,0.736309487937369,-0.057869936217583
"216",0.375068258894075,0.585447216991509,0.0881573947543637
"217",1.27019057539097,-0.0675714694084611,0.407054038233912
"218",0.768835860563444,0.518360907012653,0.560656130028526
"219",-1.07769361553681,1.01582746396668,0.575838585572042
"220",1.11549840763881,0.0162485978227668,-0.293650043849893
"221",1.90989086099322,-0.577019242043913,-0.535998939848855
"222",1.51189356172835,-0.183181586497473,1.46670085025705
"223",1.4253146291754,-0.334950756127089,-0.49107556502752
"224",2.21126465051082,-0.68354556842459,-1.01839198392752
"225",-1.39713074370368,0.608430645974263,-0.692728408393511
"226",-1.18368118007932,0.745608757453391,-0.247076579240843
"227",1.80562826585843,-0.485316558028337,0.18863137747863
"228",0.0866124636613291,0.513428258818069,-0.430587214004728
"229",0.243809711672085,0.531290748552752,-0.239259041181139
"230",0.0311528619611154,0.394437761851973,-0.857989955115437
"231",1.87091068783898,-0.540426926276973,-0.202620291036206
"232",-0.0615956783641395,0.365020124333961,-1.00736358079966
"233",2.53647581232232,-0.720111665080697,-0.434602113332023
"234",-1.49502321968246,0.729855547668519,-0.359869244352046
"235",-2.39465582195492,1.96617452852034,2.97690827415286
"236",1.24431706894396,-0.115832677020803,-0.111174665942965
"237",-0.22025840019091,0.588350101819473,-0.381261823644774
"238",0.0426761071130488,0.499517158964919,-0.507580237756241
"239",0.177370770027286,1.22619756406596,2.02170218343067
"240",0.529059572887999,0.675673156097002,0.634243569794076
"241",-0.16505486994146,0.739774246450026,0.129489770555332
"242",0.613253245543302,0.312400594320802,-0.5615923525525
"243",-1.5583152105046,0.425269062409321,-1.24946764693706
"244",2.31254735720345,-0.621526312208613,0.861310379100058
"245",-0.877200844098704,0.536300872529182,-0.787835966455229
"246",-0.320623831988848,0.441355943150978,-0.88988046161448
"247",1.24922305485901,0.00836654045957372,0.730134343240738
"248",1.24973730518629,0.43931595864635,3.52828689623847
"249",0.297864306693286,0.372098174985586,-0.730199025739525
"250",0.334572860843206,0.479745349719392,-0.32426398275741
"251",-0.900411330745793,1.10940471301494,0.91248399426546
"252",1.76636132989601,-0.530947401964884,-0.618221892814539
"253",-0.270644622227514,2.43430367845301,5.38163663235706
"254",0.122425887204458,0.487587457492091,-0.488847492415296
"255",1.37741932587856,-0.21979640686465,0.122216614154403
"256",0.396190976799596,0.612966835322115,0.210842424037017
"257",-0.410913270941627,0.723284226284841,-0.054767025101752
"258",0.864952025741747,0.320905685925635,0.0339540140869459
"259",2.55270893143864,-0.733050750680858,-0.738644369130016
"260",-0.76213529090641,0.425188579581042,-1.08938077687943
"261",-1.27415625591771,0.694913740598741,-0.416083692840424
"262",-0.71882364038128,1.02586665640205,0.733103015662636
"263",-0.700905782526224,1.83167730860311,3.17248177219093
"264",0.662181091756654,0.443322680962043,0.0191154466573935
"265",-1.3428421434957,2.23919418605244,4.06031956828209
"266",0.12781156655294,0.480853442353759,-0.507005779399376
"267",-0.413949100610738,1.08062201450799,1.04826345362397
"268",-0.0460027974489194,0.635705451669166,-0.126281387605848
"269",-0.892444192829937,1.04557414875254,0.725275280687094
"270",0.745073074715391,0.959175964408019,2.23502353106411
"271",-0.187269385333685,0.598718765924521,-0.330678826499189
"272",-1.5275043914073,0.860103229617223,0.00975829332100675
"273",0.469017782332764,1.55342869495756,3.66648036987382
"274",-3.76201046770726,0.770164714681925,-0.497429709819772
"275",2.01858008496269,-0.58481851369775,-0.102826635155311
"276",-0.958236652772098,0.458277122662425,-1.04029762920159
"277",-1.23718701210351,1.83009993451207,2.90994731413988
"278",-0.557666298039439,0.912551354279564,0.459059057867098
"279",-0.708369093727722,0.816481717592852,0.105867501899992
"280",-0.302508841455495,0.684860335470198,-0.121102455499214
"281",1.10803674076008,0.185609263489888,0.545115481989121
"282",-1.57764318323209,1.14838776742001,0.829845565081907
"283",-0.551206946065193,0.642278615483014,-0.36327143678338
"284",-0.722907336857141,1.0819895571671,0.900526739192849
"285",-0.166440672786872,0.72704597766664,0.0882345408778207
"286",0.472267922689251,0.6354321540408,0.396982811242743
"287",0.610005976667635,0.716125187998273,0.938971624754429
"288",0.853331889866101,1.12455601092188,3.35377547389399
"289",1.50791527489075,-0.302952218470995,0.322008178811227
"290",-0.983262184915767,0.990298271316297,0.530075519074509
"291",1.24409072152059,-0.0103166718110987,0.565264147054654
"292",1.18759676838107,0.771002882489533,4.68747352993951
"293",0.0223817372644772,1.4210934980297,2.47864755217785
"294",0.113582600755948,0.603442877870395,-0.112928963715763
"295",-0.851232775209104,1.77865591036307,2.92998541506385
"296",-1.35902865602037,1.18731156423159,0.996846143116724
"297",-1.14349709303296,0.939345867381193,0.331684895972643
"298",0.571540682235186,0.790371662419941,1.13380544723563
"299",0.854365918535947,0.174092995806627,-0.611854568282557
"300",0.28768491234434,0.762949115137111,0.594476745290521
"301",-1.88061393046893,0.804397250122979,-0.213103947453247
"302",1.45090548920722,-0.42106619018379,-1.07676922997905
"303",-1.34631144067442,0.628275154921044,-0.625226110121548
"304",-2.33124441806864,0.386500003512314,-1.45048183812107
"305",0.776053978726278,0.259584770170806,-0.454828606589059
"306",-0.442061039799689,0.449008319331436,-0.914613511550748
"307",1.54103596621325,-0.345165794128799,0.142095241765984
"308",0.330773988137209,0.715371703570481,0.483503711051735
"309",0.511407679904971,0.483871656095333,-0.0885829671575618
"310",0.550492346940001,0.682908658847559,0.698896564847631
"311",1.02857417474546,0.136070989818428,-0.164991574090086
"312",0.193581616378712,0.451463583477804,-0.552473839455818
"313",-0.983572808013474,4.4920853009237,10.9045854590823
"314",0.49396815569667,0.532080510715986,0.0593310881441842
"315",-0.259095635537412,0.969047699480975,0.794021950250776
"316",3.12359705739614,-0.808418723266034,-1.04857665943757
"317",-2.29471525439108,2.05414957020637,3.24505325333791
"318",2.35425675564803,-0.619949698639841,1.16505621036884
"319",2.88861779102944,-0.783800398883274,-0.983487194379532
"320",2.16898881485197,-0.452309044176475,3.37335407171529
"321",-1.94901293922804,0.787424908359073,-0.27190750290612
"322",-1.08695129290545,0.502751406038305,-0.938208494663695
"323",0.301982345102959,0.463255342633871,-0.414340805536157
"324",0.492573200473414,0.725176181977842,0.750674188472052
"325",-1.00503526008493,0.557409764140424,-0.757819893261118
"326",-0.556442743174847,0.52055455260846,-0.736798736440691
"327",0.925073876049271,0.242785607873129,-0.101341630998824
"328",-2.03506716590268,0.971831891967765,0.238182094846932
"329",0.00909904335174337,0.451731365017604,-0.685480606050831
"330",0.72160802601019,0.260517556017943,-0.566853949424482
"331",-1.78491045220634,0.505392458520977,-1.05197586038625
"332",-0.689852225782068,0.519081543236927,-0.78547833508129
"333",0.988599179514629,-0.0597309535972493,-1.24123324228857
"334",-1.01158433238583,0.650942716085363,-0.482759904897634
"335",-1.24284694443198,0.680283121105868,-0.45191060340387
"336",0.656958966336221,1.86643063122492,5.41058228148108
"337",-1.60150853917858,1.07110947273575,0.602110550158432
"338",0.456059573143171,0.456718440872328,-0.26240582792238
"339",0.184879016140787,0.638446313282957,0.0657084896624656
"340",-0.424329272729025,1.03350085281934,0.896874424720692
"341",-0.114159355681324,0.698521631865653,0.0303516514826545
"342",-1.32578400359727,1.01191315475152,0.495449969154582
"343",0.740927391516067,0.304924179192769,-0.352953251317704
"344",1.39466392704973,-0.195016046739636,0.443388579549474
"345",-0.953062061702819,0.683399874455827,-0.370903322686824
"346",-0.655274052594933,1.39261638888215,1.87074078514111
"347",0.706924577818717,0.473359831741442,0.229312525408051
"348",0.473225260185047,0.775682169540566,0.899287247196435
"349",0.302479238945157,1.8137450866459,4.20988467345557
"350",2.11074710499975,-0.609410080797895,-0.047728695386055
"351",1.39357375104591,-0.156237004029696,0.744658182204723
"352",-0.0257793397363876,1.0896680087192,1.355000866164
"353",-0.34627726035794,0.848733686261802,0.366825078748461
"354",0.731743895090114,0.305817401002498,-0.369065704934476
"355",-0.0413063664140831,0.653507756784226,-0.0656833658837404
"356",-0.643463078245901,0.932846933049405,0.483383778581717
"357",-0.434747803284889,0.944898076975843,0.617847354814936
"358",-0.651954259060678,0.972954650489662,0.60131102761095
"359",0.165468592935718,1.26665356306972,2.14144143851273
"360",-0.290737100161879,0.452410243271551,-0.842396819080567
"361",-1.3790112299982,0.858393747227027,0.03648265763576
"362",0.64535119631204,0.570442793912171,0.466699651343869
"363",-1.61641702257969,0.711029245450911,-0.436377503619089
"364",-2.82380030966031,1.19998435858838,0.769930591959182
"365",-0.617404124946023,0.833882685635951,0.193919585489402
"366",1.7633410709782,-0.421530678986079,0.750184472612761
"367",1.44881359040921,-0.180345725624082,0.981373470193291
"368",-1.14429588507987,0.677642631925147,-0.437020401247963
"369",0.76022598406089,0.27562854426707,-0.426487917684074
"370",-1.11471428393207,1.12650376054352,0.890218604339915
"371",0.254167392706645,1.48795010352632,3.01307754249793
"372",0.72545295136982,1.2674258658992,3.37426069160925
"373",1.36076122178311,-0.31405882486524,-0.713954515290063
"374",1.5778288295391,-0.344174636847609,0.393954597550893
"375",-1.93327172078702,0.900337774212314,0.0515163261664635
"376",0.766794096007643,0.312587714361895,-0.264576913958434
"377",-1.32192064826006,0.970138984905325,0.374825855462029
"378",-0.632849264819924,0.556753821512339,-0.652995363529797
"379",-0.831564557406976,0.430545358497713,-1.09168262447523
"380",-0.406873228287503,0.41482748418284,-1.00688015899275
"381",1.78472908873641,-0.515333153845406,-0.32256245705448
"382",1.63477729326096,-0.200435054525374,2.34500270506455
"383",0.952861192821655,0.620928903128716,1.69236792198846
"384",-1.93388919680894,0.48038062945356,-1.14265272627583
"385",-1.08690835800233,0.947264836628451,0.371092316589411
"386",-0.646330969665258,0.541538008257294,-0.70361547307374
"387",-1.66043748608327,1.35760562014259,1.41190092473029
"388",-1.54252866196773,1.59254970383929,2.1187023866604
"389",0.564686381563669,0.61802119061942,0.487009508462418
"390",-1.28480447165807,0.964085466185469,0.366512434101821
"391",-1.52540564516074,0.723875382673346,-0.382894176493394
"392",-0.973245955718998,1.66975368769091,2.54755183082904
"393",0.829457538132959,0.560361197772717,0.915043124026915
"394",2.50790284713751,-0.708751976297356,-0.25125028416329
"395",-2.13201181405329,0.714730027522246,-0.503422181114472
"396",0.2543777351168,0.532429218642514,-0.225293480303762
"397",1.51238286753489,-0.325979039975119,0.137553494186985
"398",0.265893576156934,0.316311066203609,-0.948323016904167
"399",-0.444053013156461,0.594408241197448,-0.467219286732482
"400",-0.506842405493308,0.55053621309083,-0.626968953581435
"401",1.85789484849126,-0.544899878973462,-0.33495190730049
"402",-3.21102302400796,0.891520009198453,-0.123367193394859
"403",0.797065098227181,0.0387584319648546,-1.29871132388288
"404",-0.570102393433686,1.20285639635949,1.33852041550626
"405",1.46542996576666,-0.399865607782239,-0.814700944802037
"406",-0.899850804788222,0.771129318468928,-0.0945890157187816
"407",0.541077024808003,0.167101795714471,-1.19784866571458
"408",0.120244282007658,0.599700584381953,-0.119817368249086
"409",1.29760774612461,0.229085150424055,2.69735416347461
"410",-0.134114183827012,1.30302147616887,1.94373759068733
"411",1.14939952079491,0.14688090889604,0.660326025761214
"412",0.0319296192736311,0.940870310361548,0.923880374263939
"413",-1.57272052080591,0.74396433300017,-0.333763698159991
"414",1.2121473772556,-0.134633142147356,-0.464505528056035
"415",-0.873020060421379,1.03997796293975,0.715617497933017
"416",-0.254837754141795,1.19560020787041,1.50841733056993
"417",-1.19033544459275,0.952224954366234,0.356613427352588
"418",-1.24909897081012,1.30781649487114,1.37975296089207
"419",-1.21197228990635,1.69062430005117,2.51163362211366
"420",-1.46337128067565,2.40901989944577,4.50385948853016
"421",0.769255317186958,0.230479883095219,-0.58627440464421
"422",0.0400886092916899,0.498452567162416,-0.512837321320693
"423",0.131410831047423,0.459986019574645,-0.573365775805311
"424",-2.11156248410828,0.563087319521906,-0.929600801612379
"425",-2.04595137666627,0.791371990434537,-0.274861696721195
"426",0.496371637641128,0.530798126851391,0.058273798181895
"427",-0.378149929603199,1.09113727958533,1.10168716896556
"428",-0.737102146985524,0.819546861879216,0.104567141791274
"429",4.16817556972623,-0.876258008210889,0.679138339140132
"430",0.587002718429958,0.310944224129319,-0.607747432923749
"431",-0.855470499035043,1.00797593680882,0.626492469518292
"432",-0.810517987511729,0.365063162034088,-1.28233614456275
"433",1.0891072584287,-0.0781134018067284,-0.929084367806995
"434",0.42572632690009,0.0556885035291797,-1.71446054079767
"435",0.288026884635408,0.602388106995797,0.0468611906004379
"436",0.343920194355652,0.471274223594811,-0.343544819448267
"437",1.12671714526321,-0.0924645539475133,-0.803697438616615
"438",1.44976337400871,-0.424083865802754,-1.10866591617928
"439",0.384816459196446,0.511272679053876,-0.158596908929515
"440",-0.799061301802615,1.30259015806492,1.53051292557277
"441",1.25883695095015,-0.229707648873369,-0.750345170622932
"442",0.675205748845192,0.445554226464411,0.0539165669226227
"443",-2.34012001267474,0.946857525132872,0.123461510623038
"444",-0.931921663996371,0.477730030988949,-0.976201836311998
"445",0.012697873017647,0.773119199022251,0.361531814294822
"446",0.733940604481229,0.514791697223173,0.455093130945867
"447",0.915722748732345,0.07798554828632,-0.850579213453473
"448",2.3934487270474,-0.72184996916039,-1.12767201234327
"449",-1.35918490719839,1.4232703953934,1.68250834783885
"450",-0.444208595344888,0.477487755032637,-0.827642639162944
"451",0.372381653038015,0.399632819640779,-0.5615264091802
"452",0.49350869744943,0.429490752943438,-0.309841423126586
"453",0.0367477264010374,0.442410118056869,-0.697960927245171
"454",2.17149977554756,-0.666187183993161,-0.839793517819366
"455",0.614367755391477,0.432893317367206,-0.109712299409273
"456",0.469778255532689,0.564988112155071,0.141893113012354
"457",1.13199288001403,0.480808718295048,2.31924295762196
"458",0.639798118460742,0.451614892340003,0.00708066454310163
"459",-0.550355539192942,0.519176279787994,-0.73885257545399
"460",0.150133291022595,0.571378302255969,-0.188737937974833
"461",-0.496813583571885,0.552401356072538,-0.617432475830484
"462",1.08569985906808,0.0540001070869039,-0.274523451205664
"463",-0.48494841193176,1.05063020502066,0.917100984172388
"464",-0.108867847300722,0.605361992476806,-0.264011169474148
"465",-1.13318621313197,0.664977293212909,-0.471579280173673
"466",1.0124917869904,0.391284530020429,0.961592753875052
"467",0.507695036682436,0.177114646032687,-1.2005038464262
"468",-0.901749381401852,1.31181652282608,1.51463951581726
"469",-1.54596241466873,0.585781983578959,-0.784850043268833
"470",-0.122387139055869,0.943716989953465,0.807487090690279
"471",1.01312524525598,0.486232252743253,1.41194523902521
"472",0.162012555585184,0.546025130050472,-0.26304540267988
"473",-0.758067008197258,0.654760823924601,-0.398252380862899
"474",0.0327551952186936,0.593583342564267,-0.207683093088996
"475",-1.0971487835963,1.08081092418062,0.761252521465365
"476",-0.368798536688068,1.71492758940285,3.04368447475646
"477",-0.534049690751886,0.940386434825647,0.5549592701614
"478",0.397312664841435,0.428821035261563,-0.432212820755603
"479",-0.537315657113494,1.29097003749236,1.62515333277529
"480",-0.0518052993894084,0.522102941043818,-0.496076655503273
"481",0.818365096719975,0.664570743361304,1.30479132058172
"482",0.145541421241647,0.465165276916383,-0.545325322371624
"483",-1.6776866673055,0.816675556296882,-0.143856786120401
"484",-1.77286726237796,0.844219316750857,-0.0817227970895438
"485",-0.0269809237314519,1.22813528114098,1.80144995476292
"486",-0.443724254484754,0.54780046741937,-0.610738044369318
"487",-0.821057069880954,0.639317523687417,-0.464150522953745
"488",-0.435059638533365,1.51603413949992,2.37945782500374
"489",-1.13221652657863,1.63980845913032,2.39302316610078
"490",-0.686529078395392,0.698452593967482,-0.242532663967423
"491",-0.598844570358772,0.309771253541276,-1.39258093060635
"492",0.949371765895697,0.156220477337478,-0.397364734126873
"493",-0.555820687559742,0.66748303604874,-0.288116670835834
"494",0.0347567578081745,0.695941508999409,0.12760786255844
"495",-1.79930062888624,0.675343783252605,-0.568553252649825
"496",1.75672684608228,-0.576659823998681,-1.24025386387867
"497",-2.25062103757215,2.27863293157925,3.88714705114462
"498",0.553818883754991,0.782707493295838,1.070173808087
"499",-3.33450220229344,0.55505575305739,-1.05987540010857
"500",1.5803456883859,-0.398074299586357,-0.137329372207258
"501",0.989471977895147,0.529143473315433,1.47446855776949
"502",0.619398891438405,1.30956109857146,3.1799588408575
"503",0.843115998566414,0.0591043614471413,-1.1183166922422
"504",2.0103232580887,-0.542612907065419,0.556355465663458
"505",0.11325838642674,0.791171442528953,0.506790825118504
"506",-1.90051407347112,2.11193954055893,3.50553469111024
"507",-2.05715619604591,0.424588701258135,-1.31536108188931
"508",0.96067660661384,0.301497646519341,0.297128030101653
"509",1.74751212484783,-0.57218679903904,-1.22454365754201
"510",-0.588769485291666,2.04670958456194,3.89765903715409
"511",1.16549421074343,0.162091144739311,0.890849744965874
"512",0.490741017505033,0.494349436844458,-0.0808312644838513
"513",-1.62241370668996,0.690158808631334,-0.497416636189369
"514",0.624720855222364,0.114575223017867,-1.28478604212402
"515",-0.0325072321636064,0.790551155277913,0.382972638104248
"516",0.281185504442676,0.971592725105806,1.29792181993307
"517",-1.81112385690293,1.12642564974607,0.717434318396129
"518",-0.441668408996829,0.673648715063964,-0.22194422748953
"519",-0.977528042518337,0.747414172338275,-0.187901655604868
"520",2.47665709459382,-0.709807426693619,-0.437128964997904
"521",-1.01344233450995,0.45007435998321,-1.07731737891019
"522",0.0486969157263713,0.861459385705104,0.679565097510964
"523",-0.580787024296949,0.54880495738554,-0.659240111882752
"524",1.62395046850444,-0.397465164574857,0.135904205082805
"525",0.698462528852365,0.439804927689701,0.0808107962860083
"526",-1.02164617170756,1.5883756458496,2.28584149148831
"527",-0.584128286773266,0.86716727595938,0.309059971311285
"528",1.95399449923689,-0.622232092776963,-1.0217893594519
"529",0.349716820474773,1.07104553295255,1.73800484513732
"530",-1.26809526884184,0.733897602054109,-0.300986846912798
"531",0.967404785850344,1.09013790402581,3.89227847243085
"532",-1.63471613733057,0.899739770193301,0.102620931981787
"533",-0.239852328200848,0.855178645412322,0.448104962374221
"534",-0.222474224438487,1.04664063422822,1.06245332271723
"535",1.86505182453791,-0.439106814296284,1.20398107453177
"536",1.7534326431789,-0.45615071912115,0.252035931016408
"537",1.43607683537036,-0.31116849438196,-0.224632163729172
"538",-0.823407354144919,0.536488712783523,-0.77255752054358
"539",1.23129110687345,-0.245360189517153,-1.02451110735414
"540",-0.427123073297874,0.382748762375014,-1.11350399577301
"541",2.56435625184461,-0.724746116980583,-0.43416771113444
"542",-1.94080098952557,1.1921940898943,0.879958019534112
"543",0.0811114734173612,0.526290565517626,-0.392391251927065
"544",0.899028611917686,-0.034710471196422,-1.38255087288962
"545",0.697710725514927,0.649248696037078,0.887510017734006
"546",-1.20541109253212,0.727926466370526,-0.304035332049434
"547",-0.853831875602092,1.03782405962768,0.71622678481149
"548",-0.69099528169293,1.86638728183582,3.28326211161965
"549",0.860902719503497,0.248889201169358,-0.280653939429167
"550",0.675918420207615,0.553907440317716,0.46978593699789
"551",-0.605003937362954,1.68811513210384,2.79596001380044
"552",-1.57462642953073,0.667348857600311,-0.554749727470659
"553",1.46752224804713,-0.200822667069351,0.950276202781478
"554",-0.646939048474565,0.874206235670928,0.304230873688694
"555",-0.653700959085414,0.507019698227146,-0.810574801482603
"556",-0.625388589065299,0.822107107983559,0.154934827208407
"557",0.164263123569983,0.800270815289469,0.585973532942311
"558",0.426404956470732,0.506977561288787,-0.122595908588477
"559",1.95775569900471,-0.53918361902231,0.300618299901577
"560",0.182045324402928,0.758883399828613,0.465648880836926
"561",-0.195448394202791,0.358842361608078,-1.09382059992154
"562",0.365533486670981,0.812107327126448,0.863763251781157
"563",0.310061869879075,0.631540317222311,0.170841708997173
"564",-2.29313584412095,0.479320524192596,-1.18575765050391
"565",-0.848376231779677,0.770530095233484,-0.0802830088411393
"566",-1.22215965394761,0.381579123755637,-1.3209683504523
"567",0.191654379808252,0.520326162880455,-0.32347698576397
"568",0.482106885051614,0.343237674124749,-0.634041145459828
"569",0.277221806116122,1.08864690064816,1.69131664544536
"570",0.364935847535967,0.834376735752141,0.940262891582852
"571",-1.7055734940894,0.970405855523536,0.29169741552899
"572",-2.37072322656331,0.502724370304194,-1.12772142179916
"573",-1.46474432856597,0.602350516684984,-0.722835385815924
"574",0.0583012229430712,0.766567420365584,0.377451031442283
"575",-1.49049579191678,0.956757283821013,0.296652190973837
"576",-3.12653947910396,0.743027283692614,-0.526265314377321
"577",0.186678154058991,0.716316883354428,0.327900101829949
"578",-1.12661411401682,1.18068061391488,1.04574019711064
"579",-0.876368982178461,0.816351370112634,0.0475240937636405
"580",0.891333981032912,0.129445925283355,-0.699094279316386
"581",1.33854246470892,-0.259666258232602,-0.444514217797188
"582",-0.0800936712858599,0.488244033043474,-0.621911760324415
"583",-0.827895376649645,0.806052807393291,0.0325813486495026
"584",2.43540832055612,-0.721191626359883,-0.932980572241716
"585",-1.11475257326677,0.826152021068164,0.00685949932524688
"586",-1.46185478421882,0.862622707033127,0.0306658348323046
"587",1.89186587154623,-0.596715943422871,-0.912377648742966
"588",0.352046235203637,0.500708449692278,-0.232879967125138
"589",-1.67576096086033,1.26745215663914,1.14962448669476
"590",0.95304308330193,-0.0421676142128055,-1.27111798947009
"591",-1.87381205430918,1.24864994070042,1.05358918062839
"592",2.65568042146983,-0.755151801160831,-0.966486125345423
"593",0.916002786431335,0.397138519550133,0.538316276491292
"594",0.358426330961172,0.367826527812545,-0.686491585432389
"595",1.71597569399115,-0.473717560939776,-0.182015671062887
"596",-2.46966181658533,0.512463407324547,-1.10996544180167
"597",1.02291401251926,0.680856241998054,2.3961863676236
"598",0.503170664282874,0.330064100457194,-0.654664340881953
"599",-1.68797514312695,0.593623025007743,-0.785277899402828
"600",0.940568281057404,0.376508290798484,0.547197778221718
"601",0.658928264587736,0.80006069861754,1.36781857674187
"602",2.14672979998076,-0.664935544872817,-0.924222257974987
"603",-0.949734362347103,1.3395398268469,1.57784643989956
"604",1.83710669226155,-0.589587159219992,-1.0572737557851
"605",0.0690808685694568,0.852605200466186,0.668698658135461
"606",1.99290978677397,-0.605084587826653,-0.568735499589138
"607",-1.28442908503173,0.939116308718055,0.293795520993625
"608",-0.190442327539072,0.756853631686191,0.167989305427329
"609",-0.655703574885897,1.0100008480232,0.711895168220752
"610",-1.14650372000594,0.420623775715778,-1.19218606771243
"611",-1.24113669163117,1.09773903605208,0.768343180866817
"612",1.310392391045,-0.098881309611573,0.515496834597453
"613",-2.00129658943331,1.6165023208391,2.07271277582227
"614",0.0284911492452977,1.6310522799286,3.16963842736404
"615",0.171195378702733,0.405629726916952,-0.723591635498503
"616",1.99592092959782,-0.579468996783767,-0.134222023890002
"617",-0.859977730699691,0.682690702874795,-0.34619071075138
"618",0.0889818758843481,0.394491087397852,-0.820055773951838
"619",0.84311705159101,0.455144256738953,0.525222425692284
"620",1.93409483991064,-0.492780821915371,0.875586976410527
"621",0.641002281730382,0.737277516586479,1.087022839983
"622",-0.609378262546843,1.16458366653448,1.2022212063178
"623",0.219021789594175,1.14338764150132,1.79794932770439
"624",-0.131531417342776,0.999343739576035,0.978080880536448
"625",0.0344746625432372,0.668867418967887,0.0390915851898797
"626",-1.12836119112014,2.06484016718715,3.64365928523872
"627",-0.168801330471513,1.4531013733397,2.39032989866035
"628",0.357509905090196,0.669479943174312,0.358252352397046
"629",1.60760600521751,-0.464683542518933,-0.672090775589596
"630",-0.168195899561684,0.348429376471063,-1.11416528704335
"631",0.449044913656121,0.287112966790592,-0.873096460534042
"632",-1.2288378028007,1.05910036376327,0.658841868713674
"633",3.3544627567058,-0.81493704915856,-0.0256262296497669
"634",0.258262633706501,0.440565884538565,-0.533145674029222
"635",0.753999994457726,0.206777082852364,-0.712734095400233
"636",0.208071587099171,0.510047807845045,-0.343572353731788
"637",-0.282644914639602,0.673832994648169,-0.145337681059719
"638",-0.239713281066217,0.299098469966099,-1.30158850779911
"639",-1.04041016445161,0.957696846322043,0.415707516331922
"640",2.41787751005825,-0.683039995827763,-0.0264097909627465
"641",2.03202874463686,-0.531030615658373,0.886142028515393
"642",1.98463400928814,-0.52752888432903,0.647438759363508
"643",-0.940483561277706,1.27797726640974,1.39865758872792
"644",-1.98529858175535,0.858026802737582,-0.076873379737203
"645",-1.11529592440739,0.408931838522319,-1.22031191558073
"646",-0.783971891092383,0.638984979784335,-0.453808752005612
"647",-0.437789459674858,1.41210317346785,2.05708459310702
"648",1.07482564452995,0.089282459717663,-0.157058344172193
"649",1.66286559029488,-0.47366092548054,-0.474437289079011
"650",-1.5345994212612,0.646990453405451,-0.606376079528346
"651",0.921884610581306,0.528046109633372,1.13328836448585
"652",-0.182305021441795,0.395916557944247,-0.970314563964673
"653",1.32900781757858,-0.265188095903575,-0.546384868198646
"654",1.11912341772388,0.0390398798148192,-0.150079110763572
"655",-1.77530457795395,0.62108502543466,-0.719955031038319
"656",-0.424629355684368,0.440987625433015,-0.93277740291487
"657",0.16787169908346,0.570447872650572,-0.176644530779207
"658",1.50601914887759,-0.404686016637408,-0.633021203166466
"659",-2.44446476231013,0.885826117798694,-0.0610740227226376
"660",0.982273206516818,0.0791135680701114,-0.625902415411362
"661",0.0978279409357435,0.732093717996952,0.298095302816973
"662",0.304623012014152,1.21896491308682,2.17684297027567
"663",0.900303191117528,0.0444177763726252,-1.03899960184729
"664",-0.40672859872625,0.457256030105098,-0.87559883895239
"665",-0.486486859720192,0.778888259609307,0.0819441368347342
"666",-2.71439304337868,2.65102892182544,4.82514557557159
"667",2.95744970413967,-0.718272008881204,2.45431129685303
"668",1.75580995977695,-0.538991449893558,-0.772018947874764
"669",-0.957861336230679,0.865436037826277,0.167900324361421
"670",-1.24860485615149,0.580931367906106,-0.74340020488366
"671",1.81078817011925,-0.446988747172714,0.730815887281099
"672",-1.30185747977121,0.5703625019473,-0.784984613209236
"673",0.521813327285711,0.598855878478792,0.343439567418005
"674",0.727260193059038,0.53606938330956,0.521727865281125
"675",-0.290894872600448,0.576095590914338,-0.455442990184095
"676",3.46006088002278,-0.808062376221246,1.58455044952592
"677",-1.15072432541082,2.35668458430712,4.49025853127201
"678",-1.34451433689071,1.16525112195439,0.936639496630702
"679",0.309973040082445,0.528759333350234,-0.181728910447953
"680",1.0190017947388,0.0888239861159524,-0.43305587252801
"681",2.04844299121837,-0.622283573485876,-0.592192433218824
"682",-1.91590419785128,0.993087421120418,0.318205446630667
"683",-0.749834665050252,0.598662855097258,-0.564308914109368
"684",1.35637763359476,-0.28178539585075,-0.495711831044005
"685",0.0567596233311446,0.442269055055163,-0.685113337424744
"686",-0.449706817506552,0.602681168016412,-0.444077432444873
"687",-1.66462075561349,0.466809127923838,-1.14557103198237
"688",1.70720673565135,-0.531037617064891,-0.910320448978676
"689",-0.0956897745520029,0.640781563162938,-0.142489990424697
"690",-2.53057483423231,0.689403575742614,-0.620721567529515
"691",-0.404240925015721,0.512676397803656,-0.703173919161878
"692",0.434482935247136,0.493124436222613,-0.161185235726097
"693",-0.869869618596493,0.571862676285373,-0.67977691194388
"694",-0.231028562467712,0.48060763772418,-0.726271034491919
"695",-2.04390643376497,1.37831331841244,1.38859779881202
"696",-0.00278980113564641,0.585521753869056,-0.259071787117672
"697",-0.981489627524678,1.66443467217623,2.52813204054755
"698",2.29422339597178,-0.436076615806599,4.93312212894934
"699",1.15179792668504,-0.0454106617372479,-0.386708350644269
"700",-0.293734105471928,1.28963746306676,1.77525632897014
"701",0.0841883751786024,0.437913900221292,-0.680580249963801
"702",0.772644643205049,0.319938297617807,-0.221475561912434
"703",0.502616758325405,0.671456305408559,0.574162946242172
"704",-0.420975065989017,0.996485060989084,0.784393477380263
"705",-0.936658312989887,0.472937898640312,-0.991597038188483
"706",-1.67968317007533,0.789899129281084,-0.221017193091289
"707",2.12574395813287,-0.583779502068315,0.515837462636073
"708",-1.68923168932816,1.35401700736069,1.39477277745184
"709",-1.869183347784,0.58604582455307,-0.833446339301934
"710",1.58254421897278,-0.365537313393525,0.207672460093942
"711",2.30011008690406,-0.571112822646492,1.92911124971753
"712",0.228849624766696,1.0932149041262,1.64171318978125
"713",1.94138520998013,-0.577631968790856,-0.387637209780562
"714",1.95530128221033,-0.56451886007262,-0.11096089499504
"715",0.117505872678066,1.49054433781899,2.82209574805089
"716",-0.769905077625419,0.512844764581044,-0.828237095505925
"717",0.589847838606787,0.895578478954837,1.56162284246672
"718",-0.93069278629499,1.15415158838786,1.03444761149678
"719",0.212102223994419,0.923260548959001,1.04899387076086
"720",-1.57057109207366,0.529843212610824,-0.950088776663748
"721",-1.30354750521144,0.885175705968597,0.131880175246682
"722",2.55494929097195,-0.673207492320255,1.05678511418263
"723",0.265747363313091,0.477082380905536,-0.402250868845768
"724",-1.29251759849974,1.30599101632285,1.36120438063356
"725",-2.02187023229086,1.14456921219787,0.730081325448045
"726",0.676592693843085,0.577110282762525,0.560052175198756
"727",-1.52430616837681,0.453150929455017,-1.16388506132732
"728",-0.756008299209472,0.601067293617244,-0.558999327501348
"729",0.486647601923879,1.06895297192915,1.97319373291794
"730",-0.161430712295884,0.425418231468526,-0.866496906315505
"731",0.478240508061421,0.427692609441099,-0.336819465110245
"732",0.045593150325007,0.378997797699847,-0.89928091874352
"733",-0.586069911968406,0.353705890852421,-1.25511417967228
"734",-0.214171255930833,1.66528916636222,3.02053408902823
"735",-0.97957345414375,0.939185187303313,0.379805778362886
"736",1.23591014529359,-0.155240772401702,-0.424071797836531
"737",-0.514106797336257,0.762736420752437,0.0202636136766174
"738",1.35495541897485,-0.16181375730245,0.402489471491369
"739",-1.29925868528845,0.622950227787688,-0.63122788691781
"740",1.36945564880781,-0.2942474090377,-0.508681599183368
"741",0.513517986290863,1.57318164851389,3.85052196772295
"742",-0.627747835207879,0.637826717385738,-0.405243511895008
"743",-0.732396293389088,0.887051020934184,0.309539080570708
"744",0.432634104846741,0.7726759617059,0.82378745950623
"745",1.54275876911638,-0.344017334429369,0.164410346007269
"746",-0.908936966369267,0.909631714667102,0.314825411926695
"747",-0.895017972516028,1.08033043104563,0.827876505104275
"748",0.164394595573477,1.01578605840824,1.30419033891781
"749",-0.0265693696317775,0.41587007357947,-0.823567709822069
"750",-1.73763513122255,0.738649418827707,-0.377757532127392
"751",-1.03521327464593,1.51959111816238,2.07706221672594
"752",-0.930146079739001,0.764700897094012,-0.122850828401508
"753",0.432227764486083,0.674710240029048,0.477200650592847
"754",0.126532199774546,0.382150791620326,-0.834690287249905
"755",0.461035414702359,0.792820512873377,0.94026968584321
"756",-0.057414862204936,0.389257704412846,-0.927083261744298
"757",0.685013145295138,0.2583492210363,-0.644378049748094
"758",-2.04978291258821,1.16091084320401,0.77154152911259
"759",1.00666477082105,0.380779529020781,0.880452224701002
"760",-0.741761708291292,1.52810284318872,2.23501313155898
"761",0.824648118689779,0.141114568836972,-0.822495126727564
"762",0.657895825952021,0.8927450105997,1.71717357338983
"763",0.88202762576956,0.116926461898266,-0.778407522041099
"764",0.0384630621736166,0.780190576511049,0.405433377186859
"765",0.919261642519643,0.220320672304306,-0.219672118711508
"766",-0.133940581624303,0.70093188565117,0.0254366880578445
"767",-1.20382214561479,0.836858920921832,0.0152434668307619
"768",0.973180932045467,0.295042039662766,0.321944836626137
"769",-0.265484571835937,1.10815320721389,1.22643866288546
"770",0.216242828624271,0.607263669230247,-0.00926289643580991
"771",0.0949586195189844,0.257975496277573,-1.26546332568491
"772",0.257836639566027,1.1441545482073,1.85293416756052
"773",-1.03008478363842,0.891223593454527,0.222449371018979
"774",2.12376137479275,-0.648646346825096,-0.716584211676251
"775",-0.620156906330305,0.665996347008297,-0.316983884005967
"776",2.39048833204228,-0.712023295671489,-0.8942115378627
"777",-1.85476368679672,0.416414849373061,-1.31500942508296
"778",-0.611308877045582,0.906124448935853,0.41592470406752
"779",-0.0145242906094373,0.678911864859581,0.0352729276599923
"780",-0.00537766471819948,0.886424119602858,0.714683631314363
"781",0.0546916180111626,1.06438986446241,1.34873117746833
"782",0.0806469232781532,0.73955000215349,0.30780511118494
"783",-0.41053666023938,0.787934675446579,0.145293209135523
"784",0.413903224605048,0.46041684714006,-0.301977787451732
"785",-0.946003463089357,1.13542714799488,0.973255084999786
"786",0.806415850702668,0.23813353359008,-0.469739037179722
"787",-1.56788168353201,1.78666311451621,2.67067074298112
"788",-0.911337506354172,1.02861234905948,0.66807073918749
"789",0.24934038655596,0.994271819350642,1.33367907967851
"790",1.0096623803982,0.278575436148989,0.417250963222628
"791",-0.528934694009571,0.797439344417417,0.120070303568938
"792",3.83656868724335,-0.853301426887951,0.316381891328308
"793",-0.628924084726195,1.14662311210613,1.13822719213558
"794",-0.529253981221576,0.388595555383048,-1.13074386316761
"795",-0.774952131576349,0.868811305489692,0.238980053078166
"796",-0.990652380387136,1.4959695182392,2.0252024559904
"797",1.43501806622978,-0.418385469212699,-1.13615143588783
"798",1.71294403062598,-0.383646850643321,0.875146488245913
"799",0.437733674905086,0.400839574721962,-0.483390109352071
"800",0.191060659619604,0.924575724342013,1.02950616304688
"801",-1.32082610927385,0.940983001914689,0.290220953233066
"802",-0.651825888583342,0.3544434473274,-1.27213828231274
"803",-0.968909128447504,0.427412125831742,-1.13433024438415
"804",-0.11455737818945,0.893226220909946,0.652012448892927
"805",-0.688862059693515,0.628619621106443,-0.454294174788914
"806",0.161128293755794,0.792817065877907,0.558025521336302
"807",-0.575439537913918,0.605015915954802,-0.486060591936349
"808",-0.694841314385629,0.533235110616682,-0.744292754896372
"809",2.47880852357226,-0.686572111966119,0.211841991748381
"810",0.906442139926822,0.290201819434632,0.0395153392597094
"811",-0.160627354388217,1.43612116087776,2.34373183688906
"812",1.98251436031315,-0.501690126613044,1.05187055118642
"813",0.246202539340418,0.46891495722805,-0.448059375890005
"814",-0.535667075440179,0.407872350865979,-1.0739052689615
"815",0.697035826684902,0.102571822534903,-1.22340606303106
"816",0.854799245407731,0.227293596004453,-0.388388029426417
"817",-2.34775176263811,1.95689279973833,2.96037188797245
"818",-0.11736836190396,0.588060938514869,-0.324414502101753
"819",-0.216726294757453,0.818712184451054,0.347363115723222
"820",-0.143013524553209,0.85395083618186,0.506768468019748
"821",-0.24463190266904,0.556903648137289,-0.49284941111257
"822",-0.797512408921037,1.88092295160865,3.26477504252629
"823",1.02407976160352,0.0827409615502725,-0.439695175884444
"824",0.167302957436183,0.894182324886546,0.902091171143555
"825",-1.16863478118876,0.897939504796103,0.203323312351036
"826",0.523405767105936,1.63760317023294,4.11062753928292
"827",0.112023932338052,0.416863245802607,-0.730268438539537
"828",0.926674798057469,0.40317497375257,0.607275110356845
"829",-0.79812298917511,0.592537089561274,-0.597401703418295
"830",0.415758999443415,0.732262000912944,0.656168226521692
"831",-0.450829944955058,0.758032916000564,0.0339734543405505
"832",-0.0679183548483552,0.733206562970611,0.172497244083184
"833",0.214055841865093,0.458519838547121,-0.511534805090899
"834",-1.75854082963812,1.68266109736166,2.31878995603057
"835",-1.3734553271817,0.832261530361601,-0.0381620905218296
"836",-0.00703647344264832,0.499848487958873,-0.539681624335382
"837",3.86407409924218,-0.857333625213448,-0.182718800293614
"838",0.190174532910283,0.32776862509582,-0.969370326380393
"839",-0.726427979742945,0.329542894049794,-1.36763781248953
"840",2.03529216206934,-0.62872941537206,-0.764695901935998
"841",-0.537117752187847,0.442867123624213,-0.967405484430141
"842",-0.671156711958937,0.48198733683955,-0.891808776913448
"843",0.680058104105891,0.39818759726791,-0.117532783482577
"844",0.398315933469438,0.723914670511882,0.602019789935942
"845",-0.0807759634073755,0.504383041532834,-0.570530813332792
"846",2.12756314629132,-0.596417023834073,0.287793523854749
"847",-0.530694403594458,0.444949292815326,-0.958848168631774
"848",0.786646471286328,0.997735411157243,2.53941605381368
"849",1.61063263032141,-0.376123249833161,0.278630270247424
"850",-1.36382280147665,0.98541949091762,0.408969248927764
"851",0.507447023974841,0.542903640731656,0.118511816729203
"852",-0.535881901018025,1.33872703876947,1.77196323534485
"853",-0.608393249940805,0.580753178821073,-0.571724302118854
"854",-1.52779091873407,1.23043099027795,1.07815928703176
"855",0.598985113680822,0.445335400787207,-0.0901798002480196
"856",-1.38502492314003,1.62347797749848,2.2559315391774
"857",1.01936530197012,0.3714996630535,0.906659864734824
"858",3.64247781683215,-0.845505293232381,-0.761613948700036
"859",0.193407312584451,1.55126788395741,3.13132427589518
"860",0.382306476171924,0.394694505649953,-0.568080789685629
"861",-0.983787208708951,0.623917122401132,-0.555544295947032
"862",-0.98653286669833,0.391558815801622,-1.24453785967739
"863",0.49910141571429,0.530065275364483,0.0596890900287805
"864",-1.68302647597606,0.869720232628782,0.00731293720627546
"865",1.51569225409414,-0.36753653921462,-0.230312209720272
"866",-0.728098746751476,0.676864844207843,-0.321922323780893
"867",0.349296898011472,0.578684444374021,0.0338607083807405
"868",0.0440536805121906,0.370641487710026,-0.927545168924725
"869",0.305017450085072,1.19336555406474,2.08976376327657
"870",-0.279457752745415,1.05030935738367,1.03579816569952
"871",-0.390733001127955,1.86031548545844,3.47686459720992
"872",0.410129529329683,1.01557916127774,1.64285619711439
"873",0.465412245272537,0.486027934315742,-0.145727187611608
"874",-0.901502508654,1.17436462778151,1.10549253631219
"875",0.384086371232261,0.935781393402179,1.32147995981877
"876",1.45993469061629,-0.122895553579435,1.57096195483835
"877",-1.05734662468053,0.690225476528203,-0.378511760987067
"878",-2.43487496213977,2.19920158975729,3.62220981961903
"879",-0.615372346851867,1.59164114293355,2.49652707860207
"880",-2.38994813446174,0.719243416178819,-0.52190598793051
"881",1.35946978324992,-0.239290135261035,-0.152724881495569
"882",0.881117093614113,0.181733109188744,-0.505585293182639
"883",2.09251372727916,-0.66582608601783,-1.17038237324102
"884",0.761408988063057,0.291794550989326,-0.359637010577996
"885",-1.53195484784261,0.766846221755142,-0.260160789969536
"886",-0.481960278220589,0.445157905438641,-0.941115094151446
"887",0.162224084969867,0.546101297322374,-0.262612866786345
"888",-1.43139256859639,0.69622552112198,-0.44481936852276
"889",-0.775436918397341,1.33021978214416,1.6239818675386
"890",1.05951795381119,-0.0631112458130706,-0.990378262259453
"891",0.83292226558584,0.625239523489931,1.19439426263077
"892",-1.01589746648529,0.406491005883784,-1.20674992133193
"893",-1.15747453229717,0.477497696161946,-1.02745749998926
"894",-0.891952001433931,0.751241387713193,-0.151413289060751
"895",-0.311108215243733,0.91620858205119,0.59688037855421
"896",-0.0260735911219385,0.45955915920337,-0.68205236449571
"897",0.600833352403363,0.503811881548913,0.130395002905538
"898",0.147913717244902,0.549681382770676,-0.262693697815308
"899",0.238114367624313,0.351450342723057,-0.85222181093796
"900",-0.254757241744875,0.539003326901676,-0.554139204942319
"901",1.05164552323153,0.204405240279629,0.284013519392627
"902",-0.618553304523376,2.70771957548922,5.88402442539547
"903",1.81790791350574,-0.443318207808016,0.826670202807749
"904",3.0299156128151,-0.766588104060772,0.660239851134476
"905",-1.19271411213826,1.51083162378915,1.99223467924913
"906",0.292942488134151,0.42866352019497,-0.54142972630195
"907",-1.39150156936605,0.603067565138283,-0.707222653973459
"908",4.00436457643537,-0.864863823244868,0.602743558176915
"909",-0.0690667848019266,0.637180117322568,-0.136865643850561
"910",-1.37146409735567,0.579625241105174,-0.771485505465833
"911",-0.0961468436577958,1.53387665763807,2.71670952277025
"912",-2.72412623201713,0.408482132379072,-1.42215089209756
"913",-1.29169505112048,0.662973617561976,-0.513002239454128
"914",1.66147408717398,-0.528597225278548,-1.09845923867663
"915",1.07599218509303,0.231942174044407,0.56592537061032
"916",0.567598325416414,0.580558934364656,0.354596405724931
"917",-2.03288060116863,1.73562424850727,2.40354729816723
"918",0.102002171215641,0.343558342963051,-0.979019405094316
"919",-0.876118312010861,1.05989964755181,0.773900450312099
"920",-0.706645529868565,0.685056418955782,-0.289964589447499
"921",-1.0320797919244,1.64857498551152,2.45938469166073
"922",-1.05958017983889,1.51238428647166,2.04617434800506
"923",-0.521538542981496,1.22940892342722,1.4455817247507
"924",-0.991913004145588,0.881509757137637,0.205136504866016
"925",-0.356091327409154,1.67270965534481,2.92259996103163
"926",-0.128235817980036,0.659933300906916,-0.101685281675267
"927",-0.257450039782954,0.502763764204487,-0.669266120875184
"928",1.0837113609503,0.198295020976394,0.445626412666304
"929",2.23432419046189,-0.658814278168656,-0.395841417354361
"930",1.69845328367367,-0.483363568548181,-0.393198708917659
"931",-2.25844847151522,0.672435338661078,-0.638341838664005
"932",1.99493776141424,-0.574300340186568,-0.054779163983151
"933",0.622710768129457,0.734253144547234,1.03429213757386
"934",0.790447266837299,0.613704779913732,1.00616879446907
"935",2.3755702385287,-0.601509123859302,1.76027305551555
"936",0.475083096742046,0.989904048404469,1.66779322809666
"937",-1.48706969009516,0.815203957651341,-0.111683088304026
"938",-1.18369764201118,0.507096048335848,-0.946047762094585
"939",-0.91622153317161,0.439222631021714,-1.08687806421322
"940",-1.62244957315755,0.603992717772545,-0.745102401021161
"941",2.66135394615893,-0.668957401447641,1.94772860917681
"942",0.597373564529066,0.322819505585053,-0.547849029773928
"943",-0.0846165485126115,0.798020337644577,0.368800259355408
"944",-0.799873457099404,0.534143122348382,-0.772932630898928
"945",-2.00200217776968,0.824807768777133,-0.173668362963071
"946",-1.17132489159181,1.37875655643063,1.61254085816867
"947",-2.23223701456582,0.695600677562574,-0.569950189244499
"948",-0.569949371196038,0.706499591568694,-0.174644106660498
"949",0.0244876441787474,0.520226818082802,-0.452537879394358
"950",1.18085409554428,0.0662135233989815,0.482532442566144
"951",2.37319203144491,-0.653982466906792,0.455316738085359
"952",-1.87913301276614,0.616942897851856,-0.746809923560215
"953",-0.00294380890666227,0.504091559209459,-0.523271164424474
"954",-0.270141328129149,0.752616687228397,0.108290055675558
"955",0.0526411823454266,0.385791224406356,-0.872587382854038
"956",-0.834301175375324,0.552281162367158,-0.728370023320985
"957",-0.337015164129421,0.972244698175479,0.756484132338191
"958",2.218581853468,-0.685604653402994,-1.0301409894871
"959",0.320124850970501,0.461092236158972,-0.403509366008356
"960",0.743875358595285,0.264279471042071,-0.506683664760759
"961",1.07671956183912,0.243045907809033,0.626395805656082
"962",0.790376419745387,0.20032638574696,-0.660354698968794
"963",-1.1884345509211,1.35200826181708,1.52842148221271
"964",-0.368223820985802,0.660797217582431,-0.228328179089587
"965",-1.64292955433552,0.886606618616668,0.0633132540264323
"966",-0.294095824148514,1.31113393459624,1.84223819174999
"967",0.827690590907628,0.136513523341601,-0.834252926172195
"968",-0.837717959823616,0.693614086940413,-0.306806515417533
"969",-0.176471809404619,1.2185540162934,1.64005812119812
"970",-0.720419011022842,0.601198941387383,-0.54737920122534
"971",0.153296423709246,0.330999435430648,-0.985408778428071
"972",-0.9558026498788,1.03596353911702,0.674582069017866
"973",0.168359304862365,0.5863740053339,-0.123118613596318
"974",-1.51472535761727,1.99218207143939,3.28034062979455
"975",0.323816083720513,0.587096680167804,0.0337043911779946
"976",0.666240522593465,0.98003380210918,2.07192758153664
"977",1.70041177259732,-0.477834128591423,-0.317582419760475
"978",0.570797664281699,0.458014442963703,-0.0906066058442816
"979",-2.28191990160282,1.3817426961355,1.35531504609954
"980",-0.724339439475363,0.250292526749132,-1.60586410838944
"981",2.10861511743706,-0.579314704121898,0.498211603422804
"982",-1.27512642830936,1.0900195021345,0.736377744401713
"983",-0.378475953082632,0.584774578939198,-0.468892188939195
"984",-1.76440991126513,1.5989496229261,2.0779022202257
"985",-3.5645263348131,0.854860338609065,-0.252033022025948
"986",0.204371230177022,0.918340152369589,1.02361085984422
"987",1.44640557586377,-0.367019081917193,-0.637038346790069
"988",-3.13419114330359,0.999347365186715,0.181173094147497
"989",1.61448577869265,-0.234243995338477,1.80798022628546
"990",3.41004825639613,-0.798974011547114,1.8557383629825
"991",0.393566428116655,0.468433236126477,-0.29795191855454
"992",-1.7256987403312,1.10808047096455,0.68207111239403
"993",1.07769933674321,-0.0995056273830545,-1.09109246990022
"994",-0.0457268969653321,0.756233227058767,0.262433157129729
"995",-0.384883408043242,0.779147373059855,0.130718245397995
"996",0.660143324022086,0.184837413126676,-0.967297084084751
"997",-0.468613147168163,0.689557315715367,-0.184691390034301
"998",-0.943998479924508,0.935174259204702,0.379298380147794
"999",0.0883104296266619,0.403624601855729,-0.790471765352868
"1000",1.19420655693808,-0.119132242546068,-0.499829705277513
