"","x_pa","x_child","noisetmp"
"1",0.74148492601109,0.582477143518287,0.643851308076958
"2",-1.28327478831564,-0.186075945350895,0.575167515128795
"3",0.213331132894044,0.815519794309568,2.43594715204538
"4",0.654855041906406,0.67686975465799,1.2036003233683
"5",-0.498985552306367,0.0552930348739007,0.0425865917342535
"6",1.85253347672244,0.723814326212566,0.544448253641052
"7",1.23015158440955,0.145816542593712,-1.9553807270569
"8",1.44204464333644,0.63495368631394,0.343147449965716
"9",-0.146382100480249,-0.0450198520059233,-1.26886721122953
"10",0.951408633447383,0.306611702252844,-0.929174225688631
"11",0.799527099713713,0.402201327156218,-0.313654879417461
"12",1.61601688754513,0.772587171811316,0.922206291564706
"13",-0.625336789671092,-0.168184809908169,-0.711280957830091
"14",-1.74752517657742,-0.355320700760102,0.330477598716733
"15",1.37329475521108,0.526398445065486,-0.153711334349286
"16",0.0752066471946656,0.248846964939711,-0.188693283092813
"17",1.30995195029694,0.817135470573289,1.34380088001398
"18",1.6767232330005,0.493058037089847,-0.511300909318998
"19",1.13067785712409,0.473724607904784,-0.24060201892012
"20",-1.18116029890242,0.0331294282951139,1.50744514808086
"21",0.137492719226383,0.38489290831103,0.394560873527706
"22",-1.67008424769363,-0.533443548281521,-0.646965781634116
"23",2.06956116135811,0.61768425094118,-0.0964950982517454
"24",-2.11148917049735,-0.651154916179787,-0.794962178743002
"25",-1.19176247909209,-0.390018845523799,-0.590644882853721
"26",-0.407355416850922,0.0976957772041517,0.0160673060421512
"27",-0.208578256613752,0.0959244610791045,-0.440534634695036
"28",0.208541154559726,0.436114074906661,0.545781685606
"29",-0.0679687913503061,0.245017609529869,0.0350216710859389
"30",-0.833464338040439,-0.0909598422128451,0.206251068043701
"31",-2.55759290376558,-0.607420827518449,-0.236137736569776
"32",1.5995513457169,0.525657258405231,-0.30252708105664
"33",2.23075585922179,0.151929206245862,-2.50044607815888
"34",1.04969346280704,0.441894367615453,-0.335261592664088
"35",-1.15540977504208,-0.299510444400036,-0.199286686376275
"36",-1.1708860276257,-0.623364892858703,-1.79228233269376
"37",1.78103111709936,0.648976485868331,0.209125693345079
"38",-2.4806317779538,-0.670486841366703,-0.604269022596262
"39",1.55059277813249,0.343746863650759,-1.18210153011815
"40",-1.77455284894128,-0.492521335156462,-0.326284761915026
"41",-0.16902347801223,-0.0175196699949704,-1.0871788078819
"42",1.97793512022275,0.894913517810733,1.3348705836455
"43",2.10344856624497,0.554953838894,-0.426401442935995
"44",1.42318696252485,0.542241470648751,-0.107984673575312
"45",0.125227480129822,0.375119098531155,0.364404328251201
"46",-1.72018077568662,-0.366047501556759,0.246709749018793
"47",0.284742626041484,0.325216959146724,-0.114942700449497
"48",0.715040371362322,0.458584995901521,0.0506642476742525
"49",-0.973215606933394,-0.143177474731237,0.244931352750163
"50",-1.40660818628752,-0.175213716294812,0.810164303731843
"51",0.334804642639055,0.62370451025615,1.31096464624349
"52",-0.0892205035735869,0.408666716508824,0.891920981539409
"53",-0.552824292116511,-0.217378622271608,-1.16936195645384
"54",-0.44110802602175,0.316137926206535,1.19349889176794
"55",0.65881989772587,0.273588204648738,-0.816935062062956
"56",0.303574113214316,0.47621924253212,0.614749448037305
"57",0.148999349563141,0.338044603923577,0.142930276254932
"58",1.35528343721814,0.833777995058772,1.39549661852858
"59",-0.379842275471726,0.282991127620083,0.875221850950999
"60",-0.733660881212569,-0.356038618278925,-1.35971109516627
"61",-0.645588645017227,-0.131216825183921,-0.469475556514711
"62",1.56248731828815,0.671990292666585,0.451763794990253
"63",-1.95999160051468,-0.410358666615422,0.271672979414012
"64",-3.00132921179113,-0.592253917284335,0.106424767039753
"65",-1.45597432441594,-0.436116213708834,-0.426724235559788
"66",-0.90026190166233,-0.315180410520698,-0.766598820674821
"67",0.781038830695935,0.4777197346479,0.0815905798585266
"68",0.558466030859807,0.495119624538769,0.398641591310528
"69",-0.469430005480916,0.227212098788027,0.822721762350205
"70",-1.59248505204905,-0.346542590085289,0.195705949811968
"71",0.0280933657613905,-0.0320605728135856,-1.51652402863171
"72",-1.35293331539589,-0.623759990005908,-1.50905814787992
"73",-0.293848569469513,0.215137846662026,0.337073014784533
"74",0.561584434624635,0.342831787504053,-0.366262546651996
"75",-0.902346188637955,-0.354503667444728,-0.958740553933349
"76",0.417194309414756,0.271386978685226,-0.554901362873574
"77",-1.22509545265383,-0.131067810032661,0.758601234725633
"78",2.84225217109598,1.06105133470825,1.80230763370997
"79",1.13251901237022,0.23394849997472,-1.44091402600193
"80",-1.30937370395057,-0.251572708643179,0.287399214445074
"81",0.715415315630492,0.242618625439807,-1.02954327965427
"82",-0.841913254526434,-0.0270078069262296,0.545298286291465
"83",0.588701332900078,0.502358774112496,0.401550496722072
"84",1.20719596890064,0.0816264746482383,-2.25934026606636
"85",-0.900227017822269,-0.154053830618174,0.0389591146644674
"86",0.124127573203515,0.344404856383717,0.212520207625658
"87",-0.124336001826338,0.433642110594869,1.08227529667549
"88",-0.0160254778844619,0.107574422325745,-0.743726576308599
"89",-0.316473795560617,-0.130887197291791,-1.34234491680734
"90",-1.08432602485896,-0.623898612888119,-1.94648666883405
"91",-1.25940690850597,-0.259318600202187,0.171896577340667
"92",-0.475667455305829,0.0170420271214651,-0.211566260436578
"93",1.83133631104854,0.557947561177039,-0.273501552071651
"94",1.69573063200615,0.483654747650997,-0.569325279688478
"95",2.11125729779592,0.961587641229214,1.60305696256248
"96",0.229175957413039,0.139128860900191,-0.968529501060534
"97",2.16414992300966,0.703271384931588,0.286678720859139
"98",1.19804287174612,0.514478234021048,-0.0882456578918056
"99",0.753083189101785,0.479569290952456,0.117929357946334
"100",-0.505965175324833,-0.195534366473503,-1.19241673545966
"101",-2.00306437635321,-0.577088700098775,-0.521607032402656
"102",0.883850297459361,0.33932926699573,-0.705982096034507
"103",1.38995682511536,0.781354762306968,1.10978740149401
"104",1.4866029994615,0.955707461957681,1.91803190085837
"105",0.18984159237354,0.488581479588602,0.835158055523788
"106",-0.140943727468564,0.165115297742061,-0.228671076700815
"107",-1.5595557531451,-0.0700631295209037,1.53757432363345
"108",-1.67060110657542,-0.728406206894703,-1.6211840403107
"109",-0.0454752694717657,0.422828935329387,0.883937729005251
"110",-2.06210091677262,-0.21883327594115,1.3232716456308
"111",1.29172533628298,0.592357893520231,0.232805423146109
"112",2.08567046334294,0.112753806193025,-2.62890511027231
"113",1.56440471242152,0.48492214122831,-0.484757905441476
"114",-0.440802730309892,0.14546677065913,0.339358878127226
"115",-0.779634803816235,-0.267832021600442,-0.804852031903295
"116",-1.41767333944967,-0.140634088307212,0.998441561726278
"117",-0.0976671871621106,0.24901850082603,0.109244503054304
"118",0.985541045433759,0.725272854264642,1.13493193074486
"119",0.66478721659012,0.638128344670694,0.999573698077261
"120",-1.19073269673596,-0.35670056140951,-0.425761066736309
"121",-0.472471328244794,0.37698595195298,1.57965302517227
"122",-1.27954473827552,0.0143066461743793,1.57133612453284
"123",-1.29623479581781,-0.720262699082745,-2.07594091085381
"124",-0.614913923653541,-0.127027394467532,-0.535306720073964
"125",0.118985939968952,0.0870470804142376,-1.06636236474215
"126",0.437067094902181,0.298974193000538,-0.441199505384874
"127",-3.12777264056083,-1.02340018324085,-1.98330990086504
"128",2.15515096404729,0.904068919836892,1.29484428431599
"129",-0.249313678790483,0.373724789475955,1.03336652438723
"130",-2.63653999972691,-0.964141202134138,-1.96777556797526
"131",3.41354401479224,0.892208327867017,0.777651004482101
"132",0.00577318806342837,0.227613004519972,-0.180751110028405
"133",1.8725157823002,0.439904217103718,-0.885729557369775
"134",0.576193354013505,0.681157837738464,1.30923315746549
"135",1.43558248915842,0.924651178321365,1.79588017265654
"136",1.18455589842879,0.715842003649738,0.928709932700715
"137",-1.22783170356942,-0.365807593349393,-0.410690995320661
"138",-0.542306787893834,-0.0153296157015467,-0.189398450911096
"139",1.45258771887297,0.706362063571395,0.693294002844435
"140",-0.189332491158094,0.536873886371929,1.72520732886155
"141",-0.0627209519782223,0.110782831541607,-0.645587370119884
"142",1.76666827083379,0.716981653723731,0.557121050994837
"143",1.9399039782033,0.575145285188013,-0.244636012927864
"144",-1.11980618796254,-0.194003120916242,0.266470163763546
"145",1.36637879728782,0.537022544529843,-0.0958780430758048
"146",-0.0642478371970838,0.42885869292427,0.947532700026754
"147",0.118283217320738,0.557839276777885,1.28868174015684
"148",0.175879407590472,0.460906652508453,0.717232683739844
"149",0.058083000135019,0.232658620188997,-0.242100517880853
"150",1.56704720515887,0.596527882489912,0.0716451495824074
"151",-0.594748537177354,0.199288652268349,1.03761212635544
"152",-0.177490833753917,-0.00346972401217557,-1.00016887249913
"153",-0.447149495391186,0.171120351192117,0.483981571124839
"154",-1.31153227819535,-0.311454788660828,-0.00876333903607011
"155",-0.877960009365795,-0.419577249790872,-1.33702198482683
"156",-1.38209670218055,-0.532520233904599,-1.010904999191
"157",1.07895041959582,0.312964312881988,-1.00356056566545
"158",0.399112413535262,0.0856112772469295,-1.46142671609286
"159",-2.01462275208478,-0.501161331755567,-0.13132101637282
"160",0.135501718844674,0.256178837299424,-0.245984390326894
"161",-0.453854649665811,0.025183810004974,-0.228304769176539
"162",1.55540478881135,0.791272380323616,1.05254645410392
"163",-1.64514087686138,-0.0756122918168321,1.61321766370522
"164",1.5755079372584,0.667822511939782,0.422927956669423
"165",0.277320378165001,0.280544660223046,-0.328225665667969
"166",-1.14022723165991,-0.389069045699856,-0.673194971803011
"167",1.21788233517869,0.587351604464011,0.261348682833411
"168",-3.30842735491218,-0.316320012285247,1.63996359562215
"169",0.262355381290976,0.134398310002472,-1.0384635263193
"170",0.26658275815559,0.0736122998522994,-1.34820640894493
"171",0.3895406073282,0.359409382568471,-0.0804845258321348
"172",1.74745239194895,0.443334646732072,-0.800364583992429
"173",-1.07350811024449,-0.129923104028595,0.503642265105121
"174",0.0460792555389245,0.0999648087552085,-0.886034528149442
"175",0.952144660842983,0.428447442300326,-0.320631523237829
"176",0.81992959249431,0.293700337239361,-0.875403090421791
"177",-0.970745614667208,-0.300136368773944,-0.544826594857704
"178",0.680992989414083,0.588528856094676,0.734882910342866
"179",-0.732080865783439,-0.247363806970462,-0.820345136045719
"180",0.469590940088749,0.34921598922812,-0.228918935068082
"181",0.115082923714351,0.358219036224296,0.295520991278886
"182",2.33770358004042,0.816020023579936,0.772975639591407
"183",-0.673198758547866,-0.205113413650966,-0.763277132111136
"184",0.0154385519954233,0.296055684528003,0.145178552746134
"185",0.0926292905165562,0.42308469828701,0.654874055418129
"186",1.59308690725573,0.44855849173207,-0.684105217709631
"187",-1.73243403063687,-0.30503956561666,0.56532209139553
"188",-0.0912793623701724,0.171040340876529,-0.292427725312818
"189",-0.0341669822046007,0.194740130109994,-0.276393619184977
"190",1.4751549313628,0.603514597625758,0.164424654261025
"191",-0.580579857462753,0.102296409441349,0.510640607436247
"192",0.4539781333152,0.514432744318163,0.615739967818361
"193",-0.91953954762713,-0.22109674957401,-0.255130555438766
"194",-0.108806059988421,-0.0183067654142789,-1.20667811930951
"195",2.36780351592717,0.961553437636691,1.48778904348262
"196",-1.36516023579633,0.00843140294176487,1.66960445686038
"197",1.3636628476052,0.419227410328047,-0.682998181811475
"198",-0.346328188127231,-0.0235484378649524,-0.737001759108507
"199",0.910239509112435,0.227061953497831,-1.29089365198744
"200",-1.31693165359914,-0.228317281630409,0.415023864154775
"201",1.51691405955946,1.02337613049238,2.23710550164328
"202",1.63108731072707,0.818489881937759,1.14271548339474
"203",-0.477380708823541,0.0382155658555456,-0.101130184989831
"204",1.79488375044918,0.635259929041389,0.132908638702391
"205",1.34452241301604,0.918231479605326,1.82517594275657
"206",-0.382978807158935,0.111651908615724,0.0261061374382932
"207",2.05760938730171,0.587973812156677,-0.239255126704284
"208",-0.320675193563875,0.0994807135462218,-0.180965643415583
"209",0.696315560661533,0.432090126652237,-0.0629317081757301
"210",1.37357073135863,0.428830074796392,-0.641740884368563
"211",1.41552320950805,0.562781889048785,-0.000196016870352977
"212",-0.112519679021878,0.422726056511889,1.00543398702107
"213",0.283996741971774,0.130250014525645,-1.08876715522194
"214",-1.52907069302962,-0.492975216195254,-0.615377781806525
"215",1.63712896583489,0.432794906650055,-0.789350147618095
"216",2.56814592863564,0.850167467544568,0.849303495859972
"217",-2.39004095079693,-0.254093620215842,1.41264607745948
"218",-1.09438213310616,-0.218376186020217,0.0993165206816812
"219",-1.09270558784221,-0.207621163158894,0.15006991154696
"220",-1.16594978010581,-0.465725898473158,-1.01243114684389
"221",0.957142521644896,0.84375476418048,1.75159391401736
"222",-0.0345481557001885,-0.0342669963519907,-1.42076204495774
"223",0.450222661423153,0.60889842581674,1.0925671462385
"224",1.23828287672026,0.549691349009636,0.0580267932954019
"225",1.36009670115351,0.784562066450376,1.14611559380663
"226",-1.89710566819126,-0.54963851815473,-0.48568129951863
"227",-2.10484546980214,-0.425575856691949,0.327173814233023
"228",-0.4621038409113,-0.103754547812411,-0.851425954102784
"229",0.463896213480551,0.28037538174796,-0.566370508924162
"230",-0.4342315644531,0.09744415580101,0.0824261036438608
"231",0.0343480006410817,0.176272596433313,-0.48521506949588
"232",1.53838914825749,0.145434898020793,-2.16607191778875
"233",0.611782807622641,0.0816096330009976,-1.72715094978307
"234",0.311645997594121,0.539020697050113,0.918013046857183
"235",0.54624396678721,0.386247549849887,-0.132066895989026
"236",-0.602311922471569,-0.144450091912869,-0.658925968063747
"237",-0.764364086727523,0.104833201856109,1.02125579107348
"238",-0.0701996039958252,0.513916262603049,1.3835388162826
"239",0.799674453923863,0.457467634443559,-0.0374632145789944
"240",2.00319881945814,0.859091597012043,1.14310336596897
"241",-0.733221606289004,-0.276626655326171,-0.963764952485116
"242",-0.799644670070449,0.227257409140553,1.718504420082
"243",-0.503051922153206,-0.0169961649732294,-0.307729461624636
"244",-2.50183763019847,-0.361909969055994,0.953383159238067
"245",-0.366539077177713,0.219927520085786,0.528017189377268
"246",-0.247969157843187,0.427094941992204,1.29736291679071
"247",-2.21663402707416,-0.499055436672653,0.0537032435500503
"248",-3.94920551742273,-1.05972596535717,-1.81508200536382
"249",1.20308412666851,0.248746882683039,-1.42067171683221
"250",0.902503578960056,0.386221808090398,-0.488222894265983
"251",-0.615294841575385,0.281042052731718,1.50613608620422
"252",1.46199627060975,0.475621807469234,-0.466528528151119
"253",1.40891221402186,0.847821326164968,1.42940560078215
"254",-1.1031853563323,-0.306453175784425,-0.325274046460497
"255",1.76145264350155,0.523851705144573,-0.405620960851965
"256",-0.271227795399622,0.174787707279691,0.0857210140713264
"257",-2.80664975570681,-1.01775844788658,-2.13084912265614
"258",0.690784761329704,0.133275392290228,-1.5513849436266
"259",-0.00128210120426849,-0.121343939463517,-1.9135653066638
"260",-1.47936292187063,-0.46601681462908,-0.545057677947738
"261",-0.823671227609615,0.0142696575632087,0.709841742932948
"262",0.964064684344876,0.404935599585192,-0.448451605123553
"263",0.53769883442965,0.241813530639488,-0.844623882781267
"264",0.291351137460997,0.180066191103071,-0.849622699408421
"265",0.846660209425911,0.738912635792229,1.32581666681856
"266",0.627979704156161,0.443685695128491,0.065947126926349
"267",-0.673636211770336,0.00158332821786451,0.271387742182041
"268",0.566268685098459,0.486612978939595,0.347452456649594
"269",-1.72324829637306,-0.133317168195432,1.41376990960328
"270",0.660558252470934,0.598595928992504,0.806297248014539
"271",-0.808325525300079,-0.219876596724646,-0.496677744903846
"272",-0.188321498254582,0.413235055955933,1.10498328528287
"273",0.317905241524871,0.296009534911364,-0.305329298433102
"274",1.93560813206703,0.604402899730899,-0.0961424857108462
"275",0.108680799022907,0.153896280920952,-0.716171125445015
"276",1.37707219238537,0.481857753878361,-0.378981520677496
"277",1.77794098737399,0.516873091825047,-0.449681321683975
"278",3.02488331614155,0.64659031605233,-0.331841403086616
"279",-1.25005450354384,-0.434504357182203,-0.718749597354417
"280",-1.97280327336594,-0.650796892954818,-0.918395914568221
"281",0.258552157371586,0.391251598888497,0.251048533605041
"282",-1.76008382933446,-0.533489929304917,-0.546715176569843
"283",-1.02937660264939,-0.415090931155848,-1.00474458811772
"284",1.37943703157487,0.362882079780862,-0.975464139006559
"285",2.37329449146363,0.759073812786618,0.473063707355056
"286",-2.44592981270176,-0.780569873883071,-1.17922107126417
"287",-0.0989232196754443,-0.0927952558847123,-1.59749989115081
"288",-0.366242895896342,0.414803758034201,1.50169329033559
"289",2.78186384062872,0.81037819682176,0.570356807021499
"290",1.1488126442793,0.73266148448076,1.04004826565059
"291",1.14148493858042,0.542613338225563,0.0954607970919367
"292",2.86961163534316,0.897366749698785,0.974345181174152
"293",0.243330906572827,0.35990649746499,0.115470187115752
"294",0.431599221184786,0.607708604089183,1.10910608786878
"295",-0.645692552697518,-0.0679416025648127,-0.152810385701564
"296",1.38037932616181,0.596559100668587,0.192282300881267
"297",1.41806625846889,0.67427507420299,0.555579758374282
"298",2.43171677497608,0.772297465294634,0.514751135683367
"299",1.04866069129096,0.161149149730752,-1.73814547312682
"300",0.297105931382162,0.145878358915543,-1.02829878638305
"301",0.283235899058616,0.40268972016578,0.274462488944931
"302",-1.43175116832663,-0.660457560929698,-1.58129621676775
"303",0.0678419988305342,0.274400000048433,-0.0491334173235221
"304",1.1217737727129,0.159309371803818,-1.80573408336078
"305",1.32606041604626,0.492210542205933,-0.292111921682851
"306",1.31409545451139,0.588278181122562,0.196601387827387
"307",-0.950701300484583,-0.423077509747369,-1.20023275936183
"308",1.17362381385456,0.332088637342846,-0.981783684634784
"309",1.32717277970812,0.522586771301006,-0.141006639032728
"310",-0.977485464482887,-0.38832385863687,-0.972246768449234
"311",0.674641332662084,0.350994574806888,-0.446266958099407
"312",-0.349177414447066,0.19869374756718,0.380867222849042
"313",-1.99195203852942,-0.526655558947786,-0.279752210601278
"314",1.08671693231565,0.387454236773736,-0.637321345878501
"315",-0.734943881819196,-0.0657624057166415,0.0949198043001657
"316",-1.17333148602123,-0.32686534854137,-0.305663873007133
"317",1.55973191071624,0.654091884362468,0.363970859008849
"318",0.602254535199713,0.532332168604291,0.536716648382312
"319",1.32826444514642,0.357497136816626,-0.967215782969017
"320",1.0423077614628,0.230027294442481,-1.38856280244127
"321",2.12937754667952,0.764070525153749,0.606910564262187
"322",0.815916884805641,0.549124352255252,0.405482191711735
"323",-0.388555399235655,0.214643251334054,0.554599820804496
"324",-0.923475571432599,0.114990642817035,1.4335962840073
"325",-1.0919469862023,-0.223427344720713,0.0696702859691167
"326",1.11734283053692,0.763651117702706,1.21944348455851
"327",0.767698764231775,0.0832607435446333,-1.87783723594481
"328",-0.115660359527397,0.267487092623894,0.235133137387598
"329",-0.914846007417773,0.0109814567988312,0.895334861096833
"330",-1.58713779011214,-0.297675925663467,0.433523008944719
"331",-2.04091939841143,-0.490384161293628,-0.0534898376059682
"332",1.4825282502663,0.181385136636555,-1.95096611679418
"333",-0.108880410079396,0.251608511679051,0.14303714701212
"334",-0.541308814326599,0.119178661071067,0.4802877638868
"335",1.15261618935499,0.593969504576361,0.343663251374987
"336",-2.80002034718445,-0.32161940214557,1.34592077757933
"337",1.25530318438731,0.559235298834463,0.0933443096733296
"338",0.743500565733555,0.474503815459402,0.102000392729338
"339",0.342653133703345,0.0365352342086826,-1.63508891191965
"340",-0.117380561599853,0.543584535506769,1.61885555972354
"341",2.2878680373337,0.891574917724318,1.17239721083322
"342",0.516471858891638,0.249436501853202,-0.782382281285267
"343",-1.63863579488907,-0.366050721083414,0.153385935889826
"344",1.14774351904493,0.126042638448672,-1.99222261339499
"345",-1.30424246789983,-0.320765774694253,-0.0663091590192059
"346",-0.0295344267420944,-0.0865548167086983,-1.69095976958734
"347",2.18288644313587,0.646208167972996,-0.00728298862384828
"348",0.742372648355041,0.35661182506774,-0.486349510280508
"349",-0.761379773427106,-0.151755431048483,-0.269028452470666
"350",0.913060019743267,0.263344589657054,-1.11197773597788
"351",-0.652612089242104,-0.222899045462155,-0.908421225789882
"352",-0.718446144786056,-0.288462210543633,-1.06069893634702
"353",0.0366485558881119,-0.186943031820555,-2.30508906547382
"354",0.362080633202023,0.555367567211129,0.934059544356051
"355",-2.35787316168968,-0.44330450237921,0.442696335060647
"356",0.523566366779735,0.591116899030742,0.917916568135856
"357",-0.757639474131337,-0.494902096612923,-1.99399406683598
"358",0.880959813782413,0.0438675885574963,-2.18068495543813
"359",0.317810377567937,0.499926178933883,0.714379222220795
"360",1.45559463340245,0.647296594371831,0.396007064665117
"361",-0.823098769507335,-0.457827959703812,-1.65197165449609
"362",1.97794829612158,0.391811407338865,-1.18064660848907
"363",-2.68486634738245,-0.272061220719225,1.52339193371175
"364",-0.432020671166131,0.158777956942992,0.383461780440496
"365",0.173355829031604,0.300366406949147,-0.0817485442031056
"366",0.295426733542665,0.414870932189089,0.318918186846964
"367",-3.02246968592637,-0.638920548001165,-0.115599176536316
"368",-0.2452697458591,0.174111213008771,0.026724453497234
"369",0.680727742854804,0.538369669262801,0.484358772636841
"370",-1.38291039261974,0.0462810770325689,1.88425855546535
"371",0.0311881908587415,0.718343222899426,2.23036354942478
"372",1.13176423133237,0.724456879619122,1.01221451950111
"373",0.397910993740172,0.487894591926902,0.551485442389047
"374",-1.54236295511415,-0.351524197377659,0.108721912936576
"375",-3.23352311206363,-0.656764018641525,-0.0978221929943812
"376",-0.245127640918596,0.326155817667613,0.786646772599873
"377",-0.875207242999519,-0.350068756878181,-0.995530538488098
"378",-0.0863891291801128,0.546728425647654,1.57703802155818
"379",0.691229835281365,0.304642936108976,-0.695000264586931
"380",0.624976253026729,0.400998990806576,-0.144295830394251
"381",-0.887391503361444,-0.0283511834487519,0.639719396934185
"382",0.134290400192904,0.534794648296246,1.14893748002698
"383",0.780042855196436,0.208166444066316,-1.26521897805911
"384",1.75466283181152,0.456463905307806,-0.738763582063321
"385",0.188588597708987,0.302464857353648,-0.0935990787049779
"386",0.225515331123856,0.152304412097041,-0.897472976623956
"387",-0.873960873145638,-0.251532153152473,-0.505592515729723
"388",-0.782561663112712,-0.467454583691758,-1.7958968012153
"389",0.778154956284602,0.426600827768054,-0.171231574166331
"390",0.0262186719602816,0.0523960659648866,-1.09112602087774
"391",0.288609814508175,0.164668046834561,-0.922916096097598
"392",-0.482674984167511,-0.0188771005514225,-0.372423779470867
"393",0.0656679485382962,0.217937438076359,-0.327950756379597
"394",2.45849161731598,0.593049256222225,-0.392488722893751
"395",0.49505586397216,0.484542497959055,0.417852323273496
"396",1.34818328627134,0.728352115637362,0.87325279013946
"397",-0.28057434856477,0.527956843067985,1.87193061441459
"398",0.767882027443454,0.342986997207993,-0.579383476412449
"399",-1.7138652567459,-0.24114841826705,0.864165060574037
"400",1.67529071494091,0.593417772561967,-0.00866840710988341
"401",-0.23453539504616,0.470562302732252,1.48637822812211
"402",0.0147171027751749,0.227124943265289,-0.198264260676216
"403",1.21242662842274,0.615165467886888,0.40446399480499
"404",-0.690254468688181,-0.233479731386102,-0.8594610456577
"405",0.963819402530918,0.384695772338953,-0.549440341160738
"406",-0.15583204583162,-0.0279183595914586,-1.165027161805
"407",0.355089825732794,0.792929866314627,2.13083064762504
"408",1.1794805918241,0.156122471951188,-1.86605316887036
"409",0.118388511642646,-0.0136126136575646,-1.56874004371168
"410",0.0920877601802271,0.0446548818096489,-1.23642240170976
"411",-1.02183577440174,-0.359000133368835,-0.738723351605378
"412",0.190927139005885,0.227644865598501,-0.471105523089788
"413",0.793970477444862,0.539119122643113,0.376218082696744
"414",1.36309517257246,0.724846085040464,0.84548336805666
"415",-2.01482323389463,-0.423805641733716,0.255641470196528
"416",0.418813318553285,0.829384862740412,2.23310077865901
"417",0.113607728784861,0.0458896628719937,-1.26384424571866
"418",-1.78420748736003,-0.69310371815604,-1.31887976609592
"419",0.409981704508808,0.173965899987173,-1.03312534391442
"420",0.698194199914029,0.238542701945014,-1.03257329875169
"421",0.305913538205896,0.235221657041614,-0.593358937911749
"422",0.646477688336522,0.633949802879015,0.997757608791905
"423",-0.520981143581542,-0.000865870663798604,-0.177418800559034
"424",-1.31289232824461,-0.287742701391677,0.111840601147757
"425",-1.18215350445847,-0.436415860846059,-0.838621068120558
"426",-0.896069628710073,-0.135807994344965,0.121236361594627
"427",0.105060867469684,0.613155515759201,1.58575778889179
"428",0.624784752713037,0.490612192350744,0.303973825444953
"429",0.838003107940605,0.0533859024862914,-2.09381704961509
"430",0.10692669367954,0.449841043196622,0.766280074298478
"431",-0.188630491816316,0.27252421313139,0.40204927433685
"432",1.00586294019735,0.0311128069303435,-2.35297236971695
"433",0.0466986075569722,0.0709429582934457,-1.03215648148656
"434",0.848772613720564,0.595102437806318,0.604820166131064
"435",2.33439872409634,0.665831616533539,0.0234549206228955
"436",-0.107225518275753,0.277100146304663,0.267406260913636
"437",-3.83140038815076,-0.794074981661094,-0.529988133635908
"438",2.13884811800757,0.753083103836161,0.54752655035468
"439",1.66064395048772,0.546347654457844,-0.23545950540214
"440",-0.984096425057418,-0.1766514237802,0.0992932267985106
"441",-1.58990667936502,-0.114764620083158,1.35145686734937
"442",1.00971540332418,0.663441154511415,0.805450148653219
"443",-0.67460719510165,0.044802271083847,0.490102235823649
"444",-0.780657495124357,0.0846970434651636,0.960265351115542
"445",-0.708125015980883,-0.0313423716111952,0.198179906004296
"446",-1.16178252376445,-0.114842857585771,0.734912981462278
"447",-2.77237020052213,-0.802947061761482,-1.07723059963485
"448",1.34406516919127,-0.235401440142651,-3.94267276607891
"449",1.9982093040845,0.171685352864188,-2.29143962686423
"450",-0.903837206306352,-0.17456919276545,-0.0558726943416913
"451",-1.01173421693319,-0.440810286734643,-1.16726202528003
"452",1.7342903518813,0.651869018837475,0.249728314501145
"453",-2.12510230155713,-0.30836794863232,0.930701796766715
"454",2.5142644180794,0.775768863318994,0.498586129352092
"455",1.53464317774333,0.458634014101075,-0.597737187113117
"456",-1.26324842495543,-0.482422261556745,-0.937608884348105
"457",-0.111706299758995,0.302234467077357,0.401452288200636
"458",-1.11886676125052,-0.0605656374870546,0.932001814505631
"459",0.877911472041087,0.838389500534993,1.79467746676644
"460",-1.10817156349528,-0.172723593902385,0.352266521838269
"461",-4.02000098896949,-0.568236168005994,0.667368079776554
"462",0.806480079622032,0.574643745877979,0.541971471412293
"463",-0.290375472958571,0.12561071057861,-0.118248553470709
"464",0.62909492803464,0.775644087873475,1.7245560191511
"465",-0.0768504130905174,0.323986056207824,0.445930917727119
"466",0.437264033401256,0.0502578856512977,-1.68501948166696
"467",-1.34534897165948,-0.369148710859175,-0.247069940229208
"468",1.10931130855771,0.345687108629198,-0.864066387839415
"469",-0.00656268364840964,0.193856272806803,-0.32855794078102
"470",-0.863725380947707,-0.241370992597053,-0.477454558450249
"471",-0.778616424887192,-0.0249802220923898,0.406942795633828
"472",-2.71176968129487,-0.664134488552602,-0.420175252076588
"473",-0.718552120379502,-0.103087131531377,-0.133550670492009
"474",0.0601004559816079,0.160991629327872,-0.603699716171483
"475",-0.252198714430778,0.304413560003431,0.69294747122039
"476",-0.320018166092301,0.218958889187012,0.414930797554992
"477",-0.173435848429179,0.052446771326275,-0.728628962379522
"478",2.98930805943993,0.55868947214486,-0.759629776189104
"479",0.586026760184606,0.0971003166419053,-1.62182479071932
"480",1.64706324959486,0.425308770545038,-0.832661584422302
"481",2.86637957724693,0.922006207034829,1.09866420339889
"482",1.73699612618533,0.748658558627406,0.73214655078323
"483",0.853807311224999,0.434167446817625,-0.204481414153389
"484",-1.49006676897678,-0.0863882030944962,1.3671695817672
"485",0.776846387715181,0.423910186775649,-0.18342512229836
"486",-0.475446999932518,0.135734865555751,0.381310690457669
"487",-0.507030786268967,0.245583410523343,1.01610603091814
"488",0.324964142417423,0.124437207609018,-1.17248984215481
"489",-1.60937934542962,-0.330277351708285,0.297456960626037
"490",0.189958274569956,0.410165596020473,0.442908689038881
"491",-1.19413224307997,-0.165502597857519,0.535860368476997
"492",-0.359191481737216,0.0545633525805317,-0.316233806383826
"493",-1.65885884228582,-0.158789195908833,1.21332968406535
"494",0.296502738415626,0.392243319976053,0.204335400343243
"495",0.583622472400416,0.467505799671272,0.232829358336682
"496",-0.0829248089309342,0.50749958423712,1.37455929255377
"497",0.209793388852536,0.534181283670711,1.03432104910569
"498",0.78422562875767,0.295779896444541,-0.831166296587245
"499",1.68480013362971,0.91047477347138,1.57109249791998
"500",2.02512724638109,0.377783912861879,-1.27430350662572
"501",0.842430518232149,0.573597792915176,0.503145675512222
"502",-0.179111575372958,0.175713161344082,-0.101031553363898
"503",-0.457054370972152,-0.16200313403596,-1.15589477131223
"504",-0.581883234576991,-0.100342410640281,-0.498661341214297
"505",-1.15491592348204,-0.273915535851199,-0.072156317667688
"506",0.271545106676561,0.151646157918492,-0.964836778341659
"507",1.35983598281086,0.591848433769416,0.182726036547883
"508",1.16248103267857,0.472809633658205,-0.269693253123693
"509",1.71296542342709,0.74385186250017,0.721767683265326
"510",0.803257016965133,0.380139920979991,-0.427498418655533
"511",2.22972456694217,0.582677813267066,-0.346238851678221
"512",-1.24072129900745,-0.108791239747991,0.895016484483051
"513",-0.505407734565935,0.020329621949625,-0.114630220707025
"514",1.81377492638397,0.534733089843649,-0.38005500430313
"515",1.51518714369473,0.79802032268818,1.11141623070537
"516",-0.804287484394814,-0.0413454901893112,0.386469574329481
"517",-0.785636103666206,-0.0967529484184833,0.0650133967387371
"518",0.201154118723192,0.29784474269874,-0.134930512559824
"519",-1.11831910945747,-0.364404230094779,-0.588157018967393
"520",-1.07518480412421,-0.387392517843039,-0.780631635753301
"521",-0.032086197511827,0.202802969872168,-0.239717783273981
"522",0.822818130821211,0.522845995114211,0.267620692598435
"523",0.0325385969895144,0.425975179251169,0.766288431926179
"524",0.162145937650435,0.228004097366964,-0.426945793015932
"525",-2.38148179107023,-0.377641560283777,0.788590224135612
"526",0.714665289719976,0.383028690988335,-0.32674137267844
"527",1.35342884881567,0.692379062492005,0.689776285538549
"528",0.833977313855691,0.542229556391668,0.354136173557894
"529",1.30247008376507,0.390528682970049,-0.783956336767702
"530",-0.69102626585491,-0.142621948829055,-0.403125953874411
"531",0.458375696691166,0.720398405707135,1.64031554367726
"532",0.235836231434345,0.377194486461348,0.212413594092449
"533",1.40522094280843,0.144604688928105,-2.08421163471647
"534",0.331248231622658,0.547529823912346,0.934735995066307
"535",-2.70113108181669,-0.354372500673067,1.12201934352708
"536",0.796349679296084,0.576681323172874,0.561764345271931
"537",-0.670177164307222,-0.215712138819082,-0.824444417787246
"538",-0.385490986935575,0.0821392729118447,-0.115368262683907
"539",0.583186608341405,0.403005256692897,-0.0891967072223047
"540",-1.57010364100642,-0.695221826755789,-1.5751321672539
"541",-1.77869305341054,-0.410532296567483,0.0880928220261416
"542",-1.09594319316454,-0.332280215331222,-0.467394010700398
"543",0.77934578356666,0.246776551008491,-1.07149836300765
"544",-0.698993122471539,-0.203423988131911,-0.686111592006537
"545",2.18809367999039,0.874663848262683,1.13260526668042
"546",-0.192124436684099,0.530717319492628,1.7000400327055
"547",-0.0847188555773187,0.039111538890386,-0.964102917241275
"548",-0.363353488312285,0.342698416394404,1.13429901383391
"549",-1.86916782933353,-0.28339738993119,0.817643605132063
"550",1.37833120626549,0.609882094530853,0.260285846649725
"551",0.0604735805889182,-0.066922383783985,-1.74387290218353
"552",0.351056714964479,0.522623083464625,0.78448666340911
"553",-0.33400202456122,0.218364322997946,0.443973649634363
"554",0.556162191575117,0.446349684003871,0.157356507179998
"555",-0.402030443435521,-0.0960755709898923,-0.965966514853444
"556",0.860410817116166,0.614734314177818,0.692306545825658
"557",-0.0392735020416241,0.0146499308301528,-1.16788798963298
"558",0.445851261978282,0.419365950667355,0.150156520923811
"559",-0.424154018701068,0.17555233918238,0.447393679864376
"560",3.58006676788529,0.925998890550936,0.900536255436368
"561",-1.56776489409112,-0.271059345200693,0.542787105014675
"562",-0.681015019317462,-0.148414629607742,-0.458761253225751
"563",-1.74532316448814,-0.386963835585694,0.169855979545743
"564",-0.817964598541594,-0.214637735503827,-0.447940345320633
"565",-0.373494605583458,-0.0802358147471119,-0.956180842592427
"566",0.340514181712896,0.455582506585696,0.46292334339175
"567",0.680759084961539,0.357304203956218,-0.421000672419551
"568",-1.03614234588023,-0.592098577426581,-1.87691629772222
"569",-2.76513599674823,-0.609223824437225,-0.112972773638051
"570",0.509996897172939,0.639512010592175,1.1754256874851
"571",1.84176081519267,0.271767797930761,-1.71001322799398
"572",-0.108694096349739,0.38105340311422,0.789913600234778
"573",-3.48713563014518,-0.814692229816048,-0.771632792663229
"574",-1.88490844778787,-0.285191531538622,0.824443403060985
"575",0.78059107008009,0.271713518739615,-0.948010383482361
"576",-0.0654185629693167,0.18586070377202,-0.265353323592922
"577",-1.45912134977378,-0.329822224642333,0.108971589834787
"578",0.321933640858971,-0.0732285212467046,-2.15683230073358
"579",0.295982978632522,0.366083543334657,0.0742342399631979
"580",-1.26476252797906,-0.485061631218676,-0.948440962270102
"581",-1.19132353640761,-0.506566765208821,-1.17411216463074
"582",-0.739149764673507,0.161796529146029,1.24333784940881
"583",-1.69817315939563,-0.270343506124284,0.700564433339006
"584",3.44949632223359,0.598051007097992,-0.7033049789837
"585",-1.61132947484445,-0.138450985874622,1.2589306623098
"586",0.074378198655026,0.185367838643365,-0.504765687381449
"587",-0.831320442119733,-0.392644034356841,-1.30708943237333
"588",-1.14960263270718,-0.528626459310638,-1.35481572834694
"589",1.6401629104141,0.565097069992412,-0.129638417255015
"590",-0.503718550032154,0.216769554661417,0.862928386734379
"591",0.450586843779277,0.490653249662153,0.50090447695702
"592",-1.93047648719884,-0.330912877061024,0.640597808838163
"593",-0.306566965055809,0.128241645849858,-0.0690409706553326
"594",1.22262982360138,0.646810872099863,0.55513426186543
"595",-2.17773193731699,-0.434275413233398,0.345621745638121
"596",0.392958234183366,0.567554617554621,0.95596476555028
"597",-1.21311440220776,-0.545239446476963,-1.33166979143163
"598",-2.3858060445693,-0.718871599073972,-0.914365160685581
"599",-0.168381153630647,-0.141115578100547,-1.70642448456679
"600",-0.242532253777742,0.300656251852107,0.653664005479201
"601",0.87577246088376,0.537818653036366,0.293757996268462
"602",0.011120412021147,0.608469675867413,1.71450712508768
"603",-0.911578743496901,-0.345146635330008,-0.892241031078623
"604",1.3552008153383,0.520091675282113,-0.172878236030146
"605",-0.332871919895161,0.0343160008096584,-0.478871679315341
"606",-0.90996744208367,-0.214373966639686,-0.241805901490794
"607",0.300597101930013,0.349487135463781,-0.0149322574694481
"608",-1.76674342691289,-0.263718834746106,0.809333536315026
"609",2.24011541016677,0.981545063982716,1.64342992305024
"610",0.507820977637614,0.621420508180616,1.08747270113004
"611",-3.10555301332561,-0.404999131946005,1.09737848624782
"612",-0.501309747001547,-0.0957807760099349,-0.706426924573389
"613",-0.587818967721202,-0.456897622042869,-2.26378254908389
"614",-0.232914147054527,0.371106892639963,0.985707354831313
"615",0.106473680093309,0.382084728138278,0.42820350099441
"616",0.180597631922111,0.610970435606482,1.46061627120759
"617",-0.0385979767080642,0.41427273596745,0.829038934828676
"618",-0.013508124709369,0.198730169537977,-0.292281038856738
"619",-0.981225980995049,-0.0937306275334721,0.508185269127256
"620",-2.60969084989375,-0.556367368785189,0.0536626463047907
"621",0.624639335014227,0.717230519756451,1.43722012216299
"622",1.97352512276905,0.612607119357496,-0.0744367975440744
"623",1.26154501377112,0.325434375009357,-1.0801793786159
"624",1.65810661287429,0.737480464744322,0.721693687742456
"625",-2.08821149588781,-0.639760752603017,-0.75827236144148
"626",-0.620135719642275,0.195654382727603,1.0930808505254
"627",-0.993820837546416,-0.0804023646999336,0.599778302460755
"628",-0.945953004776576,0.076067241417477,1.28573820350535
"629",1.61158924037455,0.326529001768777,-1.3054261297958
"630",-1.93485585120249,-0.299535202378894,0.801719510132565
"631",0.611921583029715,0.636937373796451,1.04933888061552
"632",-1.02611652548209,-0.405569589831666,-0.963365513810753
"633",0.413831124874102,0.842662860572012,2.30561364514594
"634",-2.15321990397936,-0.445138846336145,0.270772289201577
"635",0.120497109691723,-0.0692612578952196,-1.85023118262561
"636",-3.06080110917817,-1.24566922277335,-3.12912300282003
"637",1.63634022289565,0.570399220988881,-0.100860415557976
"638",1.35467927015396,0.764988526533197,1.05196427323638
"639",1.40810002209273,0.706062817836002,0.721155229169897
"640",-1.07040945388719,-0.586196104326788,-1.78341411515789
"641",-0.0445353184996415,0.451543845236065,1.02585184465253
"642",-1.73827199341761,-0.754558025887913,-1.67584340877586
"643",0.131313389039093,0.885660118985825,2.90780145118419
"644",-1.11484311411935,-0.123441435288478,0.610515843471304
"645",-0.533163597230196,0.0203272565848069,-0.0371560858986708
"646",0.111584459878703,0.3648112153708,0.333897254459957
"647",-0.217899514715834,-0.0644552790853742,-1.22329060569817
"648",0.838075373634131,0.202005967228579,-1.35078368501586
"649",1.18158382270144,0.306435757383319,-1.11607713206454
"650",0.398667911593015,0.525371107801194,0.737925622455999
"651",0.307164618766314,0.431631787515433,0.387025194826335
"652",0.250892755902026,0.278184627044724,-0.303675751177985
"653",0.307265561966415,0.268178821029155,-0.430374032375764
"654",0.161465566110495,0.20328838859346,-0.549511203639349
"655",0.270402808061143,0.516052613909315,0.858758467109076
"656",0.200676362404304,0.420976286660111,0.481417099837472
"657",-1.58352918590815,-0.156381292845248,1.13558453104283
"658",0.337605145896859,0.400989166599698,0.193738991641844
"659",-1.17498829668304,-0.374594839863264,-0.541524325668738
"660",0.478993282934542,0.363841977410751,-0.166876883458296
"661",0.960431590343347,0.333345071712619,-0.80328463845582
"662",-0.110637705141657,0.0592127090660005,-0.815656691757438
"663",1.35091903081007,0.664555606784771,0.552385585980576
"664",0.289504902386293,0.338390234246545,-0.0555132374071965
"665",0.919114733563671,0.703952968767908,1.08571784006931
"666",0.978068926511447,0.379249333633391,-0.588844412342356
"667",1.18345158702091,0.499739691509241,-0.150968219234161
"668",-0.0585324669604465,0.183574586297398,-0.289128301467499
"669",-0.269876115186459,0.372135627940831,1.06953067095736
"670",-0.630878723387634,-0.0518036660335533,-0.113661518327257
"671",0.400516311268413,0.077641217398516,-1.50302300776931
"672",1.67817084187046,0.672849460230658,0.386814197992421
"673",-0.928277250648349,0.100596132229073,1.37169534094625
"674",-0.357936239221885,-0.219059016007736,-1.68731059969581
"675",0.808782074834544,0.785209559309403,1.59262648831038
"676",0.26557786276085,0.791772063408119,2.24397249161606
"677",0.953985806237133,0.590300148167009,0.487042316742738
"678",1.71742531397352,0.285069568459201,-1.57469011619869
"679",0.888416582149653,0.617876804989569,0.682648901231588
"680",0.932429821997335,0.617225289293075,0.640391286204288
"681",-0.694457890564611,-0.0526724433708508,0.0556992933363953
"682",-0.71568651806424,-0.264802535216803,-0.949516788116032
"683",1.58497700497548,0.453911551951886,-0.65240938568018
"684",-0.12001327524253,0.2844931831102,0.328359782979255
"685",-2.3087894300767,-0.584193691980951,-0.29905441493532
"686",1.10959353766245,0.64083370610366,0.61144436427331
"687",0.11777559528633,0.234114047238339,-0.329161616108817
"688",-0.207713361717489,-0.284103566312327,-2.34244258484117
"689",-0.115589699189966,-0.1728499938163,-1.96668508084926
"690",0.180829967687172,0.148704357321802,-0.85105496673607
"691",-0.594183265974299,0.0461601542105617,0.27030628015685
"692",-0.710219856059728,0.24083056782969,1.56449125681002
"693",-0.0505628860738031,0.37422001242557,0.649903860681942
"694",0.243675858944403,0.451053523829199,0.570723336460576
"695",0.357690949523386,0.304337935134722,-0.315468055240033
"696",0.446908215361683,0.308332253097382,-0.406283276112277
"697",0.483727993229791,0.628983228172614,1.15327359124804
"698",1.21912862352315,0.587716606278326,0.262251163397926
"699",-1.61904243159333,-0.653408239366472,-1.30662498739351
"700",-0.771621574852561,-0.53117361070997,-2.1410182811966
"701",-1.51241564665644,-0.158138371982154,1.03746753413355
"702",1.61520471636133,0.604647023146487,0.0829927455158656
"703",0.970440961177736,0.516043145417557,0.10162748086898
"704",1.28132304233694,0.332846195910005,-1.05733731336833
"705",-0.118172180595142,0.231828022459825,0.0615634683588525
"706",0.21985020306914,0.425618844623302,0.477142692142915
"707",-0.0592912984760143,0.240141791181665,-0.00493557067670292
"708",0.679404858084592,0.530895349884271,0.448343434639938
"709",-0.333492752093967,-0.365932096456194,-2.4786821506863
"710",0.693345242415341,-0.088493701783001,-2.66283492029422
"711",0.295631374857006,0.000407455664438006,-1.75367405268212
"712",0.639681887577185,0.104533894263837,-1.64218224093983
"713",-0.84742692834266,-0.0360338830924377,0.512668692215606
"714",1.24628213099045,0.365736305528756,-0.867591825942693
"715",1.01430954835769,0.592883953451131,0.448834752912577
"716",-2.54261994046865,-0.500754849840942,0.287089586844977
"717",0.0193244437122029,0.34584721839073,0.387626681540313
"718",-1.60556359552837,-0.183063690006882,1.02893360008012
"719",0.699254958967117,0.421637078060334,-0.118175728873082
"720",-0.212032842136145,0.244129656918901,0.307566561728667
"721",1.21531278011753,0.332149956374724,-1.0127554919617
"722",-2.08560337950454,-0.307621217023254,0.900135068765447
"723",-0.0297812983599518,-0.47315358077881,-3.62352320369174
"724",-0.955940258193795,-0.596041392380638,-2.05434137296947
"725",0.03952611501039,0.227908613210791,-0.235568507839912
"726",0.142655349957517,0.126803310042731,-0.903708744391833
"727",-0.428018440195783,-0.244194737832115,-1.64156660402655
"728",-1.34118837256245,-0.851482546161144,-2.66483890981321
"729",0.0497857686912525,0.0981598016716969,-0.901112323755025
"730",1.03688851195986,0.0961542325020002,-2.05348388752794
"731",-0.584020222730824,0.246445483188119,1.24164775893716
"732",1.16396730928824,0.699768083795602,0.863964070467738
"733",0.186113360155252,0.00364862977069286,-1.58406780369924
"734",-0.862526758978017,-0.383181663529402,-1.18917711796208
"735",0.0944786189965778,0.0484087756307002,-1.22141444540569
"736",-0.493217232836803,-0.0513465479686277,-0.50631663395207
"737",-1.33340460434795,-0.504629857104651,-0.942040884275204
"738",0.972561966323444,0.731092475316404,1.17506299097665
"739",-0.609691853128832,-0.0365429854332874,-0.0979504791642046
"740",-0.629488687996095,-0.250486303414579,-1.11100710922995
"741",-1.30615728538067,-0.374136836244849,-0.330271299429622
"742",1.67782122603681,0.755809872813721,0.80181956133271
"743",1.50494904066092,0.595183416162178,0.10371241969951
"744",0.402407242814737,0.333440085742943,-0.226377569465914
"745",-0.767561911975059,-0.262585954592585,-0.807998382243553
"746",1.94466087189116,0.45643430882004,-0.840627916623141
"747",1.59440346230584,0.627440058264998,0.20950410253684
"748",-1.67407371073311,-0.312074382172581,0.464467378202991
"749",0.103807022528042,0.402882975086121,0.536349965062552
"750",-0.372482357631226,-0.183931915421512,-1.47708709772715
"751",-1.18786035476346,-0.0343979513000383,1.18098123684727
"752",-0.304462768234042,0.356814660567489,1.06910673189375
"753",-1.44163462299561,-0.301094273518377,0.229002517582611
"754",0.0309799025289649,0.225322097061818,-0.234397141775837
"755",1.88465873417578,0.55520061053619,-0.315656793154752
"756",-0.697056735701731,-0.00989529868072984,0.276437948445886
"757",2.01189370661965,0.444930179102285,-0.932026228758263
"758",-0.962878663060596,-0.670520288281607,-2.41263039004075
"759",-2.1021783076569,-0.93796800454441,-2.23710555434136
"760",1.30309862537355,0.172357074583458,-1.87525849741829
"761",2.56375093221834,0.573154950034039,-0.534041110474401
"762",-2.41024684778519,-0.565342358806428,-0.128805583685285
"763",0.439938739393335,0.206547710356556,-0.906805391091038
"764",0.648777580487889,0.367519635932419,-0.336802206639513
"765",-0.266618421245819,0.0511938786893369,-0.542224041853928
"766",-0.793026518866196,-0.00262182700904799,0.55336885003196
"767",-1.40335153632628,-0.342732624639168,-0.0319814336666309
"768",-0.547583995788499,-0.0735898999299098,-0.465549801715907
"769",-1.92114358688165,-0.604244970608096,-0.735123945026401
"770",0.173349559947094,0.475967062530642,0.796263984157102
"771",-0.37077919424499,0.206455822246466,0.470775688446447
"772",-1.02912803125351,-0.110653167217435,0.516970033536632
"773",-1.07836447150761,-0.329960878794416,-0.487657920713314
"774",-0.77467601623572,-0.132059713141469,-0.138013174529356
"775",-0.0814579413409954,0.187709043391191,-0.227069790124368
"776",-0.0552442142553441,0.350526271484973,0.539761399155515
"777",-0.687042484886808,0.280323056927413,1.70101937022844
"778",0.168583842539776,0.00254750498346457,-1.56378841992719
"779",0.526938627314735,0.346123839183949,-0.310886482515653
"780",-1.27720470283962,-0.576949558251203,-1.38855741860722
"781",-0.399100217281814,0.0719442954335137,-0.133087803761702
"782",-1.31026427714167,-0.409818863433972,-0.502490903857689
"783",-0.85140544275888,-0.035253315482859,0.525550063153403
"784",-0.159888205935537,0.19117696439504,-0.0616335083921878
"785",-0.917487399425044,-0.242251777723624,-0.365240047937457
"786",-1.54413642493785,-0.243240925235459,0.652373372973834
"787",0.613936843997209,0.538659999738512,0.555791669991132
"788",1.56831163366378,0.550782099408422,-0.157860864517166
"789",-0.879954896756779,-0.0298853798437481,0.615812446990319
"790",-0.303105011600785,-0.0288633590574467,-0.862322189940821
"791",1.09962846539748,0.464282885523645,-0.263441020673813
"792",-0.557907111536862,0.11118920226534,0.488237786961015
"793",0.149941710175592,0.299417147827776,-0.051624068721113
"794",-0.369014803476388,-0.0461852999698421,-0.796645011655399
"795",0.460420762218244,0.510098971207276,0.586381185805622
"796",-0.466162499020405,0.0371171360889215,-0.13638582947695
"797",-0.950260922854883,-0.337633861456988,-0.773917224310496
"798",-0.593421661785917,-0.0149340459711526,-0.0374074580813163
"799",0.380621167424113,0.0748443397963263,-1.49209761183491
"800",0.550541103690157,0.393199850627716,-0.102118288579915
"801",-0.122822439410304,0.34921228496799,0.657261626601236
"802",-0.152297068421642,0.188553321397686,-0.0895448374457327
"803",0.897884011440824,0.695760115540071,1.06358754276153
"804",-2.41322136551674,-0.675074997278688,-0.675305195985227
"805",-0.820645663975691,0.0710517060259589,0.986738938872439
"806",-0.884864141544204,-0.136807384051159,0.0919335102661112
"807",0.474452534472803,0.229002532931671,-0.835728513959212
"808",-0.81005950710681,0.188465517388137,1.54910405295429
"809",0.721873458416707,0.445058257080057,-0.0238015233645239
"810",-1.97920453414177,-0.290572663304997,0.888745447890861
"811",-0.52825423332969,0.0939057496202372,0.316860366474659
"812",-0.984017538343423,-0.603325623737629,-2.03423455039938
"813",-0.156499616557098,0.37301983804626,0.840964827144521
"814",-0.28560637187538,0.384523017569257,1.16580091373142
"815",3.20729583781947,0.586639336404404,-0.689319016250988
"816",1.44358056123312,0.509282602096747,-0.286214861199401
"817",-0.20115193640153,0.310784853925623,0.618634251390761
"818",-1.54127788359863,-0.385597507589562,-0.0630135756351017
"819",-0.523934630198165,0.136163467917611,0.516001098095174
"820",-1.07755258718545,0.153933519130795,1.93033069804115
"821",-0.326865801441275,0.0618741532235118,-0.35487031330113
"822",-1.32197903160839,-0.0860616933682239,1.13384210420823
"823",0.410419303272162,0.263673640672935,-0.585126803894804
"824",-0.158634913273175,0.39610157687982,0.960540200572992
"825",2.45237676826705,0.524081185946997,-0.734827935576271
"826",1.44258036908908,0.832527487127196,1.33066516007616
"827",-3.80210284835644,-0.604743831549914,0.405618170326141
"828",-1.03349808033932,-0.147005960962147,0.343527411982651
"829",-0.575169476415516,0.0929921054037913,0.448008746654109
"830",0.00176020146734853,0.2319444907626,-0.15229370556646
"831",-2.26711739383032,-0.574986864609954,-0.285520480917265
"832",-0.22766436101857,-0.0899213780980845,-1.33038824143712
"833",1.51077511838429,0.769305274883169,0.970629605645229
"834",-1.62698906781225,-0.118285562177008,1.37844604098563
"835",0.251088142000586,0.232691385467897,-0.531413400069335
"836",0.762790506956377,0.271442381142458,-0.932167167890134
"837",0.175296090022745,0.530933249716228,1.06822487953627
"838",2.50349051203134,0.269722124332687,-2.02733687363396
"839",0.267390247877483,0.342408700268241,-0.00533261689235361
"840",0.990748567416092,0.389572048225897,-0.547974792406056
"841",1.15170561888899,0.529997156484462,0.0245012085406526
"842",-1.94085574099248,-0.49678817927097,-0.178764710664668
"843",0.853569647033889,0.422831406726338,-0.260943539166864
"844",1.17275376400431,0.263303604450536,-1.32504821316666
"845",-1.87405244913819,-0.321648976217811,0.631296837336683
"846",1.86391382640755,0.461466581675425,-0.773355237316911
"847",-0.0641279632141291,0.134261991290523,-0.5256661139068
"848",0.0404230970996203,0.211815508159196,-0.317508523097632
"849",-0.277793679736505,0.126161252503382,-0.143124822171368
"850",0.993812371052891,0.116968209458541,-1.9135778947972
"851",-2.00416915507951,-0.89863436937863,-2.1283141855342
"852",0.71905624335036,0.552821669362068,0.517828667765159
"853",0.610055435102136,0.589287005142388,0.813090140633469
"854",1.22277133706466,0.59093865057717,0.275668647938033
"855",0.891404478122029,0.525782590831164,0.219496898515271
"856",-0.397571197260643,0.248444405222143,0.745653499638893
"857",-0.301237039047342,-0.0693691839464454,-1.06902552573263
"858",0.25111403345885,-0.0129701575599995,-1.75975708198906
"859",-0.613257620739614,0.0790298599565294,0.490210460984751
"860",1.12153537261098,0.596799031460695,0.381900626013612
"861",-0.291551245228068,0.214421969500614,0.328406815780561
"862",-0.691185265377719,0.144071651825865,1.03076337974145
"863",-1.1277744983941,-0.404266878161384,-0.770857935819556
"864",2.14202694839607,0.380674699237132,-1.31600390265893
"865",1.14148559865185,0.431340245733979,-0.460905175669845
"866",-0.171534807365026,0.105494901104276,-0.46714855334962
"867",-0.372526001495916,0.42714211268498,1.57838758013041
"868",0.763567474903757,0.332400368560038,-0.628132023175702
"869",0.297330623566361,0.0907477102740439,-1.30425343414877
"870",0.786676118317741,0.396017452298981,-0.332325519005853
"871",-0.392114759286252,0.335991559062659,1.17002160162351
"872",0.382631373319415,0.577078955680346,1.01654219424949
"873",-0.569899136482774,-0.352571881206277,-1.79541111168631
"874",0.670266954509133,0.158144229715113,-1.40601143229342
"875",0.540230197085474,0.209894440716982,-1.00707296309922
"876",0.588941373227866,0.333491546281427,-0.443047181981425
"877",-2.4923620376216,-0.886084869576961,-1.67406922490279
"878",-1.3677323315815,-0.230196232302681,0.480169451714819
"879",-0.0356196690484284,0.189891944547437,-0.298090592120509
"880",0.335934544319736,0.186448580475736,-0.876788127257412
"881",-0.547627406502698,0.0648722113554759,0.226885745375078
"882",-0.00782089458512637,0.435433962209998,0.88148240458872
"883",0.993673337587198,0.267631876051849,-1.16014240783337
"884",-0.877766455993092,-0.0290301058719021,0.615288797111645
"885",1.35746364824306,0.979278964938177,2.12150501951949
"886",-1.02516255573614,-0.00567254797808994,1.03429390686812
"887",1.86795234146332,0.396995070524216,-1.09785714049361
"888",-0.695020636592804,0.0976451077627605,0.808772554351112
"889",0.0648563146762353,0.664459256146818,1.90596489515039
"890",-0.867151393834398,-0.474312312112646,-1.63454883473396
"891",-1.20380562697786,-0.457196075021814,-0.906669353325271
"892",-0.0153059089730806,0.373968401551413,0.587003755360281
"893",-0.583206767398198,-0.173700817516057,-0.861506579622754
"894",-1.21053889842725,-0.6035788824946,-1.62756522382722
"895",-0.0412312945870652,0.166746826882701,-0.403959178752378
"896",1.93548918972672,0.475126508384113,-0.742463315658758
"897",-0.0945946254658782,-0.0435796852150145,-1.35942160543221
"898",0.0660271656895518,0.679376073088059,1.97866443261942
"899",0.631244564884123,0.55234471050397,0.605781202124818
"900",1.27088617445765,0.402361583815875,-0.702277319843042
"901",1.53474459410212,0.707316068095887,0.645609694786836
"902",-0.0289006719062076,-0.184142674029436,-2.18000350274067
"903",-0.3244973101084,0.288970756631606,0.775197231837745
"904",0.492502678485241,0.309630223006178,-0.453739087532119
"905",-1.56158820451601,-0.568091273309366,-0.950036919473701
"906",1.55561644481893,1.0486363020765,2.3392351733414
"907",0.929379262595163,0.698002595581162,1.04694729242243
"908",-0.851539471604814,0.0854087479734807,1.129162245102
"909",-0.0385429062623443,0.347239098845538,0.49377400428182
"910",-2.9230718092034,-0.360158052374984,1.22403121579318
"911",2.41569647869422,0.666740147081711,-0.00639557134888354
"912",-0.464378458289792,-0.156582615171189,-1.10958550249212
"913",-0.891224508952909,-0.00178234553643747,0.780886948996427
"914",-0.653979892299828,-0.237111132003355,-0.975707936119674
"915",0.697188258402627,0.39217282215714,-0.263403217066679
"916",0.647207870733383,-0.1632185162952,-2.98884920217865
"917",0.466538147913507,0.426741670732166,0.162325375374159
"918",-1.15760432925604,-0.134511359161935,0.62945576721614
"919",-0.0540482522214313,0.339058522415692,0.480292297997441
"920",-1.40953601949597,-0.555646727967085,-1.08791877121479
"921",-1.77035695649696,-0.546308055733293,-0.59972297007375
"922",1.94086978492214,0.82874827618168,1.02288371028889
"923",2.90832485219699,0.807419297761794,0.511278793906084
"924",-0.403925453664334,0.0458705482281538,-0.251554767154444
"925",0.503910175233625,-0.0489148457755582,-2.25969310592072
"926",0.452663866353518,0.24264211948696,-0.741640128503231
"927",1.17724764632658,0.617927402780402,0.444662028750082
"928",-0.326386825278394,0.293422488453316,0.801775185252417
"929",-0.0257656489853058,0.535006408778711,1.41028730239054
"930",1.79692544241566,0.772770071610074,0.819338460644311
"931",0.150476355721999,-0.0211971516718169,-1.65549906140641
"932",-0.327128294284703,0.492794489526576,1.80033232402883
"933",2.14567968713628,0.792996342750577,0.743896576687814
"934",-0.134615328681369,0.114673271748751,-0.49301151943346
"935",1.71960501614094,0.803466825402055,1.01605371302211
"936",-0.0503649509798397,0.525156708979534,1.40423603709877
"937",0.915317847861181,0.650143305216259,0.820019868684615
"938",1.62618898415589,0.75091251129147,0.807747848447512
"939",-1.17126493603678,0.0767404718020985,1.70888352895189
"940",-2.38699350017159,-0.542300299320919,-0.0306327029573694
"941",-0.317067154670555,0.152224325190179,0.074557605681412
"942",-1.81503585195162,-0.428917842626719,0.0345507146510848
"943",-0.642435033719345,0.19732375854726,1.16443893304504
"944",0.00842340907182157,0.452393673841369,0.938674070635622
"945",2.57490187183729,0.707846636198896,0.135064438412527
"946",0.669956152861571,0.356257734565649,-0.415123171185455
"947",-0.689143666889694,0.0881353018798516,0.745666245848547
"948",-0.452597984957991,-0.00433696982367401,-0.379178348550891
"949",0.483196088213596,0.191394802763132,-1.03404531185163
"950",0.144796554256189,0.638609515891456,1.65208770412882
"951",1.50256281273564,0.761708189509706,0.93785170081754
"952",0.136568477628164,0.23939175455357,-0.331541217757749
"953",1.35905716018473,0.711606310857503,0.782049106517698
"954",0.190478830000722,0.305952638181816,-0.0789141045854761
"955",-0.823256246739745,-0.101093557234744,0.132065011747866
"956",-2.59336867116287,-0.598029670375048,-0.165366035329029
"957",-2.00269791717976,-0.331787495926349,0.704560099402537
"958",0.547525869939271,0.301713084696079,-0.556176470889273
"959",1.08145833009846,0.143432073231466,-1.8532302453995
"960",1.61880673601043,0.290334704958675,-1.49072807611531
"961",-3.39952151985801,-0.59155787938325,0.305467061162201
"962",0.759869518783491,-0.0374343502433033,-2.4737098461191
"963",0.917556610420768,0.488732346878733,0.010988670055978
"964",-0.815823454103368,-0.199815051064563,-0.378815857097939
"965",0.506083920597222,0.515377568432614,0.559260114585467
"966",0.193895977809585,0.400904168725206,0.390875343402691
"967",-0.198912552859006,0.194628439169566,0.0333092163537385
"968",0.938886410346568,0.357900840762231,-0.66186470678608
"969",-1.35239428556112,-0.880596136971564,-2.79402334493308
"970",-1.58631923715249,-0.220209980234151,0.819853028296631
"971",-0.213978377500367,0.443390065776222,1.30786319700324
"972",0.106060443182335,0.255942379623983,-0.201864916482733
"973",0.0639673548816769,0.27014438752851,-0.0641774058781926
"974",0.77108531178151,0.659782418348021,1.00149427883268
"975",1.17165924501033,0.811883836165515,1.41868448434936
"976",0.140424191593561,0.506964080902583,1.00047146250909
"977",-1.11107851529601,-0.369405278414189,-0.625975181100841
"978",-0.066469493022314,0.429601078795735,0.955239013819401
"979",-1.29673007331882,-0.142657653146802,0.812837881739201
"980",-1.71358644541273,-0.433734869743647,-0.0990786993015277
"981",-1.89123069117287,-0.120471818743987,1.65433104110992
"982",-0.497799710668119,-0.0108103536181551,-0.291166950282621
"983",1.19434767627815,0.619056366714859,0.437414654044403
"984",-0.691995491899219,0.06336362014271,0.629369129418425
"985",-0.122546743855309,0.300506978162109,0.413213732438441
"986",0.476667165888332,0.412849768402396,0.0808983558160525
"987",-0.231712447423702,0.382377096902819,1.03954614071347
"988",0.758678726735153,0.419234484036927,-0.189205974980794
"989",0.630056316142472,0.250243879289941,-0.903464193156287
"990",-1.67891987870405,-0.291335330966746,0.573717967574566
"991",-0.963727882776542,-0.220568449655038,-0.161150978489701
"992",0.757105225379097,0.295327372135837,-0.807207761052147
"993",-1.11481768426283,-0.398683664654717,-0.765740298690971
"994",-0.207211163466917,0.348319871984716,0.818648782581698
"995",1.55008619576727,0.645612102615318,0.32753876694729
"996",0.729147729307395,0.433788119116962,-0.0873922383828847
"997",-1.03058010534741,-0.216741470792741,-0.0107028650056569
"998",-0.405242771759133,-0.0142826083645326,-0.5490611070073
"999",-0.410711438648627,0.175124067111977,0.411550410589268
"1000",-1.85769483740015,-0.354686414654062,0.449601482200455
