"","x_child","x_pa","noisetmp"
"1",-0.517351797114347,-1.01152297294963,0.411643925027395
"2",0.195565198536347,-1.57869742517608,-1.47375012781119
"3",0.713092524051734,-1.68851012460349,0.37001001520855
"4",-1.18061610020406,0.170375888004225,0.703439317683768
"5",-1.78595930319689,1.99808133090659,-0.870604146818721
"6",0.87603772513495,-1.87375938975216,0.220022133017967
"7",-1.1706606914392,-0.213823710337997,0.0841396720301857
"8",-1.18392025009125,-0.124294229058693,0.197357697145548
"9",-1.460817845063,1.87279304287199,0.698510078587708
"10",1.1475730625229,-2.01688165991557,1.00482689626336
"11",-1.42192581693692,0.922369920528176,0.30937730662814
"12",-0.787699717145957,-0.904454820145713,-0.312046409899039
"13",-0.831770761048303,-0.513270644325781,1.02822690786383
"14",-1.60977490522825,1.14703704626954,-0.460801307995006
"15",-1.31764792418087,-0.270103974637459,-0.772781506077805
"16",-0.60519405792906,-1.16336998859542,-1.17240598504491
"17",-1.39722237591983,1.67204352962452,0.9179094756502
"18",-0.72725405324973,-0.455200942422099,1.71806212694595
"19",-1.38085915613774,-0.376867607191665,-1.34251519470183
"20",0.87812826213278,-2.10615689499364,-0.644682849217673
"21",-1.44127729455723,0.563529318382171,-0.117226519194835
"22",-1.30874823300513,1.18462895054423,1.07034187504405
"23",-1.20810599276307,-0.09134988826699,0.13839884866989
"24",-0.804077750084856,-0.839823030053056,-0.0676912859647949
"25",-1.89249444299376,0.659454019848303,-2.27664759329574
"26",-1.70369083444272,-0.20343304694738,-2.55929377827534
"27",-1.58794598449853,1.08592784354973,-0.395260107196491
"28",0.814511041849423,-1.84856443481242,0.0268063453107607
"29",-1.30824485544226,0.187331076193603,0.0895774309482622
"30",-1.52425656464107,2.13267225589644,0.494946066824978
"31",-0.941583934542766,-0.322803922033119,0.986192528509847
"32",-1.37275865721959,1.65481373739535,1.03127237993802
"33",-1.23610867163189,1.0115226582176,1.30850187922333
"34",0.93859333250123,-2.15799482941442,-0.502005983608475
"35",-1.48423566218838,0.893986252473034,-0.0253542470849603
"36",-2.00399843470534,0.0511377924333485,-3.5951955259167
"37",-1.48647993540498,0.640235214370692,-0.265394162555081
"38",-1.16076185196961,0.310771491850677,0.993353080892254
"39",-1.52447914316578,0.50879321019318,-0.591615512769882
"40",-0.577327190516621,-0.903647975822756,0.74411167270069
"41",-1.38778955468402,-0.36633867468541,-1.35073731582052
"42",-1.38342230717173,-0.38939244119378,-1.38720201212864
"43",0.922167788152076,-1.92615461012166,0.226628138730438
"44",-0.882889153903486,-0.198295971651906,1.55536246521927
"45",-1.07839880851791,-0.00199891615117639,0.945073093811071
"46",-1.45151221161852,0.937307215764731,0.173469659280735
"47",-1.65558920879608,2.60363504808738,0.0120113013682362
"48",1.49261067978083,-3.29482806976563,0.309952008263847
"49",-1.71891709766143,0.975418948898599,-1.13340958564147
"50",0.213716638464571,-1.40092503181213,0.252425818985806
"51",-1.91570374162788,1.58077640341338,-1.72289793395597
"52",-1.06296129465939,-0.456214228830786,0.0367105912622049
"53",-1.70984470730357,1.18627465093113,-0.934015554006975
"54",-1.29577360015091,-0.540293047709025,-1.37394376949414
"55",-1.58033154822565,-0.262022480838192,-2.06821660512696
"56",-0.334157756647891,-1.05441232672764,1.03891479749934
"57",0.781750287254481,-2.0688538421667,-1.00472691359017
"58",1.04409949443486,-1.9772356160939,0.634245972933456
"59",0.676352944667136,-2.19390818796474,-1.91773192079866
"60",-1.28234156845585,0.764376659545096,0.872358844954873
"61",-0.965058994028036,-0.348497565003357,0.806962819103172
"62",-1.60865472495889,0.408708106900702,-1.12590604278363
"63",-1.57569154471935,1.24336726722294,-0.224914916371001
"64",0.867527544149443,-1.9325216105956,-0.0726000935973881
"65",1.58442621046619,-2.84236461754667,1.31075672796268
"66",-1.72376115737759,2.37234100246533,-0.409565884142019
"67",-1.62411689198256,0.606071840095368,-0.987698910737029
"68",-1.02464325573673,-0.0679726155832968,1.09844975665772
"69",-1.5951409966361,1.54261122075556,-0.141048851534683
"70",-1.31743590764358,1.2911627001176,1.09745430004063
"71",-1.75219101986291,0.578589200369873,-1.6561559021957
"72",-1.5433379856667,2.56962506700189,0.561903134308826
"73",0.918235975462059,-1.90846274834349,0.280617302760651
"74",0.426369922796817,-1.52579606569443,0.101459088946318
"75",-1.01338766377303,-0.667088375612723,-0.389751034515392
"76",-1.05445134338458,-0.236804925756677,0.61627998095507
"77",0.459412470996747,-1.61808845913925,-0.439766703304016
"78",-1.29330885375613,0.199825329458827,0.181918665574453
"79",0.828586313098177,-1.69695691083531,0.896415888634245
"80",-1.60428083389519,1.49440522423026,-0.213869730199339
"81",-1.31266354147878,-0.0662671071900441,-0.338572755409485
"82",-1.40532550981073,0.617663978377851,0.117932605067031
"83",-1.03860622698607,0.977308020173838,2.26961935584558
"84",1.27630038800373,-2.56000810429673,0.234783134638856
"85",-1.23029222422306,0.0773693823790851,0.315044218513695
"86",-1.36081861496713,1.4026236192176,0.949722035651346
"87",-1.30323950066741,2.29336603099083,1.6635221717831
"88",-1.4148132429901,0.324683141333022,-0.259230119864533
"89",-1.01698230653439,-0.921602419112315,-1.55117529469695
"90",-1.3277457511862,0.620803011806246,0.508975461138022
"91",0.0148562845502809,-1.29562976028684,0.565256336768547
"92",-1.5204670781565,1.39573689767236,0.147334229869953
"93",-1.24614239959278,0.211864297268583,0.43458570239804
"94",-1.12237293820202,0.2057855771058,1.0449550462093
"95",-0.263640107644311,-1.31514073292941,-1.06860202925654
"96",-1.47733778737078,0.33422387951144,-0.559850208069723
"97",-1.46111637528461,0.620443074760356,-0.158237800839243
"98",-1.57599877689738,1.45661465154601,-0.0942395422369039
"99",-1.93106575008031,2.27706933322913,-1.48183413122604
"100",-1.97711451641043,2.20477057425476,-1.74026708127286
"101",-1.61525739488646,1.28031519611197,-0.398631662764708
"102",-1.50983393362291,0.707596874110616,-0.317346333605566
"103",0.416157718352905,-1.63689866526781,-0.784626799334277
"104",-1.5120521800703,0.310512944468569,-0.763428980034586
"105",-1.7992136172228,1.15958061798433,-1.39924868206464
"106",-1.48652142171374,0.812355953692103,-0.105998431951089
"107",-1.54993697881437,1.52596839309724,0.0756898054779801
"108",-1.5101931323127,0.979267721888357,-0.0867873795847244
"109",-1.59871156974722,1.22089420290851,-0.354945879556358
"110",-0.517311195127065,-0.966150721533862,0.692858753757419
"111",-1.83043813698209,0.988474788406243,-1.68086073691001
"112",-1.15695137812555,0.192562185013182,0.853462968554517
"113",-1.31934284464671,0.567046438666435,0.496114137952
"114",-1.55833893917554,2.03184823876751,0.282158964525871
"115",-1.46789114283755,1.35290213445489,0.384054895407617
"116",-1.6011626998526,0.496214113790304,-0.988801560467724
"117",1.07961821471095,-1.98681178499158,0.775616918298219
"118",-0.635190842178789,-1.09400915335794,-0.755293045995775
"119",-1.44793069949122,0.819610912968728,0.0932650390218193
"120",-1.02876022595492,-0.954349102614092,-1.79503621624964
"121",0.29308919924883,-1.51690130705412,-0.489365899479965
"122",0.13269137832876,-1.48216039824418,-0.981597895944593
"123",-1.22542606488254,1.16378382911352,1.47260465579538
"124",-1.33854626973835,0.531986287404171,0.363085611280221
"125",-1.44544883755504,0.274568799494722,-0.477057485505782
"126",-0.948226520067259,-0.182802338573547,1.26043905937008
"127",-1.11856796227202,0.162306832155524,1.00199464881367
"128",-0.421375779904204,-0.983370272813292,1.06864783279813
"129",0.0768756740793365,-1.49648544687639,-1.39130287446851
"130",-1.5458491836378,1.76932683294946,0.223833437905419
"131",-1.71930422012471,1.06839298405246,-1.06487641575701
"132",-1.35535601615069,1.53401577929508,1.05309321495152
"133",-1.67199596237057,1.06705425458178,-0.829320173241705
"134",-1.54907677417187,1.79517744750978,0.220316233103379
"135",-0.754055663331205,-0.349679290018241,1.85909018874985
"136",-1.266429608751,-0.0375101258907995,-0.056266488798206
"137",0.709193430003544,-1.79750416090277,-0.253164323267994
"138",-0.804959091970218,-0.970548561145037,-0.771604347603317
"139",-1.42437364032138,1.38956637805195,0.624073034519913
"140",-1.2881760377306,0.210749243501973,0.222865734559887
"141",-1.41041770615694,0.0602002420708487,-0.612766337986866
"142",-1.4204372836981,1.21680526672086,0.53368696152229
"143",-0.924232359863672,-0.717656028939614,-0.136919874591501
"144",-0.853615375393693,-0.020104946038159,2.03805845679024
"145",-1.40084633218289,-0.285664655086694,-1.22385788668711
"146",-1.66810403883467,1.29640195674078,-0.652531886502271
"147",-1.63661831498306,2.60288859265143,0.106618120865497
"148",-1.53064541121297,1.24864595834788,0.00379353125900872
"149",-0.906852062134322,-0.988114425578114,-1.38793631613483
"150",-0.74455253481068,-0.391427641324056,1.80192312163761
"151",-1.63335519128679,0.815959407763985,-0.837029281489972
"152",-1.14359493011042,-0.982162666402244,-2.53505510672518
"153",-0.42728760617436,-1.13644633744707,-0.052747882527641
"154",-0.640400906963827,-0.749372016768415,1.15368727151113
"155",-1.23243884775083,-0.208721104771073,-0.214055996457006
"156",0.408634120948961,-1.44266989453568,0.781155241892364
"157",0.459941721002977,-1.4660498682249,0.806710913178044
"158",-1.21823384253897,0.506074752278706,0.93664692781113
"159",-1.56663883193829,-0.0224070377180496,-1.53103083186708
"160",-1.32161736275877,1.46609379748567,1.18317443841269
"161",0.79820220792584,-1.57747605399932,1.54864619272255
"162",-1.61936642703592,2.83395562611019,0.265938258752056
"163",-1.16682181285797,0.447940955871702,1.12878972384917
"164",-1.78230200706942,1.83491463588032,-0.926735281279389
"165",-1.73798407934932,1.9282630008969,-0.661827726125191
"166",-1.06256443549724,-0.25715654667171,0.531369389748578
"167",-0.341921776769462,-0.949618510049039,1.66654467682936
"168",-0.844581644962376,-0.884740894265699,-0.493176673658472
"169",-0.860123611862278,-0.607327677464375,0.587402339897051
"170",-1.38641131101767,0.408614803047574,-0.0147989731473667
"171",-1.44846842105908,1.14769809960415,0.346193743480022
"172",0.417307342940155,-1.97701632824874,-2.49887941921877
"173",-1.62508438213045,2.81860636125832,0.232709344025544
"174",-0.810361127998525,-0.793957998060493,0.112373401923595
"175",-0.86425250353919,-0.918164284456893,-0.768715422113181
"176",1.10384035387703,-2.28340663679378,-0.0213961591770317
"177",1.00134236604437,-2.20243812196955,-0.316923182846143
"178",-1.07153347511778,0.172505625975609,1.25192264283185
"179",-0.579850571806692,-1.18668838229596,-1.25632423401145
"180",-1.06531751471311,-0.149161683126416,0.742187315106716
"181",-0.232799087820771,-1.28294163359566,-0.522466167068291
"182",-1.36407176041882,0.536203003451612,0.239962215159914
"183",-1.33794345205228,-0.120062893774684,-0.564681821945944
"184",-0.935713982898804,-0.416215287588283,0.781462335714032
"185",0.92082423297168,-2.00511018111881,-0.0861973196576438
"186",-1.10047129512432,-0.421688493000019,-0.0568619140937828
"187",-1.08845778448087,-0.211262973182367,0.500528874348635
"188",-1.61289566945607,1.3483508343456,-0.343785717245249
"189",-1.46559696657334,0.0135674856921305,-0.964754106731669
"190",0.443462163394138,-1.62079875861729,-0.538337381008606
"191",-1.36649834621334,-0.364820415925689,-1.24049703139109
"192",-1.20727067685722,0.0767469808202627,0.429174126559944
"193",0.845021948262412,-1.76048776550389,0.61830750040842
"194",-0.999328790957384,-0.235232216489378,0.89527866640552
"195",-1.56948661584532,1.27840829680934,-0.171009205038592
"196",-1.29585054655294,0.481240462900499,0.521193080032585
"197",0.412331273818279,-1.42337097380248,1.00016035949206
"198",-1.09953190836552,-0.496251434675875,-0.260282394820054
"199",-2.16511717406935,0.480559191438514,-3.82589840811346
"200",-1.2868105690827,0.105713347222678,0.0763898909365812
"201",-1.24255988864207,-0.015599574544508,0.101083666189941
"202",-0.810949445160542,-0.980022252630458,-0.858764559471716
"203",-1.11641072483212,-0.419234363954183,-0.130028597134994
"204",-1.44783215565352,1.76363899921284,0.711118832599421
"205",-1.42604561740696,1.11377925197471,0.434322148141953
"206",-1.430870174133,1.23373248739182,0.492815571303162
"207",-1.49353939038452,1.25962161073185,0.196519475017027
"208",-1.90648367481456,1.49100335022714,-1.72682563082454
"209",-0.735552386774484,-1.02657878951595,-0.778002522510421
"210",0.914042515218903,-2.25190978387593,-0.888510632330468
"211",-1.69500458124609,0.959165677866988,-1.02661009059081
"212",-1.35875669098332,0.468086164129182,0.191947847319008
"213",-1.89731261433037,3.09182139132752,-1.04998019931446
"214",-1.09732628093006,-0.10070937458719,0.674902526608651
"215",-1.03591918851129,-0.459278195366005,0.16338661885348
"216",-1.67053240837125,3.34739761910854,0.150145504238454
"217",-1.3383309241572,0.622566566166572,0.457812761160611
"218",-1.59341543835195,0.726633739044878,-0.717501629701829
"219",-1.32008412723602,2.28065500602889,1.57444764866965
"220",-1.46885708290821,0.557223953424336,-0.261726628064835
"221",-1.15824007747599,0.0139275394147196,0.572630884329917
"222",-1.55038834104911,1.51163944775129,0.0653728922494586
"223",-0.977700143556,-0.16547930805688,1.14797315434863
"224",-0.659410226440359,-0.761581264535172,1.00749440112062
"225",-1.36171522030331,1.28221318988941,0.870303505786658
"226",-1.18907952865833,0.207578577258949,0.713927486734211
"227",0.195062886335929,-1.42489285289401,-0.102334021457491
"228",-0.793491320160285,-0.998011520598511,-0.882885777316386
"229",-1.27752962570204,-0.13501566598449,-0.291311612720417
"230",-1.36113526034708,0.77763597549658,0.490290374784993
"231",0.702878545588273,-1.74059806297038,0.0160787841068366
"232",-1.52279651809923,0.833909493297652,-0.268720415831868
"233",1.4077503869524,-2.33830859661885,1.36252281791386
"234",-1.40255422884562,1.11435491536692,0.552190430935067
"235",-1.33109703183311,1.60478775070743,1.21310225396597
"236",-1.32752502056636,-0.0961482260711087,-0.467593544623264
"237",0.892044558981908,-1.73271377139031,1.00596605083092
"238",1.24644245674839,-2.30550117839626,0.63598286671334
"239",-0.958961142643835,-0.144576875413577,1.28294639981425
"240",-1.42639401258079,0.40828266920055,-0.215104115549207
"241",-1.15932151675041,-0.454490669615083,-0.440303863266565
"242",-1.31479891381756,1.7141360013797,1.35156267740802
"243",-1.95870405010458,1.59842960960071,-1.92834985017703
"244",-0.901424411827356,-0.716961560044201,-0.0201327186276131
"245",-1.90610265066813,0.731983582171394,-2.27599226979562
"246",0.304585950421317,-1.59186570964444,-1.02652075539733
"247",-1.20221027772881,-0.144659857938077,0.0665386212558302
"248",-1.92358052733094,0.596252800449993,-2.49498536563019
"249",0.0194602054354535,-1.40084437191703,-0.717949988472513
"250",-1.2509984155071,0.38662848046141,0.636111964194853
"251",-1.39397530835837,0.616026629388637,0.17304072460535
"252",-0.648882774565896,-0.893571011353793,0.439485193876027
"253",-1.39010011593042,1.09706992306422,0.60204486798146
"254",-1.41549710723713,0.827023548025794,0.261847364544459
"255",-1.7034714538465,1.26988019298336,-0.846457876320761
"256",-1.20889078494546,0.0357965522274678,0.3554685168255
"257",-1.34183662819444,0.943393940350809,0.726713134911322
"258",-1.27583163154891,-0.594601383244834,-1.44844447452211
"259",-1.74199235871671,0.919984061832944,-1.29288711115967
"260",-0.253711091978689,-1.16632438021944,0.558922539110528
"261",-1.41850578909303,0.923983333078873,0.327781999838791
"262",-1.06550374834477,-0.22638251249664,0.583348960535473
"263",-1.37567180576146,0.389398579582545,0.0160658846754632
"264",1.71881620076575,-3.05060900665512,1.70855496149517
"265",-1.01184775622619,-0.0347534854737799,1.22146885347947
"266",0.107062386431977,-1.49830126870216,-1.25663055936473
"267",-1.96701423155554,0.660993529646226,-2.64775049861666
"268",-1.80269613056876,1.27699427743833,-1.33797082991173
"269",0.320325250166786,-1.36640207015101,1.19077796772292
"270",-1.16301253627331,0.136790630010204,0.742257854796808
"271",-0.777104458154471,-0.80140916644903,0.245339379842699
"272",1.12703433251208,-2.53498426306145,-0.463833086678944
"273",-1.345508850728,-0.0754924123906662,-0.519516304170263
"274",-1.23209774774185,0.381328339227396,0.724240435663378
"275",-1.03195479261424,-0.285865107014627,0.620143865785229
"276",-1.83125274004659,1.45570942276677,-1.37103679919096
"277",-1.20505097625344,0.629987090698004,1.13160615913862
"278",1.2593330174423,-2.31971438648578,0.665403031500617
"279",-1.24440340459265,-0.0112977139710207,0.0992322548683252
"280",-1.05585187246129,-0.171426414828145,0.745304119285303
"281",-0.615738387419775,-0.6657120888273,1.6035525694159
"282",-0.378299379310512,-1.18812945871673,-0.261950660342409
"283",-1.74542241755183,0.988788265034968,-1.25553940182739
"284",-1.40431471005022,-0.080603084613032,-0.822873260489783
"285",-0.169381490017479,-1.25772096130256,0.0799332124592681
"286",-1.35317905425712,1.68829954296834,1.1465003569152
"287",-1.4231110938399,-0.472463149091048,-1.80967218108946
"288",-1.59242162602284,1.03632738646017,-0.454290849160313
"289",-1.51382468529131,1.58251140415158,0.28743999798831
"290",-1.17584784009132,0.165050217216798,0.719577608415153
"291",1.15088283138599,-2.16322688945608,0.543915428634942
"292",1.24227020422986,-2.68900860507272,-0.163222733597785
"293",-0.736026876081865,-0.821222602842058,0.360200003961508
"294",-0.514823135663174,-0.899349566998625,1.07941594366006
"295",-0.580966208593436,-0.517249046870705,2.27033349821873
"296",-1.50744537662382,0.269091121620183,-0.794274472249409
"297",-1.28428727133457,0.45065632365392,0.544561293982479
"298",-1.53330653548197,0.838950771589552,-0.316947407337484
"299",-1.00239097253722,-0.408288657600552,0.468962066049729
"300",-1.13598161675591,0.62763134167378,1.47461014204295
"301",0.607318814775488,-1.68584737509229,-0.142597152633367
"302",-1.41754780259772,0.997928314836702,0.390889389512607
"303",0.745575247983706,-1.70151880683386,0.454107706029514
"304",0.571630911273136,-1.64383260403464,-0.0534946496878005
"305",0.455549303023533,-1.61310633142547,-0.424226736981885
"306",-1.40467601861654,0.540580646588662,0.0416014860759003
"307",-1.58314969820117,1.02520179197941,-0.416313781363112
"308",0.569495091137119,-1.71123324999749,-0.483583289762799
"309",1.64336692235935,-2.81753989083015,1.64157319928192
"310",-2.06657981891852,1.24710752372109,-2.67689093742593
"311",1.2846990214592,-2.57016093274918,0.257762707542937
"312",-1.00784205409964,0.0947928995604904,1.45444032728176
"313",-1.44114102723744,1.74969829070932,0.737677129289827
"314",-0.761150296312093,-0.702003229459847,0.739738425910795
"315",-0.746091151021716,-1.04201673793108,-0.934841322090638
"316",-1.23061591372064,0.624576971870233,0.998394960870204
"317",0.285268858262587,-1.59345847153073,-1.13476905738358
"318",-1.38389304381882,1.3409292947554,0.796616170758974
"319",-0.90509812611546,-0.3834473463548,1.01960594491842
"320",-1.47589531776736,-0.0739477216386866,-1.16863876833563
"321",-0.315308934082848,-1.28421365964251,-0.949889927831239
"322",-0.793865606037468,-1.00716653566269,-0.942903269347695
"323",-0.720394138950627,-0.942585629000484,-0.185523478942436
"324",-2.00088882885679,0.0895078606443214,-3.51898119734819
"325",-1.42797893631733,0.817953651281216,0.191585276680046
"326",-0.729336164022996,-0.81665547389764,0.414774364762619
"327",-1.00393252069134,-0.715016585688155,-0.524993652078435
"328",0.824120291984802,-2.13327353388073,-0.999579991516571
"329",-0.428087701213529,-1.20308095581021,-0.652360351135477
"330",1.36257788274748,-2.478483457143,0.826287095861013
"331",-1.54106361403274,0.164088650519794,-1.10789597655161
"332",-1.30565860068352,-0.414744039865874,-1.06436927564037
"333",-1.14484826130228,0.0504285756032424,0.699413352373404
"334",-1.85850031598948,0.844600857151529,-1.93808890585436
"335",-1.43818277277964,0.663474087568842,-0.00118623615959527
"336",-1.57966088579066,1.33421567998157,-0.18641173903731
"337",-1.02206336001318,-0.562857164399122,-0.076250220087822
"338",-1.62655378611888,2.58817776262112,0.152043999402128
"339",-1.69819753181869,0.399330688876598,-1.58471708404927
"340",-0.632102766407491,-1.10091177660449,-0.792654775637064
"341",-1.60534358190393,1.93117251237168,0.00269243384465175
"342",0.841699630192409,-2.02406593909345,-0.550266269056969
"343",-1.45807358697262,2.06221623216153,0.796466633873376
"344",-1.09725350509032,0.443775665801815,1.47186469681975
"345",-1.22211058999051,-0.118278605264202,0.0178777269056729
"346",-1.15857705890147,-0.939630725465465,-2.35965794869928
"347",1.09841167032109,-1.77064750827237,1.83125957077613
"348",-1.77858921424903,0.523301310251908,-1.84645204837511
"349",-1.46986105102113,0.550402631351176,-0.273923559608432
"350",-1.95904006540931,0.86343367316168,-2.42483124645378
"351",0.999639325782144,-2.27224633449063,-0.513742899580147
"352",-1.54376299580639,-0.403767807311485,-2.22607568083812
"353",-1.85735876953242,1.59295825945586,-1.42457337182434
"354",-2.18361127512422,1.60016366018709,-3.05195288233922
"355",-1.61650341760019,0.92374466470805,-0.662399033747554
"356",-1.63720057902019,0.567369427787959,-1.09283814191378
"357",-0.877634740885425,-0.459462061752506,0.954295675464812
"358",1.22931659433855,-2.18686245005875,0.867220078488865
"359",-1.9455808033635,1.30602293664867,-2.03378291871151
"360",0.615003080781643,-1.98394663784817,-1.53667356163467
"361",-1.45051968651327,1.197639609821,0.370347309012014
"362",-0.344694015208601,-1.34443927792858,-1.85696376057628
"363",-1.47185010372723,0.870835441838928,0.0173339018157452
"364",-1.48457680282899,2.04445119518235,0.656380080742081
"365",-1.28448759657163,0.376538932337361,0.456506873671937
"366",-0.597554204217649,-0.880458763976678,0.763941995465241
"367",-0.699264873016374,-1.09922290730828,-1.11547686127543
"368",-0.602340631329067,-0.575925551349972,1.98034687295644
"369",-1.4062781310569,0.00436375910537046,-0.683581876607427
"370",-1.43640474484521,0.284209463031661,-0.419186468295331
"371",-1.47517213558992,1.15068815040183,0.2147653521901
"372",-0.977474237194523,0.272601654452768,1.86022142752681
"373",-1.44204965626103,0.539776312067436,-0.146121847209758
"374",-1.6825240405865,1.95271391320181,-0.373513376876417
"375",-1.22114133349222,-0.398339248911053,-0.598855721250547
"376",-1.64122455438326,2.34323991312877,-0.00763772463274896
"377",-1.50614973835198,1.00726071986318,-0.0449593164881786
"378",-1.29825544308256,-0.47103751679353,-1.18135305782766
"379",-1.64879369959229,1.11956480620707,-0.675290948701465
"380",-1.66573566512719,1.3378674280009,-0.614505222455188
"381",-1.30564779645023,1.31471819078477,1.17139482616865
"382",-1.13995021404858,-0.515086650689862,-0.518102126986844
"383",-0.0410147785957085,-1.25026647998862,0.802738540675345
"384",-1.98397307281201,1.78940979095576,-1.95696648721873
"385",-1.18848576608963,0.0079485613836501,0.411402950071755
"386",-1.20991707705231,-0.0232801138411864,0.251069209834851
"387",-1.08160415181979,-0.55134487594191,-0.337539429725455
"388",-1.33266523830633,-0.494855913344237,-1.42187308363547
"389",-1.50191192485937,-0.325156697426233,-1.82103572256427
"390",-1.3058747813262,0.880181031857847,0.855013564915821
"391",1.02817149539368,-2.35766098671151,-0.581163147692892
"392",-1.24581891355105,-0.33876165850296,-0.573182803008342
"393",-1.80678949588934,-0.784243684103476,-4.82691107460439
"394",-1.59034425961625,0.941385991281146,-0.517427947504774
"395",-0.0354017820741534,-1.29146595869824,0.363913051606261
"396",-1.65068953118481,3.25809747141591,0.226942518506439
"397",-1.27944615849604,0.465606315023273,0.585709431503699
"398",-1.13502033763886,-0.164189628700868,0.363945247609502
"399",-1.49272608189992,0.495797604054728,-0.447076663514823
"400",-1.16427916142538,-0.583710912812663,-0.854727712367118
"401",-1.55372196929868,0.467443828737179,-0.78360097148687
"402",-0.776466656261013,-0.845853584986756,0.0413796093601541
"403",-1.88109114006505,1.96522696568706,-1.36076386788795
"404",-1.01458122784452,-0.273671537156935,0.73456194401702
"405",-1.03248354151287,-0.464484879677024,0.16598726411262
"406",-1.26513337367007,0.261864827037667,0.407689903879173
"407",-1.27302805378519,-0.0106097528043962,-0.0427158334279983
"408",-1.08472288512413,-0.545065669118755,-0.333502806674207
"409",0.799163490686755,-1.85146456172546,-0.0633359360711043
"410",-1.42879578911842,3.5050749481655,1.39665773690518
"411",-1.26623411747468,0.373482468265897,0.544071032530925
"412",0.439342367885393,-1.56170059122982,-0.124580667974155
"413",-0.532032086897526,-0.771327479106495,1.60286704726087
"414",1.2311363310937,-2.25625690154181,0.685473319705654
"415",-1.29620475169538,-0.450182462522747,-1.11279984606847
"416",-1.48340474997606,1.10081797672635,0.13822548435876
"417",-1.34525281545342,0.308354154581157,0.0678061326346469
"418",-0.933622420337183,-0.445017342713761,0.714319688343931
"419",-0.441090626680375,-0.898686628202309,1.45157756614908
"420",-1.42099105715046,0.781827741502461,0.194750409048124
"421",-1.7257870040108,0.894741788622073,-1.23248812412208
"422",-1.62803774433809,1.2139048910128,-0.506262018744903
"423",0.952405895825489,-1.99234438896038,0.118854510736504
"424",-1.57945085155621,1.10113993008356,-0.341773069485445
"425",-1.29402750694775,0.881066248995817,0.914986482609246
"426",0.711631280985588,-2.15574964988704,-1.6301217200838
"427",0.285557632365913,-1.56010270162522,-0.881019595985455
"428",-1.58392099162725,0.598134889773613,-0.794771310230467
"429",-1.78844665658691,0.783327973603814,-1.64119206302353
"430",-0.944976837293455,-0.200847403068236,1.23964289688976
"431",-0.888445673074645,-0.203578276762563,1.51663015282405
"432",-1.49659182920387,0.303392151335317,-0.695255797086561
"433",-1.39364181047223,1.84531693014729,1.02149508254402
"434",-1.72141562076985,0.776811337227689,-1.31184829313989
"435",-1.06979287002658,-0.452472577925643,0.0129310422223498
"436",-1.86389221709894,2.53902758417469,-1.05123532297072
"437",-1.471388137484,2.27822684471506,0.816997620184127
"438",-1.46847938736731,0.289197617979746,-0.573054756970087
"439",-1.32197718816451,2.05173823015232,1.47249137682687
"440",-1.33243720520203,0.394598002329443,0.238451951400441
"441",-1.53658549404858,0.366474417214739,-0.816211923390481
"442",-0.76076761169293,-0.985980704344903,-0.644348292897609
"443",-1.40644253021148,1.12256955194616,0.538602531435923
"444",-0.664245440399201,-0.770763161086462,0.944221204335
"445",-1.55029147211663,-0.302391780019295,-2.00948644273078
"446",1.11414240155859,-1.93300449567589,1.15851038294208
"447",-1.66815601379907,0.850791295145605,-0.981099751291688
"448",-1.42797369570685,0.256653473312402,-0.41346872754529
"449",-1.00980205108352,-0.501702353805977,0.172376687913019
"450",-1.55884559181232,0.107176089121164,-1.28154878358959
"451",-1.36377364951019,-0.361129020844896,-1.21770082392389
"452",-1.31562223004899,0.039462413396232,-0.172212016966342
"453",1.55712083786513,-3.00846119057904,0.951742332997972
"454",-1.37172869538244,0.093877587980228,-0.366408029350197
"455",-0.520942541845566,-1.16627947657844,-0.776836950643324
"456",-0.765090894422705,-0.765879880399944,0.460855760537459
"457",-1.09435486169252,-0.0443577865600439,0.792062158420241
"458",-1.57163313180181,-0.150651828132031,-1.79231776055578
"459",-1.42501895373348,0.263470835984567,-0.389600277772186
"460",-1.06024745331413,-0.0897364972261858,0.880673472931018
"461",-1.12525937807665,-0.254719808779315,0.223256576588038
"462",0.0735541151429853,-1.39026554783101,-0.327009683507065
"463",-0.240163838221789,-1.2506798726151,-0.197458547077415
"464",-1.66276599524367,1.0003184444891,-0.83336342565107
"465",-1.6890677687094,2.12728147701494,-0.331324135011604
"466",1.0893040449649,-2.80489700613297,-1.1100371799252
"467",-1.47414952456043,0.775774931459933,-0.0764445108397993
"468",-1.33757859882172,-0.140620686871477,-0.602428792386549
"469",-1.45020795807832,0.369400885321161,-0.380757914793063
"470",-1.76598003380123,1.13248829449096,-1.2520570723274
"471",-1.56550892808634,2.43970168454969,0.40605728817898
"472",-1.55317886714659,0.356833544463997,-0.910988419087482
"473",-1.50623239024324,1.41602689224882,0.230674365829822
"474",-1.01757008191824,-0.535436026947356,0.0320538405603177
"475",-1.64784864088096,0.915843661335945,-0.825528119456559
"476",-1.29485955996679,-0.435853362917014,-1.0668792414951
"477",0.10923654969775,-1.47835884223349,-1.063493077631
"478",-0.794496305542412,-0.63422389692311,0.822820822537868
"479",-1.06443676674064,-0.785397880796942,-1.12020557629093
"480",-1.3233868775238,0.115559299947095,-0.0914955361307198
"481",-1.04107553592867,-0.348491482634277,0.426894970562766
"482",-1.09464738941097,-0.466943137088051,-0.151747454902812
"483",-1.95682999983318,0.968616459064432,-2.32829922867443
"484",-1.55470889999256,0.614756997719914,-0.631902538990969
"485",-1.18693748480055,-0.218548673117695,-0.00720040802389003
"486",-1.2676126925339,0.506098717678974,0.689778835761972
"487",-0.114755451520364,-1.34430241719476,-0.705491450852003
"488",-1.22434841861905,1.5755514262662,1.73103445920366
"489",-0.045584465801918,-1.22900310432777,1.00297772462554
"490",-1.59583469924176,2.63132992973106,0.319916532469028
"491",-1.67740017410557,1.66714350751455,-0.485518044341552
"492",-1.38702724329646,0.0152899165101753,-0.569034466864071
"493",-1.4487282067104,-0.335277087207884,-1.57932777839457
"494",-1.09036386491891,0.0358056069896803,0.948117905150516
"495",-1.07706723608817,-0.263698217939406,0.44438930585588
"496",-1.39968245445646,0.543798234410124,0.0699848906814804
"497",-1.02747917820104,-0.188256616878611,0.85305360638592
"498",-1.78287346160576,0.109404075898153,-2.39828744912424
"499",-1.64729947117559,0.622721726628098,-1.08687495823681
"500",-0.653269063041376,-1.07950425960083,-0.73712387270261
"501",-1.54882270651217,0.495186195402508,-0.728232652644959
"502",-1.20168278631427,-0.565564148749817,-0.982990749253765
"503",-0.49323476603285,-0.92111810183023,1.07021903109211
"504",-1.17739294644246,-0.183660153012582,0.112861964405085
"505",1.48025733822251,-2.69615131072737,1.01491522750008
"506",-0.696400898339702,-0.895457815855297,0.192011876296695
"507",-1.13238281009245,-0.239162856156201,0.221535309408613
"508",-1.05543273822872,-0.634909633088139,-0.484270651698811
"509",-1.35918183199842,0.928062239432511,0.627693598964466
"510",-1.10493720950208,-0.157839793057514,0.526978974730227
"511",0.407043263746914,-1.62512290546807,-0.750251294437868
"512",-1.29149969177368,0.452019454653986,0.510052324616557
"513",0.503400819649023,-1.96163343253219,-2.00914136609222
"514",-0.969676835398575,-0.822918842046899,-0.815933462034272
"515",-1.42377766288228,1.9929822709241,0.93806891434376
"516",-1.38183489888684,-0.0420225089243126,-0.64122112006985
"517",-1.06096585602784,-0.553972250203808,-0.242609973111283
"518",-0.96541597922394,-0.626748074603602,-0.00565993978768405
"519",-1.37400403927831,0.272345985600811,-0.122765055131116
"520",1.20646994693448,-2.57105034977044,-0.135038990148209
"521",-1.43144183117723,0.062318037988112,-0.714510291711126
"522",-1.94236125733977,0.95379781039376,-2.26763878811199
"523",-1.81675481321096,1.01140794364019,-1.59481634573081
"524",-1.47332670271969,0.0442735981236374,-0.95292182992054
"525",-1.4990608052074,0.353503359770392,-0.644499259364976
"526",-1.20115307739679,-0.106879286330464,0.14421091226084
"527",-0.42467087997019,-1.07141876089085,0.465014282024047
"528",-1.76564552963144,0.886398909772059,-1.43867591426172
"529",-1.80778307480708,1.63271711401253,-1.15545703165813
"530",-1.23047133354386,0.665252031280369,1.03909347337253
"531",-2.03156306794455,2.6527029112801,-1.85175055497443
"532",-1.18977732659094,0.501231687136046,1.07363336180313
"533",-1.31788103766573,1.69448695533243,1.32615888199846
"534",-1.06480214243921,-0.0806824952997569,0.874544264487343
"535",-0.0278257922571162,-1.31723067334597,0.0838731839551987
"536",-0.382954523491278,-0.883247943039326,1.82264070071552
"537",-1.35939546105624,0.267827137138122,-0.0556990328302298
"538",-1.59520033020062,1.13252725605458,-0.398131033963873
"539",-1.30887220782365,0.427982260835001,0.395553586267987
"540",-1.38645710621839,0.372398936777804,-0.058358951198015
"541",1.40337369749895,-2.61059573905509,0.777315366113406
"542",-1.87090405106721,1.42620880781857,-1.58663165248275
"543",-1.30914101242841,-0.206147723734827,-0.592195190152212
"544",-1.50149624535456,1.26905944881166,0.162885002197391
"545",-1.33516364250356,-0.197646820162093,-0.704668609247907
"546",-1.57668916308655,1.5734776290828,-0.0318003977013855
"547",-1.08906139557253,0.0431071427168637,0.966513845143138
"548",-0.145289371210028,-1.2850397495383,-0.109477846806768
"549",-1.46031258096098,1.23764472643375,0.348197162828339
"550",-1.71366857591953,0.386492017685621,-1.6774026267313
"551",-1.29538091730048,0.203632804253856,0.176901822375915
"552",-0.0497081346287606,-1.33816480760634,-0.299776159868161
"553",-1.50420413354835,1.47002470727814,0.27251559793211
"554",-0.69636114683115,-0.959111109926139,-0.160846752641279
"555",-0.757426257101632,-0.942031317097067,-0.367529582313889
"556",-1.2673695738269,0.777001047206518,0.958551497086177
"557",-1.49618875636992,1.27570806860187,0.193733938341846
"558",-1.11234175602926,0.204726811682232,1.09362967024895
"559",-0.00296092571785039,-1.35312664465878,-0.259933739656645
"560",-1.38388561721385,1.05711282734837,0.603890203575739
"561",-1.31073308367811,0.233475040055307,0.141410515683003
"562",-1.40910148892273,0.133774986671689,-0.492677885537935
"563",-1.46177638445092,0.749632358178642,-0.0381793526745255
"564",-1.310797520151,0.114378136149284,-0.0303406159951939
"565",0.859016792158821,-2.35833902194968,-1.42852277389816
"566",-1.50275902658186,1.59301241144491,0.348454582597387
"567",-0.763201521592057,-0.83260019228841,0.171033328118626
"568",-1.40474026331162,2.30786582944045,1.16151807574157
"569",0.851654782284616,-2.02991653740348,-0.521250091662647
"570",-1.17914534088999,-0.320277997294975,-0.195631660264257
"571",-1.54163122630777,1.25729507023265,-0.0454610634199515
"572",-0.525034831073237,-1.19275564969353,-1.03888533130301
"573",-1.03456062895989,0.0611960459593682,1.26810762032021
"574",-1.52854158580032,0.68083354400594,-0.43625728745394
"575",-2.02298613718709,1.0263423517231,-2.61463385192259
"576",-1.46012497836053,2.87348817379755,1.07396113742053
"577",-1.29863593009093,1.85787775462795,1.50244194733879
"578",-1.26256127664022,1.05764310995902,1.2109046770559
"579",1.12534424013006,-2.18632525230171,0.348900719860005
"580",1.13857615218389,-2.25583016646411,0.223797197703335
"581",0.409721629336719,-1.60917776674536,-0.625638066110855
"582",-1.44883962958522,1.10004215998831,0.310491948987063
"583",-1.05126317259417,-0.405109623806558,0.232921179024169
"584",-1.33705926085024,-0.194840733838244,-0.708359048083119
"585",-1.05067372545061,0.425030597631535,1.68311570205176
"586",-1.08431842562559,-0.814631851648793,-1.35082774902918
"587",-0.252722867935344,-1.13734231104109,0.812631123678149
"588",-0.578669663244604,-0.589616988784929,2.05388673905163
"589",-1.13466411448675,-0.499145603483507,-0.444419623056316
"590",-1.57203008078623,-0.450493078944563,-2.49278380241259
"591",-1.31812325298146,0.125415828427668,-0.0502998614362612
"592",-1.35624876754711,0.166711026584031,-0.180020912367729
"593",-1.41777678561091,-0.159206611636189,-1.03992790185772
"594",-1.31849363116275,1.35747439127957,1.13386587514942
"595",-1.6282467484369,1.91261312537749,-0.120261679634428
"596",-1.43568832790124,0.200741200719564,-0.528691719786238
"597",-0.906247703133659,-0.401298698029918,0.967930659524718
"598",1.16745586305787,-2.38783211742249,0.0458429847505844
"599",-1.45223763752042,0.530293251997679,-0.207183740774862
"600",-0.872554763439545,-0.759650000272014,-0.0500745284052447
"601",-0.756292423156732,-0.667302131757703,0.894938823057783
"602",-1.39138194182321,0.835973369958763,0.39012413417104
"603",-1.09297868299246,0.0617398508965535,0.976884237528628
"604",0.143045340266892,-1.44131347477719,-0.532994969044586
"605",-1.94409814648595,0.328919495258944,-2.90031335312115
"606",-1.40102978994171,-0.585538072357826,-2.04447633440648
"607",-0.0517771945783697,-1.27676546975573,0.454187346854235
"608",-1.45650587732311,0.536914859405478,-0.221449442182429
"609",-0.957339076732595,-1.01817331654958,-1.83151664353721
"610",-1.71950930752875,0.757208820749327,-1.3199593174648
"611",-1.28862161193717,-0.505388007951403,-1.23259603704927
"612",-1.31331651671495,-0.275461896933537,-0.763136215513004
"613",-0.975732232138847,0.294686908899441,1.89780775588303
"614",-1.36845204754843,0.566547917635346,0.25004875386984
"615",-0.558204049665148,-1.29663218248082,-2.31215016383471
"616",-1.73767109568441,1.48174203575849,-0.888067680586104
"617",-1.52236911601198,0.551187276744642,-0.53563641499335
"618",0.470816137278411,-1.86844264904508,-1.78231864538049
"619",-1.50071801225269,0.200621428432605,-0.854008386976644
"620",0.72726586199992,-1.79299557113902,-0.140013611921484
"621",-1.10552041808511,0.414453064472147,1.39652256777117
"622",-0.266161594784595,-1.09653861280301,1.0705907558651
"623",-1.29154489638644,0.981451819815609,1.00815421982755
"624",-1.72041934832249,0.939744889582863,-1.16911505370171
"625",-1.43425055026216,-0.41544209348599,-1.70917452596745
"626",-0.846921139234022,-0.623298097925433,0.598776162477814
"627",-1.335953177505,0.843570867245632,0.673768163527706
"628",0.0683919713903026,-1.32775760357112,0.428722934774806
"629",1.05494074106225,-2.22033675306479,-0.0987566342911853
"630",0.00321614611897025,-1.46327917460148,-1.45019567885504
"631",-1.5169346255353,0.419046692603657,-0.655167992045135
"632",-1.17144373789388,0.244893864793793,0.853367244222933
"633",-1.35896717265881,0.528690064093759,0.257450082168867
"634",-1.35801832081938,3.26168852146862,1.69121453510728
"635",-1.42340742569923,0.477772438557915,-0.120455933594004
"636",-1.41834330153046,0.336061764544007,-0.262576575707364
"637",-1.23007801552012,-0.466837204737605,-0.828602143426823
"638",-0.603398500660702,-0.561740005129373,2.02063212591904
"639",-1.28353569884674,0.522243171509685,0.627675395948643
"640",-1.03653839778094,-0.631133987026173,-0.376561814627035
"641",-1.4980199639925,2.05730182081854,0.594647018300662
"642",-1.22480789377222,0.445010264419917,0.835507216880787
"643",-2.01991810684309,1.24139483336704,-2.44735007789901
"644",-0.958215278649089,-0.241490456085411,1.08733820563641
"645",-1.00347120425757,-0.566323297080312,0.00563761717241003
"646",-1.34639966863138,0.128492101256856,-0.187065883700609
"647",-1.57908227237521,0.724935674125221,-0.647409456449963
"648",-1.14907452639419,0.620185337923619,1.40171350119397
"649",-1.34025311811439,2.26955038590335,1.46934116208253
"650",-1.71702775043153,0.72122452958511,-1.34058275814272
"651",0.588915364527086,-1.85979397073998,-1.1527329401063
"652",0.268906419420691,-1.49718212837143,-0.437395909118946
"653",0.2523884146593,-1.43279618559052,0.101358462066033
"654",-1.23158031060932,0.904555017349666,1.246606219702
"655",-1.31311318737335,0.591211928055724,0.552205280144617
"656",-0.916444709208065,-0.576504204720383,0.407949048313911
"657",-1.29259248122247,-0.296959871502833,-0.708441271941429
"658",-1.47886889785699,-0.125500844856085,-1.27969508736899
"659",0.112728237605941,-1.929922870781,-3.83600355144546
"660",-1.40824479192302,-0.2577909033246,-1.19843062159939
"661",-1.52807778440914,1.20314096337285,-0.0137169147632754
"662",-1.48036285348974,1.45853825515838,0.385059984646134
"663",0.455950918981995,-1.91466243913355,-2.05684145879455
"664",-0.885914601433629,-0.482790937346724,0.846820131306701
"665",-1.28771813675759,2.04059061929126,1.63901959443503
"666",-1.24283441488031,-0.0869217111340053,-0.0270705582245245
"667",-0.735841433810018,-0.829646949939664,0.321760853272622
"668",0.964105656684707,-1.89270241572372,0.577268108103276
"669",-1.22908633130279,-0.0235449482857299,0.154765032953435
"670",-1.83184824485286,1.70440194919051,-1.23862155226758
"671",-1.67906731270136,0.839664615782728,-1.04514035424343
"672",-1.276373979382,-0.0598831750769913,-0.145646532632653
"673",-1.52861743383799,-0.479421329517353,-2.35703032525512
"674",-1.52403309521891,0.519791820763409,-0.577456467054976
"675",0.403922448854059,-2.05966181351315,-2.86288658049909
"676",-1.6034240405451,2.17269881418372,0.115373041465469
"677",-0.0323603404384912,-1.340018879191,-0.237488785213523
"678",-1.06728780204075,0.234651419723678,1.36024187933581
"679",-0.991795915315918,-0.650175603229126,-0.220325234768983
"680",-0.139197440328847,-1.30150300612673,-0.276384136824563
"681",-1.51006017848995,0.158950266456201,-0.960352214468168
"682",-1.33900643572498,-0.16874193100014,-0.665083205638221
"683",-0.912949786746575,-0.907342778992314,-0.953720393982994
"684",1.08139436493079,-2.39056955588659,-0.390647014490814
"685",-1.16187579660833,0.776636248242843,1.48569431979284
"686",0.583246816317727,-1.79007373519208,-0.845248462250989
"687",-1.46282486576303,0.0931086172970227,-0.823078701231871
"688",0.0356145099454507,-1.24176111330368,1.27649329099756
"689",-0.744824949521071,-0.580120356253997,1.25428226442137
"690",-0.588503511862832,-0.967577117204894,0.328414706594264
"691",-1.28027065192432,0.551243428838797,0.674915103205644
"692",-1.72957187103292,1.0170510193382,-1.15460417563568
"693",0.119198377651623,-1.36226221872278,0.236204486983877
"694",-0.538232941444878,-1.14760961115675,-0.701262196341177
"695",1.15707399109623,-2.11581341167355,0.719479676111775
"696",-0.982643542546744,-0.491456681723361,0.338133541575629
"697",-0.877116804812521,-0.918482653258012,-0.834774084835271
"698",0.264146729733555,-1.35488714482687,1.05329372112914
"699",-2.22262829514496,1.65751399759288,-3.21666680078033
"700",-1.59521465271048,1.38534717402969,-0.232689041107411
"701",0.847790334284427,-1.72092980079424,0.851696492961109
"702",-1.47275944731368,1.79896496437271,0.603737841119826
"703",-1.46749401787894,1.42625986966475,0.430448776585687
"704",-0.10158452854806,-1.14058819005161,1.54123258987334
"705",-1.29133554441582,0.042088416081274,-0.0465099946097277
"706",-1.73736982655029,2.08048544434302,-0.592296815883782
"707",-1.77628346344342,2.67228713642069,-0.56901669689122
"708",-1.21036074715064,0.37848682936531,0.829496386656485
"709",-1.82100069865066,0.931670161004935,-1.67849647534845
"710",-1.44217491732063,0.203881143879139,-0.556720275097692
"711",-1.51568952960664,1.20123458476724,0.0469345187445406
"712",-1.1711005073213,0.500064422714416,1.1657380091861
"713",-1.44323551882264,0.151864681549595,-0.636591072170682
"714",-1.43961329993981,2.68508570254018,1.11844648563684
"715",-1.2603841573656,1.10036765635158,1.25300393122818
"716",-1.85270306102021,1.28328334150853,-1.58394601030935
"717",-2.06346254091734,1.27267066810413,-2.64460254787787
"718",-0.759342521668806,-0.839313851541961,0.15841911875127
"719",-0.805594205015567,-0.587497416370348,0.926255961142096
"720",-1.18773156063906,0.580041512324592,1.16764018286019
"721",-1.60591729960579,0.784774179132458,-0.727259176483025
"722",-1.36501046926192,2.54122043450348,1.44392099238919
"723",-1.8843785683494,0.800079943839615,-2.10603361973632
"724",-0.558746016520553,-1.05027527592296,-0.0551215813705926
"725",-1.76438460133825,-0.110376385553452,-2.67852986196955
"726",-0.970860639467574,-0.228826107142928,1.05135155062802
"727",-1.39867492128471,1.17029959282798,0.610865115242808
"728",0.842859657694772,-1.91575176909196,-0.126846736505219
"729",1.05944387985957,-2.38901437423395,-0.496889378096173
"730",-0.74443043709889,-0.750904429058627,0.627172052884908
"731",-1.19362605826748,0.916754427711572,1.44632460514937
"732",-1.32706512033904,0.403913435176205,0.276378589865765
"733",-0.724593003161407,-0.776922437166242,0.615945841835358
"734",-1.26140051434363,0.175539198806278,0.306950550292568
"735",0.341823586383528,-1.67380686529552,-1.39553733450286
"736",-1.33678779751665,0.400909161229154,0.224205406634576
"737",0.875665066448061,-1.88880735652415,0.151951714406351
"738",-1.33498692701811,0.0401864971718908,-0.267857435844408
"739",-1.27653136604847,0.683631833464142,0.826469780949716
"740",-1.50163640406278,0.518347279897415,-0.46703394155921
"741",-1.52761825754831,0.32985532701341,-0.816736534077462
"742",-0.887287812474034,-0.230649131439949,1.46531758572931
"743",-1.65457611844867,1.32743799632307,-0.565233363326734
"744",-1.60521997446256,2.48796532094121,0.224514630892537
"745",-1.27550502803161,0.024970226247599,0.00462438844460511
"746",-0.820057607343326,-0.956001929763708,-0.761147264472976
"747",-1.24086676246548,-0.586581028911098,-1.24709007969077
"748",-0.877814569644152,-0.750182646257996,-0.0367475754489277
"749",-1.6318357567779,0.662781196574586,-0.970123051860063
"750",0.507289969192119,-1.81915524193621,-1.36977265651972
"751",-1.79248636126585,0.33910807329086,-2.12948534236864
"752",-1.12584493639934,-0.324979414609416,0.0597208256202575
"753",-1.74826901941402,1.10715652572293,-1.18153784635315
"754",-1.66540517430543,2.96206077791081,0.0733592450508184
"755",-2.04055543866859,2.51272676815397,-1.94357351934861
"756",-0.992923794617377,-0.55888668546586,0.0820693524055945
"757",-0.972515476237233,0.153821530617643,1.71987748848718
"758",-1.3028953574995,-0.129513319130548,-0.407528184433292
"759",0.545863668837201,-1.79782907540555,-1.07144878672165
"760",-1.292031383945,0.538177796690315,0.6022684541555
"761",1.13275693346988,-3.05464698883926,-1.22659802952404
"762",-1.30691521102259,0.942150285797008,0.900327675832387
"763",0.881055107179964,-2.34876029120648,-1.29581002652784
"764",-1.55978716572471,0.926086205688073,-0.3769266759301
"765",-1.32611592424522,-0.462280170570562,-1.29599042151088
"766",-1.51346329387793,1.18615578989881,0.0478103020214567
"767",-1.54453147158915,0.826262104388937,-0.383981843402642
"768",-1.08903575277843,0.162488491803537,1.14991969926952
"769",-1.61217176194496,0.993256971318179,-0.585831219981593
"770",-1.39936760513118,0.240887779592621,-0.291676042909412
"771",-1.5082480369856,0.976983072302882,-0.0788432146904835
"772",-1.30682312932125,0.957062184887345,0.912635360613721
"773",-1.77589913283502,1.68757577692986,-0.967471342668751
"774",-1.23755554621087,-0.254184174330855,-0.337047560093544
"775",-0.130958600287941,-1.17486614607587,1.0962963488978
"776",0.00446102572335078,-1.30502080479248,0.398635625146936
"777",-0.789384260610383,-0.838378676037822,0.0126760387447892
"778",0.977036953826,-1.69811470225939,1.63173102623255
"779",-0.892891393977522,-0.72186378604794,0.00307798931441135
"780",-1.50014012105257,0.197365393797816,-0.855699525310714
"781",-1.33811637667236,-0.236724135036454,-0.801871107733523
"782",-1.29861152279457,0.314953502899625,0.309439338883563
"783",-1.76086758719616,0.508827611862716,-1.77352026319038
"784",-1.06566134324703,-0.342149663282379,0.31940391079864
"785",-1.48671102010443,1.15178570682364,0.157837198263417
"786",0.89536441907498,-1.64780806871263,1.53894084869481
"787",-1.78940686560552,2.00390190275426,-0.8852973856045
"788",-1.10498698649825,0.628058746126926,1.63000865477918
"789",-1.45582932225492,1.18273179379608,0.333638187586568
"790",-0.574761277594925,-0.833710601229323,1.10798081169022
"791",-0.117284203216177,-1.36006799629046,-0.918920037785178
"792",-0.476452297207641,-0.985777181880698,0.778481376055207
"793",-1.91007338508265,0.436914257646348,-2.60012110658355
"794",-1.67734528236644,0.149708500483586,-1.810306272286
"795",-1.40332094758914,0.960104318256063,0.432548881177823
"796",-1.63053057809462,2.34332855590788,0.0458651317309637
"797",0.655614115546603,-1.64400775449835,0.365261446257027
"798",-2.44416229751703,2.45816169040576,-3.98065972381676
"799",-1.63039471438977,-0.182980950388108,-2.15076511304814
"800",-1.03677214475518,-0.220923841422958,0.738602294295869
"801",-1.52171119867099,2.05217611369351,0.474008049743871
"802",-1.79218192377801,2.34326426354061,-0.762415513174481
"803",-1.59503774041162,2.05341878657567,0.107905034624538
"804",-0.180616402396625,-1.39418189086183,-1.64283433545191
"805",-1.41477316189258,-0.0375406412935445,-0.798037751374767
"806",-1.2315524677592,-0.284641238201039,-0.375062308670479
"807",-1.39807259029838,0.062565482395617,-0.547269992623041
"808",-1.46270363811606,0.898553814580421,0.0860663447522336
"809",-1.41093182387653,1.24150958307288,0.597657145912573
"810",-1.17852204607665,0.180270079660204,0.728123717585433
"811",-1.20041741529161,-0.743363261070623,-1.62156917520357
"812",-1.31079963731103,0.430742311405736,0.389116727339466
"813",-0.860143771613463,-0.923128288949834,-0.775367125600551
"814",-1.58259768363296,1.05525836185364,-0.391044744940322
"815",-0.772860820302738,-0.658165019240586,0.845497254176602
"816",-1.44592785986948,0.246589294781457,-0.516763522935274
"817",-1.11592177541078,0.737216832241224,1.67973151683236
"818",-1.15695400257628,0.878769643554659,1.59844219727486
"819",-1.53378781731687,0.479139594862936,-0.670833136058064
"820",0.403505811619424,-1.48263401562471,0.368087872311035
"821",0.907522409926929,-2.01224041696241,-0.178667713742414
"822",-1.29558633810907,0.665323031666019,0.713587190895347
"823",-1.63467493078739,1.3682560804461,-0.440412529065436
"824",-1.49714605672995,1.19985305741138,0.138716213141805
"825",-0.608926427380012,-0.984206423386705,0.125766161786721
"826",0.824569912462776,-1.91199385233021,-0.202570781943684
"827",-1.34683362864219,2.00561057740604,1.32831439904538
"828",-1.4490557981844,0.824100524220252,0.0915284566623116
"829",-1.54039342929126,2.2344439164529,0.455022467389756
"830",-1.28437001078696,-0.0324337843583749,-0.137091407324664
"831",0.050889990431111,-1.31503560072813,0.505382477144894
"832",1.17033432066282,-3.20728335861662,-1.21127134837711
"833",0.147385788996442,-1.35258987389765,0.498623031235078
"834",0.706140961850023,-1.58670725456237,1.01928442968366
"835",-1.06255821317261,-0.126952597799535,0.799075780996677
"836",-1.49598089070596,0.494475714421047,-0.464805873437439
"837",-1.1451574260816,0.698537524779216,1.49750248755633
"838",-1.09121533816488,-0.484844332589731,-0.185592624394448
"839",0.135124160887633,-1.37563525486462,0.152848281487809
"840",-1.29285019777741,0.233398376647542,0.230720295074795
"841",0.725911713356,-2.02634634457824,-1.13731760022266
"842",-1.52878473690168,3.13520067180512,0.804357738201667
"843",-2.20147377217829,2.54758182737163,-2.73623084300607
"844",-1.20902314205407,0.703694072448594,1.18303809964421
"845",-1.66804790965765,1.13234413104995,-0.762498286759577
"846",-1.12981106133831,-0.126274943819196,0.464110907342912
"847",-1.72352822672149,-0.0693068711910916,-2.39838745850417
"848",1.14567333080254,-2.03614621516138,0.92692362856591
"849",-0.395601498613852,-1.04511016237728,0.796361581740465
"850",-1.30728981103948,1.4211140817418,1.22841557660557
"851",-1.51776114577138,0.811285831041991,-0.263130458975822
"852",-1.25689530123241,0.199218348744458,0.363132924688478
"853",-0.269004092729601,-0.996672555887238,1.74797142273008
"854",-1.12993424931874,-0.625392289188417,-0.823543644373285
"855",-0.148716481422805,-1.20061740041781,0.76813989913537
"856",0.20359596185366,-1.46828458109869,-0.496446110625503
"857",-1.55109689058885,1.30501743411757,-0.0620026659125091
"858",-1.43629985331096,0.26637828916767,-0.442142210236015
"859",-1.12727342907229,-0.0137462626192384,0.680693207202442
"860",0.929405923411392,-1.66142543126383,1.62078054701329
"861",-1.68479058360766,0.153380849468587,-1.84214355811505
"862",-1.14601625882742,-0.788613267820171,-1.54224215520599
"863",-1.06403757233145,-0.16584218299732,0.715561403790829
"864",-1.19003500517392,0.426548741491193,0.98807463767699
"865",-1.42913814538073,0.596998518263835,-0.0220138292941326
"866",-1.498192792786,0.821562398980675,-0.156353562681579
"867",-1.54023519831069,0.133592060193882,-1.1486192467674
"868",1.28687696039034,-2.33060529481682,0.776667780532334
"869",-1.71427863922213,1.86079530457234,-0.57440253801808
"870",-0.946305175352029,-0.297771283694564,1.02112540596255
"871",-0.965777496012064,-0.545519351081594,0.259811238170563
"872",-1.18493390054731,1.10752500049402,1.63540215707498
"873",-0.934276471835309,-0.836507230348005,-0.70286887958523
"874",-1.19565001260373,0.0129398055859919,0.38393323835457
"875",-1.98649270504649,1.1974504265328,-2.30964614744353
"876",-1.69916805657396,1.07595964565113,-0.958643752881631
"877",-1.6652072003587,1.29386735384444,-0.639669186298303
"878",-1.44863105015054,0.213159889324706,-0.576056428056611
"879",0.846371940038755,-1.8114796007896,0.363165469752283
"880",-1.07860822540032,-0.508782229167266,-0.192589511412057
"881",-1.27067676960424,0.769622368470819,0.935404047274659
"882",-1.28494173744392,-0.0329313762802481,-0.140818233747758
"883",-1.36346888859201,1.51427137185164,1.00145545496876
"884",0.463164520430507,-1.60427933410835,-0.323548250176853
"885",-0.710836938181812,-0.42786870485071,1.87477783165499
"886",-1.32204189679754,0.107637440162444,-0.0968255551764615
"887",-1.33498086548037,-0.314843527204077,-0.961995681904364
"888",-1.20609456806714,0.0675178881339053,0.420488435117742
"889",-1.38926401486795,1.97584978844196,1.10308598285008
"890",0.795431678963736,-1.60767307154195,1.31358915814468
"891",-1.38986997325312,0.0158173832110487,-0.582369859902633
"892",-1.44777563625449,1.34798156008685,0.481585480122438
"893",-0.178528097292959,-1.30087896993999,-0.465402420333114
"894",-1.00936942548111,-0.524265006296147,0.107153722391207
"895",-1.66722790802524,0.652160797040512,-1.15742518592812
"896",-0.317122005456538,-1.04290710461496,1.20390255311355
"897",-0.00439224338981198,-1.47879488118589,-1.63571051517662
"898",-1.53882566377796,-0.267847658796556,-1.87363320650256
"899",-1.27162984266795,0.367734709112053,0.510103232593957
"900",-1.59820014873129,0.185173498857095,-1.36326868149772
"901",-1.58805951387579,1.48104281833781,-0.140411411302133
"902",-1.70310394875842,1.56022473547215,-0.671133512938029
"903",1.07089172265139,-2.38596418812221,-0.432748131557781
"904",-1.42017630840206,0.256898277626706,-0.374154286375525
"905",-0.947851459966987,-0.845891454297575,-0.815727321571179
"906",-0.688157615436803,-1.05949650538666,-0.766930720028255
"907",-1.65068234083349,-0.0741725263806463,-2.0429825446089
"908",0.759507113876587,-2.05235163021837,-1.06004653663188
"909",1.06121059427208,-2.05205769009608,0.449477997125058
"910",0.741301891478679,-1.76740798081161,0.0628261066207592
"911",-1.05188290091792,0.374178579850246,1.61667134394134
"912",0.692667179198005,-1.83567582693863,-0.522081426910669
"913",0.432048908357325,-1.51618912257329,0.211547363832475
"914",-1.11201187586631,-0.243197108623614,0.314655462609441
"915",-1.40053975244174,-0.177817555502457,-0.991018369704942
"916",-1.43556594607915,0.743548237374586,0.0873174292566725
"917",-1.6112492882726,1.39018184014593,-0.309932730554029
"918",-1.20798470874615,0.732608734084965,1.21517410169561
"919",-1.5131622988879,1.50567379448034,0.248128352415623
"920",-1.2652302956768,0.976398935398006,1.13578961909618
"921",-0.861908182935843,-0.180971991713461,1.69574873422547
"922",0.0334855267602548,-1.3503778351205,-0.0426571074589418
"923",-1.40807722611216,1.17978240948922,0.57037736928958
"924",-1.14410136280948,-0.0411054964742647,0.54906058955423
"925",-0.216429297686429,-1.14487901120594,0.930905920967731
"926",-1.73475071121657,0.327946562181993,-1.85480120246311
"927",0.301990847376576,-1.52690286116278,-0.529739483736009
"928",0.978139439776607,-1.89845139416271,0.622697819810933
"929",-1.23780150473633,0.994253837651797,1.28678940192989
"930",-1.51642241524077,2.20009082316219,0.561335914145814
"931",-1.4959496986894,2.38935883098257,0.735715637341353
"932",-0.0106083013199264,-1.30091335314995,0.373776207600634
"933",-1.30229710787751,-0.375981760991341,-0.947468638625779
"934",-1.34641548544978,1.28014211718616,0.945466171335808
"935",-0.765336704703237,-0.813293418037983,0.250221541451588
"936",-0.502617136562332,-1.10679573112719,-0.190833311586743
"937",-1.22004809144108,-0.243929576702332,-0.227115611927622
"938",-0.57751729079595,-0.638226159158209,1.893621531125
"939",-1.33112583305696,-0.414514207023694,-1.19109814968867
"940",-1.41857712826887,0.33683941238433,-0.262773079631509
"941",0.39568507767786,-1.41108515125625,1.04953841904315
"942",-0.243813791806718,-1.18735525622911,0.417672245190893
"943",-2.01129046898867,1.81432718992523,-2.08151127018202
"944",-1.2371424824463,-0.169111320190514,-0.156503589211215
"945",-0.414860734679675,-0.891395731275213,1.62094982951546
"946",-1.50233713009112,0.225957246918278,-0.82690519793202
"947",0.400668578680528,-1.44277804907769,0.740229592456414
"948",1.0626208310253,-2.04067111342799,0.495859008321874
"949",-1.77682866125306,0.904191471270415,-1.47993321251275
"950",-1.10411688467062,-0.365381093055701,0.0700135798158626
"951",-1.39204306698147,0.329678631194408,-0.139082812789701
"952",0.579354021647896,-1.66275211020771,-0.137967442207464
"953",-1.49677009604014,0.699316716034908,-0.259824686584806
"954",-1.39467730084482,1.70138068473843,0.945695456665832
"955",-1.45288621338596,-0.133357913785635,-1.16489098740911
"956",-0.921929835378668,-0.487040450557294,0.654498146970202
"957",-0.816947223074891,-0.514379955802879,1.09902809564691
"958",0.89379280703907,-2.37744193892282,-1.29883296949853
"959",-1.56816358877134,1.4367262895346,-0.0667144828690865
"960",-1.70011505253913,1.60876159957488,-0.629858207438586
"961",-1.42709329589011,0.608709366483554,8.42362425124143e-05
"962",-0.478977852677438,-1.04692425999422,0.366961041543477
"963",-1.05299123956385,-0.240129221144665,0.616404401405074
"964",-0.586495248295736,-1.01401172898545,0.0498145953080102
"965",-1.98035450452772,0.794669495520428,-2.59068018610157
"966",-0.84516163044784,-0.87422454521973,-0.442374248358335
"967",0.731444365244737,-1.72450084156346,0.249514347276023
"968",-0.0109999630149322,-1.30740181396505,0.29181551151195
"969",-1.37074963962361,0.202606516585189,-0.201380336767545
"970",-1.1239531012955,-0.422828003553416,-0.177309807487568
"971",-1.57546027825679,0.325677445539805,-1.06120996060868
"972",-1.17318601962372,1.60812912830195,2.00444831463149
"973",-1.36910797567027,1.42946314153131,0.924275724687276
"974",-1.05000043428537,-0.495976056678891,-0.0118201436632666
"975",-1.70483537885971,0.651933423807359,-1.34568482178944
"976",-1.79296038886435,-0.011308119516138,-2.64357044700317
"977",-1.35677250792864,0.874176831603536,0.595517444380209
"978",-1.14503864606014,-0.411927177449839,-0.253838107656025
"979",-1.43243201361999,0.539317649264426,-0.0985215069056637
"980",-1.29686410600003,1.14002354849767,1.09883264020362
"981",1.86839180941145,-5.34565813577076,1.02802907887319
"982",-1.42680680320769,1.90909335144868,0.885328855010043
"983",1.21899378794339,-4.2727769033093,-1.77328029578392
"984",-1.03782854759687,0.318307849259199,1.6176195532878
"985",-1.20446840151296,-0.476659528206518,-0.728395050342388
"986",-1.89321954986067,1.94100038902785,-1.43225064380745
"987",-1.01704265784203,-0.130759230822775,1.01933766119475
"988",1.13555772304107,-2.40202132993337,-0.145490674413999
"989",-1.12887665922778,0.178394261577083,0.97366543292781
"990",-1.34244491313676,0.135205562882203,-0.157263023357587
"991",-1.22749506460256,0.961660271802248,1.31290529170888
"992",-0.194917854179551,-1.2127409286594,0.419466796187417
"993",-1.36065330300524,0.971704897755352,0.655004901503328
"994",-0.584339217137673,-0.858810563021844,0.93876630401252
"995",-1.19113376630611,-0.800245308391035,-1.81957730147858
"996",-1.35567090261067,1.4451342794786,1.0006905489078
"997",-0.652482600649828,-0.854936662082362,0.617101398722855
"998",-1.48039251048948,0.646889829283857,-0.228410696504378
"999",-1.25052816781504,0.729677815959404,0.999750999555357
"1000",-1.52748347397588,0.76541370423292,-0.352415943618693
