"","x_child","x_pa","noisetmp"
"1",-0.279477142024557,-1.57991446830198,-1.30194542845023
"2",0.502981503070419,-0.0750418984351067,-0.347669772470696
"3",0.772135286853092,-0.168966889012356,1.08299918775652
"4",0.739613914915238,0.952376552824014,0.185926710892078
"5",0.735555397799977,0.356264223662684,0.490659423702306
"6",0.50901731528569,-0.0244214532543143,-0.360845658572379
"7",0.672080283820096,1.3230762867851,-0.306218308208598
"8",0.544009850767258,-0.869804260787217,0.83965820969672
"9",0.674245146939155,1.24931307364695,-0.266921725652939
"10",-0.330733780698406,-2.0686702356988,-0.112383860473972
"11",0.760502358498889,0.327291523154436,0.634370811250823
"12",0.794243352860038,-0.993608886760633,2.32256857754502
"13",0.678558572060301,2.15643188044827,-0.53636930780169
"14",0.50321057429166,-0.678287980924658,0.330997536429631
"15",0.543768306867559,-0.992679275644444,1.06833352897621
"16",0.67627321950221,-0.0587608070557613,0.504668461749243
"17",0.888337333666282,1.78481860919593,0.617752116078181
"18",0.755321266541452,0.508764842516556,0.495117930931202
"19",-0.178944585378844,-1.67789316457248,-0.425040294429571
"20",0.38877444768581,-0.652305952219907,-0.278287146034401
"21",0.374358185141364,-0.840634000872379,-0.0588918516842944
"22",-0.12005384617812,-1.12205991462454,-1.97185976992832
"23",0.661438280486204,0.726316979175828,-0.0947085645836262
"24",0.183616018860611,-1.75382629993168,1.64222528870369
"25",0.695503239368759,-0.635907816373986,1.23240240384564
"26",0.743237094789497,0.0710208692481727,0.732699810441612
"27",0.358010320337157,-0.676860656310089,-0.397065862484955
"28",0.0934744724314489,-0.122568851494228,-2.35299519925662
"29",0.544799348664797,1.09187858425763,-0.84975161231373
"30",0.464974003842633,1.37069220277155,-1.35959155985746
"31",0.976807094360847,1.54439479693416,1.13781921123359
"32",0.0462973792237881,-1.15819000749702,-1.05425829748214
"33",0.459762793828435,1.67171724244891,-1.48960598537722
"34",-0.738393465637589,-2.84444077575351,-1.0126218662455
"35",-0.557333173526393,-1.74481882686263,-2.09127211921896
"36",0.810605723255491,1.5580030598377,0.302183326782653
"37",0.549201640241336,1.15149275307484,-0.852732508409897
"38",0.490042774662458,0.893335098753211,-1.03444583520158
"39",-0.812372637589279,-1.8924600759668,-2.93717833386962
"40",0.279760429298361,-0.760420515903465,-0.662678713754739
"41",0.533373149641236,-0.220473427420561,-0.061607063194377
"42",0.46930848674622,0.294388954856178,-0.799614024620798
"43",0.635218602268654,-0.152700262431565,0.383277274452701
"44",0.754720997550053,0.111835997151594,0.758517750962531
"45",0.581066426095784,-0.932799310297325,1.13897285836807
"46",0.75601281465794,1.18480720160035,0.167684259364502
"47",0.608778521572338,-0.938177501455591,1.28763048945056
"48",0.630750186553143,0.78820226414407,-0.279717934561653
"49",-0.47871470636105,-2.85325847667091,0.294675874276581
"50",0.66529790025814,-0.432155883928337,0.822921628094451
"51",0.936690832401447,0.884884599533003,1.20280054075735
"52",0.644391288000912,0.330564406238621,0.0516540605630222
"53",0.303892592749057,-0.866055201475761,-0.367477663103943
"54",0.611841899622275,-0.287771254019812,0.398093229168162
"55",-0.0591001873710197,-1.6183846338753,-0.0463005611659003
"56",0.762266171333431,1.8732260988652,-0.0391616686806628
"57",0.660876998889651,2.7840634262939,-0.770573995953795
"58",0.736357222267344,0.236978372888843,0.575138606924758
"59",1.0276974212272,1.01413261928304,1.5985130806908
"60",0.608799755130715,0.0235956266408927,0.0983889954971517
"61",0.166444528494438,-0.937405517948696,-0.925492443734795
"62",0.507401468138812,-0.106983436477171,-0.297367468929564
"63",0.558417816030254,-0.862968298466877,0.899774899336896
"64",0.21191296267076,1.34419914269846,-2.61502058506236
"65",0.906304610377196,0.824145267524019,1.08021684578299
"66",0.589747678182937,2.92696212445667,-1.1549324498352
"67",0.548327408304966,0.722414071457979,-0.658234561525724
"68",0.722317019827537,-0.10630806348677,0.776606997961608
"69",1.04476544955632,2.54274983999042,1.20085495055603
"70",0.419675384457608,1.26909520822187,-1.54750818979775
"71",0.229585734772416,-0.750761084039565,-0.928604965227772
"72",0.548586686168908,0.129168917510546,-0.285305629912382
"73",0.699969463131876,0.238255117797289,0.392304828457234
"74",0.0241593835587301,-1.78718246974133,0.948305519220465
"75",-0.720002591479434,-3.11861989355169,-0.670208391968075
"76",0.642019234496929,1.02803836250785,-0.336020088172357
"77",0.0204539131000374,-1.29733160804971,-0.813751454324042
"78",0.954751436773072,3.05350527460119,0.645835413002494
"79",0.492402337920007,0.321678838889997,-0.702412074758175
"80",-0.209784943452804,-1.9674828503035,0.264130971570869
"81",-0.224399121076974,-1.7725840452049,-0.339133663720494
"82",0.530888555727546,2.26022641170864,-1.30133720780303
"83",0.359567192897562,-0.268408569533417,-0.883029982625754
"84",0.683396415040583,0.227201629032202,0.317213154239754
"85",0.279198739434904,-0.561284881200129,-0.949290289253848
"86",0.766560670968586,1.04447486216575,0.279484634249373
"87",0.703151747600148,0.0410144005344613,0.55608950517039
"88",0.269249233292229,0.675286503299345,-2.02877107565548
"89",0.34437768505395,0.197862027375185,-1.35696685877029
"90",0.448856079302185,-0.0290544211852033,-0.657750206102823
"91",0.329622647716092,-0.596775672214897,-0.6503841694539
"92",0.420812592449284,-0.459877972794033,-0.367009933999947
"93",0.67079871283104,1.59952842139487,-0.410799233981765
"94",0.560790981548193,1.01173322402488,-0.734954733697012
"95",0.475273511317652,-0.137060538274779,-0.430827428807321
"96",0.405800709346682,-0.837080891610108,0.0922981968124785
"97",-0.428466816122718,-1.88177257704724,-1.04597176872556
"98",0.681691729291277,1.52099863913841,-0.329730607166587
"99",1.08868099108341,0.60600069495826,2.10618485521422
"100",0.299816106986652,0.4728152550563,-1.76095893801398
"101",0.0614592210551122,-1.66556071033114,0.732907512121205
"102",0.724094675129967,-0.632854299167778,1.37112396476745
"103",0.608499657248575,1.05806669141849,-0.516729745134628
"104",0.210655507611222,-1.16960891096317,-0.204534395046888
"105",0.613950415249542,-0.269498542358848,0.389989789806375
"106",0.774112666728598,0.567627799048404,0.554950133248665
"107",0.88134323093553,1.5446792753331,0.660402826811603
"108",-0.184074112515829,-0.427618282006176,-3.42918428371839
"109",0.518122302631649,0.238064391899278,-0.516797325622721
"110",0.595484196126183,-0.559369925310771,0.629655111269161
"111",0.616020284843962,1.18946683480016,-0.534167810126835
"112",-0.289309299982575,-1.81143856254649,-0.546808425960218
"113",0.119673830853127,-1.47569983802747,0.27181937739122
"114",0.336030813193906,-1.26422088986679,0.669991187023967
"115",0.423173502712055,-0.248651558935165,-0.584838697820018
"116",0.797080704325203,3.16558240586788,-0.163134637493556
"117",0.327489232867662,-0.660002740943137,-0.573816571623932
"118",0.359187120737339,-0.996376946512831,0.152836803026313
"119",0.79857541497485,0.944086286951551,0.484540627642895
"120",0.879633950811598,0.281084933411472,1.26103690113124
"121",0.752862958864524,-0.452942863735452,1.2850401132871
"122",-0.278596141698887,-1.45185831062089,-1.80749997283959
"123",0.184778023310167,-1.39147240364339,0.300092139816931
"124",0.555100292699272,-0.537195267226149,0.399304979700765
"125",0.605326172929764,-0.00142196198058995,0.101522443706312
"126",-0.368204767605946,-2.02278262798713,-0.399845855903598
"127",0.508092423106712,-0.55927592866244,0.192574531886775
"128",0.804719364955801,1.2712054188211,0.37689077978457
"129",0.722257174763296,-0.485638721155281,1.17111329531238
"130",0.384171580590738,-1.18505358958807,0.701464171172867
"131",0.956529400978464,4.47835323144687,0.440041182533788
"132",0.504983908454447,0.761494865650407,-0.895060743492343
"133",0.349772603954516,1.6236241808852,-2.02390239925819
"134",0.954662213151723,1.67530202626093,0.983737785347056
"135",0.434170179587086,-1.05477862195327,0.648990434203816
"136",0.559685198766914,0.632882214819933,-0.553640934966859
"137",0.291391196313075,0.780872783405,-1.97283128221149
"138",-0.238593007267044,-1.15315165594285,-2.49091039551302
"139",0.777843921765738,-0.371714677639894,1.31739970260216
"140",0.501614445003756,-0.854267814476584,0.60070537934688
"141",0.609802064744764,-0.577184586738142,0.724499957159022
"142",0.792883585146521,0.86317812220624,0.494139805071769
"143",0.22072013614531,-0.566257173782358,-1.23521889121985
"144",-0.355075612652661,-2.22596747731122,0.0721721730731824
"145",0.49967141301197,0.015912348774252,-0.440995497163027
"146",0.30374270498929,-0.937338776321442,-0.239127119976891
"147",0.57596914603763,0.690760282648283,-0.503406606786957
"148",0.551499401216658,0.695476483982024,-0.628250690336984
"149",0.81467121248005,0.824814431382795,0.621721146388916
"150",0.789314260240019,0.725499333447633,0.545095895290924
"151",0.388503067353124,-0.765714395517472,-0.110654514080982
"152",0.0403494072572832,-1.86663971390804,1.25732985313599
"153",0.23288630315165,0.483448698585202,-2.10200152472141
"154",0.945238409741428,0.122730699569779,1.70281981544652
"155",-0.0653333769187913,-1.32189283536466,-1.17008927658521
"156",0.556252100465935,0.00989405540526729,-0.153166711609298
"157",0.64581474301245,-0.915203110333484,1.43008622748986
"158",0.64705887696414,0.153236844965473,0.189051027513009
"159",0.233631042618061,-1.39856905625141,0.568002193323628
"160",0.547376493138186,0.309492880624544,-0.419424158708601
"161",0.782931449003116,1.52925010526258,0.173627036067419
"162",0.310895213149501,-0.389744802444046,-0.997345172798306
"163",0.999740281240675,1.24596231091429,1.3618721083451
"164",-0.344228865822562,-2.58583884444116,0.666032619743773
"165",0.153771892382998,-1.78842545455263,1.60012804983459
"166",0.688988470830111,-0.68321227976436,1.26702297351359
"167",0.493027994051346,1.10070042333917,-1.11235523636091
"168",0.902489741943165,1.41417875782653,0.81204663378118
"169",0.717107646365716,0.98765514000514,0.0573848453665171
"170",0.987263633670651,1.07217533023675,1.37100025989494
"171",0.61046724446111,1.5562971065302,-0.697930358212983
"172",0.935403276529902,0.626071897979499,1.32868865857443
"173",0.524529792576656,-0.563444170592761,0.280168676015737
"174",0.149976740285694,-1.43403471747639,0.271637824798242
"175",0.478153418358529,-1.10912422701843,0.989344666145269
"176",0.844725781542092,3.43031355638721,0.0293493288085463
"177",0.62428935102796,-0.466989024031778,0.658834825972914
"178",0.84366206287148,1.45638049744455,0.502751719432949
"179",0.725940919402268,1.38393472960981,-0.059646453440186
"180",0.675205847909146,1.34262363210552,-0.297964833950567
"181",0.361495166028994,-0.525525861075978,-0.583457496198365
"182",0.683454482564108,-0.531853552316557,1.03431108325276
"183",0.42179291088551,-1.2174729978116,0.972685929604874
"184",0.951547478703933,1.87291933563009,0.907335275652212
"185",-0.192937011789726,-2.02293113175752,0.476825678287686
"186",-0.567762690954091,-1.78707872041278,-2.01161898276281
"187",0.570696498674863,-0.0367574523234924,-0.042031849296699
"188",0.823715348077106,-0.680532947331009,1.93677050102701
"189",-0.450071231018388,-1.03439173216169,-3.81546105196816
"190",0.866104186781755,2.72060801947794,0.268790129462021
"191",-0.432410279087882,-3.34669857237969,0.941343796470318
"192",-0.0336830551487294,-1.5440196157759,-0.224061087856968
"193",-0.318688587809841,-1.5253588392837,-1.72601547506055
"194",0.390479718049018,-1.07850291731489,0.482167661361984
"195",0.725069606586343,-0.377911575154826,1.0603677239331
"196",0.673757876865156,0.543813960146218,0.0668362052164569
"197",0.217340645902725,-1.04680500527872,-0.452192022267875
"198",0.607217927253536,0.784600595331177,-0.395572002956867
"199",0.660230723283942,0.219705484345057,0.206689111841133
"200",0.394561834654792,0.413104821314614,-1.25053691737128
"201",0.741929802215668,-0.18811105421249,0.95003178615518
"202",0.368510691789406,-0.657772935434321,-0.371874239100068
"203",0.780767407257951,1.53461952121196,0.160963991564042
"204",0.570245646966043,0.958921823917659,-0.663907914133621
"205",0.433893542894399,-0.735297433802254,0.0691326044560296
"206",0.266892363220651,-1.34456363436577,0.560257626560154
"207",0.14897205920492,-0.140340125809584,-2.05933354581082
"208",-0.140109243942056,-1.49282530982135,-0.961893577263961
"209",0.582046430717499,-0.770585432364935,0.864748193903056
"210",0.71613198909108,-0.495070398854537,1.15197514211927
"211",0.0983469343055844,0.698089557398892,-2.89539269684147
"212",0.129814621544592,-0.710011976935613,-1.48941435758462
"213",0.523756862761099,0.861175450932224,-0.850530312262721
"214",0.295886472914203,-0.937182923433954,-0.278701445556512
"215",1.09807844975661,3.13456813267867,1.3474808983514
"216",0.772582636019145,1.58858243982778,0.101771166083571
"217",0.176142965553839,-0.820286963502506,-1.08416068969645
"218",0.906449788356526,1.50434229734747,0.799827769306828
"219",0.488195643290349,-0.175603756527242,-0.33046809746808
"220",0.204398445507779,-1.23142168770577,-0.0774536626749756
"221",0.279994797817688,-0.351223286448041,-1.19421385542008
"222",0.682207224189563,1.19994369384232,-0.207465179770499
"223",0.624750062785012,-0.55139647807896,0.765696324677285
"224",0.366650099462302,-0.399938648060632,-0.707129753788471
"225",0.594190796344043,-0.596320486537945,0.67184687993711
"226",0.344991227615233,0.192381582839741,-1.34994682900662
"227",0.889843051980368,0.587028294132964,1.12261650202586
"228",-0.360908245223633,-1.53234057001933,-1.90860220038474
"229",0.624320355579374,0.510033354740819,-0.160634902079075
"230",1.26806666197919,1.41169367456304,2.6408332560817
"231",1.0056419062754,0.865303169281362,1.55691019871393
"232",0.0677338727987042,1.12776673740399,-3.25021595203469
"233",-0.0542721884724141,0.799959694566184,-3.71070407470221
"234",0.919094272522568,0.316464712485981,1.43451293523133
"235",0.623753331482946,-0.335094850150063,0.507237240239495
"236",0.782354416268487,0.919616672615604,0.414770210685029
"237",0.428145246494985,-0.767486094609086,0.0903475942139102
"238",0.782479237483009,1.03284309739676,0.364168070458977
"239",0.242118971368994,-1.28730555877786,0.265626012678003
"240",-0.389103644705758,-1.96927163880592,-0.628182372128996
"241",0.70114149255014,0.739011464077295,0.0972412280859928
"242",0.336225734829709,-0.802957665816585,-0.312312935103945
"243",0.466306401155894,2.62772668305233,-1.71027642986494
"244",0.332284780474977,0.185188207990011,-1.40826925390666
"245",0.0489235113108377,-1.52782651735563,0.122085998264129
"246",-0.656212156886174,-2.32925611755206,-1.25869308674155
"247",0.524682155846635,0.46583712292512,-0.63241017761571
"248",0.286163553391329,-0.708728947929567,-0.709580765622163
"249",0.720590131724964,-0.127394893621915,0.786953853212373
"250",-0.654973692475181,-2.53142550830024,-0.957932395857523
"251",0.358437278760378,-0.244989067160373,-0.912163743496038
"252",-0.252748627154021,-2.67302142735598,1.22915728332685
"253",0.708321985180747,0.671329692541866,0.168710346341628
"254",-0.293014761537501,-2.01837943565975,-0.0337888310310423
"255",-0.277267248795887,-1.84962945841616,-0.377565413971076
"256",0.819591255522903,1.02625396302389,0.552625683940063
"257",0.648349953030798,-0.253793092629872,0.546176862898727
"258",-0.882093309566183,-2.86782543492509,-1.70764356430349
"259",0.234837925325876,-0.372342532559027,-1.39693891179246
"260",0.683420358981517,0.351979287459671,0.232768650095531
"261",0.390733789184887,1.28181566436573,-1.69715185949395
"262",0.814302445768568,2.21402113803255,0.127444772504635
"263",0.59351730606636,-0.0578809884355641,0.0901306542289867
"264",0.699777586381175,0.136295338378404,0.465286882355653
"265",0.978751495362729,1.68470345357435,1.1011682933597
"266",0.746754532885218,0.32135405972606,0.569564409616496
"267",0.421671256139507,-0.408978148772489,-0.421796201257501
"268",1.1085950754192,2.36532780253009,1.56133703098035
"269",0.305227824180197,-0.705666939344236,-0.618810702226601
"270",0.358565166683438,0.380073872820356,-1.4096260043994
"271",0.351438424365948,-1.19843113012788,0.571681663136433
"272",0.774379706619049,1.04263066405251,0.319384852364025
"273",0.758573382743366,-0.270690532351401,1.11431268453345
"274",0.83561566316036,0.198867547783713,1.09849946311455
"275",1.12749522011125,1.31109999138941,1.97540932551396
"276",-0.159623409034051,-2.02913795243904,0.657249227478349
"277",-0.00891333536240574,-0.545182707126497,-2.41058734632646
"278",0.556619533545287,-0.338236254330726,0.174927966013749
"279",0.663923221477741,0.0822137272762826,0.327374508175845
"280",0.471166282146473,-0.199974795955744,-0.39245933143143
"281",0.595354772492903,-0.288391592272499,0.316295408019907
"282",0.40550918738175,-0.568831182836218,-0.307915769711551
"283",0.841506734287732,0.256263318700292,1.08744787257633
"284",-0.349812554777768,-2.0411019149705,-0.267273848784975
"285",0.0872830557617185,-0.1268385000607,-2.38008624169992
"286",0.844727547063671,2.44374182641441,0.223384953934235
"287",0.931723750732646,0.590043941276102,1.33032374498289
"288",0.744575055570986,1.33086745769245,0.0533078785747769
"289",0.384136867296223,-0.802778486687765,-0.0730500190447625
"290",-0.339142227965882,-1.79839364583952,-0.834520266449443
"291",-0.772260405319557,-2.9976685892202,-1.03562455771313
"292",0.600349573614636,1.03330279009166,-0.546682021540349
"293",0.722432563083405,1.17460330218947,0.00393610674699933
"294",-0.175039294959832,-1.73981581010012,-0.195931498470574
"295",0.418851579044555,-0.710519004012045,-0.043473701268771
"296",-0.0590615053242944,-1.92228189796285,0.906388934852821
"297",-0.0588366477161738,-1.41744103273415,-0.83025797164401
"298",-0.048533652655229,-2.4833888954374,2.00930019581139
"299",0.490328374405104,-0.207544728351502,-0.289367117546999
"300",0.497871081762777,-1.4395863165039,2.0307768230921
"301",0.578478559777556,2.31241083299631,-1.07635970802301
"302",0.386953280733967,-0.144101667599007,-0.865976058945478
"303",0.728401821020079,0.600912585908294,0.307625784022987
"304",-0.32522491415054,-2.53514442168136,0.695722812386477
"305",0.945259446299208,0.731919416249833,1.32149352925141
"306",0.373139469057822,-0.748987955058294,-0.213583884177151
"307",0.637976188639584,1.11354956067075,-0.393041219515656
"308",0.485635338957319,0.61243260933269,-0.912617214907644
"309",0.452741955142719,0.838823191423886,-1.19477866802083
"310",0.285256387047525,-0.647486321200413,-0.802660713905907
"311",0.389150664620919,0.538686824794892,-1.35323318485542
"312",-0.459198652297729,-2.35731608535874,-0.229219647121801
"313",0.794561379329078,1.24211910151217,0.337492190960085
"314",-0.389350044256765,-1.90494952888713,-0.789456436576811
"315",0.652115773394554,-0.630129171555218,1.00745952438657
"316",0.647496088368194,-0.317512243254709,0.607304874779206
"317",0.309018856135703,-0.895113341574247,-0.290399763414103
"318",-0.0572053921506444,-1.15929498029104,-1.56908635530522
"319",0.950772512485217,1.71715444742523,0.950960272155067
"320",0.844612030804284,0.832549094740991,0.767634621705267
"321",0.347817699889866,-1.03838204354847,0.182368046339649
"322",-0.303234775834288,-2.04267209820394,-0.0309446712976946
"323",0.67986239444358,0.555698870714956,0.0905170157908208
"324",0.44225735323938,-0.0740885214735972,-0.652122057674508
"325",0.639405807157238,1.3510888614681,-0.480136929773757
"326",0.334241157230265,-0.948191829258011,-0.066097057867216
"327",0.662698064979949,-0.510431315460379,0.903719627208748
"328",0.705114276938702,2.24738671692426,-0.426975487471672
"329",0.427157131281742,-0.607941282050784,-0.147676018719682
"330",0.792814249630422,1.02773070197062,0.418090397163594
"331",0.88894663931727,-0.225493605259981,1.72116237180947
"332",0.268368310591855,-0.441574976381754,-1.15077202526894
"333",0.604605254803655,-0.500789468101531,0.60135362810317
"334",0.497419575643788,-0.948023939273138,0.74947547254821
"335",0.834215466050202,-0.162376679835332,1.3872442384407
"336",-0.00429672352668518,-1.56600421639101,0.0159917758360573
"337",0.315682084207151,-1.0888250547108,0.131095488116793
"338",0.281742530587064,-0.0824484654400342,-1.44738459027255
"339",0.213712220177366,-0.591771196229248,-1.23662555499315
"340",0.430667862259647,0.550191084432144,-1.15229105652355
"341",0.582782727293413,1.24485206161803,-0.722478414171424
"342",-0.0180779109473141,-1.14145652291732,-1.4163647239157
"343",0.0440853610910688,-1.46180531214657,-0.157777740696251
"344",0.639579730867776,0.339504505828976,0.0217153967761511
"345",0.325779423963749,-0.356207344855678,-0.95988506991607
"346",0.191920036699682,-0.618856975263315,-1.30901200285764
"347",0.382573848690868,-0.0295379423009091,-0.98875340619544
"348",0.963699808597707,0.999314664471155,1.28511994646553
"349",0.709287392265442,0.893081007197471,0.0618974398580015
"350",0.377052030040805,-1.0332335424182,0.317728843896534
"351",0.619508982694098,-0.924030251936742,1.31484798464333
"352",0.811860388717354,2.276035377743,0.0995637251367554
"353",0.327287497707357,0.209839406211904,-1.45100502625129
"354",0.834000951788746,-0.213960813933308,1.43520126056018
"355",0.484243103521843,0.521636586596173,-0.867839054960532
"356",0.744256635536244,-0.176886249650444,0.951044580186133
"357",0.721238808137568,0.459595797603932,0.354161579238485
"358",0.829867639943408,1.29412798276475,0.493769428159103
"359",0.12901488723536,0.31642089601106,-2.5158548210615
"360",-0.364673206598002,-1.79638822033109,-0.968162178218487
"361",0.965760960357373,0.436949388660599,1.59064225088484
"362",-0.472144307077386,-2.77168433317144,0.242695427319111
"363",0.826133537105838,-0.330176680132937,1.51389562660399
"364",0.65558632698594,-0.708168574809787,1.13669917173214
"365",0.216723158895045,-1.00454859075857,-0.542999521435269
"366",0.660533296793486,0.346286927423985,0.122044137211024
"367",0.439803369786472,0.406219484024272,-1.02000956936986
"368",0.288152699413082,-0.721713035331252,-0.680185255116802
"369",0.615134212308463,1.2487657901768,-0.562261251867735
"370",0.366400739424741,-0.860022009255998,-0.065423133536946
"371",0.614292450949414,-0.185536624187896,0.309400871034765
"372",0.50766195391708,-0.132782737818128,-0.272788639711048
"373",0.772803080878513,0.854258347155532,0.398036800816725
"374",0.905270803222494,1.80870496172296,0.695142976582012
"375",0.418014640306887,-0.529575326526995,-0.295763538948425
"376",0.615065648476511,0.816860148905556,-0.372391415099555
"377",-0.508368669864438,-1.97411447087828,-1.21296661484659
"378",0.663183542962043,1.46384266460541,-0.402289501356476
"379",0.493372168377308,-0.996823170023244,0.82465824083708
"380",0.422081325404312,0.236984264794817,-0.996245009286123
"381",0.592035648417343,0.620202770440238,-0.384915015186554
"382",0.846167886955082,1.48809906490112,0.504086658861807
"383",0.673266324870361,0.896721527650663,-0.119928301498393
"384",0.175850517311816,-0.145209024133713,-1.92047194927658
"385",0.676141210538117,1.78309493322896,-0.44270046904533
"386",0.548961477707543,1.13791110724495,-0.848306343744626
"387",0.459250090131411,-0.770810426464431,0.251122404857933
"388",0.193458826000353,0.282350491545037,-2.17070047838362
"389",0.258084204806365,-0.475851639553173,-1.16157271442822
"390",0.468137561138803,-0.80582433088628,0.351937040229628
"391",0.927918171048801,0.785685966464585,1.20738421919758
"392",-0.480807026219547,-2.04340822107139,-0.91719525118909
"393",0.347809013859623,-0.856499700377826,-0.164473397557217
"394",0.623784869448943,1.20326658466506,-0.500914563928137
"395",0.632766396140721,1.75453925262871,-0.650768367011871
"396",-0.245641913211038,-1.68662848339017,-0.727797320227229
"397",0.66694623151603,1.23188185771458,-0.296534929499225
"398",0.137303920449549,-0.614132601735195,-1.5885379117398
"399",0.701275364118209,3.25987602073412,-0.658913677939315
"400",0.545569317924232,0.175711819215203,-0.334944551808919
"401",0.52724704097868,-0.734199489747561,0.534223843358691
"402",0.39787615131014,-0.919869371893122,0.198985611818515
"403",0.479442414435295,-0.553801874695927,0.0422539922264065
"404",0.662257640108324,-0.871889628051233,1.43455142840595
"405",0.07144243063782,-1.28822964685694,-0.585104903429306
"406",0.565067400772494,1.67208686240239,-0.963201953712186
"407",0.0325686953379102,-0.827510436352922,-1.7899748128108
"408",1.16017944922179,1.25612529985905,2.16007666256559
"409",0.482915957464072,0.52289522714631,-0.875211463087974
"410",0.696684651493528,0.548339384668967,0.178859167610343
"411",0.631822398259676,0.0516454256620246,0.190947040551649
"412",0.330536093751302,-0.564836447185895,-0.687989135295468
"413",0.603377888404116,1.75088513027316,-0.796576011585992
"414",0.766480875443687,0.695879364961864,0.446443829072006
"415",0.194262714587555,-0.97689383488872,-0.710482426705227
"416",-0.298206217448624,-2.25886318972694,0.414233731617533
"417",0.565296992109418,-0.79742053695607,0.824021152708062
"418",0.833455372604401,-0.419621585162448,1.64926741577959
"419",0.681160925395179,-0.472633569729716,0.94994592039516
"420",0.203731320491672,1.12769737814276,-2.57019972737382
"421",0.110030571144657,-1.42314252071378,0.0337880743782315
"422",-0.112903547813126,-1.79744064147671,0.293830073682134
"423",0.423673387231362,-0.777102099536862,0.0832239757636362
"424",0.591183121332348,0.317116737965069,-0.205476799063578
"425",0.568166648119905,0.564178017204617,-0.47281316217346
"426",0.829110866722736,0.666560881165239,0.77521345911533
"427",-0.233300147676807,-1.85128691226088,-0.153122406386978
"428",0.370922607414806,-0.394668627246424,-0.691694200337694
"429",0.772550483718556,-0.43939011740167,1.36759001606101
"430",0.565610718787901,-0.171492247874823,0.0527435069431722
"431",0.24673011939332,-1.26373741991599,0.222143582279519
"432",0.563553854222248,-0.508264171459286,0.405314631154548
"433",0.438635903031725,1.97350535265381,-1.68624115634218
"434",0.900866348620883,1.35872646461676,0.824315132891933
"435",0.328724753923435,-1.36792046777357,0.943059432138178
"436",0.674000975447322,0.979131937681721,-0.154307956631592
"437",0.735129299117661,0.0305298376712194,0.724418920441246
"438",0.656877248346015,-0.344951788915362,0.683427861299301
"439",0.155574732875087,1.28606170682939,-2.87458778045768
"440",0.716647624604963,0.046757563039478,0.618971336961347
"441",0.948816955136169,1.15546012197504,1.14370768803572
"442",0.588879146911503,0.187460844900798,-0.126946112690688
"443",0.608329901248535,-0.103876794448784,0.204502143974972
"444",0.81648159464947,0.116154096214615,1.06402952968814
"445",-0.510217249101924,-1.80688053223536,-1.6647392571327
"446",0.332147664644718,-1.22063629849264,0.532754838804828
"447",0.592608056106269,-0.0964339554461921,0.1192766123525
"448",-0.386431142473489,-2.18247762626741,-0.16406348717725
"449",0.699071850065079,-0.798293046080668,1.49431375997147
"450",0.72745289077337,0.343856423107714,0.458230652891613
"451",0.235813880130076,-0.300928726252423,-1.46845026462767
"452",0.729624186469779,0.857902985027566,0.180382988992239
"453",0.950740480229964,1.07122060555269,1.18879518359091
"454",0.668215933921551,-0.753644381768521,1.26902418168485
"455",0.587430497934323,-1.02520038850912,1.35287994100562
"456",0.671137554503216,-0.122126194913691,0.534920109660488
"457",0.415718466582092,-0.76173285792007,0.0191676874651477
"458",0.838116976982437,0.0995129585572654,1.1849444402029
"459",0.537416233923533,-0.172761058005326,-0.0870378591796802
"460",-0.406932306010813,-2.2272145818098,-0.184886671086349
"461",0.902241509122113,1.04545958526105,0.957459286092098
"462",0.524400046858911,-0.747724773663936,0.54076454144449
"463",0.878496036549441,1.39079449672004,0.700608547174507
"464",-0.197542946033421,-1.7292195990157,-0.342992368967708
"465",0.401236395785827,-0.294642909943647,-0.647851262860616
"466",-0.0484123297931,-1.69695813219123,0.294179826402863
"467",0.62294218897798,-0.265914668475638,0.431323380363819
"468",0.420697804354064,0.453141981435739,-1.14461057230456
"469",-0.0520510455355125,-1.48283990663965,-0.559829883348533
"470",0.146104868612935,-0.959770831897486,-0.984596683070804
"471",0.916080710316814,0.696517916468438,1.19410574240168
"472",0.740265860770004,1.32094877825933,0.035516434817721
"473",0.48552737780152,1.20131622618844,-1.191417187423
"474",-0.458736663263149,-1.75248095079995,-1.57380918787021
"475",0.916010840770761,1.0140105310774,1.0401343048394
"476",0.49843257116236,-0.587003402570452,0.180631732835903
"477",-0.348458215785752,-2.13841218013918,-0.0586192078684444
"478",0.957535502171638,-0.332421393298011,2.17329564268262
"479",-0.264626067194796,-1.60158124709687,-1.13994112907166
"480",0.34726818337276,-0.863929326040556,-0.154302204234413
"481",0.939960594724466,1.81742241686586,0.865955179442667
"482",0.812609909136967,1.12524449664679,0.475218971338443
"483",0.482764479016194,-0.594997663538193,0.112944894544415
"484",0.779031303140775,0.390106964141157,0.68631202143095
"485",0.593797330344683,-0.745090228657837,0.883682460540298
"486",0.569053411401442,2.13911276730344,-1.07934428527685
"487",0.652513962753021,0.443111702698478,0.0206138100888616
"488",0.73920625899927,0.816962726539387,0.248261036467876
"489",0.749172440823722,1.07106036497855,0.181023936705825
"490",0.74687628237768,1.79147110914097,-0.0915873304299038
"491",0.321468687580136,-0.587061902504975,-0.7041100069438
"492",0.141037404605867,-0.595987034355598,-1.59436655643698
"493",-1.03426856775442,-2.35175992919892,-3.11326388489322
"494",0.768220197553394,-0.206382159935663,1.09897090173068
"495",0.431504305301263,-0.73293713179706,0.0535851235822523
"496",0.415068395017974,0.41164323614257,-1.14708871598948
"497",0.881971860699324,1.71382871656632,0.608007096480009
"498",-0.146137924343391,-1.15639784147593,-2.02078315817351
"499",0.519123515493634,-1.13417825546092,1.2523998197485
"500",0.210839279793253,0.592523718535786,-2.27549116883059
"501",0.861680655115281,1.06901269413375,0.744446609011974
"502",0.555032214533213,-0.501310450407597,0.35412895420975
"503",0.343201090658798,-0.522833717553046,-0.678306030461879
"504",0.559929287021209,0.317421266066076,-0.361948597312588
"505",0.000419603050398759,-1.18471207012348,-1.21815328712358
"506",0.449697906419207,-0.0173613040875222,-0.663363194861066
"507",0.62287036344289,0.30419184069515,-0.0384037218715457
"508",0.00703361507172229,-1.25296099627002,-1.00607824235505
"509",0.724596455649535,1.73086280692493,-0.184232008969503
"510",1.0367864210529,0.15654745910888,2.13523530609408
"511",-0.528515779670572,-1.37755883354077,-3.31203948516079
"512",0.40590581731983,-1.41577227656369,1.48771669244215
"513",0.732410013140137,0.711424770939017,0.267914037666396
"514",0.730969242583221,1.25113151832854,0.01598430906945
"515",0.473409049839864,1.79325671369749,-1.45946848446345
"516",1.08779696820252,0.621607756367367,2.09311628163206
"517",-0.396319167217372,-1.90286927079708,-0.829697353235033
"518",0.541116103004359,-0.881393210891586,0.845598984459575
"519",0.777255371191138,3.28543146911689,-0.283464125436517
"520",1.18913436511355,1.33802957068136,2.27340459193139
"521",0.913568867757941,0.57679190449025,1.24702611930881
"522",0.645984006785588,1.25634324670151,-0.410985923122735
"523",0.749362120115282,1.78172263574882,-0.0761752464410792
"524",0.50793472379485,-0.277570723560974,-0.131885171519478
"525",-0.616323992972717,-2.68254054283344,-0.577651719654743
"526",0.631625322531769,1.48099254007078,-0.566132606259304
"527",0.0132407787239955,-1.80551293328861,0.948516797910555
"528",-0.106220657765446,-2.16373639418998,1.20158202965472
"529",0.454586990489923,-0.774574476600843,0.233773038984029
"530",0.638999787622444,-0.150983472716977,0.40059641119869
"531",-0.0712890664797486,-1.1681985268091,-1.61772883345806
"532",0.875916515877192,0.913911097866422,0.885245188081027
"533",0.544772431424919,0.217140702448511,-0.3687813629075
"534",0.522892452827315,0.505555433281114,-0.665130369077576
"535",0.30267406333294,-1.39801720577255,0.911369898345051
"536",0.801844731825612,0.25259758800828,0.891679081875273
"537",0.588432408481424,-0.624160880687473,0.680819506268928
"538",0.561013111741698,-0.318050588652421,0.175456945719363
"539",0.4979597413125,0.458572558462819,-0.761611253033922
"540",0.838852412167332,0.483837395926477,0.927596098052789
"541",0.326527644627441,-0.370174146297257,-0.940876524930203
"542",0.91627278892374,2.21710788677652,0.636507277636591
"543",1.06688054903185,1.29022682285978,1.68033525733949
"544",0.684564459396393,-0.672322233245494,1.2291665129618
"545",0.47074278628747,-0.214014109159884,-0.381037890985314
"546",0.093336851843451,-0.681028182096198,-1.71440430021551
"547",0.812415993907328,-0.54475243716394,1.69550929145586
"548",0.701982379939543,-0.0789579620026495,0.650756366435078
"549",0.489528281183574,-0.715578256652842,0.31747242343565
"550",0.732258630841633,0.334279913372034,0.488542578344412
"551",0.381033858239004,-0.319137276758179,-0.723294128853175
"552",-0.537761994663465,-2.53055686862034,-0.373023458237562
"553",0.3280433819648,-0.0617882036305315,-1.23386791956391
"554",0.76052216923588,0.590199708380659,0.474228303608931
"555",-0.213013321011624,-1.75752140573053,-0.329232189275294
"556",0.597405822047344,0.179330544160136,-0.0784029061267066
"557",0.567231138961381,-0.420735982031259,0.319423996972906
"558",0.540743334925597,0.037832009453017,-0.253396896089866
"559",0.723695596591621,0.316841512048364,0.457268741160002
"560",0.383322733848883,1.03365223954553,-1.63196957146573
"561",0.603736897513468,0.153272942862738,-0.0275856511797823
"562",-0.0813336111698731,-1.76231998801756,0.344255965024839
"563",0.354038461306194,-1.34776385586734,1.00593568115195
"564",0.443206256407009,1.51090270405292,-1.51866710268528
"565",0.788224322082584,-0.460708459707445,1.47103417767355
"566",0.081813936544036,-0.469828695963025,-2.05014894636502
"567",0.206107847331436,-0.136223193208188,-1.77742080749737
"568",-0.21858773053051,-3.19268849182045,1.89627862927749
"569",0.759131677589428,0.335000353033875,0.622433781283502
"570",0.968320301578257,1.21194020270062,1.21828157875833
"571",0.799870785632675,0.59892462408911,0.666081279817234
"572",0.563236004419849,2.27050014656379,-1.14217511116957
"573",0.607234127478827,1.16685595005219,-0.568888461747443
"574",0.957745847044386,0.385311533347767,1.58293512589092
"575",1.05868614320589,1.15608068474357,1.69279796998992
"576",0.573078403297088,-0.462094972152566,0.396951407014057
"577",0.0212904303679646,-1.57871157382375,0.196931149195546
"578",-0.557633852757639,-2.52806579002031,-0.475684476539464
"579",0.660063778015873,2.17933506378349,-0.634812567264103
"580",0.19087918627601,-1.37753143294727,0.284846314106841
"581",0.503307535770413,-0.993904133806057,0.868480581027437
"582",0.302177080237943,-0.342687081491521,-1.09250932665207
"583",-0.846978944852078,-3.26166383423259,-1.19305520754448
"584",0.427989118950013,0.418589947072421,-1.08682839849298
"585",0.647613421010704,0.608298674475186,-0.100431396097658
"586",0.672283840026728,0.573340672672611,0.0425578666450706
"587",0.245625947240931,-1.11511596128593,-0.159532421822165
"588",0.979767008262775,0.82148449751549,1.44883708053829
"589",0.36313403725483,0.0108840609807096,-1.11956870501313
"590",0.506569992190115,-0.898828566359851,0.704048303476867
"591",0.314139325808131,-0.837672652556291,-0.3650072078702
"592",0.83898889819537,2.19459187863841,0.255867140784129
"593",0.120620383459579,-1.62684522617441,0.884888800662023
"594",0.665873188657685,1.16115651013792,-0.273354909035991
"595",-0.0490161974033308,-1.37650936883545,-0.917949026059849
"596",0.556343616631529,-0.121383660359873,-0.0397204307384103
"597",0.32612197194868,-0.483202339690958,-0.81251488504183
"598",1.18625123873267,1.12415227331232,2.3438827844127
"599",-0.0097904177176214,-0.81223653602984,-2.02716077864901
"600",0.219348592793384,1.65584436737395,-2.68654783124667
"601",0.808221420396994,0.238957228273702,0.933072766575858
"602",0.628201919104031,2.16489725319828,-0.790365358697871
"603",1.0073387155228,1.83162590036818,1.19857103855088
"604",0.55866284987349,-0.159271641625427,0.00659151012896153
"605",0.19396755816437,-1.57277131992833,1.03567498256592
"606",0.709808369422957,0.898767656381713,0.0618164755042794
"607",0.927970902688065,0.537562686423063,1.34151968241851
"608",0.356560216560258,-0.839177887920372,-0.150352496374007
"609",0.721918334861131,0.519134816186809,0.322003048859378
"610",0.654491404897853,0.141987744576844,0.234591752571952
"611",0.749727973797992,0.967572225724187,0.229563763263624
"612",-0.0909032900577758,-1.9839678463911,0.897632329950245
"613",0.709150221325614,-0.598251580447182,1.24923233963938
"614",0.564778662737568,0.0990390244140272,-0.18138219923291
"615",0.532554746216833,-0.240080802764944,-0.0464433009749232
"616",0.230618445843669,-0.65789852222364,-1.061157389168
"617",0.376836811827098,-0.617829129002148,-0.385832787555445
"618",-0.106986906139341,-2.12003221296657,1.11229264218988
"619",0.903099825790442,0.936718378520341,1.01055986224428
"620",0.525873689027783,0.636064999044392,-0.724440877099701
"621",0.711619071688484,-0.360254206366589,0.973718741838974
"622",0.643291508249785,1.2933845145979,-0.438825343260415
"623",0.470113724834339,-0.418446551702939,-0.16878679042078
"624",-0.430099163974558,-2.1042669707446,-0.535132342297075
"625",0.862695731515658,1.36842649663487,0.629856762260626
"626",0.40418856913383,-0.423929108197724,-0.492120967338961
"627",0.894708648689987,1.79148962936307,0.647568846316532
"628",0.43669379020562,1.26127015251631,-1.45936450140021
"629",0.416156305208407,-1.22442479721044,0.962777084098509
"630",0.493218901327671,-0.725015381338899,0.350131806442765
"631",0.991723488830568,1.34507794337819,1.28370240819255
"632",0.620425912458856,-0.4723506832013,0.645931618958639
"633",0.10076224555411,0.0338092789609584,-2.45006355820554
"634",0.00883885892210412,-1.89247983428953,1.16893114930408
"635",0.253175648588836,-0.744989345238427,-0.819581531797808
"636",-0.716117776085905,-2.2764121050373,-1.64533537636079
"637",0.575900502915348,-0.260332388639796,0.190488733389015
"638",0.748403417233009,1.05486354549742,0.184177910277465
"639",0.786180547999142,1.64445981250587,0.151313420455545
"640",-0.617032339740107,-2.1454832006675,-1.38766625928467
"641",0.586759519239574,0.540275501815077,-0.366109134676047
"642",-0.107877558405309,-1.80746659635384,0.348685647765749
"643",0.918022842046353,1.0742445132596,1.02390690647326
"644",1.26254631946595,1.2147643791336,2.68828149368133
"645",0.817822853091159,1.24648424341321,0.452079499339186
"646",0.474608648106846,-0.620871030506173,0.107187353680043
"647",0.665361091650487,0.430189606654698,0.0928209134093527
"648",1.01722756137849,0.598619749157671,1.75303560758173
"649",0.731158461213975,-1.26033164409679,2.63484086355074
"650",0.59919490333217,-0.522345338005353,0.601051068074288
"651",0.744601997740625,1.83920702589039,-0.117383436208319
"652",0.484075571495531,-0.11757879907052,-0.404492325613721
"653",0.536248850643969,0.986456333747195,-0.846370002369873
"654",0.389562120145849,0.22849681515649,-1.15287213933328
"655",0.51610512421697,0.213383073132672,-0.509444359771939
"656",0.451327572728875,1.24241315343014,-1.37879282891761
"657",0.966696851117472,1.57412530159586,1.0771922344872
"658",0.824757874113129,3.06877512467682,-0.00698776586161909
"659",0.510669976224851,0.247714272311977,-0.560799835411928
"660",0.340241383931897,-0.0329670503382258,-1.19751842444484
"661",0.781078227502138,0.87061710466102,0.431543347521387
"662",0.633303225028263,-0.374003047796713,0.597217817476814
"663",0.92310979676411,6.28569801420433,0.0977330436340274
"664",0.714521613800382,0.964917464685125,0.0547391778065442
"665",-0.472594252256183,-1.72184125608942,-1.74261352535998
"666",0.627898616766119,0.284804443306365,-0.000170462954978134
"667",-0.48435513778917,-1.99395194306297,-1.04632825129227
"668",0.80595126171312,-0.2419319611702,1.32237262001004
"669",0.611447919699713,2.27806265743946,-0.903004417613465
"670",0.11435477196203,-1.03716034836788,-0.98751770121257
"671",0.8196236140573,0.626671479926475,0.749460545276502
"672",0.425188366673051,-0.626890380232966,-0.131645621775602
"673",0.746510690117962,-0.529848658071646,1.34706138171422
"674",0.51285549686226,-0.419227285889063,0.0458162290177781
"675",-0.619420368586427,-2.52233118865708,-0.792246411967191
"676",0.780115558574166,0.0599069035063163,0.925854677980356
"677",0.399285458080379,0.335677959627158,-1.17724296384419
"678",0.461700490980215,-0.485862278493294,-0.131398924622907
"679",0.740230298264051,-0.630894980596231,1.44909059963476
"680",0.755641734636788,1.45879729142017,0.0617912401038412
"681",0.802601248351848,0.309233375327575,0.856873172133778
"682",0.827272311507997,0.915175039606223,0.641433200979444
"683",0.288129793166354,0.791145282087402,-1.99429392739401
"684",-0.514521129488005,-1.5271093679886,-2.69805936744148
"685",0.897237409618196,2.03623306719506,0.589283588134775
"686",0.705678886841712,0.73430440956271,0.122357404081433
"687",0.563645631877206,0.555892519349956,-0.490677870776156
"688",0.736537403582472,2.26995475098164,-0.275531673519184
"689",0.353556640780548,-0.78099747311792,-0.261146145736944
"690",-0.71236729941918,-2.93272447992656,-0.796071879829623
"691",0.705799998134131,-0.0917736747214584,0.681112232210968
"692",0.558714759497797,0.579653744998044,-0.528864066101478
"693",0.0971822963012912,-0.687625054521311,-1.6855846530322
"694",1.02040123447874,1.65870996767695,1.31778667288584
"695",-0.0978361246627178,-1.50470001861841,-0.704287625846158
"696",-0.0296168963689198,-1.6781054583487,0.322349712386779
"697",0.374250664701697,1.20048338793473,-1.74746537990445
"698",0.302803807823137,-0.429988035528695,-0.992057577381693
"699",0.867331162636111,1.97876834571918,0.455750578561892
"700",0.47065799163476,-0.0424558589521858,-0.537380293879191
"701",-0.542125763244759,-2.54943515169165,-0.370062188017973
"702",-0.595594119299428,-1.15825143337929,-4.26356658161392
"703",0.995762960151145,1.52659103405085,1.23869891286093
"704",0.643561072411353,1.26411484537047,-0.426138846594271
"705",-0.0530057054308252,-1.61741242109647,-0.0196002532303193
"706",0.117492605345381,-0.298300777686105,-2.0627838244841
"707",-0.165147799326641,-1.67781161242129,-0.356345138061858
"708",1.03225933423155,1.75676406444799,1.34600623905314
"709",0.674669760807434,-0.980961084102412,1.69956185902129
"710",0.784232570445896,1.51891098199899,0.183694102090965
"711",0.901689892610589,1.90887852820327,0.647530268185617
"712",0.720056414468633,1.39535612141332,-0.0932611213916375
"713",0.66854907442455,-0.504651694181591,0.925828160456779
"714",0.144313158361479,-1.4785547898102,0.405766443180174
"715",0.771172612451536,1.22009956797084,0.229282287779158
"716",0.857879730761963,2.15878219134398,0.359621370825129
"717",0.221061190090405,-0.750266113239711,-0.97199516471004
"718",0.512466363328973,0.752432946064734,-0.853025378972515
"719",0.320724884080643,0.543032852874613,-1.69787738456456
"720",0.670351635517852,1.38224701415915,-0.336971456766255
"721",0.344311145291151,-0.918448815053671,-0.0714597623542238
"722",0.947593745507374,1.96983125169637,0.859586381742754
"723",0.620704907999225,0.347088149882481,-0.0776209338013019
"724",0.216813564924829,-0.335107224714419,-1.52744837496743
"725",1.20716076040259,0.589065297666901,2.70805893092546
"726",0.31827558491031,0.218233783794666,-1.50204205986207
"727",0.557206027658839,0.583047507496498,-0.538324833637027
"728",0.642505343064249,-0.367758525438184,0.636358742098275
"729",0.173562097640708,-1.31888895790781,0.0153780271985819
"730",0.906711519228248,1.41576456140979,0.832580472457104
"731",0.817416214560162,1.99238773357593,0.202349343102296
"732",0.569941575131811,1.44402085361145,-0.86144319399557
"733",0.704861926786585,1.30901966674111,-0.136963557529903
"734",0.245115953007254,0.511408663543333,-2.05746753903038
"735",0.719894575474495,0.897005490235874,0.113078902325209
"736",0.765322699789774,0.936005017427785,0.322003862949352
"737",0.341586905287864,-0.830092235361323,-0.240552605225023
"738",0.458690554363614,-0.00659611173821103,-0.627369363676111
"739",0.409344643038404,0.929208856361852,-1.45473968237503
"740",-0.0196496403921354,-1.93750125859491,1.14164530914678
"741",0.992211637875043,1.57616444448263,1.20408013822208
"742",-0.800808865725797,-2.30637791678879,-2.01881815720697
"743",0.513424249462423,0.370476756914618,-0.629177599080797
"744",0.915513837520044,0.271355816982673,1.44708505681805
"745",0.0242906072982217,-1.79390610984875,0.969223964798119
"746",0.775035113151868,1.59062775765057,0.113349992617039
"747",0.011498382947443,-0.940236154999796,-1.69488959827327
"748",0.32926565447393,-0.218902232712936,-1.08367479182282
"749",0.156469024826221,-0.242427813421038,-1.92454702960075
"750",0.725242547797956,-0.234070441073151,0.911061578790379
"751",0.528577895960904,0.378716822518648,-0.558694584197759
"752",0.300255175351189,-1.02400012476653,-0.0854848794623712
"753",0.775330798430558,0.287427508584583,0.735209446655949
"754",0.2369338407859,-0.472001816646602,-1.27194698463663
"755",0.559302159138606,1.30080936047419,-0.861622500796312
"756",0.729176756713044,-0.514040888491121,1.24059483716609
"757",0.812648813791533,-0.587096171528943,1.75183612957333
"758",0.0541852980232653,-0.750791840748928,-1.80555944684886
"759",0.372130617626241,-1.14755442366369,0.549242643229574
"760",0.543973824755247,0.251713639379368,-0.39706174714913
"761",0.659464406107469,1.04926322098659,-0.258083309792689
"762",0.31282640561876,-0.348207585510955,-1.03331584568551
"763",0.992435051671097,0.93190675198861,1.45946180934686
"764",0.684428254736296,0.184657970342448,0.352833143685167
"765",-0.553612586186471,-2.01904172699654,-1.33528662393555
"766",0.630698268645609,-0.294456429547419,0.499265367614894
"767",-0.564958042133415,-2.39711913438459,-0.697100697128465
"768",0.776022799734583,0.644569399907435,0.521664896278619
"769",0.258420099248067,-1.06726612899364,-0.202762729020489
"770",0.933373535874211,0.842354605639188,1.20665992568093
"771",0.734249014127441,1.94439409263816,-0.199904251682198
"772",0.492356778643797,-0.470299210879683,0.00312831792412223
"773",0.400150869823542,-0.468599595178799,-0.459934032806006
"774",0.604766959296984,-0.011571804901083,0.107149664753829
"775",0.834297646129315,0.200244434680632,1.09091936786734
"776",0.769070045470866,-0.245141329060878,1.14115137020267
"777",-0.44303766299235,-2.19490583791732,-0.424009753882671
"778",0.950697237360228,0.314879793121606,1.59358342074406
"779",0.521502163737481,-0.792561386626973,0.597170959524764
"780",0.445876376432513,-0.122685768765433,-0.590879979647518
"781",0.743174561249832,-0.400649932768028,1.17629452151946
"782",0.444773147441602,-0.99243781884767,0.572874980095359
"783",0.438270833525645,-0.161890654919406,-0.592931687181063
"784",0.777780551822666,1.04107949739064,0.337066804416707
"785",0.606997920895519,0.257933569651553,-0.0862520400038772
"786",0.455919402355147,-0.464108016017396,-0.186449102695868
"787",0.266399907894445,-0.00436082473312186,-1.59067627804121
"788",0.27676853333415,-0.385734095254279,-1.17245323653648
"789",0.943025469841451,1.12728411912396,1.12644374738434
"790",0.634508037058905,1.26390833394282,-0.471323440263385
"791",0.308900126111744,-0.38005617837977,-1.01810441923166
"792",0.70116840585443,-0.503395403267611,1.08737621536587
"793",0.644106394377369,1.26924344547631,-0.425410836727845
"794",0.831225197536627,1.67152248975235,0.367768743807586
"795",-0.0996857232097802,-0.594695541870811,-2.79971015992096
"796",0.81880519170328,0.0649826906494961,1.11529245868509
"797",-0.536482497446583,-2.14130148998297,-0.993079045288875
"798",0.726691309842342,0.0247472085474264,0.686911883094496
"799",-0.382552540814169,-2.42290265091769,0.253146670755102
"800",0.35783889465098,-0.803739643529696,-0.202968904057593
"801",0.4182265815421,-0.15164775680887,-0.702655882406472
"802",0.602159233847753,-0.384454611196337,0.453075926075736
"803",-0.621954460149307,-2.29981078368615,-1.13536736545563
"804",0.305038666648975,-1.15047463807454,0.220796404353176
"805",0.192170975193299,-0.784320692708302,-1.06275433134918
"806",0.682618785921888,-0.193953803692263,0.6590418653581
"807",0.239134133550496,0.171140471500323,-1.86377512994841
"808",0.851022048265375,2.19239943507258,0.316598435810616
"809",0.853971131998847,1.19802263963984,0.652128688317197
"810",0.73047829631554,0.433380584612624,0.41643250339356
"811",0.157208282924298,-1.27900258678076,-0.182607236887823
"812",0.688839078284003,0.311342642653903,0.286652507578372
"813",0.747969489933983,-0.956456131947048,2.01834767239415
"814",0.0680284014594185,-0.592510290114274,-1.96405866422649
"815",0.662800931371971,-0.15637323441556,0.524590743395744
"816",0.6736507618111,1.37540279288733,-0.317950609872653
"817",-0.542308728610567,-2.60452743990541,-0.301019402897834
"818",0.256095404216149,-0.359032172117543,-1.30523150351037
"819",0.280975763211797,-1.1990659166891,0.220990439748289
"820",0.254034662433244,0.823198367423826,-2.18066754437828
"821",0.921550205163284,1.60583597642891,0.840862764524921
"822",0.237979160290935,-0.761490272744738,-0.869909134936873
"823",0.593489338568843,-0.12455500172916,0.148875984506291
"824",1.08995720963929,1.35367760536192,1.77165268414745
"825",0.732839212157827,0.446623237473594,0.420084878999722
"826",0.580091637339084,0.247853754825098,-0.213788649503079
"827",-0.390577487766441,-2.95332957919151,0.832207997603931
"828",-0.370905769454798,-1.92732044042406,-0.640105919756745
"829",-0.246742388583095,-2.10470093880432,0.382536245518919
"830",0.892867658535047,1.1963809999499,0.847273618113282
"831",1.05354627540608,1.26669904493606,1.62277948017803
"832",0.586256790666768,1.29317388913901,-0.723917920039338
"833",0.595495616411721,2.18802993567732,-0.959905114192077
"834",0.517036253498671,-0.326224054579447,-0.0357889460111682
"835",0.445492363509543,-0.468366714663745,-0.23350486554127
"836",0.688157682570618,-0.496284554952376,1.01358934910203
"837",0.801814741734139,0.508970538658103,0.727463930295279
"838",0.853377477155531,1.00223483819498,0.732204536855516
"839",0.570448250836123,-0.257149981237931,0.160031167589632
"840",0.488826967956104,0.590993298409151,-0.884693537936639
"841",0.660891095822849,1.64656295688233,-0.475819072854327
"842",0.0363532295244756,-1.45082920398889,-0.236479138478699
"843",-0.102844023615248,-1.50521954442814,-0.727284383208061
"844",0.405604537493308,0.124883353126648,-0.996979198286063
"845",1.17346539912593,3.21227916232403,1.71042670926645
"846",0.730738522166773,-0.494882964102869,1.22477858795427
"847",-0.270073522886979,-1.75786428301922,-0.613451609343144
"848",0.778783336690709,1.05062190231871,0.337920222011336
"849",0.0997980698783052,0.66525877269768,-2.87065064734614
"850",0.356533225297079,-0.883640882816759,-0.0733280815960935
"851",0.734454851244617,0.161614011261379,0.619833416790134
"852",0.954537271688001,0.940681249219572,1.26591822632985
"853",-0.0805306694438855,-1.71570966694594,0.197258521092707
"854",0.339491111573722,-1.11258712963288,0.303973759966338
"855",1.05592905346663,1.3855006842526,1.58971808360028
"856",-0.0166681180127589,-1.59604899527416,0.0777302589994659
"857",0.90141213600679,1.07343478234403,0.941201308472641
"858",0.336118164927062,0.126201946328524,-1.34540810063999
"859",0.29294278087178,-0.196732001707919,-1.28668311763607
"860",-0.543580617501652,-1.19681181553485,-3.90754551491743
"861",0.729836946264243,-0.127388063948259,0.833181729298657
"862",0.703410516501582,0.873968990964861,0.0416011087618092
"863",-0.340458467808238,-1.65173813587437,-1.32705911077245
"864",0.452087887161011,-1.34660759910984,1.49258357284303
"865",-0.507106199014777,-2.00112214499977,-1.14352370801839
"866",0.605459922672558,0.895572329981878,-0.458417603256277
"867",0.453385099244146,0.573361673926397,-1.05194775739382
"868",0.749052836531765,1.42245140204733,0.0418670364701098
"869",0.723805595948775,2.22026702536857,-0.326635397055412
"870",0.655370406560336,0.253229713725148,0.158868803868218
"871",0.468997136583228,-0.50563008791715,-0.0707242984488765
"872",0.656989798805745,2.17196256909035,-0.648266987792736
"873",0.426203327133669,0.964223119268795,-1.3865362293593
"874",0.901219083589085,0.842588173894846,1.04577406707814
"875",0.441858254240515,0.23176397232881,-0.893693119201301
"876",0.46951400450827,-1.17094882894829,1.09306185239757
"877",0.847262636969094,0.828142688775797,0.78304515823087
"878",0.859532388249969,0.714030574990933,0.902162617964186
"879",0.357358089962699,-0.221232925405306,-0.940941980282489
"880",-0.141122636766739,-1.12064584437674,-2.08048747282256
"881",0.602639860672193,-0.525342968938823,0.622036224590184
"882",0.898853948608602,1.60801992571974,0.726657346000957
"883",0.482699720705333,0.718756195490879,-0.984467870072533
"884",0.422249675612696,-0.814989747131476,0.137587272728703
"885",1.01208253017507,1.90679320254425,1.20009894700233
"886",0.64747689257131,-0.355928645545112,0.648299411801893
"887",0.397769640101832,-0.831168880533185,0.0421706136691569
"888",0.63996284748965,1.58249473216368,-0.559289428861914
"889",0.981148744324561,2.15504073948111,0.976945914024889
"890",0.637796126850693,0.34453406133414,0.00950368922171707
"891",-0.259290633838623,-1.07514310454144,-2.77408324352548
"892",0.887239885799295,1.06445565505815,0.87420811458198
"893",-0.594129915038591,-2.84456367651528,-0.291179580303148
"894",0.156860421796629,-0.250605125590923,-1.91445612052305
"895",0.299713127340826,-0.949754748328053,-0.235759532869189
"896",0.763713683722985,0.681159781375832,0.440416763048531
"897",0.141144397854139,-0.175291220144617,-2.06601845803451
"898",0.310692548102745,-0.215949459127237,-1.17941107725062
"899",0.529791435731152,1.49859019798691,-1.08146160894708
"900",0.971275209689573,0.110800167500803,1.84207977241071
"901",0.657293484499494,-0.153040311642487,0.49396623165972
"902",0.135817505136552,-1.44930235374158,0.255324699557833
"903",0.079581528142451,-1.35736723724183,-0.336228893706864
"904",0.365040489377546,-0.541424956549267,-0.545614561906806
"905",-0.406124106305818,-2.07935656236065,-0.466779005862351
"906",-0.526859346542358,-2.86322809856531,0.0639449690007539
"907",-0.230044690768805,-1.88016754825273,-0.0581484268515986
"908",-0.182452932423598,-1.04614981613832,-2.45255268381318
"909",0.617657423175885,0.591396900166162,-0.240767922853351
"910",0.771881421228596,-0.225644002440832,1.13598343516219
"911",-0.249368418710047,-2.3238395812104,0.766809389624363
"912",0.342328164756585,-1.11425604892374,0.321997751412416
"913",0.56324108413738,0.212793125551341,-0.273344204601907
"914",0.499872894326921,1.30015525838108,-1.15851813072014
"915",0.680148350879682,2.21587867618459,-0.54380074860362
"916",0.36868178968611,-1.4402622944533,1.38723625068186
"917",0.588035419385634,0.76925351369342,-0.483742626251272
"918",0.59089944612619,1.21907389244125,-0.671674369766528
"919",0.629476211670461,-0.632048842621603,0.896916385223203
"920",0.5074815755197,1.42541099607269,-1.16705791213647
"921",0.361194586612273,-0.265518203393465,-0.877815041640043
"922",0.573586738073691,2.81066240786982,-1.21248089489181
"923",0.285614368058261,-1.34360196873723,0.650887081201431
"924",-0.285934027982941,-1.30093435315837,-2.33519314241742
"925",0.359252185815114,-0.430463812060872,-0.709265491652693
"926",0.832800862295795,1.7597533973953,0.347787723809793
"927",0.682876847630877,-0.0025118834450809,0.490177383889998
"928",0.206068303841539,-1.30297765084262,0.1307952531095
"929",0.741722176056251,0.948454784550028,0.198266557888628
"930",0.146278082425086,-0.44907908858351,-1.75243256631339
"931",0.597227225360918,1.07248242947162,-0.579313842274614
"932",-0.273453880810677,-2.12195201931895,0.283799537237352
"933",0.826132885904025,0.862504245329251,0.660710395880578
"934",0.42637697895583,0.328017944766188,-1.03673620548238
"935",0.314140531218273,0.891222793399057,-1.91295741160125
"936",0.195653555789262,-1.23143094255663,-0.121153452530066
"937",0.383474214499794,-0.663517981608656,-0.288888614830309
"938",0.756282331311337,0.935329242772515,0.27711440008363
"939",0.871181575883382,0.316550217498206,1.19489253076918
"940",0.514942176709537,-0.603093599090932,0.284702305957533
"941",0.505394671896624,-1.09789452264553,1.10002572802016
"942",1.17850463438827,1.34190382828967,2.21879940766747
"943",-0.278312179435944,-1.98460705048176,-0.0379120303898661
"944",0.42270669699682,-1.25363052308877,1.07412258908587
"945",-0.320318797851297,-1.83040542709748,-0.647010100229766
"946",0.566358281043072,-0.820129392135768,0.86665386515542
"947",-0.194445155995458,-1.72165503656992,-0.352486331464187
"948",0.592166464706736,0.647352560757646,-0.399130196103029
"949",0.120903150514954,-1.6800731993342,1.08190483918041
"950",0.190880402491801,-1.46891194716395,0.602480391574786
"951",0.692028320537352,1.22985764685039,-0.170321501932228
"952",0.430002008951172,-0.478672277160071,-0.2985871546147
"953",-0.353091389629881,-1.85214442319478,-0.749698803357922
"954",0.807213732811331,-0.939093961769176,2.28153301991939
"955",0.773263313979951,0.962314653679583,0.349632933221125
"956",0.313199167384701,-1.20066617572654,0.386202426145258
"957",0.90616768328596,2.17400122105869,0.597092194326234
"958",0.259045988180531,-1.03733053137733,-0.263703679257904
"959",0.916160824179488,1.39889491966407,0.885966687301427
"960",0.139152454588108,-1.13850608437763,-0.637221082434666
"961",0.567098637337812,-0.827633327442424,0.882880796180692
"962",0.591714808623991,-0.316943697104121,0.327799985560335
"963",0.431090154637442,0.00762970412793852,-0.77711779517418
"964",0.63059183982942,0.403382933322985,-0.0642822074135641
"965",0.416978132062635,0.621025955970367,-1.2606569265668
"966",0.77245457859027,0.0248946868181179,0.915608555386708
"967",0.399801496628496,-0.422122354773631,-0.516132935108025
"968",0.486264430092823,0.92199704589628,-1.06678891543181
"969",0.138059525155095,-1.19413630415422,-0.506153336829939
"970",0.221477315032694,-0.475257142466715,-1.34532197986523
"971",-0.855986344795575,-2.79129256402711,-1.65560870850093
"972",0.603055182026124,0.293623357960624,-0.130363392715943
"973",0.0454090581206593,-1.38586670065504,-0.415259662437011
"974",0.48022046354939,2.30697251482289,-1.56631070518233
"975",0.820464338482829,0.177903940416179,1.03793001167885
"976",0.481579187297372,1.36667192774102,-1.27507507481606
"977",0.773364209460416,-1.06348409638887,2.36373978945501
"978",0.669277562002362,1.85350538165197,-0.498268380169681
"979",0.24080540098364,-0.848839800278456,-0.712662060989862
"980",0.567582309755344,1.34474016231539,-0.836876802359039
"981",0.634400716335001,-0.242285711503784,0.464970543670985
"982",0.0561748662717328,-1.31186018047001,-0.592496580349667
"983",0.968549961563129,-0.123991555092901,2.02366908093233
"984",0.4915952022795,0.239071383541213,-0.650138271366346
"985",0.632445308449281,-0.337216345725398,0.552965105648811
"986",0.566045010892945,2.43227035004006,-1.16733953753474
"987",0.669608418892034,0.047202415346703,0.383419972254821
"988",0.584031843528253,0.113378761784392,-0.0961050255938142
"989",0.325207918406557,-0.244461985732069,-1.07883408778188
"990",0.522353938309807,-0.409603585694455,0.0823277492507694
"991",0.474390380869604,1.45569388692558,-1.34336251605078
"992",0.585802189795309,0.493217224421373,-0.343258983105962
"993",0.783741484581639,-0.3489369698548,1.32204728527559
"994",-0.405990989994574,-2.02971198844741,-0.573312382133402
"995",0.680670331176814,-0.00925664341304865,0.484739750633703
"996",0.514404610457802,0.17321680027794,-0.488943501507002
"997",0.254416714806735,-1.16667498817581,0.007056809054559
"998",0.390632740480746,-0.90348551490931,0.132788255182722
"999",0.268043736310208,-1.13680300212261,0.00320145664555479
"1000",0.820911894499594,1.48095383752622,0.380313856416047
