"","x_pa","x_child","noisetmp"
"1",-0.418707056548407,-0.557786627582337,-0.498717502805824
"2",1.4939746901708,0.63805765256152,0.517159602861711
"3",1.63904264385303,0.48701189690594,-0.391084772782701
"4",0.334486662762734,0.125273488915398,0.909242567277338
"5",-0.225992120800195,-0.431572979490168,-0.198762411221794
"6",0.697695160686247,0.424587848239176,0.914687392141391
"7",0.820242526877961,0.412140190836567,0.517545215516361
"8",-1.54923334666441,-0.635637151954781,0.168337832312485
"9",-1.18383495372272,-0.55846094886434,0.315844774932659
"10",0.261658391640879,0.0206510521347589,0.7014042116964
"11",1.73318245000547,0.548604070971515,-0.172096520793009
"12",-0.612872216898385,-0.323479284242779,0.940718289809656
"13",1.55943972961056,0.401496841651306,-0.737280500559194
"14",2.00816933422181,0.215384181149502,-2.06084155370269
"15",-0.528493730240301,-0.416353522071496,0.366725004079143
"16",-0.716228334631909,-0.330668276503218,1.02685872511821
"17",-1.60526344398549,-0.499118694880254,0.882272389433697
"18",-0.499362377236408,-1.45665354071479,-4.87494286854623
"19",1.36569518377779,0.321402741153642,-0.911674432578803
"20",1.10287998743223,0.54849486998885,0.614287751100386
"21",2.77623576409807,0.751113328113208,0.189927153397699
"22",-0.543355727512931,-0.497567865823168,-0.019330043015134
"23",-0.866960976817731,-0.560819944221123,0.0337542807257233
"24",0.693215898771669,0.436289831671471,0.9866719717602
"25",0.00701384556956933,0.0995247574090867,1.92961493332733
"26",1.8310213609314,0.525396848392576,-0.373199735620348
"27",0.046436494946552,-0.242115388817873,0.11361351965329
"28",-1.63202976560515,-0.750840101495211,-0.361777543476334
"29",-0.779202279722184,-0.392402847648277,0.786764371187627
"30",1.30489327951424,0.380104037354368,-0.537573620315882
"31",-0.268810225194378,-0.327628502003193,0.401334107644376
"32",0.381533454144681,0.121379366544354,0.660933662541065
"33",0.661708924944375,0.25997797371177,0.202668029682949
"34",-1.87175008170513,-1.29616207322451,-2.96879252504106
"35",-1.14913850046191,-0.739306447770551,-0.614639191830038
"36",0.358667595088946,0.0813745381029355,0.574839439978836
"37",-2.50858149075697,-0.607962701875558,0.717767559221036
"38",0.45557144957474,0.38982943499828,1.63846683328309
"39",0.169389698434539,-0.340774605176191,-0.762082325139821
"40",-0.729577618692654,-0.462659163722493,0.381788299500169
"41",2.7656026123621,0.543322101708015,-0.844451574093455
"42",0.600204567567842,0.128602913573768,-0.248600400510474
"43",2.09140655315354,0.167960380372315,-2.35627423104989
"44",-0.503283317966502,-0.258528929277678,1.12116006712957
"45",0.42213886602437,0.0313387329169863,0.00446368810631093
"46",-1.61704160810874,-0.725839219201276,-0.244892230631451
"47",-0.10767059738597,-0.279954079267578,0.312701353255335
"48",2.66233972795574,0.887157818781662,0.920747691256422
"49",-1.05783245477848,-0.79619762072015,-0.971804394990309
"50",1.32925874735486,0.643576134269624,0.746869415698102
"51",0.0562911406670416,-0.318234229044943,-0.294953374551018
"52",-0.692267744378792,-1.0770672161317,-2.73233895809312
"53",-1.83041255852421,-1.36132451382068,-3.31394192663105
"54",-1.04960700039147,-0.487474596601202,0.564989057881238
"55",-0.622627899233847,-0.603187433945819,-0.445752543726279
"56",-0.441636946597027,-0.686408867916326,-1.10716986783227
"57",-0.520461546378139,-0.55327460706023,-0.328830765571611
"58",-0.658408326490262,-0.254127890564552,1.34281042096682
"59",-0.696059398065516,-0.556962555509694,-0.127468502655511
"60",-0.803310543817339,-0.86317010192883,-1.54187908474079
"61",0.900691679046644,0.300691595550314,-0.229153203839346
"62",-1.63540733588381,-0.536944447284937,0.709519110223743
"63",-1.2023389702281,-0.622827451694186,0.00772342709389899
"64",0.831410264876129,-0.0940006410220061,-2.04076125111228
"65",2.4091988770398,0.771998856218815,0.471277078463794
"66",0.728876711019281,0.196576166667061,-0.316591858641681
"67",1.32128373173298,0.565803874822771,0.368688765578277
"68",0.176774171745864,-0.346032583922335,-0.813887215958216
"69",-1.11243204770634,-0.393278438064292,1.08691832169039
"70",0.980367900477271,0.280834569852123,-0.496661456179934
"71",-1.86329203018919,-0.485001196861159,1.08309574866505
"72",-0.0859470712931145,-0.265605395300336,0.334752214457124
"73",-0.529305652457982,-0.139750532692372,1.75084164624601
"74",0.5039976892277,0.239182454560182,0.673256380517467
"75",-1.01514319332346,-0.930713016218187,-1.68030070464294
"76",-0.150429492187247,-0.344458162073223,0.0837923384564447
"77",-0.349729415823284,-0.429720329593489,0.0317204833395583
"78",-0.403488417682295,-0.275142517428626,0.890999822462352
"79",-1.20936012216203,-0.894412227138577,-1.34504975190402
"80",-1.9182292489842,-0.603009469142139,0.518128932496701
"81",-1.46310085850908,-0.523829205949109,0.676762884590167
"82",0.450217098891796,-0.078307932280286,-0.677543795093478
"83",-0.487167359013877,-0.513550978188485,-0.176623120404521
"84",2.69354388121336,0.397844809123749,-1.54003126659762
"85",-0.462038210826586,-0.302887562418808,0.840536622110268
"86",0.787103608305857,0.337506952253788,0.228964786878315
"87",-0.113938066316781,-0.241428741593878,0.519391014437827
"88",2.28183387513404,0.748142016527859,0.424039578700883
"89",2.09604636540565,0.781614141723296,0.708851300080183
"90",1.79530919088725,0.595338607653413,0.00674293033279113
"91",1.4955135387472,0.432146973758446,-0.514129879800976
"92",0.295737967943619,-0.183789370691042,-0.462913386202907
"93",-1.29113847375899,-0.672823942265573,-0.179131911790205
"94",-0.456164021686159,-0.307867909792505,0.807037777284419
"95",0.790536476618713,0.266926371410979,-0.132892060322138
"96",-0.843223527316033,-0.772260253057283,-1.04683800997103
"97",0.0431182874969893,-0.459245212130457,-0.962711605697743
"98",-0.414638608433365,-0.43968002953831,0.0855719635428387
"99",-1.63328953466204,-0.88798290927881,-1.04681287924264
"100",-1.48050697474683,-0.45109807005084,1.05089527973435
"101",-0.647987522598472,-0.636844018451843,-0.583211102719048
"102",1.33293951857987,0.227664349573057,-1.33758879466458
"103",1.81793088420497,0.699350164763671,0.507544122022661
"104",-1.54806228215911,-0.38211292348044,1.43529097801836
"105",0.869076869920908,0.251999923666948,-0.400690681056584
"106",-1.6589442273066,-0.831777983525343,-0.752090305257382
"107",2.47639938885829,0.885801462460057,1.00470662239472
"108",-0.373634042614377,-0.67240310002012,-1.14261401142051
"109",-1.06643280454239,-0.36607124970373,1.18591040652807
"110",0.216335800338456,0.00802793488983453,0.814067580300634
"111",-0.496890766613074,-0.317655173047755,0.816582717548892
"112",1.72766351886581,0.718746340510316,0.683629422116051
"113",-0.8667483436658,-0.754740303318871,-0.936054820099813
"114",-2.43441672672786,-0.677116969658939,0.347648531703207
"115",1.23923798890024,0.701550813281393,1.16277948290828
"116",-1.72965409671651,-0.713210738822385,-0.122680410576284
"117",0.962586131748219,0.482030994947582,0.545345126817118
"118",1.79479033167147,0.102805739790359,-2.4554754061036
"119",1.93685554982818,0.453865088594301,-0.815393226311469
"120",-0.494256482447907,-0.581338696068566,-0.505539507695024
"121",1.61013594753001,0.698618785744117,0.695813513403939
"122",2.94283612372374,1.09102321454443,1.82137888352933
"123",0.347101771116438,-0.0263998310936097,0.0916190298587612
"124",-0.174603333257067,-0.428904326230535,-0.287836333522744
"125",0.624317964196652,-0.102125550814077,-1.48538217422705
"126",-2.16446615673537,-0.529277765738779,0.989548081946677
"127",2.41998811024538,0.524003787658898,-0.774519174804109
"128",-1.05821812263236,-0.731540293328322,-0.648199052706041
"129",0.698601211859774,0.429918079353813,0.938624529210739
"130",-1.20629622809865,-0.784702353958617,-0.798744572913772
"131",-1.36132005935024,-0.599219690955617,0.235857148955401
"132",1.10939193486825,0.532186704184103,0.521592227883638
"133",0.98291302992648,0.450083899113532,0.344496565476849
"134",-1.83075750761321,-0.806502259215097,-0.539667211878188
"135",1.39603811210917,0.510390924297236,-0.00508669246974828
"136",-0.528573749573589,-0.6591956964481,-0.84737724749551
"137",-0.711510866532467,-0.562231862886086,-0.136265092387684
"138",0.128818262939679,-0.344838161154795,-0.647715410665174
"139",-0.547727311369972,-0.535144505844359,-0.201385065767572
"140",0.238073396986121,-0.248126130484314,-0.549223797921751
"141",2.6657518272109,0.563090371823936,-0.701157160811756
"142",-1.50382534929943,-0.650377244615864,0.0683345157865944
"143",-0.755368646273145,-0.384668644277555,0.79996280196144
"144",0.311003533126539,0.0217276097817867,0.497993224766666
"145",0.895309700355046,0.104009379107611,-1.20054034490909
"146",0.559398111768156,0.502932310230519,1.771847390649
"147",0.445735244055401,0.272963495202871,1.09966907921908
"148",-1.61815020523008,-0.764989958841251,-0.440042593927266
"149",0.107425845516714,-0.218903076859714,0.0494389009572134
"150",-0.705725385300273,-0.406752114944326,0.634593310829125
"151",-0.315628069153175,-0.306680719761573,0.589229720755799
"152",1.05329416428405,0.171876133680188,-1.18092745114653
"153",0.770308802499723,0.493640113230529,1.05409884797367
"154",-0.954128846458653,-0.573339809406955,0.0529178163695761
"155",1.68778775776791,0.376146247293387,-0.992409931176264
"156",-1.28985263457833,-0.359954129345716,1.38433334323369
"157",-1.16813924097829,-0.914066892209002,-1.47397306791333
"158",-1.67400123871942,-0.770148624403586,-0.436012223803171
"159",0.462611303764,0.0743630294783041,0.0290811466031945
"160",-0.0550887260906137,-0.18982680411559,0.64041778205701
"161",1.23059914870776,0.282800862754039,-0.918211477105486
"162",1.92860530672186,0.707975156502472,0.461489327776041
"163",1.39447274194462,0.533864116102059,0.114228856394067
"164",0.665155669124894,0.440879629951258,1.09626115913709
"165",0.376803746656283,0.1831831976982,0.993957275099428
"166",-0.657334324084236,-0.335258800757944,0.935879637577161
"167",-0.440790807557245,-0.440478985146104,0.121216354857212
"168",0.25161025063164,0.127779574698913,1.27726741382041
"169",-0.349716680123492,-0.503491084946928,-0.337154406516215
"170",0.684088350854189,0.357521081673615,0.620584548428857
"171",0.491503077203095,0.101776406924911,0.0390627488983553
"172",0.718409442687049,0.373197785052555,0.596644645636635
"173",0.0618756330058182,-0.278886170683466,-0.114254609998656
"174",0.0590698609549352,-0.322943242885823,-0.326463024836026
"175",1.25131897137292,0.410995911683221,-0.307634280218751
"176",-0.125028296792923,-0.506112456837992,-0.779435806945916
"177",0.940868453988718,0.397419214152362,0.167436784747918
"178",0.423832872683003,0.314608762503624,1.41252818934054
"179",-0.276816587083944,-0.0565408545811225,1.77133202045946
"180",-2.36986059177692,-0.629161702729488,0.565441575204063
"181",0.653886846802101,0.431847599291797,1.08701568405595
"182",0.970603342133975,0.228421956586892,-0.739045419778052
"183",-2.17278548735114,-1.11238927115197,-1.9227883621786
"184",-1.4879820728047,-0.663815423399338,-0.00823166277859352
"185",0.37272912755294,-0.0790516456865109,-0.296723259604204
"186",-0.838392480911273,-0.385982288376648,0.879729222181201
"187",-0.697729521252398,-0.576568354158344,-0.223587793958117
"188",1.14995059002762,0.271374266139981,-0.850040994145059
"189",1.20504935492175,0.579695970741321,0.604726686072797
"190",0.319365855674431,0.108110056604327,0.892543539782751
"191",-0.141994500569172,-0.290134415902472,0.337368898593254
"192",-1.82352585725034,-0.938705662980642,-1.20411812051283
"193",-0.876571289573856,-0.882568247149889,-1.565659029857
"194",0.321982897499153,-0.031935651668906,0.180497641769341
"195",1.60909260833376,0.0757558033598772,-2.41744527021124
"196",2.24310060523356,0.774492474002887,0.578997042931364
"197",0.912470386289176,0.508573524472327,0.784246646746433
"198",0.193795437165939,-0.133504281831987,0.188702118315844
"199",-1.52228982764028,-0.713035349351989,-0.234160067507849
"200",-1.96593153012222,-0.45142802531857,1.29713487153165
"201",-2.8795558846112,-0.637115964199225,0.680975860297893
"202",-1.44043429877625,-0.583754449864712,0.363297872551552
"203",-0.335511204816921,-0.670308091002361,-1.19498758897235
"204",-1.96226541837751,-0.73896267408319,-0.142138344872142
"205",0.225925484414105,-0.143932945758504,0.0182514031755413
"206",0.591931986559093,0.170893051728813,-0.00783027492153495
"207",0.359423217376714,-0.164153655151025,-0.656482524947033
"208",-0.291745554790951,-0.42762047274133,-0.0572964842623932
"209",-0.816323776640571,-0.168983905737919,1.94241768109757
"210",-1.4043753544672,-0.794099918166131,-0.710913962840481
"211",-1.33282209510504,-0.38269501728924,1.29970491699938
"212",-0.533220034571565,-0.239941172800059,1.2551865412151
"213",1.08940207582724,0.546187423599453,0.626116174837738
"214",0.053151896982078,-0.496062658562219,-1.17513859717882
"215",-0.222027270506396,-0.216975214840564,0.866562681625584
"216",-0.895195183955066,-0.532934081836462,0.200361806110472
"217",0.233252200207852,0.00389334799271424,0.729452888352293
"218",-0.430788119751549,-0.391460441017244,0.351285277699066
"219",1.6801704559939,0.131363223715031,-2.20911532471905
"220",1.35102363249872,0.694664242420358,0.973612917884368
"221",1.70932473027171,0.552561091374554,-0.130459275298246
"222",-0.88674791567568,-0.158983626822061,2.06205463767184
"223",-0.729995490124586,-0.777038350979615,-1.18964480565549
"224",-1.52931036615291,-0.631479729231804,0.177686536445206
"225",-2.12910616682647,-0.599631191649769,0.623918438876901
"226",1.74787397045267,0.634768760351101,0.245494485610948
"227",-0.468887248290845,-0.368857252766386,0.520641944571311
"228",-1.07451862845315,-0.519256839463021,0.426595855100692
"229",1.05358150307205,0.535010219172749,0.634218252735191
"230",2.51464621765164,0.597119353350456,-0.458263185012816
"231",0.65416153482002,0.378245756678966,0.818123138105615
"232",1.07504659445626,0.600111803519343,0.921046854180852
"233",-0.484786068566118,-0.430442820393483,0.235533771431468
"234",-0.642359913129786,-0.344735413152452,0.870559319014115
"235",-0.405877583540714,-0.496317300604902,-0.211157396978542
"236",0.8475298420647,0.28841375971306,-0.167762218328757
"237",0.931023741192509,0.595899964253738,1.18073858465014
"238",0.490920465373341,-0.47639302239949,-2.8492902336685
"239",-0.999103367482695,-0.528369460234664,0.317583736402125
"240",0.701488689770667,-0.128848986062457,-1.86383419531059
"241",-1.96032506346062,-0.728267670734959,-0.0895115756837909
"242",1.40635990170351,0.654443890661743,0.70240029196085
"243",1.10946622897776,0.682119142353824,1.27112765587785
"244",2.91637652978565,0.380242374174312,-1.72214505662157
"245",2.18665180333073,0.790199908832367,0.692521604276473
"246",0.933378886051756,0.266185466235199,-0.472858283153399
"247",0.133822123067937,-0.156566819321729,0.277515259104425
"248",1.19444355371402,0.387840122689559,-0.338258949022839
"249",0.390225526265274,0.2173288078072,1.09595041228678
"250",0.796271314352226,0.00438339971351104,-1.4604645217683
"251",-0.669653697456117,-0.554706806922441,-0.146802787779978
"252",1.70894721154527,0.506512489305279,-0.360352821250971
"253",-0.122911947125118,-0.259857314625559,0.447175621589001
"254",-0.813049508523655,-0.879223937845322,-1.61213032178592
"255",-1.83573365223785,-0.692742058461675,0.0314876227263132
"256",-0.0280186350438265,-0.530755412499571,-1.13116067884121
"257",1.12970125822302,0.174988797699169,-1.29863651218145
"258",-0.269742725300371,-0.540758402896964,-0.662612233566384
"259",1.433260088998,0.414026006680553,-0.532370618369808
"260",-2.59980403391328,-0.931659593905595,-0.872022807990804
"261",-0.600427005280018,-0.574825424630709,-0.331584999286652
"262",-0.054881944831714,-0.509761274419497,-0.959756104442128
"263",-1.06605195697775,-0.478266615224128,0.624620992662454
"264",0.491550493369748,0.229123366964495,0.6755946810287
"265",0.978370378267778,0.180031409769248,-0.996671757986132
"266",-0.279876894460968,-0.360928701201219,0.254920242763309
"267",-0.196140123830539,-0.49272114735024,-0.563169928268586
"268",0.706002631539341,-0.0532781339354664,-1.49938237977576
"269",-0.764382421996114,-0.673866408498774,-0.636324921171488
"270",0.0962794900254217,-0.532926702172073,-1.48643135445727
"271",1.71868744924518,0.21746535379663,-1.8145679886586
"272",0.504579256168487,0.119538762537148,0.0726086177882538
"273",-0.781686519650496,-0.883347814546165,-1.66533814904396
"274",1.30847081266647,0.514915361914701,0.131596238294847
"275",0.111510849536517,-0.444320039591757,-1.09035152731591
"276",3.66567438394748,0.842859506840122,0.347182102889904
"277",-0.48534181053458,-0.731460124170159,-1.26876223373869
"278",0.0885144811981699,-0.29749060590812,-0.285749669701142
"279",-1.47543937585553,-0.866814358072148,-1.03072302738436
"280",0.695332390422555,-0.112629917689747,-1.76430558816708
"281",0.958733272695998,0.341027028969777,-0.151758461481976
"282",0.131027747752386,-0.464240403983101,-1.25183087115482
"283",0.628845190760493,0.334934516945121,0.684682673336413
"284",0.053265264727081,-0.132567696063348,0.642013507167944
"285",1.2208020721544,0.414880368946737,-0.243195365216618
"286",-1.50766365992905,-0.0995887795603551,2.82453253206496
"287",-0.226065750141844,-0.253894080231634,0.689774040199547
"288",1.06258320797495,0.532402417488256,0.604834466689559
"289",0.592732635390145,0.226135230132067,0.265524705158288
"290",-1.10721984177662,-0.676398410669067,-0.332809373294342
"291",-0.997882001096475,-0.641083676828744,-0.247048437476775
"292",0.468336579829006,0.340960128955165,1.33631976968126
"293",-0.302108826468204,-0.549616609742514,-0.648978711709249
"294",0.137891891104591,0.054291488231469,1.3185930071735
"295",1.21663033986628,0.568587830256164,0.531615477636553
"296",1.05119392792447,0.599094325950494,0.959004513294387
"297",0.574633441443774,0.19572653448688,0.179018903663029
"298",-0.619348347772196,-0.284813469764431,1.14207308742235
"299",0.562679001341202,0.0963474932451056,-0.273437738653075
"300",-1.32251197025139,-0.825704849792677,-0.922235555009133
"301",0.00838872098041197,-0.312348087471025,-0.133402360317492
"302",-0.134517212508588,-0.326134881253433,0.141201627621728
"303",-1.06143464605573,-0.568743437084324,0.168439306905485
"304",-1.12119098535433,-0.630084856309529,-0.0902162808831634
"305",1.99367702821906,0.49406334452581,-0.656905399377226
"306",0.377102147877546,0.142487303751642,0.78897023197749
"307",2.17254200770041,0.59164329647444,-0.291290891022739
"308",1.47575176671204,0.567828976845796,0.186773697484059
"309",-1.49312125192453,-0.631931148352232,0.154242273900891
"310",1.05029825260163,0.42507749999822,0.0905614669273258
"311",0.00599065737486374,-0.633572452609653,-1.73315733256188
"312",-1.18599197039009,-0.546970170905195,0.374907274926592
"313",0.782479286183102,0.292679488775318,0.0169610731626572
"314",1.52219736009746,0.681565481042551,0.703265263621338
"315",-1.21544685269812,-0.745334025023612,-0.595216334070596
"316",1.12935714940784,0.409996838088021,-0.123023008181455
"317",1.17077545357952,0.672861395373561,1.12392550726816
"318",-1.50137654530993,-0.911541261264588,-1.23892784744382
"319",-0.230127147368844,-0.517936004257787,-0.622625802343893
"320",-1.43363178790298,-0.541227180670958,0.571737082589322
"321",-0.172278084119568,-0.629283723200253,-1.29453087668848
"322",-0.539104211742469,-0.432042476429937,0.302602947340254
"323",0.254723246550393,0.0262547377889212,0.757261360535761
"324",-0.297002738339883,-0.215144773099711,1.01439339108033
"325",-0.485944862992726,-0.307367829671044,0.852556508145264
"326",0.482247314994537,0.104824548582466,0.0942548334748154
"327",1.08301691381901,0.432781218376825,0.0702878548131899
"328",-0.245096639113868,-0.817019441210615,-2.08960084936535
"329",-0.270429083269811,-0.26347911117199,0.725036571134552
"330",0.00899632013273105,0.112031407033586,1.98687832595072
"331",-3.29859510319437,-0.891317230320901,-0.487849716423387
"332",-2.61464961357023,-0.756253103512855,0.00955444225388809
"333",0.340520896893291,0.361220664071171,2.0608183622759
"334",0.197582691775242,-0.392978269771427,-1.12227048001684
"335",-0.690748245660836,-0.602939563327239,-0.363447338714676
"336",0.828738346596383,0.403448298035605,0.453047200695562
"337",-1.15785154107892,-0.689365378332185,-0.358271992076721
"338",-1.21705585618424,-0.820400845245108,-0.969379620712142
"339",-0.175809891832907,-0.130234425276246,1.20799684006446
"340",-0.289793449836882,-0.343580766455084,0.359429345511377
"341",-1.6342957455186,-0.882287074704217,-1.01779201963681
"342",-0.238223137465805,-0.297090413118617,0.497051103185954
"343",-0.493954272099471,-0.603431136640188,-0.616427387131253
"344",-0.436763007055128,-0.400252021569417,0.316321726619778
"345",0.209428025063547,-0.0262958456518483,0.668014438528965
"346",1.96079473224712,0.332637422262234,-1.439671385062
"347",1.16781712995384,0.247410234013347,-0.998624718724003
"348",0.683787271055973,0.0572777714862911,-0.879709537330216
"349",0.519779800346878,0.0783898210306483,-0.195709568079832
"350",-0.937957041444429,-0.466091610095976,0.574460180434797
"351",1.21399701119585,0.70314720053634,1.20838751032077
"352",-0.985495054958597,-1.08340197541337,-2.4694640487022
"353",-0.799502210464692,-0.320092154269179,1.1695685550389
"354",-0.886427169220608,-0.936611039059851,-1.82638964310535
"355",0.488756743563128,0.0476512716683711,-0.219781773113318
"356",0.00578973102557697,-0.330306208516254,-0.216293683433544
"357",-0.223651357901079,-0.351169570999666,0.198734793864791
"358",1.19554027453283,0.178880847592975,-1.38474929579576
"359",-0.177791529267159,-0.423481204022562,-0.254166410071983
"360",0.954670175723009,0.251151877370308,-0.592742596902912
"361",-0.494712077500571,-0.286341645803019,0.970087205900324
"362",0.545371329885276,0.127033970625862,-0.0539751779726894
"363",2.18456639250525,0.734543933031703,0.41556177109202
"364",-0.129162319010518,-0.34999273851744,0.0102354092979547
"365",2.65318312517051,0.867563386140605,0.826998754354793
"366",0.732998349234846,-0.00550746062761315,-1.33874039749297
"367",0.892695510226542,0.460621041051532,0.588390342373665
"368",0.79295141437224,0.039652450175828,-1.27553346587827
"369",0.21541792788453,-0.241587221415807,-0.430593231987674
"370",-0.796321680004853,-0.32968026583954,1.11832503956263
"371",-1.54671677200299,-0.507172497024829,0.809224940175997
"372",-2.83423638791738,-0.711998740547208,0.294285032658448
"373",0.304262967853735,-0.179383886673807,-0.477882526625118
"374",1.11620957572223,0.432578314014624,0.0119644039863687
"375",-2.06030465222149,-0.55381785203643,0.825188727824134
"376",-0.464313547703895,-0.351339961899554,0.601589723928852
"377",0.574578112355748,0.455850505632993,1.47984229259348
"378",-0.405072779659172,-0.428904970451257,0.124653393108449
"379",-0.610678391086001,-0.53544432952625,-0.121837709686924
"380",-0.702681894587335,-0.455182806870516,0.388984475463294
"381",-1.30876695962184,-0.735723288381529,-0.481598019136974
"382",-1.29020465610097,-0.581018495306458,0.279253557675185
"383",0.319473839662321,0.366788583633096,2.1854497544885
"384",-0.896386886532947,-0.940571927253828,-1.83669530658242
"385",0.420688335537639,-0.114537901620297,-0.717802138222078
"386",1.36794732520373,0.514142981648923,0.049138765578931
"387",2.41956602366948,0.423472358694178,-1.2769493896327
"388",1.29036272193589,0.416816435289858,-0.333970016023072
"389",0.652399475548768,0.333229867010296,0.598716972654646
"390",0.781523152112247,-0.0192293310593108,-1.54006387909875
"391",0.572146819749899,0.0579136126968914,-0.500878919473763
"392",0.903040174609364,0.118697512854346,-1.14434283455286
"393",-1.0500153002376,-0.401995380206252,0.992724860001642
"394",-1.14604526700273,-0.473358840426899,0.712722627416658
"395",0.819082818316982,0.386577078175446,0.392621486399682
"396",2.67654783793732,0.685740520892042,-0.092844691360671
"397",0.11618122654901,-0.272133048100897,-0.244045836790591
"398",0.0768249018469454,-0.366298454038546,-0.594949795468245
"399",-1.31063346704101,-0.663915151170377,-0.121292856873655
"400",1.19911032343049,0.471036037724947,0.0705270020242603
"401",-2.64019476477892,-0.735136816693373,0.122877088330912
"402",-1.69928082075932,-0.928767143776029,-1.2159648580446
"403",-0.382757800162833,-0.359107961480755,0.438493152583086
"404",-0.264062916651345,-0.593438630395404,-0.936417733136428
"405",-1.33248604106367,-0.701709188232339,-0.295589722212794
"406",-0.191962881060199,-0.441287943529135,-0.314394244947664
"407",0.137288731243426,0.102517182260331,1.56168541819138
"408",-0.32350328434395,-0.195766237602798,1.1573331364147
"409",-0.267034374484523,-0.438787926582804,-0.157711942555352
"410",2.04250928646028,0.116175400345091,-2.58139379753619
"411",0.850092248974628,0.363294963500404,0.200514527832546
"412",1.24246104645084,0.278155059984471,-0.958928252142828
"413",2.33005559716734,0.919998225469506,1.25529790452913
"414",0.964472715654319,0.62202710151729,1.24146393052398
"415",0.181518958152799,-0.0558842852979847,0.620290012447691
"416",1.26542405746011,0.540224280746697,0.318207190781326
"417",1.75369185303973,0.778201859120692,0.957466198715704
"418",0.95043173983232,0.390366106494551,0.112130181077936
"419",0.443434266305031,0.108770516901264,0.289483341040501
"420",-0.267643211681499,-0.16136724180754,1.23050615473723
"421",0.467422598672235,0.0359526260484173,-0.184626632715916
"422",-1.55369895544837,-0.609414837488144,0.301991727422715
"423",-1.40946116904796,-0.780212110282549,-0.638268095376877
"424",1.78354780149449,0.42478705990788,-0.835856563741335
"425",-0.475236261852383,-0.182244051929089,1.46286836509529
"426",0.360303318290741,0.195988599124851,1.1399342767965
"427",0.207003908379088,0.0830866421412105,1.22382540512965
"428",0.192542043222685,-0.239182000434827,-0.335204248632752
"429",1.28240939527145,0.208852083351025,-1.36268862637461
"430",-0.425824149140206,-0.248968204581541,1.05622790758782
"431",-0.148232412054127,-0.495227074399938,-0.674732157712937
"432",1.29463726741795,0.217183896875442,-1.33806094970732
"433",0.381583605269259,0.0749408345469163,0.428485218505351
"434",-0.139049575811837,-0.303492859770011,0.264229487176647
"435",-0.207335526455108,-0.224254741244017,0.801427220405941
"436",-0.403178220784707,-0.642079110730496,-0.944166443017964
"437",2.30994295010755,0.747233076850014,0.403045888558063
"438",0.693444526407613,0.444901520765186,1.02904033342461
"439",-0.410459414046032,-0.25887904865347,0.983133368001782
"440",0.11076717771431,0.00627483842545876,1.16494213961382
"441",-0.0430002465875127,-0.354408108621308,-0.21205842150623
"442",-0.331289554293479,-0.413144195954946,0.0836970108819446
"443",0.622590200128922,0.0840160881970432,-0.548828965724016
"444",-1.10193362108239,-0.721973672217216,-0.564890044090918
"445",2.06997185183711,0.681954167726165,0.228359369262818
"446",1.46765574562611,0.628491859416728,0.499429440665512
"447",-0.307769522894405,-0.269479238932919,0.761606719660584
"448",1.40553776565532,0.293517180279101,-1.10122039812644
"449",0.665592162270627,0.298699219904927,0.38398117560133
"450",-1.50121272424519,-0.741493705545873,-0.388786643439746
"451",1.03698768108282,0.409299552577537,0.0362757097534624
"452",0.540132186114587,-0.010198966139475,-0.719745192677327
"453",-0.104330610707378,-0.517494703989141,-0.88254550612586
"454",0.684705741331219,0.227890962763994,-0.0294562541245795
"455",0.445255280800217,-0.318546216062773,-1.85563508602684
"456",-0.581290426691173,-0.452488866906339,0.255761066353318
"457",3.49241903894002,0.394180664099546,-1.84784665184122
"458",0.729651728557442,-0.359229460265475,-3.09783142584451
"459",-1.44297697101096,-0.84306604952645,-0.931696548509826
"460",-2.08714148842206,-1.01822451752846,-1.48586996359786
"461",0.320557248426091,-0.0830568154975656,-0.0686631620840853
"462",-2.5831310270073,-0.870301314666738,-0.570376543981022
"463",-1.12452997691139,-0.814995419304243,-1.01215255430177
"464",-0.371203489485794,-0.314189736519147,0.644528863474766
"465",-0.15788368107476,-0.306442690559927,0.289646108269697
"466",-0.582611104285695,-0.17633383274552,1.63823126541267
"467",-1.47608168677605,-0.452701807399423,1.0402252469671
"468",-0.352661209488362,-0.449310951421427,-0.0613807320913651
"469",-1.67822693015717,-0.540942133668106,0.712231947227195
"470",-0.183980355578443,-0.521578514552592,-0.73200763908623
"471",-0.864799204352042,-0.479691171416943,0.437288684834877
"472",0.717831580746251,0.463846201029991,1.05156430594178
"473",-0.65672318239872,-0.370958135568228,0.75665613708895
"474",0.847641590198309,-0.151985654989944,-2.37002705611443
"475",-0.889479775382467,-0.28590278789464,1.43007191660323
"476",2.04820325421607,0.679223632677128,0.229845792882536
"477",-2.06874480130079,-1.08493894620603,-1.82694666937045
"478",0.247315667909133,-0.0180486737912378,0.565093170982852
"479",0.632582923879479,0.0731332234597451,-0.636815763408019
"480",-0.53653992181563,-0.841846489119887,-1.74986380854259
"481",-1.5583994881364,-0.446783498925965,1.11781605809067
"482",-0.486609731098143,-0.80526871449682,-1.63600342453068
"483",0.275147117524394,-0.447554597330098,-1.69479732029506
"484",0.889602303834552,0.368177802613842,0.133149783084911
"485",0.334250429339794,0.070727744186801,0.637609482735828
"486",0.0611453964489379,-0.482606153097912,-1.13074901637051
"487",-0.108385644516122,-0.362141513538331,-0.0966252898720669
"488",2.17928021105296,0.828319104319471,0.887792712015519
"489",0.230999262017791,-0.232538952939884,-0.444081356770628
"490",0.858327661505464,0.236219247514748,-0.454413950831952
"491",1.20877841602017,0.563267763218349,0.516902958887276
"492",-1.15286633413752,-0.690706116363883,-0.368781618436339
"493",0.627281693316481,0.409289827371552,1.06170781576937
"494",1.33893670182585,0.485145473215643,-0.0581251957599527
"495",-0.671882802890645,-0.413377559698068,0.562458605982363
"496",0.113916362148135,0.0982049325611034,1.61475221045331
"497",0.288012213597075,-0.128115443438639,-0.15152810281441
"498",0.85893970940671,0.270920768251859,-0.282350264252476
"499",1.07676688553535,0.555161142173539,0.693237358914341
"500",1.44271656778892,0.518407151121878,-0.0217459333401922
"501",-0.162007093531988,-0.604346701072565,-1.19121371222837
"502",0.750154946659173,0.140987199294184,-0.654307110766109
"503",0.264640585628371,-0.406938091102255,-1.4486217227136
"504",2.11447762743253,0.803205970371404,0.804431462340302
"505",0.0586646565021753,0.200684707654268,2.29284028833015
"506",0.286255808354008,0.103273346652454,1.01285494428733
"507",-1.17901916336539,-0.899614445132198,-1.39352401199833
"508",-0.880253601643101,-0.357323245052274,1.06411890988071
"509",0.606955901351012,0.0677370969374777,-0.576551239060195
"510",-0.904023366775823,-0.895993030982892,-1.60657458448725
"511",-0.00701887381896021,-0.437397516335114,-0.718134136882949
"512",2.57350359813843,0.37519640372353,-1.59704678403163
"513",0.693006113515833,0.210815857890037,-0.140064466445842
"514",1.4380625470694,0.480659423658505,-0.204945886042876
"515",-0.39434824724702,-0.650188041283904,-0.998540570826692
"516",1.0563267279487,0.2729409528126,-0.68113190708047
"517",0.487693760252999,-0.262187759760368,-1.76440050717997
"518",0.00330580289986323,-0.249098115842987,0.196315757333982
"519",0.0357340788078907,-0.333088805407019,-0.311349112567518
"520",0.835296363409024,0.455397456801935,0.696727394675452
"521",0.159765631902353,-0.249275522882595,-0.271808251491557
"522",1.10120326738669,0.578935572035947,0.769377507985793
"523",-1.70738084806472,-0.691161765117699,-0.0237736325585317
"524",0.0551050609808897,-0.0988262991755606,0.805475509443363
"525",0.914474656779375,0.742589729398214,1.94994299758444
"526",-1.59787384195458,-1.05207442269858,-1.88657169307372
"527",0.914508866070929,0.516434482098797,0.819092025540837
"528",1.09767350553486,0.466027507744155,0.210932192957853
"529",2.04945439192594,0.378646978169089,-1.27391441285824
"530",1.71531841235532,0.646292529543427,0.332665124178346
"531",1.55864277997007,0.350295825095103,-0.992440036001489
"532",2.4412852242792,0.513316303436036,-0.839324087355191
"533",-0.334143583478427,-0.385178661081967,0.22835210158815
"534",-0.339875708555055,-0.532074471321634,-0.496480630759795
"535",1.80788456948882,0.247047657756637,-1.74546181813652
"536",-1.4856300107611,-1.16236798672817,-2.502395242481
"537",-2.03268248938622,-0.493841406907825,1.11359338776259
"538",0.712995435067463,0.258157784621971,0.0372213158522161
"539",0.48544585685061,0.0716596855857898,-0.0854550301145925
"540",-1.2987364061966,-0.888055215373762,-1.25008341557737
"541",0.821529456574436,0.252531697617644,-0.283700668815037
"542",1.9530821332193,0.405496067309464,-1.069571590848
"543",-1.34805757107275,-0.437728350515211,1.0346253080036
"544",-0.731925487957526,-0.511267489194711,0.141344744700694
"545",-0.125795754065209,-0.309381879496113,0.205905198435593
"546",2.49688392156069,0.487942317908234,-0.995125524526181
"547",1.07326032777895,0.300238970431329,-0.575137131058086
"548",0.790009707533398,0.577027663071131,1.41898542706034
"549",0.510757572773236,0.0335742987841576,-0.382859751950537
"550",0.691962649567004,0.127246907545074,-0.554755422360111
"551",0.905784223062748,0.381782046155716,0.165002632223064
"552",-0.144051833466638,-0.213428607259798,0.725317276386868
"553",-2.21099596751812,-0.605474314308204,0.626387542643526
"554",1.9857193410219,0.634647896820522,0.0518559259220996
"555",-0.960750435110549,-0.389312138005525,0.979015238132786
"556",0.408568321316621,-0.0496843073427706,-0.333237739089574
"557",0.282914944158046,-0.0260678295664048,0.380231491367736
"558",1.13146952661734,0.143988506018374,-1.45658032878877
"559",0.0252011483304028,-0.135502371450403,0.705542687798405
"560",0.253733954478907,-0.442429832518944,-1.58221899194883
"561",1.17951470150769,0.123465463567751,-1.6368619273269
"562",-1.40865978113171,-0.606535490015795,0.229610480287617
"563",2.6893828363219,0.378535152342653,-1.63469987770051
"564",-0.211324839132459,-0.284138131887371,0.50986701494862
"565",1.22536948504937,-0.0476407931879598,-2.5626362625903
"566",-2.39499427724308,-0.669894746392684,0.370425188702863
"567",0.0765717551518693,-0.217967844295263,0.147450652827331
"568",1.01886637493411,0.255786440924669,-0.697129709839907
"569",0.429506977716246,-0.354625797265444,-1.96119240483437
"570",-0.638515474612562,-0.325531547579868,0.961929994923839
"571",-0.513555360581005,-0.573748813616483,-0.440692476296475
"572",0.947648570301529,0.337055165923837,-0.148618142451433
"573",1.0892682524808,-0.181545424560119,-3.01231416014972
"574",2.12100979129975,0.419352355904186,-1.11918306673217
"575",-0.297861973171551,-0.580756018563026,-0.812146627281609
"576",0.899742285028555,0.224323303330278,-0.608880020987823
"577",0.568408531952063,0.277475643492584,0.610787743254166
"578",-2.37825855925681,-0.446093663897321,1.48368458773394
"579",0.471675067099304,0.108459530741628,0.158934383709416
"580",0.972224361008534,0.642950440461886,1.33031278263151
"581",-0.813583632689544,-0.689151542349831,-0.661221526932438
"582",-1.33225363455321,-0.627176613919598,0.0769183528473342
"583",-0.391765399552973,-0.508165703735711,-0.29250061524069
"584",0.329711989193846,0.0286737227559207,0.44829007232341
"585",1.31084235691511,-0.198985763264004,-3.44113855966313
"586",-0.109532994260424,-0.280028760785671,0.316519399639852
"587",-0.51686588385385,-0.678744241627313,-0.961111444908022
"588",0.497144003549224,0.378542770986591,1.39888691693268
"589",1.68821038869072,0.421588083839094,-0.765599339907245
"590",-0.0949386707289959,-0.504007808402802,-0.836510512527215
"591",1.96188582398926,0.465025348375491,-0.778550343318984
"592",-0.413664311113027,-0.358853605503893,0.488204635431779
"593",-0.333557213299814,-0.971822036856264,-2.70585525189628
"594",-0.52995832982681,-0.900797177718619,-2.05350665198852
"595",-1.10069402121321,-0.548990870949975,0.299035430322205
"596",1.20777781710175,0.636221837846911,0.88319579391939
"597",-0.220026137754696,-0.462157828505951,-0.363233097133929
"598",0.0266998874063155,-0.235784982763074,0.200037044250249
"599",-1.22631064217731,-0.544967999923296,0.414490601740917
"600",2.82245482596895,0.260501075777226,-2.28269699485003
"601",0.657810819092038,0.586946286123492,1.8499281192157
"602",0.339206284118153,-0.113471946992198,-0.306481158096272
"603",-2.42597962821043,-0.906178609350862,-0.800490066582027
"604",0.99754510348894,0.120304321014719,-1.333334967136
"605",0.864277959644943,0.37302197599726,0.21561434625463
"606",0.0681618593513198,-0.365637989971096,-0.566238012227716
"607",-0.968981822296553,-0.675215355051731,-0.443140470049911
"608",-0.884888357916214,-0.520057344412663,0.254903689635993
"609",1.9927265626368,0.878818797667554,1.26756731525207
"610",-0.130967824414724,-0.350075796544246,0.0137666484395786
"611",-0.97935107952124,-0.430598255666747,0.78914305846653
"612",-1.37814009901627,-0.711746879816539,-0.315881065935777
"613",-0.166030096688466,-0.0887355258710278,1.39524615000296
"614",-0.323715724959629,-0.242344007358255,0.924807535685084
"615",-0.230244409322219,-0.611012241701822,-1.08778209890248
"616",-0.80985171975892,-0.614846687412806,-0.293523505256855
"617",-1.64414118493203,-0.408082229202541,1.3585132323461
"618",2.51488964287743,0.60529716225892,-0.417497072532506
"619",0.980804698673251,0.481800226829226,0.507292323501588
"620",-0.505547851082386,-0.493571423971176,-0.0508980533270442
"621",1.29699479420691,0.55848800367195,0.365201630327204
"622",-0.199574171148746,-0.720414416946022,-1.6947725586205
"623",1.51869944077118,0.319600513931865,-1.10270987908498
"624",0.914057001005553,0.510767133182254,0.791742729156696
"625",1.1353963254648,0.491192352386417,0.272926653220293
"626",0.388377222734569,0.155076534473369,0.794268233082894
"627",-0.544202062464351,-0.219430574149079,1.37248684391713
"628",1.06014541665884,0.555530326431037,0.724882560676049
"629",-0.518645496176172,-0.511361365327995,-0.121753432032271
"630",-0.114994709822773,-0.187727459472006,0.790256484467089
"631",-2.44775905066029,-0.740582235398604,0.0347725033073047
"632",1.90446362380687,0.973456250985781,1.80766680187315
"633",-0.860774697317724,-0.985598269577233,-2.09618490627476
"634",-2.29666910732261,-0.732490789118085,0.0229311597199137
"635",2.17974745261,0.423574681768236,-1.13622647431073
"636",-1.2200139945227,-0.727737424691908,-0.503913809285916
"637",-0.215366988535224,-0.295808765476818,0.459433846223816
"638",-0.132085925958328,-0.436180432145941,-0.414317365274064
"639",-0.528747123855548,-0.407967680973165,0.408998140886785
"640",-0.280603653562383,-0.495677178214312,-0.417512533047811
"641",-0.0248756498172458,-0.121994495916221,0.904701731297354
"642",-0.130647084304299,-0.279728754930221,0.364801475267695
"643",-0.419757854153026,-0.306488914546207,0.759378977070639
"644",0.0125125770250562,-0.228206045118027,0.276305690239897
"645",2.14318827353469,0.623860303095662,-0.111244427987468
"646",0.652851675418797,0.205025164411798,-0.0437640461701842
"647",-1.56924985882484,-0.572810044060199,0.493808328545919
"648",-0.496209450537274,-0.523637338644818,-0.21428523668682
"649",-0.348501834847288,-0.804099777503608,-1.84221327941799
"650",-1.58286702785391,-1.01917997089891,-1.73041855838526
"651",1.16587814324045,-0.0627646389200867,-2.54640617007555
"652",-0.172389798888045,0.0509402243208982,2.10681969066357
"653",0.0938437398419701,-0.292087422450926,-0.274831790855104
"654",0.907796198372067,0.206908348225317,-0.713807380721624
"655",1.17504527431652,0.594270532281308,0.724207686077977
"656",1.8752468479168,0.647414859772125,0.20067439226588
"657",-1.97254093249179,-0.434930565568333,1.38249774328729
"658",1.17365156358183,0.101516535914166,-1.73735826912077
"659",1.30666471314457,0.108196926890907,-1.89953121060105
"660",0.628298072889594,0.248161475601314,0.252652555373289
"661",0.437884925707085,0.0700077707963309,0.12186904443108
"662",0.0544916382350652,-0.401451002063827,-0.705897575446944
"663",-1.04172106237209,-0.939701169037938,-1.70272792887157
"664",-0.325900860409462,-0.704374507568852,-1.38161398580209
"665",0.201611751281478,-0.256174990293207,-0.452823604567902
"666",-0.353043443304236,-0.37912674928428,0.29017161633156
"667",-0.151726527813024,-0.155111786346825,1.03328057161047
"668",0.743319886133127,0.270557504792878,0.0125324859446178
"669",-0.52325054356497,-0.497534157060082,-0.0463156175258087
"670",-0.021183254291462,-0.353234573501813,-0.260875627670443
"671",1.05366720081468,0.515082778032948,0.534424586160222
"672",1.54516161512717,0.241479682857685,-1.52212083430351
"673",-1.45009718898657,-0.606469169451767,0.255651218499361
"674",0.122302428350657,-0.461026947389972,-1.20785743980174
"675",1.63085816815069,0.889016203490708,1.62703206401657
"676",0.811405510253826,0.0376615887762936,-1.33268922626014
"677",-0.865847560262252,-0.436758174075338,0.652977172075744
"678",-1.28018507201253,-0.622826762177026,0.0632976122355844
"679",0.163597258614304,-0.601366101929024,-2.04524766607005
"680",-1.02823806675072,-0.427686222073722,0.845988499918577
"681",-0.405949865694058,-0.477931792351447,-0.119117567760935
"682",0.320951657945889,0.054521731010072,0.617448324602177
"683",-0.865024199595827,-1.03152093273634,-2.32164037931126
"684",-0.982592526279458,-0.818941747142433,-1.14971584654631
"685",-0.156904802681341,-0.518142244134406,-0.770914511883212
"686",-1.54547536028422,-0.655863907196549,0.0650585175129429
"687",0.245541559392472,-0.372537098549223,-1.20037828441456
"688",-1.17471218660191,-0.796768929840184,-0.882528875754011
"689",-0.502375526745146,-0.731831461494262,-1.24661925423882
"690",-1.1517042159087,-0.679258351080207,-0.312432185387583
"691",0.322745961405465,-0.290983815162513,-1.11820014321875
"692",1.67352515020454,0.0674488332438977,-2.52235750838596
"693",-0.267737247793828,-0.425205060533709,-0.088510850110272
"694",1.14626750445178,0.0536606146347773,-1.93260524235813
"695",-0.0462788594618715,-0.316753102146127,-0.0157130101506538
"696",-0.604927283373808,-0.852794684603204,-1.71577727076871
"697",-1.53001464236829,-0.822399426228613,-0.776504904487563
"698",0.335580822167192,-0.0564665765278309,-0.00453906397460753
"699",-2.91194271097758,-0.817694549771102,-0.213303462804661
"700",1.42282848301818,0.533540356637734,0.0777697945345738
"701",-1.10868103552485,-0.281486243889211,1.64291042456574
"702",-0.15203543971888,-0.314500900720302,0.236990772948462
"703",-0.740684262917911,-0.361973818333771,0.897453808316836
"704",-1.7723130906169,-0.301718188516872,1.95604630523802
"705",-0.00903029464472896,-0.314825421549004,-0.100052210702564
"706",-0.286461353639968,-0.411382211575207,0.0144753555677868
"707",0.204934772700528,-0.539082563709095,-1.87945494034574
"708",0.27518304045043,-0.0864603221736047,0.110525272512923
"709",0.178074833726413,-0.681919738974555,-2.49785033293957
"710",-3.06311678116847,-1.12562632720345,-1.71442789275019
"711",0.246630694701642,0.0326559147135391,0.821310102136343
"712",0.13633821173391,-0.471310905647132,-1.30436400474012
"713",1.37820662238685,0.531265605643673,0.121680609883246
"714",1.21304801623067,0.204498134303384,-1.28342236868188
"715",1.13546506575256,0.582740818328818,0.730555250709631
"716",1.40424332305518,0.19731553879437,-1.58063215569568
"717",-2.89966332922596,-1.03196621575057,-1.28791217151307
"718",-0.10163967645263,-0.224971276524099,0.573968627491249
"719",-0.618495327780702,-0.49192460192534,0.105463315453052
"720",0.41064336308307,0.179046422362537,0.799986660911516
"721",-0.487738412463722,-0.41531559971892,0.315363956240916
"722",1.14812111027474,0.485895118737912,0.225542386437912
"723",0.191142287856753,-0.0236845068000408,0.747277398331231
"724",-0.994427962138491,-0.503476996312203,0.43797820641582
"725",-0.108574823446293,-0.418012092461952,-0.375552353386572
"726",2.03192169898724,0.356813668042765,-1.37071517324329
"727",0.111374833541846,-0.176265559688653,0.250345270867479
"728",-1.25118362508258,-0.819778675324071,-0.941776204725799
"729",-1.16217713903556,-0.834197939783252,-1.07914467150116
"730",-0.330114957852143,-0.616538655062901,-0.935266802808985
"731",-0.432680803471653,-0.742564882538737,-1.4013812418205
"732",1.92029243895005,0.694558669067595,0.400829651005512
"733",-0.414543343013658,-1.1221042519871,-3.32669568966309
"734",0.425181079435736,0.135649654645879,0.51115857522726
"735",-0.727556238692307,-0.576112430406077,-0.187719525450299
"736",-1.33451647153791,-0.510123368079596,0.663690626172892
"737",-0.0860414761231922,-0.409575090001222,-0.384877058660402
"738",-0.0905871388159293,-0.238878519866736,0.479126490748166
"739",-0.016029648575991,-0.340986272560551,-0.212806554479246
"740",-2.34477148546377,-0.654453562010653,0.430231477715692
"741",0.874129878951009,0.374821315091813,0.201709316591818
"742",-1.3791327147277,-0.688679496855162,-0.199905229248755
"743",-0.44106546126546,-0.492341601791887,-0.137686570308898
"744",-0.631714288808011,-0.457089806300364,0.29587063695611
"745",-0.585166208855036,-0.0631200566925848,2.20757294038104
"746",3.20460575327485,0.919323051869361,0.868031374345471
"747",0.112770115739007,-0.117774357416788,0.538443280647358
"748",-0.326128420089915,-0.0773084951086398,1.75410406134027
"749",-1.93114185584968,-0.661921810365495,0.229339002407731
"750",-0.962537844820075,-0.410752894174717,0.873414181883306
"751",0.314151345227272,-0.329053916843048,-1.26990777717014
"752",0.239215356479602,0.112217981384332,1.24807243325758
"753",0.61977722286726,0.417169112961356,1.12648883847323
"754",0.22094794173419,-0.373516698223188,-1.11089912298857
"755",0.392587773307893,-0.0224375148825127,-0.115174189944559
"756",0.555380321181484,0.0844939755332954,-0.305108495776361
"757",0.619083058945827,0.0410466255005385,-0.751759296990304
"758",-0.125062399929426,-0.4277335399142,-0.387466170935583
"759",-1.80743661131481,-0.954702578189936,-1.29179894568778
"760",0.0881125079574951,-0.278535171738094,-0.189763770921669
"761",-0.227679099316323,-0.258718241962483,0.668760396630862
"762",0.93618535100795,0.378312437179127,0.0818099179546413
"763",0.132274204948283,0.0651577929401045,1.39114096796132
"764",2.92655561364837,0.582312210605781,-0.715807799184405
"765",-0.28716936038932,-0.210964282068427,1.01783060038558
"766",0.487885147214274,-0.20680314641613,-1.48830209228163
"767",-0.297187178852456,-0.397256742841755,0.104159139995946
"768",-0.547649027779617,-0.504095744329223,-0.0462453895999326
"769",1.78525324408214,0.415794057358707,-0.882300853479809
"770",-0.183673451295317,-0.563941362681315,-0.944446559359428
"771",-1.05507119920095,-0.488174879676331,0.56602450052963
"772",0.00887440707351059,-0.599003613318681,-1.56797225484238
"773",0.378328858693165,-0.147588187767127,-0.667614489301854
"774",2.45267668420941,0.504107473079271,-0.891382703055476
"775",0.144129137875292,-0.315686873246556,-0.551722886751554
"776",-0.285389711407146,-0.498185312599549,-0.421457846142004
"777",-1.11429266625684,-0.913292391910976,-1.51168214836111
"778",-2.79789567879469,-0.908625237571441,-0.698885811911407
"779",0.156067041189915,-0.61132394388196,-2.0695937049734
"780",-1.15786282387349,-0.584376016052317,0.166683415974931
"781",-0.569759925836722,-0.565566095572224,-0.324522931350174
"782",-0.085622629411157,-0.219199966122206,0.566025812946075
"783",-0.373942072668553,-0.564768824009684,-0.60394612967184
"784",-0.738983203656579,-0.476294799865027,0.323982880657159
"785",3.01648688867931,0.652769558348207,-0.397975943782846
"786",-2.53874905525581,-0.804225273392414,-0.253907146567509
"787",-2.65715763311807,-0.782163559614195,-0.107170703016163
"788",-1.977319658322,-0.564130852742389,0.738568289441576
"789",0.335231635192624,-0.141191901973185,-0.426542869200158
"790",-0.912459017452548,-0.497583888914178,0.393396934050132
"791",0.184445848428909,0.179712709809602,1.78798990852404
"792",2.50112440380663,0.525962178913793,-0.807189779095743
"793",1.75217312156503,0.607490199310048,0.105261199314348
"794",0.156599124806607,-0.156331131508177,0.203583077574603
"795",-0.0731542249675237,-0.315612851076055,0.0547422658832882
"796",0.121238746017667,-0.178609144349735,0.207606474838931
"797",2.93946924657974,0.563397661868855,-0.815436731004797
"798",-0.208869573252454,-0.332855652965096,0.261448642895507
"799",-0.59042326604658,-0.38193661991576,0.620196719008081
"800",-2.07270353317822,-0.439957071597637,1.39958439879489
"801",0.225369816178625,0.0468275158868976,0.974157132041392
"802",2.51221176044305,0.466871171637009,-1.10827360040526
"803",1.8853786855056,0.611477018891336,0.012872172578254
"804",0.234565991446529,0.137948608327633,1.39468217399536
"805",1.27263696813849,0.662449010659612,0.9190701195129
"806",-0.865831064692911,-0.666065561728528,-0.49357586317287
"807",-1.76798038983295,-0.724401370901151,-0.159502766219806
"808",-0.998323423794404,-0.189892709919463,2.00929002076222
"809",-1.29920514662806,-0.577939682703332,0.300814374901694
"810",-1.50372797778428,-0.273672026672653,1.95180330351873
"811",-2.15478953287895,-0.827421633199705,-0.50493708563801
"812",1.17306277482472,0.472813556598626,0.120059010723717
"813",-0.406467046132741,-0.00952025362063375,2.22374327930428
"814",-1.2337611704787,-0.75207837218591,-0.615697510316157
"815",2.09294015978697,0.870321069488862,1.15448904812684
"816",0.380976361283935,0.194748036471986,1.03061655572377
"817",-2.25043771084298,-0.887531722407296,-0.76915281108837
"818",-1.36171301432986,-1.19811267869045,-2.75835165209263
"819",0.269905010952322,-0.242668465856017,-0.648761242082826
"820",0.365828113402093,-0.043682868009387,-0.0855565950322508
"821",-0.455923937658749,-0.229722581325769,1.19741185845448
"822",0.0410215285665085,-0.469965581220908,-1.01044601379075
"823",-1.31908462732573,-0.795874024359737,-0.775384055634662
"824",0.95627299132512,0.688669409798753,1.59152938215323
"825",-0.15363237080578,-0.317248565325549,0.226638200024516
"826",-0.579532846967456,-0.516144340372164,-0.0647756688693117
"827",-2.16021993707969,-0.469495146882618,1.28681123974455
"828",0.248443219516113,-0.00382342724316953,0.631777473865773
"829",-0.581702463179311,-0.38439987487968,0.596735104721981
"830",1.65365014798725,0.335274672522687,-1.16407097956411
"831",2.15803924294871,0.49160594344296,-0.782160452919788
"832",-0.64492060231669,-0.583179674435209,-0.318575565221203
"833",-0.319357105629707,-0.507263972349554,-0.407263501703879
"834",-1.82901673236438,-1.29789802199053,-2.9974711915158
"835",0.843965517944452,0.402222473530794,0.409844218764821
"836",-1.25613847657079,-1.0036016532258,-1.85738843039205
"837",-1.81497874756849,-0.792274995806792,-0.476043533927086
"838",1.32733406503638,0.875934742139413,1.91123188064959
"839",3.06790911095488,0.707118051608233,-0.145168544658715
"840",-0.136463186621956,-0.0274427586586345,1.63888482839955
"841",-0.592894114555776,-0.50773738144518,-0.00566747733737068
"842",-0.0216952164586516,-0.155382076859022,0.729690013283224
"843",-0.924458607005867,-0.395339128201722,0.915793850540147
"844",-0.33019330226429,-0.394905966257546,0.173029560088145
"845",0.0134059708112846,-0.297322469146579,-0.0716688800692289
"846",-0.0160180057888435,-0.497440558994056,-0.995107857601304
"847",1.26074713686087,0.463925630678113,-0.0565896387692192
"848",-1.16721712324543,-0.698019181805076,-0.394431633658373
"849",0.0376376268531809,0.0469588005355266,1.58360568831344
"850",-0.706044794707,-0.229869766202747,1.51936709788253
"851",-1.74026939400655,-1.18015852475198,-2.45207315679976
"852",-2.70703579734072,-1.09432856592874,-1.65328722170893
"853",-0.158814685811865,-0.560181886854438,-0.97709038926296
"854",-0.30946731169228,-0.152183248842353,1.35104235531412
"855",-2.53024571656691,-0.753933172066315,-0.00514818569193813
"856",1.16929476766821,0.172940346226483,-1.37332652770495
"857",-1.03020806491719,-1.21974671448378,-3.11264637952318
"858",-0.711539473411158,-0.671016533102253,-0.680156195276952
"859",1.66599017574232,0.310198887091658,-1.30138447583517
"860",0.188502735272615,-0.204210788622307,-0.145969078528411
"861",-0.340141945247217,-0.32272154708329,0.550730438649383
"862",-2.89283123817023,-0.659978830046491,0.570208144403743
"863",-0.100095330894671,-0.359528065899377,-0.102328094821546
"864",-0.388348457678056,-0.38923813971978,0.296731987809937
"865",1.75417252379463,0.655120259794362,0.341630258532663
"866",-0.57570228756847,-0.263861558607688,1.19169977883778
"867",-2.75194392474077,-0.876016539489499,-0.548790091748585
"868",0.201189640163256,-0.320039037013657,-0.770612651402365
"869",-1.02265656736197,-0.350904932823536,1.22515523762235
"870",-0.838898583669694,-0.695555768683587,-0.667631964771453
"871",0.331999089769135,-0.117893833315453,-0.295082281096442
"872",1.77672257011986,0.846654827744021,1.27942392989266
"873",0.0113279242321246,-0.382133273360805,-0.4901629476346
"874",-0.842939218101169,-0.675530245250982,-0.563471194502845
"875",1.21552826833464,0.667632030936004,1.02849870102702
"876",1.2337011439064,0.464632172673226,-0.0136503802612327
"877",0.233249104111976,0.15678239397374,1.49390999810709
"878",-0.292984095430944,-0.401784638480616,0.0740817167051692
"879",-2.31137752825875,-0.605489069710685,0.663220526291415
"880",-1.41488304006825,-0.615679317112346,0.187801610863968
"881",1.00006817426328,0.385738529060012,-0.0110984738935264
"882",-1.0147686910142,-0.483665813860243,0.554614460827725
"883",-0.948651416270227,-0.560511698199357,0.112103057203617
"884",0.455742100999838,0.289634808360981,1.13671147825121
"885",1.14527365439807,0.338753934779317,-0.505514085328976
"886",0.857215780463635,0.194456316399817,-0.660602330188444
"887",2.22976966216676,0.761186256103479,0.520601203754933
"888",0.500853643902088,0.152912533170444,0.255085781565726
"889",-0.193367488994645,-0.665002925928388,-1.43014282262264
"890",0.747921150990817,0.183672606323166,-0.434696211250736
"891",-1.62081474950978,-0.91632101991919,-1.19524960784179
"892",0.0605121197421503,-0.219812011778111,0.185045701006733
"893",0.161822322277882,0.04446569714936,1.18993751569508
"894",-0.705708004698258,-0.67318523400257,-0.697591988207115
"895",-2.90022533462546,-1.03747917116648,-1.31532777456373
"896",1.33624163429862,0.565270729468449,0.346063949716611
"897",0.546906731624115,0.460056475776749,1.60519675276123
"898",0.28351490645633,-0.228844827299259,-0.636175970600055
"899",1.55788973283563,0.636032290184158,0.43704183981696
"900",0.152119921115517,-0.252072507191276,-0.260127586131563
"901",-1.0815200269974,-0.616018710413313,-0.0515225651260032
"902",-0.124897380879724,-0.0804247121989385,1.34871477501925
"903",0.489961684289308,-0.114905948260321,-1.03774433295599
"904",-0.455787630211584,-0.302978819527365,0.830930459537587
"905",0.219171028636223,-0.26531403718907,-0.563225789213241
"906",-0.859087204357036,-0.811177025790603,-1.22573421649998
"907",0.190872144921359,-0.182025898669307,-0.0434671065177694
"908",0.183308209996499,-0.211186749883948,-0.162503610112995
"909",-0.321181543337291,-0.581796767925295,-0.776795429533066
"910",-0.136039472249415,-0.436316270923857,-0.406401213853065
"911",-2.2338172121618,-0.481995099234807,1.25235570044218
"912",-0.0283070244599543,-0.575093664665834,-1.35212500585681
"913",0.147713493346908,-0.0186678065144764,0.921539578561354
"914",-1.55578324356845,-0.91470641530339,-1.22328222571945
"915",-1.20735698937472,-0.559743620398235,0.326826670786358
"916",1.7633839241409,0.680305738646327,0.459390799610837
"917",-0.160493423681431,-0.291566457963151,0.36951389286428
"918",-1.57683803053328,-0.853059586620151,-0.903182860180394
"919",-0.114287470571459,-0.540969951832917,-0.977534581359928
"920",0.879510554467923,0.00241360098313531,-1.67270546674642
"921",0.700134219586996,0.166881078910957,-0.381143663557745
"922",-2.45173822289742,-0.762435259744227,-0.0731714199592881
"923",0.384621545955103,0.209419678584222,1.08533564351891
"924",0.928541364647329,0.349194026649431,-0.0474781688093392
"925",1.32745428955907,0.556924862520884,0.316021831556619
"926",1.50506108295884,0.299494413179592,-1.18810635180255
"927",-1.01424351225774,-1.06671103365818,-2.36106174420762
"928",-0.59643816731771,-0.376395130378254,0.655533162295915
"929",1.89571578327382,0.446883638044811,-0.818303321093237
"930",0.219681227473912,-0.125587955278251,0.133494489984284
"931",0.732138082240125,-0.00909146177106368,-1.35421818199626
"932",-2.4511957752007,-0.880426990249966,-0.663310017787575
"933",-0.0470633354163168,-0.337529192372632,-0.117668066430715
"934",-0.679695526627812,-0.49056577692422,0.185637990494389
"935",-0.223145879934383,-0.711157069474074,-1.60218050282824
"936",0.401923167141009,0.070740429185014,0.302585237727447
"937",1.82091675450166,0.458111841952051,-0.701161945595362
"938",-2.91100219031976,-0.577546592105566,0.987188029954404
"939",-0.613531985939164,-0.419797156073648,0.459948988034753
"940",0.680249566273988,0.722920279550791,2.45937537136139
"941",-1.2543032115529,-0.550895954508646,0.404844238201586
"942",2.63606946880536,0.679615440700647,-0.10478304976475
"943",0.43364817871011,0.144421524804626,0.514135801409534
"944",-2.93500371916088,-0.582932807529354,0.966559218647358
"945",-2.01890757473788,-0.690967574953386,0.122168488853246
"946",-1.13227315539653,-0.264925823270544,1.74423615602981
"947",0.232315109837759,-0.293893696974559,-0.75588968235918
"948",3.19282745469906,1.09153378807242,1.73306894790614
"949",-0.789138428563113,-0.824659636465281,-1.36406768506285
"950",-1.49433431172931,-0.153674622110557,2.54624382808502
"951",2.99931559002909,0.448593825255819,-1.41241006744244
"952",-0.700750198445396,-0.618252823126557,-0.428564041285107
"953",-0.068293458989071,-0.296530412829186,0.138624439672233
"954",0.718232752206945,0.407102232904573,0.76667967173119
"955",1.24010822266338,0.619756187831755,0.75252786002063
"956",0.467231685321693,0.104576636150014,0.159348886222315
"957",3.56511101885259,1.0005748149671,1.16333780773179
"958",-0.0621919535955964,-0.487946264528535,-0.833040178202549
"959",1.05129955385958,0.48268529691545,0.3767659568049
"960",-1.12634245201175,-0.709333906654081,-0.482427630013458
"961",-1.09861717093997,-0.887236189129418,-1.39384960851646
"962",0.976935727780654,0.453958202450529,0.375845408301148
"963",-2.923354986279,-0.77273937162188,0.0144765396149604
"964",-1.35807457232,-0.617613969537285,0.141767427772586
"965",-0.901042184143863,-0.600593927628064,-0.132394267773372
"966",-1.01206370961841,-0.523766359232113,0.351791283315392
"967",-1.67787147226318,-0.763576980274309,-0.401128093969412
"968",0.211286834112479,0.123047620532978,1.40788275956542
"969",0.467760751599808,-0.0827426584727446,-0.779617518831592
"970",1.09023966393475,0.466136662369758,0.224399231515484
"971",0.341497928416377,-0.190329789852584,-0.701525093988029
"972",-1.13455387445344,-0.501610620848598,0.562584264202259
"973",1.38325279420874,0.448081136066682,-0.300620572252116
"974",-0.399296978307575,-0.234219685795973,1.08906907554073
"975",1.35471297357786,0.298329291025613,-1.01286182274387
"976",1.2884149745708,0.947427829962802,2.32179728803158
"977",-2.21193785195162,-0.557174415719828,0.868242997136995
"978",0.814011737585637,0.173088994993835,-0.662116712536462
"979",-0.753376061662729,-0.614642842986163,-0.352063929725729
"980",0.83694935991861,0.540632173331656,1.11887520112332
"981",-1.70501926511788,-0.522645959708527,0.817593552668747
"982",1.08785553311411,0.478630657331842,0.291037806180977
"983",0.789967099443153,0.665096218208921,1.85943914592527
"984",-0.803006833238769,-0.482143498344749,0.362940066372204
"985",0.531510072645456,-0.275642911812759,-2.01297783598347
"986",-0.398449503041043,-0.317150949863178,0.673085617481795
"987",0.204891629937641,-0.330486628854638,-0.836317807498287
"988",-1.53605672521171,-0.507483649169811,0.801557908900865
"989",1.34503653345096,0.439260629340764,-0.295576273806873
"990",-1.54991969129507,-0.379379750528492,1.45001609236862
"991",-2.69691384801894,-0.841606040063158,-0.392630129634376
"992",0.802430635032254,-0.0324927720062327,-1.66066415993459
"993",-0.502920845225645,-0.416518143291312,0.330708379916271
"994",-0.932761197339923,-0.403375537580256,0.883273837414715
"995",-2.11404737014624,-1.14345127460098,-2.10117151102144
"996",-0.460611398990845,-0.174406736719786,1.48085768029055
"997",1.01412582334265,0.105392188851264,-1.44003546344004
"998",0.347172050041217,-0.0398692291038656,0.0239377486585742
"999",0.0620727557885092,0.0750759511325799,1.65498722221296
"1000",-0.226951396549175,-0.47198719397924,-0.398985066990831
