"","x_pa","x_child","noisetmp"
"1",1.28500341539825,0.588565792065549,-0.353609632750052
"2",-0.912233084613264,-0.406754474221464,-0.848112051665472
"3",0.827183273727169,0.909937486139941,1.73854841601825
"4",-0.124924444097835,0.218396459961269,-0.0719639819763425
"5",-0.770227176092845,-0.60654503380699,-2.21839443812974
"6",0.366882528095132,0.554543416833606,0.614059799533677
"7",0.0680973703076015,-0.0602329665264142,-1.90363878283278
"8",-2.22968164628531,-0.672415783911592,-0.144981425295986
"9",1.11939392123284,0.543914641258642,-0.416077880031011
"10",-0.365786641093728,-0.175736385431665,-1.37608456818633
"11",1.51235333145269,0.708786383869411,0.0491883452536094
"12",-0.624060656323404,-0.0456575918933921,0.147386694387488
"13",-0.718310590328751,-0.208732080571939,-0.377956023108975
"14",0.452369116813079,0.683873076382874,1.12335421525618
"15",0.25256198930204,0.508774912848868,0.582971598520254
"16",-1.19527282998375,-0.472481604057389,-0.561343304048828
"17",-0.951929090815347,-0.293051344473228,-0.184071248194709
"18",-2.42246290860361,-0.818440470162426,-0.697571651844497
"19",0.185651567002533,0.250035810217563,-0.586726141634449
"20",1.73547111367829,0.785907194654772,0.261608207674937
"21",-0.11332399681908,0.196325645353671,-0.210805656429522
"22",1.18809450635907,0.44571033912694,-0.975623733294084
"23",-1.05377851787426,-0.320454196403182,-0.090563699627304
"24",0.401442275286318,0.127883647578404,-1.57579295853525
"25",-1.11360785385149,-0.430497203005754,-0.514333397962917
"26",0.698013069529184,0.317509722212822,-1.06034586445698
"27",0.489296170859312,0.693784858876009,1.11613439229338
"28",-0.245478382032748,-0.375738848070367,-2.72805034730826
"29",-1.86550006936867,-0.370713890135741,0.969645202448345
"30",-0.841442134411336,-0.35617573410332,-0.774249999975036
"31",0.119466484961009,0.45300667105524,0.557377603092636
"32",1.63379837996763,0.909193413412851,0.954555272394638
"33",-0.99334262401442,-0.312909987658436,-0.18718957638704
"34",2.2605559080897,1.00047941678241,0.992959865996042
"35",1.87872093295718,0.815232852965777,0.306666656338091
"36",0.279035517639555,0.603439235359518,1.00897170605597
"37",2.07209707069333,0.720954874523475,-0.291410229113827
"38",0.42160784955804,0.36006248136052,-0.447247661514901
"39",0.340274646785322,0.147642859364207,-1.37591363124174
"40",-0.687753637762295,0.099100992797777,1.07015060015226
"41",-1.51628008873711,-0.690578449562965,-1.1021405014845
"42",-0.999301554447025,-0.133253502692508,0.724649525675229
"43",-2.12584518407308,-0.847272354872047,-1.12310190019516
"44",-3.51272542635423,-0.694978546212685,0.657601862899524
"45",-0.805361694889449,-0.138199806227334,0.219808688386457
"46",1.53310051716866,0.800534482156546,0.490986775237329
"47",0.137882524525563,0.686833583713644,1.68985942977392
"48",2.03394611869475,0.705677264230765,-0.343688215850516
"49",-0.818901630343824,-0.570625122021429,-1.90598140835357
"50",0.492872296870391,0.526894331250192,0.276261320811332
"51",-0.0172559781528245,0.555693876308436,1.36098124201758
"52",0.141988525054699,0.39970228390283,0.246104609231743
"53",0.220957238019359,0.489155245463701,0.542640307465524
"54",1.39302427555584,0.482458124482287,-0.981368071937054
"55",-0.38037178293336,0.124042884343164,0.168393620482996
"56",0.70040987230237,0.274625112437734,-1.27792363759184
"57",-2.66146012127085,-0.877519256028618,-0.796697419863044
"58",0.322204393721943,0.119700295752483,-1.48488057583824
"59",-0.40434913033633,0.295015763917838,1.09967360032933
"60",-0.500690429013908,0.0766521903558428,0.334811517205459
"61",-0.465195912500733,0.0931537644879468,0.29298339710748
"62",-2.90999993226816,-0.915820278879067,-0.807582420048885
"63",2.02732141423473,0.454334391816888,-1.5961732261756
"64",-0.857405618275521,-0.349173947755579,-0.69785588882796
"65",0.0320712796355426,0.185403750889654,-0.598989166490565
"66",-0.216826904644587,0.279643148709127,0.470879646653337
"67",-0.316170398977498,-0.641058112163194,-3.85287352733741
"68",1.54953313053243,0.692445306002548,-0.0627501461928877
"69",-1.07328656454194,-0.527426665305421,-1.08350454961121
"70",0.362826427037152,0.25009753284181,-0.90143788729744
"71",-0.915754265145466,-0.437363300200438,-0.99254609008333
"72",1.45983378548784,0.513512892029828,-0.883468311585105
"73",-0.358437224304746,0.267837242899927,0.819067268767042
"74",-1.96054299391849,-0.706472961914768,-0.5979410018106
"75",0.583740385670402,0.594135852034354,0.479163226169257
"76",-2.86652930267438,-0.746586183405125,0.00854164242717781
"77",-0.00263661916226791,0.292045743879257,0.0101036076828239
"78",0.426620187821005,0.533509313017104,0.412018654544896
"79",-0.0136707330566185,0.441584771689022,0.782394130367261
"80",1.10093981445344,0.53487136513907,-0.442423368033453
"81",0.231195747912132,0.370275436369729,-0.0706272249160496
"82",1.22757332211358,0.770950998855135,0.612390900575664
"83",0.987301855068541,0.697708128487481,0.492556761747111
"84",-0.851981819270076,-0.226043088625176,-0.0961947327510945
"85",0.466605591455792,0.556098707856209,0.462416485678439
"86",-1.62819210019656,-0.49346552171167,0.046988416664715
"87",1.83646270134263,0.666752838469031,-0.406492494258957
"88",-1.78490000074604,-0.341924397107002,1.01396027608412
"89",-1.93702533986452,-0.722806278911979,-0.706522482683463
"90",-0.468129567519303,0.317382333094678,1.42422543801249
"91",-1.24822199702391,-0.342457566682113,0.188883255853428
"92",-0.68190383907817,-0.258062086306138,-0.733412897663642
"93",-0.819593770513583,-0.270306301308435,-0.402542155095902
"94",-0.610854784282815,-0.518938289217952,-2.26190761215265
"95",-1.1487557039988,-0.345312121799925,-0.0169748213834649
"96",2.43901565528297,0.981212706800096,0.797589771804293
"97",-1.36811973465615,-0.440892426099698,-0.0911475689928976
"98",-1.55441710486842,-0.365973187330944,0.57805174930322
"99",0.534489026262695,0.557538100196008,0.367386951427562
"100",-0.400166110330937,-0.15014413112814,-1.13959207494327
"101",-2.14782066045042,-0.406034160073259,1.10558247837599
"102",-1.74054012314252,-0.464645225093034,0.343287815106284
"103",-1.21512507869353,-0.246516749910025,0.606502501478269
"104",-0.869755103881335,0.0350253286211936,1.25474381354338
"105",-2.27070153907606,-0.514445197407389,0.684240318151802
"106",0.319864775198327,0.168734519678971,-1.23569831258441
"107",-1.41162803011922,-0.205905127097944,1.1561782106734
"108",1.76462508351148,0.878691911811467,0.704288029515074
"109",0.606963409516201,0.830406890536266,1.62776173397906
"110",-1.69076640572024,-0.708538189799679,-0.942207422783315
"111",-0.0130754180752032,-0.0508157412272917,-1.68094132335935
"112",1.95221780013212,0.624418469387891,-0.69689541245053
"113",1.16884348743247,0.860050067659808,1.11500712808708
"114",-0.619743672052057,0.293588457883874,1.82965999780374
"115",-1.55214404067259,-0.814628983015647,-1.66859202674372
"116",-0.913573854078181,-0.0345509108971246,1.01618744303453
"117",1.83281098208829,0.813892465167434,0.33176017330415
"118",1.6806897912652,0.723562958749048,-0.00936508743764867
"119",0.891030161767812,0.382955849865742,-0.97225185743106
"120",-0.351493630612693,-0.355358190124511,-2.31821877279482
"121",-0.0939812246582375,0.46489636861998,1.08519719897048
"122",-0.0870093749228192,0.526580979419397,1.37692939360732
"123",-0.732954461531297,-0.285953275306679,-0.721381178288429
"124",0.249059050255658,0.639268649274382,1.24177385862218
"125",0.19349255811402,0.277027686919957,-0.466634340624175
"126",-0.792911104769921,-0.00948191752904312,0.829575460010184
"127",1.17402088959978,0.355040673420844,-1.41515180901349
"128",-1.224285538755,0.150891834466285,2.61089027491438
"129",1.32188400487922,0.894137909230118,1.1404158423918
"130",-0.292918039006375,0.420678058724051,1.38791266469553
"131",-0.192892918847408,0.178350485092013,-0.0991402552987752
"132",1.17021091612855,0.0993188135791648,-2.69000074732089
"133",1.11752024931853,0.565079845823017,-0.308345015452611
"134",-0.397337106627197,0.0963572392379288,0.0838401101656405
"135",-0.949200299464522,0.0709969159063639,1.62971008092559
"136",-0.18052403137671,0.241009492263414,0.181857485413869
"137",0.0945448564583782,-0.256432090480949,-2.9393382891788
"138",-1.85826131616867,-0.336113614640669,1.13390459430119
"139",-0.454609606866518,0.265420672008277,1.11813345229832
"140",-0.399401445181907,0.182953764374088,0.523441978290569
"141",3.30024275717688,0.887410236820167,-0.0615033811139017
"142",1.31099747109366,0.62379297425659,-0.201392080791914
"143",-2.40836962803217,-0.605256821042289,0.355988844224583
"144",-1.24127435473471,-0.189241610588479,0.942062989841328
"145",0.014077849016881,0.389965961586612,0.462883916277536
"146",-0.4701142669469,0.165819625348409,0.673262111583954
"147",-1.36097864675988,-0.819682702626806,-1.99720418768385
"148",1.09065633152804,0.736660625541099,0.577126359856122
"149",-0.91822313227784,-0.0945043472056378,0.727769514855772
"150",0.166245753112375,0.52500862040137,0.825331533419345
"151",-0.0782362576000951,0.674563808474514,2.09598559456073
"152",-1.01778376543686,-0.175624396385183,0.55440417940735
"153",2.45584769857781,0.915010661482351,0.457617720987612
"154",-2.21053202278247,-0.815342511075714,-0.878306484701733
"155",1.08045034734885,0.554901519929079,-0.321082898057083
"156",-0.88510686074012,0.100489276903366,1.62085800364443
"157",0.118537421338849,0.530589056991335,0.947153070749893
"158",-1.58449476848775,-0.578135403799109,-0.438730310744435
"159",0.628610764580114,0.646677657417876,0.679040528294876
"160",-0.733305850113054,-0.0233384787901464,0.592709503181582
"161",0.251677080929726,0.406092573360719,0.0711582755211082
"162",0.800375809748908,0.567695520604072,0.0601188185117148
"163",-0.711209560415174,0.0674436023932622,0.982005047649296
"164",-0.451547289661917,0.0443552107445731,0.00241403794478308
"165",-0.190012638418271,0.313231232778886,0.567709620503061
"166",1.3775960199537,0.584684120934416,-0.456696875971851
"167",-0.824672446855128,-0.205268379124365,-0.0638498061818919
"168",-0.184942830027143,-0.179167696044114,-1.90753247267902
"169",-2.10197066347335,-0.233308544905836,1.92195320268882
"170",0.656813942375816,0.620148013656362,0.507857588310279
"171",-0.500400731754929,0.15802232779352,0.740628147507779
"172",-2.10672363656528,-0.548265122290524,0.352127809754727
"173",-0.333196517729695,0.406144394021401,1.43384380345551
"174",1.24368042451827,0.604820929655595,-0.233599546054778
"175",-1.71257411476572,-0.396434329864939,0.647508408098583
"176",0.237563097015187,0.327158093138607,-0.297873143792378
"177",-1.13094424473553,-0.333422884993923,0.00652732358403278
"178",0.00575897116714311,0.0170030530932025,-1.38366989059656
"179",-0.625941376195375,-0.0383265679287108,0.190102946010751
"180",-0.967010677780882,0.0186897710714004,1.41006037882007
"181",-0.765589994998985,-0.589758042069997,-2.14743485032073
"182",-0.0837745227369026,0.387015190578943,0.671390891354475
"183",-0.645498351761806,0.00905064459546659,0.489331749006861
"184",-0.547190511682371,-0.192559747121818,-0.845267474618846
"185",-0.457806223768442,0.24034861823004,1.00365682125619
"186",-1.13695535349049,-0.298896605479125,0.191347403421682
"187",-0.203491290079328,0.119059244095275,-0.367626938186181
"188",-0.296569083860824,0.269227312253585,0.641218142758313
"189",0.489482507480151,0.39001786812797,-0.402983333549128
"190",0.26883203939045,0.510193694067825,0.560869671224978
"191",1.76883425640722,0.722109738645643,-0.081665143779858
"192",-0.631985453839201,-0.431203331799547,-1.75488097831417
"193",0.271882595052038,-0.622874506434847,-5.10990515507695
"194",-0.607971513521705,-0.334663429609575,-1.34997563023555
"195",-2.59534328303578,-0.961252437960853,-1.26726645656369
"196",1.89740368817471,0.482777157228775,-1.36835426097894
"197",-0.96426927235815,0.0373076228980418,1.49674486375533
"198",-0.0454799409627767,0.453976555795133,0.91657178951135
"199",0.546902389499397,0.44600927092362,-0.208433467767695
"200",-0.225158311578545,0.349512186849917,0.842683928160703
"201",1.33664812977967,0.611808664093009,-0.284585872803021
"202",-0.495962590434791,0.257872593282584,1.22407807412385
"203",0.564478487581365,0.316280930796118,-0.882546661474598
"204",0.522695592661493,0.701919157315654,1.10670601226553
"205",0.295462861918772,0.525840955577955,0.592091581192645
"206",0.84924680998658,0.833771570852994,1.33115091669403
"207",1.7386676139371,0.800519988099198,0.332328198237829
"208",-0.72756027830965,-0.222663853614615,-0.420585105939528
"209",-1.2997144188744,-0.472758267924664,-0.369138590792487
"210",1.07781654101041,0.88203059232723,1.31730462551365
"211",-0.707490726320294,-0.250276213919381,-0.617606772757506
"212",-1.50682277357409,-0.471807812493922,-0.0227015466159234
"213",0.058437315798877,0.476336119784524,0.799486341294733
"214",0.733731004601918,0.727222385796071,0.941711812838777
"215",1.96952494180725,0.941639506348449,0.877800439985377
"216",0.287608728881225,0.481736543025639,0.385336803995992
"217",-0.93309424442724,-0.0750297835414084,0.861130376784307
"218",-0.486412537384696,-0.407015403879207,-2.13410911627073
"219",1.03786671744343,0.709599305865814,0.497263515365599
"220",0.044447954242077,0.207956351555576,-0.512754742617504
"221",3.10164108261844,0.65886241241144,-1.12521112979579
"222",-0.319270323393331,-0.134575068024769,-1.31128968376907
"223",0.893975892456861,0.523859352157038,-0.271163839417275
"224",-0.651370159450913,-0.0260721821595909,0.332194902643677
"225",0.534950198315114,0.438572886980693,-0.228117178312957
"226",0.163804506401599,-0.0662681413158129,-2.12633275126919
"227",2.62508867728326,0.794571771820649,-0.231318686657285
"228",-0.0188646444099803,0.357781824409644,0.375037189083041
"229",-2.45775491218245,-1.39281005566836,-3.53887742171547
"230",-1.79939501739001,-0.605307437477428,-0.284658326253002
"231",-1.08986742528824,-0.825562964644747,-2.5390868860417
"232",-1.43302880750754,-0.571738329012257,-0.638218420007388
"233",-0.696162437989844,-0.313591357672129,-0.96797890474121
"234",1.3163555159937,1.001068129249,1.68009560006087
"235",-1.55607891528066,-0.731028876364966,-1.24477008920714
"236",1.2500311093319,0.851349673472767,0.993033573291911
"237",0.280083978369286,-0.186859423006671,-2.94437614184551
"238",0.640110478276989,0.573846880539566,0.299086680466432
"239",-0.538101933447071,-0.160196906275085,-0.715380815005489
"240",-1.45224176889932,-0.254346148796725,0.979501243173984
"241",1.40930550689572,0.771613592548772,0.45023976449452
"242",-0.511021946752759,0.211921274872689,1.04824702332088
"243",-2.85511226317344,-0.773382030713982,-0.133432488829185
"244",0.42769890901411,0.810044687690165,1.79298449615126
"245",0.276538753160377,0.362884802544466,-0.189378140180219
"246",1.68445693292433,0.910246619910626,0.921215729532494
"247",-0.184954436468793,0.555898857998496,1.76783055458235
"248",0.315692951446898,0.0585783816123686,-1.7793092122085
"249",2.33181495650864,0.812640730000506,0.0133166864275454
"250",-1.72514901353071,-0.276199366455539,1.26532907233939
"251",-0.935398157459846,-0.938402177782273,-3.45019845493386
"252",2.16057309671062,0.526838226725539,-1.31633944599576
"253",-0.268112374160411,-0.156600337570323,-1.56924193003458
"254",-0.275193768751585,0.0612604849421497,-0.45990897919279
"255",-0.26955358554525,0.222463378948238,0.330141916803261
"256",-1.16147528506476,-0.525183284821162,-0.890977056618036
"257",1.54353054067425,0.728263155542789,0.121181134196811
"258",-1.18682428770857,-0.606056079948081,-1.2455786993337
"259",-0.859429839263238,-0.388159825405661,-0.887580673069294
"260",-1.459984304021,-1.07394931685543,-3.1062391559922
"261",0.687516193484814,0.660704565635376,0.66950311152401
"262",1.53590923509404,0.74600875076975,0.216078415218221
"263",0.599666724975997,0.404269545286773,-0.492688294674003
"264",0.534027500385596,0.547749752986183,0.319124015960153
"265",-0.201239508618523,0.150546706062374,-0.216155192898815
"266",-2.16375521821249,-0.556697237877986,0.368400079940512
"267",-0.47122394306608,-0.209052827575477,-1.19726380377538
"268",-1.83504111458912,-0.592229895083826,-0.17498912790058
"269",-0.890952453112508,-0.183573639903292,0.215174277737909
"270",1.39586578488657,0.380763576377196,-1.4923226286329
"271",0.928838837365181,0.77487217104737,0.943779184040767
"272",0.0189495959568308,0.148550560731376,-0.754827633258712
"273",-2.40407876898485,-0.520278850658462,0.777097701389797
"274",-0.90249131295915,-0.10354166116405,0.643989459458612
"275",-1.49434789276593,-0.374355556831955,0.445398528238338
"276",1.31004376612878,0.703004832736654,0.195538765858094
"277",0.915682748907877,0.80553112088758,1.11211379204133
"278",-0.0884337504641863,0.176121347182653,-0.371967105402851
"279",0.43214732234966,0.256465516855871,-0.98195329375968
"280",0.861289281737593,0.558240841053627,-0.0608499916587742
"281",-0.0180549459785749,0.273365395587371,-0.0488657414086176
"282",1.16077814929383,0.807160208376297,0.85855122446509
"283",-0.469690653360426,-0.195115700162377,-1.13287783334017
"284",-2.81260351807759,-0.703784134718997,0.184402069218427
"285",0.430899671393839,0.393899087345743,-0.292812651276114
"286",-0.307369228655876,0.382144933548949,1.23726180501139
"287",1.60140337879605,0.436308455471019,-1.38466394846237
"288",0.139985168629609,0.218871416863106,-0.65410180767052
"289",-0.363164138298069,0.246480239859302,0.726873435636971
"290",0.0473291030155739,0.563203900309406,1.25734666436594
"291",-0.577287205357322,-0.335521643137762,-1.45652474054958
"292",-1.68571750318646,-0.380302164118422,0.69215289547505
"293",-0.651433925893559,-0.0146804626257784,0.389353557336733
"294",-1.2897383641651,-0.500738238235974,-0.526862098534811
"295",-2.14814111170612,-0.51510704545192,0.560543950978819
"296",-1.54473675095457,-0.505058276911285,-0.131740403646893
"297",0.311178921790379,0.233773126275288,-0.895552306600688
"298",-0.328824997234025,-0.158377499239533,-1.40186560038649
"299",0.0747857227797052,0.104553465542242,-1.09365326323755
"300",-0.118262362389386,-0.170168898141488,-2.03118717914876
"301",-0.0352554718685323,0.134459803494506,-0.704441268866722
"302",1.59263633564008,0.439301218646911,-1.36280764473304
"303",-2.09253508671908,-0.605514692669693,0.0510400402411149
"304",-0.454490890160586,-0.181347483354459,-1.11611081869083
"305",-0.452131374464487,0.172954108156474,0.647388061710811
"306",1.37428379790843,0.740854858932155,0.327078522426845
"307",-1.12792839022669,-0.321857732160752,0.0582153766856027
"308",-0.504545315788316,0.0738735720333489,0.334709021438189
"309",1.75485314221973,0.593555937954798,-0.7143048484475
"310",1.38667720858963,0.751382706287182,0.368812070817054
"311",2.41767947164233,0.815988458060138,-0.0170806861120557
"312",0.844003087728766,0.750870629428384,0.922927271296185
"313",-0.201621425359824,-0.0644711822419207,-1.29023371435361
"314",-0.890933717236571,-0.125995000411171,0.503020704601814
"315",-0.0927890786026838,0.30492136934546,0.282460871903151
"316",-1.52972032249108,-0.256486661925678,1.088638994098
"317",-1.18766159007427,-0.383166822871687,-0.129505830678682
"318",0.193095318282928,0.181694941967182,-0.942547044734831
"319",0.785420594250509,0.701923176340977,0.749787522150933
"320",-0.914970483874374,-0.353261053816154,-0.57394904273335
"321",-1.65721224317727,-0.5584654396255,-0.237599892359842
"322",0.766859294371195,0.308309020569066,-1.19503779934049
"323",-1.26740205147425,-0.247597939206622,0.69843537046536
"324",-0.85168280155182,-0.30466486873082,-0.490077110775765
"325",2.18566907300249,0.859368333259491,0.331281523638831
"326",0.232079197632862,-0.124587570331954,-2.54656336459039
"327",0.145749607203122,-0.0265196521466083,-1.89239977371705
"328",0.141707957910014,0.191548589625924,-0.794111343390707
"329",-1.30282837193283,-0.562427497756467,-0.811948905588145
"330",1.89302396122815,0.810440516908362,0.272939642134881
"331",1.7942944772601,0.672766570205355,-0.346651565767983
"332",0.493744391847048,0.518451690147846,0.232728320427374
"333",-1.53581280801116,-0.727096549975701,-1.25526193988729
"334",-1.89057586341889,-0.730412665256448,-0.7988696454401
"335",-1.91573431145933,-0.581286351742228,-0.0236261526250588
"336",2.24057072277069,0.466366429232113,-1.66603539139543
"337",1.18598936952812,0.689883606174611,0.247302854290343
"338",0.487173586739423,0.154057381581753,-1.57927928496567
"339",0.54163569079278,0.0497844039281277,-2.18186506004755
"340",0.305989322389319,0.786433183496472,1.87672861669672
"341",-0.0353562977998423,0.560124942155278,1.42411445821429
"342",1.23004375582813,0.577318027490971,-0.358135698928188
"343",-0.411409595481278,0.298029006608377,1.13760069062369
"344",-1.45548873472363,-0.295473967371471,0.77901838528986
"345",-0.189901835555791,0.240507681799126,0.203801673868689
"346",-0.379189642208246,0.118661501675975,0.13776719725337
"347",-2.4423847762165,-0.975005927631503,-1.46308799922397
"348",-1.42216234832381,-0.247944916696736,0.963161785354409
"349",-0.102961476054241,0.352122970317862,0.542981504304754
"350",0.535279890650564,0.253780476422344,-1.15256384684035
"351",0.208166757810935,0.349088941524704,-0.133907977401064
"352",0.249855847920103,0.216085201301316,-0.875585547904009
"353",0.919508516426308,0.46996157708497,-0.570119951599105
"354",-0.472280713636709,-0.248060725193442,-1.38864564369889
"355",-0.808568967672497,0.0379970683804876,1.10944190829945
"356",0.994199606720657,0.704527077056227,0.519085599658413
"357",-0.71395637606657,-0.099475685014428,0.155517104065471
"358",-0.741890729048291,-0.0462200664359024,0.503033558072962
"359",-0.302917084642327,-0.198532572163889,-1.67913275061407
"360",2.47363682483809,1.12945062704204,1.52041405070073
"361",-2.58257204721398,-0.47786855732687,1.13942496383382
"362",-2.50767750992654,-0.582438888875932,0.555222047019576
"363",-0.807211810295615,-0.145694307050957,0.18732844416796
"364",0.844428621762594,0.826670489131949,1.30141608701744
"365",-0.450240764591159,0.245009353018708,1.00126116575865
"366",0.285922557207731,0.684394313887125,1.40159197563054
"367",0.550721368543013,0.222305332962598,-1.33251386646124
"368",-0.679348822072124,-0.360093628019051,-1.25135491642949
"369",2.52934308627591,0.913011980743195,0.409217013800954
"370",-0.687944547520997,-0.209943875734143,-0.474496264692519
"371",-2.00258420672796,-0.60102626192671,-0.0235405340517255
"372",-2.82511356482787,-0.823197288476491,-0.403725188592105
"373",-1.21773051721762,-0.223057029226459,0.728747073079686
"374",1.27409602402919,0.514760457726303,-0.712497860332724
"375",0.488573906017029,0.540121911907531,0.348916068850704
"376",1.20598271758498,0.390492361308609,-1.26912215294985
"377",-0.334359983214728,0.205632322976132,0.434779500448978
"378",-0.602045642816518,0.238318492762757,1.49543895592834
"379",-0.561534517573171,0.244593107362293,1.39026113431748
"380",-0.840293159869203,-0.43872217458997,-1.18998442506293
"381",-0.105683766867218,0.406233344242671,0.82013092974532
"382",2.2632191829932,0.587654104288816,-1.07270094010515
"383",-0.0694504535115638,0.58746764032322,1.63977708528541
"384",0.231213455317788,0.424164863054666,0.198787405026908
"385",-0.182167225879816,0.00855403220208503,-0.976150325938172
"386",-1.03540378430248,-0.664231097247596,-1.84956741976435
"387",0.709610441516128,0.675682553766417,0.715299398509726
"388",-0.942429135594972,-0.0524292954329965,0.996482292085495
"389",1.84482236335781,-0.0579048752719631,-4.03561228179583
"390",-1.26440747844384,-0.643917959969476,-1.28863454482553
"391",-1.30763737427743,-0.412714148998808,-0.0548586587963928
"392",0.470406960432388,0.507629520571223,0.214216208831038
"393",-1.3988241609855,-0.416979236375102,0.0797444806601932
"394",-0.110273766464232,0.212298394952156,-0.138383582407141
"395",0.888948261643803,0.519165792473639,-0.288774588199101
"396",-0.545777792227,-0.150996328728764,-0.642392829404702
"397",-0.460024965854675,-0.00913497569872226,-0.236185334287461
"398",-1.26553576521136,-0.549582191411184,-0.814893318446923
"399",-1.07296206722145,-0.804625695240413,-2.47019144898747
"400",0.72618876037333,0.579010537297364,0.210382975155267
"401",-0.736947062813967,0.0101364935393561,0.770599379790799
"402",-1.30763503206667,-0.466526970118515,-0.323926908169336
"403",-0.0287490187355395,0.200967034507335,-0.386707395382785
"404",-0.410172485332652,-0.219957081316118,-1.45634734304748
"405",-0.243550053073215,0.492793766647069,1.60929803525166
"406",0.858510167282925,0.513117576981451,-0.28316485057548
"407",-1.33547439059082,-0.272334478605378,0.695773256183212
"408",-0.249680196931852,-0.105540521391059,-1.36544432883281
"409",0.751044962065611,0.516768911019464,-0.132713931138947
"410",2.07726804461496,0.717986186517128,-0.309489606277375
"411",-0.189170227522708,0.165097212806963,-0.175166001093688
"412",-1.0833526986998,-0.103632630203814,1.056831689101
"413",2.57599143876895,0.641387259188038,-0.972690245676207
"414",-1.99886432145895,-0.191222209928091,2.02135438859307
"415",0.479357682126779,0.381013763957343,-0.432585224956272
"416",-0.381710289706723,-0.162970249873104,-1.26245516932047
"417",0.31816575801908,0.183517073407385,-1.15886827515946
"418",0.891093967741358,0.775048211975189,0.988135602663493
"419",2.72027960745699,0.813435061687633,-0.18324921231622
"420",-1.99800592831168,-0.761510739688126,-0.831041525343914
"421",-0.354978462900958,0.258871923048641,0.763607745367798
"422",-0.659531112263479,0.0583813305475674,0.77996179974906
"423",1.57649669905873,0.781646847023729,0.361689556523521
"424",0.9135350142581,0.3955462175791,-0.935343969759774
"425",-0.991648480111485,-0.491918121555179,-1.08609717506478
"426",0.614491024064023,-0.231030203790844,-3.68993170075204
"427",0.642439883617798,0.145677900974949,-1.84494392671113
"428",1.38240744029058,0.915017010481031,1.19073264556736
"429",-1.10579787501575,-0.120686183647079,1.01856873610037
"430",-1.52171266988972,-0.264803839423446,1.03496926372213
"431",-0.389655929593174,0.0377465944329263,-0.233720490319156
"432",-0.147588013734415,-0.147028466841628,-1.84256923979607
"433",0.387277924903209,0.569882431334465,0.657207286631444
"434",2.77735269765073,0.802361554628053,-0.265522247466182
"435",-0.446050662710453,0.255125326961969,1.03769518386903
"436",0.592512811307904,0.271100807830373,-1.14844638485277
"437",-0.169515401358106,0.251760665406047,0.207175331690196
"438",0.907516462770426,0.632738098639341,0.257545270078577
"439",-0.244884141116422,-0.133546617579072,-1.51872802472559
"440",0.264020274736731,0.425657043557616,0.146783133517033
"441",-0.696269372296299,-0.199916498008738,-0.399283813221748
"442",-0.941611234226339,-0.320227836094077,-0.344461268976189
"443",1.71827242530727,0.722379932819355,-0.0433532548913481
"444",-0.408749491022536,0.13249895293914,0.301317878117413
"445",1.07187654144138,0.83934497882209,1.11007640069028
"446",-2.04924815070229,-0.534405556528977,0.360540888534803
"447",-0.34630133653094,0.0729672817806773,-0.192429561021538
"448",0.688723275483255,0.841327647249374,1.57101813109085
"449",2.99052144786001,0.869986708276605,-0.0228089943052294
"450",-1.65312260683876,-0.775025622866879,-1.32604809185243
"451",1.05835269289866,0.712244350260017,0.488769180157611
"452",-0.836443813254631,-0.389398004508443,-0.953444993064211
"453",0.85159936844741,0.739687806358401,0.85792081535593
"454",0.345148307540746,0.662528309798537,1.19029171473308
"455",0.376202206644536,0.287610605259929,-0.73599598430936
"456",-2.41252797498558,-0.563098716598652,0.570435316291518
"457",-0.0396684288272616,0.283431561612145,0.0505044043826334
"458",-0.339214732150068,0.223431183357994,0.53840519026973
"459",1.17338228730554,0.585784148159763,-0.260804715181848
"460",-0.886181598060579,-0.291673180897015,-0.337258541012798
"461",0.078015121557357,0.16916013151366,-0.777326474217386
"462",-2.17331344334394,-0.512202130309357,0.600482395737563
"463",0.535479014372355,0.640446144377469,0.780471853928534
"464",-0.604708838217351,-0.472862743138666,-2.05169100341271
"465",-0.805212094951267,-0.0423619133341313,0.698594101223978
"466",0.190947483092036,-0.0793026759838154,-2.2434703840522
"467",0.380678434413315,0.350596113405282,-0.428423793067097
"468",-3.06161206879873,-0.92053931258427,-0.73104301355854
"469",0.484014235688742,0.655540460825087,0.932943352689102
"470",1.39830348183367,0.496141962624846,-0.91755682357033
"471",-0.078038348140088,0.591645080710014,1.68092328261586
"472",1.14875138624975,0.427445735647188,-1.02803331697837
"473",0.263175564410998,0.660403655703065,1.32202861638999
"474",-0.401880049033805,0.238276745339095,0.808022936481875
"475",-2.06852370738054,-0.417238986941792,0.967022360026599
"476",1.0295736078653,0.301248879918215,-1.53562137635853
"477",-0.287055249987754,0.358407457483576,1.0596818363245
"478",-0.733978748390313,-0.0688332757113358,0.367181498006922
"479",-1.33901574451232,-0.647823218434677,-1.17554364838971
"480",-0.859176692292207,-0.228936534620585,-0.0921145742575528
"481",-0.725438561753341,0.0913979276235218,1.14354517190295
"482",-0.183832514118541,-0.29908413250998,-2.51000766283289
"483",1.17452402605466,0.313833810107341,-1.62168210357008
"484",-1.79916554391632,-0.45766719970403,0.453254527234294
"485",-1.3330303585942,-0.494068283468158,-0.417133631213316
"486",1.34115772569883,0.570521879833443,-0.495077863596981
"487",-0.056264537349257,0.48338071507859,1.08853122018562
"488",-0.281346268984718,0.3435870399669,0.96923640065754
"489",0.759224390905498,0.422358542003288,-0.615148115653685
"490",-1.79921958374203,-0.488245753599159,0.300429663071412
"491",0.245083313358083,0.510463581552696,0.604957624301924
"492",-1.24697868613641,-0.256928325331116,0.614226058688131
"493",-1.32305336369546,-0.579329489813687,-0.860820490834133
"494",1.46169114439885,0.848976583936568,0.792283794687909
"495",-1.31663457561444,-0.340465278389021,0.322249110331809
"496",1.58845847504443,0.832168432961708,0.604823764455618
"497",-0.618665669073512,0.10692231607059,0.892834408365367
"498",2.33398255585769,0.883077716295284,0.364290459496562
"499",2.32087196346578,0.910659883215963,0.509544054135083
"500",1.97358289543857,0.695693633842565,-0.354590832213916
"501",-0.205533085306642,-0.0565189994112087,-1.24009809779426
"502",-0.801019258102205,-0.152750293060343,0.135304742850132
"503",1.23813544948013,0.700017268633256,0.247647557289924
"504",-1.27783653718159,-0.185493116454942,1.02792060018349
"505",0.169079133877019,-0.0651267471443885,-2.13081147438625
"506",0.073916230329113,-0.0336024343345908,-1.78262402809721
"507",0.0804313747513696,0.386199837611896,0.302865816677493
"508",0.217255514218488,0.519198102426188,0.699713439813817
"509",1.25152028913475,0.749450509121308,0.482131382085556
"510",-1.52135503948901,-0.694823089444368,-1.11566824870077
"511",1.59011025296138,0.379532455587708,-1.65965981616362
"512",-1.07889786886933,-0.297509900970773,0.0780117039243455
"513",-0.846093802134626,0.0643750584460603,1.34062613541689
"514",-1.72689815583086,-0.622425310707704,-0.463496105669567
"515",1.27832257232177,0.82385163373383,0.829022211091731
"516",1.56261124466961,0.633571493999175,-0.36761738713788
"517",0.802097427322363,0.734478194562931,0.891910265405883
"518",-0.771021182018185,-0.0101699532514389,0.765696934485854
"519",0.162487055008863,0.547387823572112,0.944497829190073
"520",0.110044142533392,0.417251601274098,0.397566917977288
"521",0.551661976746444,0.415687654009387,-0.366969612324837
"522",0.103786175699039,0.434986084426745,0.498915261566098
"523",1.36304483201624,0.617818854866413,-0.278148820850734
"524",0.396067168203355,0.656823314985829,1.07760796343942
"525",1.82280647723517,0.879452042405415,0.66657951308325
"526",-0.959629014860494,-0.604479071348905,-1.72306468379058
"527",0.24930457916174,0.370095959095731,-0.104534082204597
"528",0.573581135379595,0.288345165290821,-1.03529700375122
"529",-0.422652453949923,-0.0333422369454241,-0.482507880437608
"530",1.0877418462454,0.858009485197306,1.18688733855349
"531",-0.398953810812029,0.0398855878191541,-0.193335417277273
"532",-0.827493662957389,0.144760687858668,1.6937688291781
"533",0.53936860553224,0.709067518201626,1.11787052097052
"534",1.33418829935767,0.613633705565276,-0.273242946130012
"535",-0.478290764447386,-0.428485875284669,-2.26989136047294
"536",2.50394760384332,0.941834476782245,0.566469333260693
"537",1.08064610318798,0.641306666440932,0.11073919306447
"538",0.637252085860129,0.545938466635728,0.163460542649692
"539",2.53396540030999,1.0199750007231,0.941655171791391
"540",-0.247718324241274,0.334679398938147,0.830226628305438
"541",2.20719042206546,0.966427202623849,0.853818777339956
"542",0.707554985221446,0.304693964501815,-1.1369546346844
"543",0.694541086763545,0.471849124848178,-0.284070158386143
"544",-1.31614842296762,-0.368922541445589,0.179108394873891
"545",1.02830874107843,0.906680646334809,1.4928937087914
"546",0.951016583503327,0.61923027575714,0.140487341262039
"547",-0.429565180440238,0.0256193942875436,-0.164892260105556
"548",-0.704253044268783,-0.0263612101282848,0.492347530055572
"549",0.874512646001165,0.754714494251731,0.905887345256674
"550",-0.222140594022643,-0.147382666800011,-1.64994550568502
"551",-0.153838389962237,0.0359967194093307,-0.911651148622772
"552",2.38583043015142,0.326341457798483,-2.4480310840557
"553",0.385308089326246,0.774804420300847,1.68503555442081
"554",-0.286786731359281,0.195434298526233,0.244045320016471
"555",0.52717839390863,0.215381051399087,-1.33262045268087
"556",-0.0406124673187252,-0.165110113938628,-2.19004115109621
"557",0.933360100870919,0.738721225482715,0.757883591074295
"558",1.3807569291915,0.619437529283544,-0.285713239083121
"559",0.589136791578324,0.690222627997702,0.951939252935775
"560",-0.182520924344709,0.19940257891858,-0.0209877381224718
"561",0.398751231287909,0.0522431070003556,-1.94964296360975
"562",1.44418209565216,0.8736951828071,0.930703393512033
"563",-1.28807948042403,-0.314296154041127,0.402371302453489
"564",-0.963426737336721,-0.098431898744749,0.816075752315996
"565",-2.83970745652182,-0.743436051288768,0.00544060316580719
"566",-0.0451258773388792,0.277103225410902,0.0313903371932378
"567",0.578182106751354,0.759276707742208,1.31278451899735
"568",-1.52524827550798,-0.368915379249579,0.519755288536314
"569",0.297501977215963,0.452167612810923,0.220163889156268
"570",-0.0106624197958702,0.0466717385198932,-1.19889961100208
"571",-1.96326267169322,-0.5976010765821,-0.0504938451909872
"572",-1.88786736124135,-0.5808235818095,-0.0541398137941481
"573",-0.691880134109601,0.0230277104095092,0.702241986203849
"574",0.791619465365627,0.430450964644774,-0.615275686460546
"575",1.78764652008382,0.370570653606698,-1.85288215119936
"576",0.496982464262505,0.444318468164655,-0.142831102329812
"577",0.0863015320154128,0.235061477709399,-0.464947099269235
"578",0.207673814003795,0.34061169944267,-0.175372834170478
"579",-0.484930629673438,0.250184462941794,1.14668445592886
"580",-1.17696847884872,-0.475037391007858,-0.609713373888776
"581",0.63061937112221,0.727384945822127,1.0798084858203
"582",-0.0355349044310799,0.344310421163122,0.345449392326734
"583",-4.5954434557066,-1.06111045954223,-0.709144493116239
"584",0.0589050939304086,0.677375727692562,1.80369861893609
"585",0.647090089722682,0.439929920962895,-0.380028694683869
"586",0.336248382937663,0.532430636167195,0.554840051225154
"587",-1.73060519477681,-0.39485920252364,0.679209846367082
"588",-1.45837568849546,-0.377853483379061,0.371695239889078
"589",1.90131345663172,0.863031995460287,0.530267453524239
"590",-0.238227569800541,-0.621308357516335,-3.9758317104756
"591",1.4564824876111,0.422288580674024,-1.33675978048393
"592",-0.80751574153333,0.135662656376323,1.59493254677923
"593",-0.643613006000699,-0.155181663436992,-0.337785911223437
"594",-1.5437296820263,-0.505233295169623,-0.134115659358052
"595",-1.03252358544215,-0.730498954005792,-2.18725194600653
"596",-0.387789687409076,-0.239599457582964,-1.62637624655881
"597",0.186795161596477,0.422232257488475,0.272081971878738
"598",-1.98836154386609,-0.525075342009979,0.340391227116128
"599",-0.37259641969105,0.278366205864033,0.915627023220442
"600",0.552429819499115,0.349914285565495,-0.696952002752781
"601",-0.0827860140214848,0.516232717084292,1.31512700887368
"602",1.26059289915378,0.32028354984386,-1.67224648898504
"603",0.984922101772758,0.602488184698222,0.0190745613685506
"604",0.344101095651691,0.493519803516463,0.347013334417565
"605",1.18523456257085,0.807090783547454,0.834078051238892
"606",-2.03884720805827,-0.792352752209292,-0.940435160356229
"607",0.229842020386881,0.43262919272383,0.24362775949354
"608",-1.54027355043184,-0.313140355357352,0.821192654098928
"609",-1.14694959408519,-0.192090590409648,0.745511631920234
"610",-0.134703644415185,0.237142096390439,0.0460104975033807
"611",0.838967440821635,0.936656212056579,1.85790641780786
"612",0.288816034108549,0.457780727176993,0.263436154452068
"613",0.188016240860074,0.493899707567259,0.628099949134618
"614",-1.41602391352043,-0.577972003260463,-0.696970001842483
"615",1.4140844340764,0.663710492509148,-0.0934115846947655
"616",-0.245222473394407,0.28111695611524,0.555522801727291
"617",-1.65955485973745,-0.836481584031636,-1.6244527165106
"618",-0.589489236723203,0.0816322164283891,0.670300975434261
"619",-1.16014040422081,-0.307351365247133,0.195533939753715
"620",-1.66537152617327,-0.731539157832795,-1.09174763717079
"621",1.08657696940632,0.492296701759863,-0.64046942695464
"622",0.0162866730351201,-0.164365813053463,-2.31360201635735
"623",-0.876336851151408,-0.139171919191556,0.400456085959381
"624",-2.3161743848369,-0.74804917577,-0.441173109515714
"625",0.622089666952766,0.04149128788242,-2.33787747129623
"626",-0.650827091580611,-0.136873779460374,-0.22351739522577
"627",-1.3231778290184,0.0516618187854736,2.29435368806434
"628",0.354339183005164,0.780682827726845,1.76563969469306
"629",-0.115653007389229,0.487065852241572,1.24859113180899
"630",1.15962043862162,0.657843925408917,0.113120203674619
"631",0.189581368781953,-0.160625074040668,-2.64749345106759
"632",-2.56215402926029,-0.551961149297505,0.752470474987023
"633",1.97200395084463,0.473080008245217,-1.46662380785992
"634",-1.60524906144606,-0.404182243144096,0.460889913716734
"635",0.520237148827819,0.188979874812152,-1.45434235721303
"636",3.32070569200427,0.901475903839101,0.000996217958959544
"637",-0.371271115262722,-0.232518406507965,-1.64293307455786
"638",-0.393849046477535,0.239479614559252,0.788299278595884
"639",0.576869002017864,0.331342016443425,-0.825014215218659
"640",1.81700194975218,0.609200761923341,-0.680587667519279
"641",0.639603371027584,0.52043436102687,0.0327182627554223
"642",-0.693108027867679,-0.114148970005223,0.020055742663001
"643",-0.266663895042518,0.0847536979657481,-0.366551864698579
"644",-0.342214601861787,0.10282520489746,-0.0555483321424995
"645",2.14260823933716,0.790173018663149,0.0111963633594329
"646",-0.0909685815469663,0.423919120434339,0.873085972220856
"647",-0.6598675016856,-0.068073314370686,0.148735147175289
"648",-0.193985049109983,0.24840262888444,0.253989963171128
"649",-1.15079090305634,-0.507903378311597,-0.825856908019404
"650",-0.903964482591236,-0.417733732731663,-0.923333805183888
"651",-0.299211034815517,-0.128339419886994,-1.33895133104568
"652",1.47028292895916,0.676540281717443,-0.0771235753365603
"653",-0.881249770845625,-0.214269503086972,0.0373678290788101
"654",2.53756170942889,0.725917171901671,-0.530480203412519
"655",-2.86021932404014,-0.58947389873094,0.789689829973524
"656",1.14439554159095,0.432906121847405,-0.9963693217875
"657",0.32332704683864,0.758721990712143,1.70830566130488
"658",0.591195107947184,0.646170739965238,0.728766316566266
"659",-1.80423887868961,-0.516292271615801,0.166493995441078
"660",-2.26849837359299,-0.648964425987761,0.00955251548347154
"661",-1.3724419063796,-0.460903496403271,-0.183907289500883
"662",1.10623165566987,0.651004280682788,0.132809277210231
"663",0.283414192553675,0.405217611558842,0.0101281991648635
"664",0.424504909417269,0.313000482647211,-0.687166458084289
"665",1.27575526088047,0.477067693441907,-0.902507873886761
"666",0.446493006686314,0.671818598127022,1.0722549012306
"667",1.49571812871579,0.909742129767523,1.06768316554387
"668",0.403998052348658,0.383701869907798,-0.300827893712117
"669",-1.03173268812089,-0.20581006826582,0.434447379146331
"670",-1.39818292916372,-0.135117452572133,1.4879933283314
"671",-1.86028862547524,-0.585232840623686,-0.109239223110894
"672",-0.413174661175129,0.00832780143243506,-0.305164312020351
"673",0.834206866256586,0.752565734331166,0.943192283040989
"674",1.03067508068544,0.719084900623358,0.552378498581168
"675",2.74839797187481,0.849991091352258,-0.0137998740809027
"676",-3.07396253445238,-0.726734039751882,0.245836519406543
"677",-0.272025204387259,-0.125671897300475,-1.40354960870174
"678",0.614322845314932,0.535658482923202,0.143745915481461
"679",1.35397154309792,0.859529214264462,0.938481832811432
"680",-1.8247879494434,-0.908066803636342,-1.76680808825653
"681",-1.57858558035363,-0.562052467011038,-0.366893812763016
"682",-0.893995592050215,-0.383653738635255,-0.777640062748743
"683",-0.0226117417075759,0.166072005276873,-0.575069269202864
"684",-1.51766956401455,-0.604864789870017,-0.671462528806429
"685",-0.259562214843101,-0.0445209227175488,-1.0328475547998
"686",0.741845623968722,0.28550820954452,-1.27727498723139
"687",0.768420012639245,0.523618454791766,-0.120455848619216
"688",1.59321345193981,0.796128406643018,0.420873636000793
"689",0.302547430146971,0.225830676796597,-0.920308357236697
"690",-1.11327303870802,-0.546185652373643,-1.09346600403355
"691",0.434230494843549,0.879030376190223,2.1275810160958
"692",1.34693204573524,0.73165013840688,0.305381699893124
"693",-0.0717906668145503,0.216071590256263,-0.211697663402624
"694",1.34942212968494,0.619523328838094,-0.2574819021116
"695",-0.0248712380951934,0.211900981787295,-0.340820363309877
"696",-0.774244282101658,-0.212476834386835,-0.236859402995588
"697",-0.300003549923915,0.281389838350377,0.711997854014302
"698",-1.38850849032489,-0.722269925302362,-1.46382337207395
"699",0.703889979812325,0.758472220753902,1.13674010933773
"700",-1.0164770611756,-0.224566279629892,0.306774530208186
"701",0.516707966244918,0.518850958582091,0.200260872888678
"702",-1.18451918619539,-0.459334115707245,-0.516452480050771
"703",0.491757291825228,0.336750431223394,-0.672769596096464
"704",-0.364492261986912,0.0401771134264515,-0.30053003602106
"705",-0.727807043222039,-0.366763536050641,-1.14036574485009
"706",-1.09377276083459,-0.304067636519583,0.0765868005264436
"707",1.34646844827469,0.33031008698756,-1.70090313332496
"708",0.317304852432451,0.489690410989479,0.373478031929123
"709",0.114796737562586,0.320677686522298,-0.0948864452794437
"710",-1.20177663854788,-0.531608895113565,-0.84445775183572
"711",-0.721393263142233,-0.052895569495621,0.410261951889957
"712",-0.19742807871591,0.274792610715441,0.395005213849643
"713",0.0767502708053045,-0.342762990537655,-3.334317471583
"714",2.79453938138788,0.876691408211567,0.0981416698594891
"715",-0.580431334177815,0.159841920329718,1.030922422205
"716",-0.570282113413159,-0.522180170476752,-2.41362613839449
"717",0.175670155553779,0.0884430950480242,-1.3756303465998
"718",1.50061966985893,0.971023114116287,1.37003436124993
"719",0.0414820351347535,0.370695593473383,0.307273758518887
"720",-0.972779529870578,-0.267633915409119,-0.00813009418155245
"721",0.654231382524424,0.689308881430241,0.857160507050093
"722",2.57390234931276,0.635155801258704,-1.00279204167049
"723",-1.30600096213549,-0.164009504829478,1.18576767041789
"724",-1.21599617363819,-0.245332881972761,0.61407658987224
"725",-1.92958012419991,-0.836012303981252,-1.28115433046182
"726",-1.04451460692329,-0.242162908058503,0.280743708673082
"727",0.261868063667417,0.40582383287746,0.0514724582603465
"728",3.12965818065013,0.567731433541815,-1.59236185133345
"729",-1.52708565968951,-0.620514181544683,-0.735466923067234
"730",-0.165484819220801,-0.0470786610878121,-1.2973617928431
"731",-1.39192955982901,-0.393591211379808,0.185260379004499
"732",-0.768258276511287,-0.565417219416023,-2.01825756044268
"733",0.0742116624670024,0.149676055823284,-0.866846285989225
"734",0.349857965393152,0.415679969926418,-0.0518670719541096
"735",-0.654535122045025,-0.203420540949413,-0.544632865675487
"736",0.608966314901275,0.810091966356039,1.52338600276289
"737",-0.0908224387431811,0.318349826054659,0.344889506344005
"738",-1.5254831181655,-0.223410373067339,1.2476347921432
"739",1.40701533357454,0.874030469762793,0.964309869627363
"740",-0.859001774241241,-0.300963777248652,-0.452700254057071
"741",-1.30436269226865,-0.345572761700101,0.2750475967968
"742",1.16611962902349,0.476965785427973,-0.797718816922316
"743",0.387163863053001,0.43617600540353,-0.0111386145412891
"744",1.67527983983168,0.748576217843545,0.119785372574292
"745",-0.850608752369901,-0.110184384754348,0.479545284385952
"746",0.823889346705234,0.6183327786125,0.284522912043979
"747",-0.328271650348118,0.0196863945988984,-0.513200292445157
"748",-0.529402546526674,-0.0942111361815584,-0.416305105003817
"749",-1.0532590312208,-0.370449256692491,-0.341664735505378
"750",-1.47145384654148,-0.331043907500214,0.62634750222942
"751",0.545218222594856,0.726126287343918,1.19460853513509
"752",1.96564698066252,0.626537302203519,-0.695162069534586
"753",-1.78349819455445,-0.503628989306135,0.203658817013742
"754",1.80201561849757,0.706412009156016,-0.183920939438618
"755",-0.139656881593374,0.188518254978264,-0.18474612948957
"756",-1.34706917193386,-0.632982586200818,-1.0874678933584
"757",-0.964406458608051,-0.185281735606213,0.384118945140473
"758",0.18115492726799,0.06350794731551,-1.51079774824419
"759",0.0953693007375926,0.270279118533358,-0.307468546458387
"760",2.27685426253068,0.82727167349639,0.117559726151322
"761",1.59567348449648,0.620190164863856,-0.460754126781261
"762",-0.182642801178278,0.0182130743538885,-0.92661822971841
"763",0.759841723228725,0.385903190045963,-0.798206257112328
"764",0.567397619283491,0.0644224550529736,-2.14603981751303
"765",-0.403483097140765,0.115983125480301,0.201717690639773
"766",0.892404995307499,0.296700209336839,-1.40513144987217
"767",0.479807331567641,0.604424598292986,0.68378185970922
"768",-0.00209355970188453,0.457745064058264,0.83739566690844
"769",-0.717295943327673,-0.248907125498491,-0.581811172934714
"770",0.552009335380773,0.555922679408951,0.333700787187882
"771",1.26298384978187,0.763569327717211,0.541938133397901
"772",-0.623667812061419,0.330248486113887,2.02564956136605
"773",0.945141666520115,0.604482783922832,0.0733614189119125
"774",0.173232032860168,0.410741444635416,0.240539828859591
"775",-0.354339022109543,-0.164080135632547,-1.3531142911982
"776",0.938838804433715,0.690060598592962,0.508369851815533
"777",-0.967689258853403,-0.281150300701361,-0.0875569666143594
"778",0.443205965027851,0.491920444665209,0.177912268738221
"779",-0.542206547563136,0.189852428646539,1.0493235269863
"780",1.30407386819497,0.851050432810675,0.941232747708871
"781",-1.37394341410087,-0.7462521950518,-1.60812176977117
"782",-1.7080272745058,-0.401728487598703,0.614984850624444
"783",1.99160354238609,0.762717264385419,-0.0312337066261377
"784",-0.100048967608523,0.0792426138697842,-0.828461197775821
"785",-0.0918945572320131,0.328563582208028,0.398526928893438
"786",-0.0813902937873327,0.366898988053439,0.565141634119038
"787",-0.276014342288668,0.315178515418347,0.81201088196013
"788",-0.231998819078048,0.287992326026778,0.553656425120836
"789",2.06954382631249,0.708384447653012,-0.352661782897933
"790",2.66075448906869,1.10482680716884,1.30242321474975
"791",-0.151615446750594,0.484629455489005,1.32588579430794
"792",1.58096121780039,0.955965647023794,1.22974092515191
"793",0.1334668758393,0.11920872954559,-1.13952597867214
"794",0.754970396517185,0.326128400964561,-1.09090594115778
"795",1.09028468180551,0.822449741799572,1.00645633872722
"796",-1.22163921703791,-0.818078412918601,-2.23895882767649
"797",0.727194680068273,0.48982048648682,-0.236867788297523
"798",0.245254106504525,0.167276561833889,-1.111287622319
"799",-0.35562251931572,-0.484221727124495,-2.94988333394611
"800",0.292822277558209,0.669623069574067,1.31562164418505
"801",0.709886773406005,0.202580543733051,-1.65057186937755
"802",-1.45608994497433,-0.210361524828718,1.20553400972663
"803",1.38215894389653,0.912830598756449,1.18001904201532
"804",1.45688736714872,0.667824450082464,-0.109422608408371
"805",0.483915123090349,0.670273666480473,1.00676036290964
"806",0.584523464543021,0.618417278606346,0.59945737518597
"807",-0.520826818663702,0.185808792919874,0.953095654666167
"808",-0.66118362457104,0.182574065293163,1.40606335318273
"809",1.43834629685075,1.08389448692034,1.98667205724682
"810",0.647006016002854,0.184086090963627,-1.65913330665694
"811",-0.386888360569235,0.0749572301048872,-0.0564505832080142
"812",-0.00563164018784699,0.375681811269767,0.434937100835617
"813",0.940212074533357,0.696613223332944,0.539579486458672
"814",1.14909458410298,0.980937063399271,1.73908009471345
"815",0.659895964659732,0.926181404789278,2.03385718833977
"816",0.698500411796455,0.062358975008264,-2.33674145209019
"817",-1.32427018798504,-0.306420593097964,0.505850814439676
"818",-0.788663234186979,0.33512120872363,2.54096046015139
"819",-0.0782544291463451,0.157298529212452,-0.490297765285225
"820",-0.495420895969577,-0.153715043916838,-0.835783578303446
"821",-0.0657851562859137,0.517647866657757,1.28207798655433
"822",1.48247422679278,0.836299650507231,0.711475670213627
"823",-0.0348695092186274,0.140088104599829,-0.677180150173583
"824",-0.580417540495694,0.285856919793671,1.66095086379374
"825",-0.602261293181578,-0.157303400635278,-0.481958961366713
"826",-0.391361372239525,0.217924775528908,0.672595204232784
"827",1.44683388023601,0.764066016918603,0.380303267536868
"828",-1.33043576848618,-0.390376094505698,0.0968198586328291
"829",-0.347364132583581,-0.0730594814873254,-0.919328177970663
"830",0.718560386663821,0.757347163951212,1.11195619873263
"831",-0.475425653010409,-0.188841550847059,-1.08164031852659
"832",1.00559645040099,0.519559933551918,-0.418182878947039
"833",-0.657091034780069,0.201444920760062,1.48767757938085
"834",-0.0207298936297652,0.169672413182782,-0.561310635252164
"835",-0.240286567351301,0.355753512366618,0.915124307956798
"836",1.24572669022688,0.625714825153712,-0.131069069684767
"837",-2.20422709840016,-0.554811269777286,0.418151298934228
"838",-1.08098421640709,-0.618766279701786,-1.52384775571863
"839",-0.267813408916737,-0.107394003228008,-1.32405285481549
"840",-1.31642437541343,-0.28333610185034,0.607525610398649
"841",2.13999474685948,0.730444660190751,-0.285858035019585
"842",-0.54825216201721,-0.108317568589903,-0.420347262756205
"843",0.592234411617449,0.658914727791944,0.791016692813541
"844",1.89965451828155,0.725652704406918,-0.155504135219869
"845",0.474910716973805,0.32265311054099,-0.717581549492716
"846",0.00887986941883619,0.334167661510879,0.195287419402543
"847",-1.79695459194671,-0.701718527328062,-0.76978236101751
"848",-0.138087613406062,0.303749153538908,0.387485714519707
"849",0.0287878003003824,0.332165228315623,0.141902365570163
"850",-0.667601636901643,-0.459026783390135,-1.78206717127698
"851",-0.449131467898336,0.15434118630937,0.544169276566577
"852",-0.246450520821613,0.131194254221219,-0.190701827536922
"853",-0.518554155529364,-0.176616838531486,-0.867215865123447
"854",1.50081659933021,0.393138749652192,-1.5195501125039
"855",-0.0928686987117973,0.294081603883459,0.228453050924971
"856",-3.08185371221063,-0.693978178326042,0.414610476037682
"857",1.31136901878957,0.604277952949334,-0.299306607748228
"858",2.11328588419219,0.803196127837693,0.094228289175636
"859",-0.869611857608278,-0.262187293516991,-0.231683838960478
"860",-2.21184689069451,-0.762985132598835,-0.615229718073634
"861",0.403928229254591,0.459782204241698,0.0796863988191506
"862",1.25439949411756,0.778602984560942,0.625177951615715
"863",-0.503702945086225,-0.123938816888603,-0.657371349575164
"864",1.38301806359228,0.850125765975654,0.865739742807727
"865",-1.36941354246362,-0.234438840379556,0.943306701428576
"866",0.871021517451376,0.254865469094482,-1.58924347323918
"867",0.144907818935905,0.331237351062648,-0.101961641311695
"868",0.308422258659942,0.615363259336936,1.01716442631385
"869",1.47212093236976,0.922043503143517,1.14885094704718
"870",-0.0056715547816568,0.49140603559757,1.01364700349014
"871",-0.903143466607911,-0.122815284706098,0.549232029812714
"872",1.19505250869778,0.615077262737895,-0.135581380931603
"873",0.572323058849678,0.369534028836066,-0.62755091304498
"874",-0.788975011520087,-0.157836145915931,0.0770289182512999
"875",-0.500933030058607,-0.364571098603478,-1.87043872925722
"876",2.40733421734092,0.896347481189361,0.390303492298107
"877",1.25841866647101,0.793008641999423,0.693422394400054
"878",0.880545389639967,0.62190198870605,0.234736131802618
"879",2.80155499034414,0.993063412573024,0.676757366900604
"880",1.40364633749142,0.786921427987586,0.531690182087664
"881",0.517531564012577,0.308415139703955,-0.853144045242488
"882",-1.15166253258636,-0.4847395966754,-0.708295160405747
"883",-0.995710606076334,-0.588447831483303,-1.55948326438617
"884",-2.14007612623804,-0.509999197139736,0.577862767657558
"885",-1.04293280410346,-0.117401312395623,0.901095517788622
"886",0.248834859518422,0.0564139442543941,-1.67209373260866
"887",1.73943676549799,0.959210916208053,1.12521937023404
"888",-0.718076114020916,-0.653006982689792,-2.60001890643011
"889",-1.35826963152012,-0.186567035854764,1.16376510716479
"890",1.36285889877064,0.857700156181105,0.921422844993135
"891",0.960422685478679,0.583269295428388,-0.0498542542217114
"892",1.39960721552634,0.844940606418092,0.825300429525201
"893",1.75584690789798,0.934995839414664,0.992172402584053
"894",0.161620078220728,0.0520014329626433,-1.53075408813287
"895",1.06586144701588,0.802916641792094,0.934234875677597
"896",-2.86769207713511,-0.60633384328232,0.710615145550435
"897",0.674919747422147,0.583043435169378,0.297974307802054
"898",-1.75408331028567,-0.581915773939342,-0.225467567333126
"899",-0.490797815822947,0.342120716819874,1.62702490850988
"900",-0.569480795566664,0.0915168317169382,0.652124160577409
"901",2.46801751124556,1.07066551670871,1.22945142622117
"902",1.58365820006904,0.748777966647483,0.19166633694856
"903",0.703232765283163,0.274327377735184,-1.28312152409859
"904",-0.784572528908669,-0.276601200161765,-0.528896124162014
"905",-0.77651582916568,-0.385162755337136,-1.09397805345953
"906",1.33037354909012,0.675625292722409,0.0401601243309561
"907",0.353884941620658,0.252454556647261,-0.874741787154791
"908",2.04554553966755,0.656021864829878,-0.599339864777111
"909",-0.858693728853895,-0.372470060824341,-0.811023395384127
"910",1.9981213914929,0.907324918262026,0.687574718002744
"911",-0.795686245433554,-0.14380763718304,0.165520034567238
"912",-1.12529796649788,-0.259397705021125,0.365149885376725
"913",1.41845418694751,0.357444021727047,-1.62851650648195
"914",1.20693811611816,0.609756931047811,-0.173724165264238
"915",-1.52032931507796,-0.454820965967856,0.0827892130027126
"916",0.643083041352212,0.68636464080506,0.857611057837276
"917",-0.137958992375804,0.237424853634931,0.0555429513483041
"918",0.167619746783252,0.282935755632268,-0.387685037968402
"919",-0.705399006390819,0.088036090266866,1.0677427428997
"920",-0.985966110638049,-0.389990213793018,-0.589469159040945
"921",-1.15277269929828,-0.513967693960858,-0.852217621768821
"922",-0.773426661658165,0.075920355650495,1.20285164231522
"923",0.31067264660767,0.779513638478939,1.83402482813159
"924",0.477720617760128,-0.0954476227145957,-2.81238879904012
"925",-0.0257209296204252,0.250344232120245,-0.14668216431917
"926",-0.930904985583791,-0.263321055757783,-0.0855942291725646
"927",0.893070582780912,0.659978368283868,0.410484563412431
"928",0.738103515335374,0.34592411004596,-0.970398906192198
"929",1.50272855926164,0.986723365479177,1.44679467040043
"930",-0.591908904406409,0.180527685907401,1.17285779641945
"931",0.0587174764111868,0.548077609441031,1.15760335342666
"932",-0.139627092784193,0.252847649253133,0.13682632803232
"933",-0.849295995673251,0.17665491998703,1.91034019642713
"934",0.328621250254483,0.259662153536238,-0.796036734759582
"935",0.794309684834986,0.525679625561348,-0.142465569294004
"936",0.516257567339296,0.209342257466304,-1.34661197205501
"937",0.360177383310922,0.497673378237617,0.340848696555941
"938",-0.436810731917667,-0.275481384076255,-1.64631418246163
"939",0.309228469690228,-0.129135918900624,-2.70672636463807
"940",-0.588890813140471,0.0317814058231732,0.419045588391781
"941",-0.160451294160294,0.46341313654184,1.24223696889823
"942",-1.03161636130864,-0.432521663314741,-0.699367368253478
"943",-0.298243602340169,0.430641152680316,1.45314276715561
"944",0.577968963934361,0.579613286712619,0.414771604175035
"945",-0.655283327977921,-0.228857847194391,-0.669480319947044
"946",-0.654480426187537,0.0252789074622755,0.59869331431315
"947",-3.05144696615119,-0.444883045086816,1.6407415036885
"948",-0.520741529865134,0.0189713198333103,0.118601546454844
"949",-0.660005195514326,-0.37855099219898,-1.40322495225404
"950",0.0346257236036251,0.26274184316622,-0.217796486521822
"951",0.049892982600011,0.118373736039985,-0.972252405600929
"952",-2.34379906792786,-0.490975703207857,0.869562218864415
"953",-0.231127072628574,0.173618564193712,-0.0205858028873666
"954",-0.634757121913582,0.0606524138211938,0.713254098799763
"955",-1.50552385842033,-0.741523675085117,-1.37326809966495
"956",-0.459320128423798,0.0379319841573388,-0.00325909820161859
"957",1.48952214429462,0.508123076813691,-0.935273038944485
"958",-0.136034976372007,0.230424763283525,0.0157412259999952
"959",-1.42894252993468,-0.54082960148655,-0.490271962292532
"960",-0.369210472172936,-0.116398052976833,-1.06875279185718
"961",-1.95850324904981,-0.874985475809753,-1.44282270794712
"962",0.872597316167087,0.679241982516139,0.530780907673159
"963",2.08524901789365,0.965605315527146,0.923626427375121
"964",-0.903822022002939,-0.19726007556613,0.178682970964349
"965",-1.02551225636119,-0.709641504863653,-2.09847599991321
"966",-0.410251711793746,-0.151726550594486,-1.11493754960687
"967",0.379676844267732,0.122230620570697,-1.56860753237763
"968",0.4570424175217,0.501542047641704,0.204431039616249
"969",2.366336034712,0.979282481038599,0.827368758313569
"970",-0.623332854553292,-0.102938205491697,-0.141365049742673
"971",1.05536940516168,0.460344738191996,-0.767582181370298
"972",-0.754632539625597,-0.132256416082592,0.109183376309865
"973",-1.5142665083778,-0.273652219761088,0.97942971781721
"974",1.39538719819312,0.371281596852659,-1.53931478490356
"975",-1.30919587952441,-0.468633987827089,-0.331702221037825
"976",0.909640161394008,0.670324583755484,0.443029525999039
"977",-1.28188971082046,-0.184515598914883,1.04013254970896
"978",1.71600865610804,0.842925007567756,0.561048414330598
"979",1.13742699832415,0.64739994879893,0.0831009311422437
"980",0.743133356319117,0.699012917645239,0.78860063663219
"981",0.958456683460584,0.728003573856371,0.676014504523602
"982",3.62196593768672,1.11077871440153,0.938457135146331
"983",1.17961829645653,0.82448163167141,0.926543164837674
"984",0.923448451905215,0.419791762855647,-0.825475236855506
"985",-0.234929936487121,0.190306033214784,0.0732195389848811
"986",-0.24227843936368,0.476429341335711,1.52397650556172
"987",1.88058202775811,0.680205611443335,-0.369743938187332
"988",-1.15386021322093,-0.745026845442206,-2.0053425371957
"989",-0.5593251864006,-0.0362924845597868,-0.0217824588249208
"990",1.25997087254347,0.701118656032412,0.23251339410787
"991",-0.262930145632853,0.406746203248549,1.2329193884799
"992",-1.41248453226529,-0.518402113453288,-0.404904745754718
"993",0.452036590274588,0.51330788777249,0.271046347713807
"994",-0.405796552501761,0.135957048687602,0.309053098592854
"995",-0.712900462654816,-0.318673355766442,-0.943585681706309
"996",0.344147898898554,-0.0975229018043155,-2.60827906695571
"997",2.33160331952537,0.810548117246321,0.00297193604567185
"998",-1.99473118182959,-0.510727852924457,0.41923170317134
"999",-1.07138311349593,-0.344742653401574,-0.174144857885448
"1000",-0.125922877973745,-0.0143881582488639,-1.23342133098029
