"","x_child","x_pa","noisetmp"
"1",-0.89767332684904,0.938243805067405,-1.44359610384248
"2",-0.829253000841206,-0.33340111935632,0.29833189956764
"3",-1.15267921394028,-1.00521446226431,-1.02686550196951
"4",-0.846273991325335,-0.526622257903127,0.311896776281548
"5",-0.719586984532851,0.692259202640566,-0.0988903458274063
"6",-0.995090368936039,-0.937110464437218,-0.262830948650676
"7",-0.8602211501494,-0.0630954031093185,-0.0227421180891178
"8",-0.971027170171672,0.0081251934644459,-0.627378182738327
"9",-0.847776200458446,-0.301769267258405,0.18811442581349
"10",-1.19686668771095,-2.39704529909282,-0.914150992826983
"11",-0.74485566342769,-0.617337094236922,0.860653607291496
"12",-0.96412682643965,0.0836854066763483,-0.650279488104177
"13",-0.218219596344017,1.47337722728498,-0.0885402909421377
"14",-0.836904788864905,-0.311595517051512,0.247986640888878
"15",-0.907685214943334,-0.329309963685381,-0.0960809543797107
"16",-0.903391400574157,-1.73306470082291,0.423467490872476
"17",-0.943140801468128,0.664504632692884,-1.17450662119581
"18",-0.861315784891542,-1.28022518707583,0.516998336024981
"19",-0.903513151053025,0.822258128551899,-1.23847170077304
"20",-1.02824873062815,-1.5392739270932,-0.247364631035601
"21",-1.12805012861123,-1.79797864769426,-0.68524227970454
"22",-0.984832432657702,-1.17841993197776,-0.131159208239639
"23",-1.13228964085853,-0.419790173552903,-1.17094109219579
"24",-0.923933071910879,-0.344154347836508,-0.169184303592886
"25",-1.15365024270755,-0.605792188644294,-1.18847253638628
"26",0.717388760194839,3.0462577183797,-0.527898019576236
"27",-0.719485609109581,0.102918267102298,0.557656777050801
"28",-1.11438798088931,-0.552768308991696,-1.01638324313925
"29",0.622065569964627,1.91466675978242,1.11216689597829
"30",-0.786990172581464,1.01363954604941,-1.06695310972034
"31",-0.936606293169084,-0.438569227168096,-0.18294140143161
"32",-0.584921766383613,0.356363309890036,0.999587166538041
"33",-1.38576628145889,-0.975439785056604,-2.20262806578394
"34",-1.07211328072062,0.486189286439423,-1.58100257719648
"35",-0.912812109381856,-0.569536911382966,-0.000743697578167909
"36",-0.291985782965813,1.30726989241072,0.436882537494251
"37",-0.982016965201654,-1.67680015674677,0.017304491261038
"38",-1.07627629877313,-1.2445879683703,-0.568301612471038
"39",-1.35476851267882,-2.40123941331544,-1.70295935951477
"40",-0.95166206715137,-0.740187806545522,-0.121043711649178
"41",-0.946286388359412,0.676993210086289,-1.20901243531055
"42",-1.12046427122969,-1.28742168626149,-0.776650271733959
"43",-1.00811863294116,-0.139077339168398,-0.711629604899323
"44",-0.34877819599547,1.04245303257168,1.05049928367507
"45",-1.08321265707648,-3.35303049583995,-0.213502251231576
"46",0.878422724973193,2.44364894171195,0.993600502976841
"47",-0.186428195619678,1.87057527617352,-2.73740922495594
"48",-1.33394079362254,-2.88604285444743,-1.52559817453623
"49",-1.48371354078786,0.269593509666545,-3.40851965158757
"50",-0.931698072249772,-0.667420874666114,-0.0516822788330777
"51",-0.993851902576406,0.577115600984947,-1.30472143847807
"52",-1.0078835871039,-1.03910395606053,-0.291363552241892
"53",-0.25660767987495,1.25445177950045,0.83268964420434
"54",-0.459626566598322,0.71903395749396,1.15875562205269
"55",-0.934613349943544,-1.37669002434545,0.177877631412608
"56",-0.832146361349899,-0.273679554829168,0.250256682893833
"57",-0.85915145939181,-0.124107046786477,0.023497905485775
"58",0.443786639315938,1.80657920104204,0.730805897291971
"59",0.611488204806553,2.33562709498719,-0.144730739969492
"60",-0.687301679731173,0.893005649427166,-0.2954188954237
"61",-0.51351042524314,1.22926920345549,-0.355786091891154
"62",-0.936185744686829,-1.6398347894963,0.237688967311439
"63",-0.904744016030187,0.177972869552385,-0.430995128410401
"64",-0.310295857388652,1.19887692331495,0.769795715925585
"65",-0.927752388628583,-1.3318766912763,0.199654496457786
"66",-0.544768128903504,1.04056465209367,0.0754851817230406
"67",-0.423720624843165,1.19624577415876,0.211842279642221
"68",-0.779542417440228,-1.13165557783249,0.880621334126173
"69",-0.492920709702661,0.525523110170424,1.26672910400987
"70",-0.914436172910018,0.989839509672806,-1.64601381769094
"71",0.747099138728612,2.42435865722325,0.369872078665612
"72",-0.753268218392922,-0.645200714685649,0.830856273465141
"73",-1.19740629169133,-2.57615813968296,-0.888017274810209
"74",-0.500637069796676,0.390557288556011,1.38492383608676
"75",-1.31669963551511,-0.410662481593801,-2.09769860705248
"76",-0.392993107560121,0.957132730728534,1.03752216779885
"77",0.417919322449353,2.14469929730638,-0.67550854241346
"78",-1.46361833345413,0.210764818757701,-3.25408505188332
"79",-0.762133661034003,-1.99505044556868,1.18585392177474
"80",-1.07563590399593,-0.295968747392423,-0.954460072212366
"81",-0.50665769515594,0.825338076920629,0.7400921335286
"82",0.326311298978276,2.14497805690931,-1.13429234394197
"83",0.589992221254997,2.77842874927172,-0.906186495426267
"84",-0.893017714800861,-0.899744694826524,0.233968584869659
"85",-1.03106254201463,-1.27061825049718,-0.334544101526038
"86",-0.706053783973761,-1.14107154936488,1.25105116310078
"87",0.714744085968782,3.07633807891794,-0.566022294214822
"88",-0.708846845424212,-1.5182639253316,1.3443074620612
"89",-1.034152700638,-0.540782072105368,-0.620811915825129
"90",-0.84570042956968,-1.00419349729623,0.507677474337348
"91",-0.82577098533245,0.947574161896088,-1.10481171600866
"92",-0.334513410343781,1.45009564147959,-0.520982612730235
"93",-0.842056317846623,0.532721010030316,-0.488020478062459
"94",-0.0937315738491645,1.44243543468957,0.729972522425852
"95",-0.828447381733553,-0.758961404799686,0.502645276038759
"96",-0.91400831634915,-0.0304140177065588,-0.314499579072199
"97",-1.18411864908946,0.472210632637771,-2.12441589664447
"98",-0.41984565632592,1.13330086904238,0.437186699023219
"99",-0.898466805290687,-0.163172060085944,-0.14800251228597
"100",-0.790700148255995,-1.97878152234566,1.03974245436176
"101",-0.58091791499568,0.69652962478055,0.587831592625298
"102",-0.852808754851655,-0.621550226686027,0.322758265708278
"103",0.362381049392418,2.08330756590413,-0.780157945638359
"104",0.980148806343675,2.80459985878528,1.01594698776538
"105",-0.701629340612988,-0.761877049543185,1.1379095767626
"106",-0.389333817964566,1.39995726509708,-0.50338623420367
"107",-1.00832918497655,-0.204194387741616,-0.671856742952506
"108",-0.793117299084496,-1.94038444427317,1.0198156629619
"109",-0.668029178566094,-0.57085037022963,1.22377484172434
"110",-1.06332696124497,-0.305291063547036,-0.887657744749048
"111",-0.751082523197643,0.443902147710911,0.073601657838002
"112",-0.208814981713189,1.3317924427224,0.742103386038431
"113",-0.851257848862905,-1.99085903770367,0.739390627883596
"114",-0.542217027459426,1.08640648247445,-0.0362782538051161
"115",-0.791181365204769,-0.207459060329612,0.415871169035288
"116",-0.404991576384098,0.756625459596787,1.37011496826113
"117",-0.744178675710764,-0.27949486290836,0.693438667916894
"118",-0.883455323635974,0.0965175913843602,-0.257079099320149
"119",-0.74505051289476,0.954032025032207,-0.715736391689735
"120",-0.800889235192886,-3.4441450477004,1.20839352217648
"121",-0.502116238458649,1.34982734422446,-0.809812348015277
"122",-1.12916148768949,-1.12471204174301,-0.869687262743833
"123",-0.72963675985101,0.806388370238486,-0.340049254637316
"124",-0.989196843571155,-0.381627664076032,-0.475380007001377
"125",-0.657427471598688,0.103743507606339,0.867286017617681
"126",-1.06361597798545,-1.59636493125573,-0.409995512934329
"127",-0.989894121742957,-0.205551105535808,-0.578854270907313
"128",-0.43906780787338,0.150651394754332,1.92061347190414
"129",-0.771265410181013,0.720357867195556,-0.401562485009896
"130",-1.0046504755959,-1.34664618872183,-0.180672082782264
"131",-1.04403573950698,-2.11784787492581,-0.19970248515656
"132",-0.593217555164938,-0.563419635105612,1.59440900395717
"133",-1.28412568741964,-0.31291644100055,-1.98737974106351
"134",0.685073287070279,2.69379255629822,-0.332095960075236
"135",-0.623009449735466,0.556876259915847,0.576192058579796
"136",-0.669452771775036,0.0100648463237608,0.879069663093248
"137",-1.00227410026203,-1.64382847229314,-0.0917970204953974
"138",-0.684269929156514,-0.658752616794679,1.18172695799389
"139",-0.656087030724012,0.405634682969941,0.591326499249867
"140",0.0985866438933198,1.99218525150111,-1.80310654278514
"141",-0.582670265120733,-0.0430926433939654,1.35112299379835
"142",-0.712126648245779,0.0121921057031126,0.664135493045498
"143",-0.27571886996724,1.2851386255519,0.613002512052421
"144",-0.71963845367184,-1.47412982121975,1.2789392182287
"145",-0.956189869330769,0.313593034259534,-0.8134514316904
"146",-0.803949317462533,-0.639777109500622,0.575082158550856
"147",-1.03960316188197,-2.4141615743769,-0.124981552718129
"148",0.125259261438415,1.72099112466376,-0.350606398704785
"149",-1.1415429188794,0.769892342370998,-2.33523055371637
"150",-0.562086181511647,1.15109140421482,-0.329738206411079
"151",-1.29714908875845,-0.265030336579478,-2.0797590017863
"152",-0.675770827124192,0.739818050205955,0.0442487202993587
"153",0.739388577700353,2.99242616592454,-0.371466835698562
"154",-1.1155003047652,-0.167415627230487,-1.23049572154151
"155",-0.857641781831038,0.126279458354378,-0.152051472430513
"156",-1.06604838354759,-0.271030012436011,-0.92078200948595
"157",-0.899172831353601,0.188498169614365,-0.412255245264747
"158",-1.03408175397088,0.242001471482344,-1.13465033346457
"159",-0.556762476642536,0.257296529929477,1.23778399331097
"160",-1.00433137873379,-1.43015881437378,-0.156168908262527
"161",-0.284365738491512,1.23896094209783,0.753568454953077
"162",-1.00212959155328,0.787598297868066,-1.66896928788628
"163",-0.874461162763307,-0.839762747105538,0.304282000385427
"164",0.0266190862876452,1.7143657324422,-0.799178502470088
"165",-0.797238731078741,0.0784222796425381,0.188291503672889
"166",-0.774066903724267,-0.752303876150162,0.771858083194376
"167",-1.03189606932248,-0.76243259295,-0.513200617743679
"168",-0.476231365948389,1.04314074905441,0.411432002276357
"169",-0.500006745832574,1.22319761745257,-0.265849175811802
"170",-1.01905048115672,-0.653300052629571,-0.494534593612591
"171",-0.991024714555716,0.0320208930542847,-0.745087989942667
"172",-1.332739703703,-0.11301419305729,-2.35171797966442
"173",-0.503708305017992,0.671765952011688,1.01177491312664
"174",-0.753076118972027,0.28021639736211,0.23457256090111
"175",-1.07459867618929,-0.85379139635502,-0.691071480552846
"176",-0.716944419370169,0.462706320972761,0.222598877053809
"177",-0.945843885711887,-1.38875123170224,0.125043413730859
"178",-1.19927840009761,-1.69121889329456,-1.06562633013732
"179",-0.786220282167721,0.119439639228034,0.210641573729914
"180",-0.712193695296137,-1.62929788812064,1.35511791075708
"181",-1.14773529740169,-0.447705704610368,-1.23397312635459
"182",-0.690020188509905,0.909001993322268,-0.342302118624566
"183",-0.0879545722042594,1.575806558192,-0.223700522260885
"184",-0.814159693757196,0.17426925310722,0.0251117456176157
"185",-0.673348540060356,-0.400952493916845,1.11401282472466
"186",-0.86594287015204,-0.501590431650124,0.201563778478805
"187",-0.744680881201262,-0.91064465827507,0.979643029933328
"188",-1.04815173634027,-1.16483518673135,-0.451975184235403
"189",-0.656330562017689,-0.174947749066701,1.0700762431276
"190",-0.625529924565373,0.814089198832526,0.166475686949945
"191",-0.682627833425619,1.20347599755504,-1.10800904214493
"192",-0.84776203791345,0.0981175008068202,-0.0798877266161376
"193",-0.933986652354298,0.332303793673083,-0.721135414047989
"194",-0.871618522569795,-0.204187773338702,0.0116925341690262
"195",0.787187468135852,3.33221275458949,-0.38973478561001
"196",-0.835173809876143,-0.0264220840648161,0.0768395620015183
"197",-1.03605804315429,0.583013380125585,-1.52365824596866
"198",-0.851932034802895,-0.326696657700955,0.181242767568424
"199",-1.07959497791142,-0.314491972703671,-0.963846823806226
"200",-1.41760042610306,-0.335724788717312,-2.64212950075014
"201",-0.638151444833743,-0.552669990489665,1.36475365900655
"202",-1.03783436369873,-1.48693153340492,-0.3087025613382
"203",-0.7490003526701,0.192024320040331,0.335531813342379
"204",-0.437846131576123,1.01288080401088,0.680657342827977
"205",-1.11698628286017,-1.51958071792123,-0.696053441815758
"206",-0.964108802598268,-1.28873848401318,0.00550926083530727
"207",-0.597305947956646,0.118489643226937,1.15598613735356
"208",-0.398996313232619,1.28442238975569,-0.000393222578877565
"209",-1.13552007854052,-0.763646527093065,-1.03083268975345
"210",-1.13821084270632,0.806999127224844,-2.38402511743439
"211",-0.791397755510356,-0.364728547784765,0.504613248475025
"212",-0.868632934407434,-0.475156006622418,0.175210061097673
"213",-1.16073757010176,-0.0749915561872102,-1.51717941538341
"214",-0.926556018468954,0.488556548431353,-0.856056519000621
"215",-0.114264877381311,1.61105728087643,-0.684048800179681
"216",-0.688773331612454,0.669168728496385,0.0903534827132694
"217",-0.885511883167227,0.413288939643725,-0.564202066928957
"218",0.672744072859649,2.58837832999237,-0.256193096566334
"219",-0.711675736674308,0.790239087358524,-0.221360580504568
"220",-0.916285418234818,-0.709507720763616,0.0431829565022568
"221",-1.05218592103342,-3.70722031820502,-0.0201899802830526
"222",-0.653435748619375,0.781548422407563,0.085111830041323
"223",-0.165211731534924,1.69898720365566,-1.65151651123396
"224",-0.676046772329126,0.916338954988193,-0.287980605250742
"225",-0.47674513443559,0.817737072757065,0.903709222336997
"226",-0.537076225656949,-2.50304612301114,2.40212916413428
"227",-0.969122432788889,-0.0829413593631464,-0.553708024232303
"228",-0.706242886918515,-0.747733262868265,1.10912466017117
"229",-0.458582860620951,0.120738412880481,1.84777089266936
"230",-1.03989753305312,0.563122754728959,-1.51641899750062
"231",-0.961559265516798,-1.27374244789244,0.0138873626070154
"232",-1.18369277323349,0.618482413346695,-2.3106180336666
"233",-1.07487591920159,0.262386621846317,-1.3575456935819
"234",-0.774882077981714,0.699815449497484,-0.387111094915711
"235",-0.0540193583986156,1.51542038593024,0.437876072761365
"236",-0.937548101669588,0.287904655295755,-0.695163234793704
"237",-0.909188322481384,-0.301328533780577,-0.119194566790847
"238",-0.63020390777937,0.701373637646965,0.33384306554114
"239",0.772268492581233,2.5733788631626,0.262491637246716
"240",0.780453916845334,2.79444069552334,0.0284949304742825
"241",-0.787979524092054,1.06009426958049,-1.19240129337969
"242",-1.27603883870586,-1.63897390993604,-1.46178279334265
"243",-0.838850708570299,0.603889046537143,-0.566073580609433
"244",0.189619693598912,1.83792058336851,-0.701343758158509
"245",-0.755337446059009,-2.01521894546929,1.22386490428032
"246",-1.0013044862413,-1.19635918767273,-0.207999125317242
"247",-0.703400655326434,0.805609750898749,-0.207460856956114
"248",-0.892198472247771,-1.67820249407303,0.466726433825471
"249",-0.785002859676136,0.95225180475303,-0.911478556254074
"250",-0.595907908824761,-1.2757621268304,1.84273483874596
"251",-0.657781937097055,-0.0252345481550943,0.962954080859361
"252",-0.493850779206227,1.2459973276702,-0.320721439573397
"253",-0.488943788293623,0.995500711758958,0.467819016590677
"254",-1.02477118431942,-1.51708048598895,-0.235616662854219
"255",0.500161000399935,2.32809810400255,-0.68649812606257
"256",-1.02915499388631,-0.805904879687002,-0.482265559735837
"257",-0.921972541183685,-0.0734009682999656,-0.324438356321135
"258",-0.953433058555073,-0.705223555580796,-0.144343836299249
"259",-1.22311781294081,-0.774303232233784,-1.46455467062748
"260",-0.891400820487254,0.0428673426598922,-0.255141925592611
"261",-0.998599213563327,-0.150613990893579,-0.656635053910334
"262",-0.366203085623522,0.848215546747333,1.39911499263064
"263",-0.630559292972806,1.20164833028436,-0.841232674854182
"264",-1.46820117611733,0.190104217281352,-3.25879635051293
"265",-0.89226504911476,0.5209729102504,-0.724297944958261
"266",-1.02914162858093,-0.541917209429683,-0.595223639740901
"267",-1.12578877093004,-0.755248424151927,-0.985560189749763
"268",-0.756171879079743,0.407960959439259,0.0883555966761114
"269",0.571974235335811,2.11703749208886,0.170396563499949
"270",-0.420100512565848,1.03827729609057,0.704780225921035
"271",-0.952355971693843,-1.92108451887024,0.219625976094295
"272",0.256118442156582,2.16931250134642,-1.54881914565047
"273",-1.17879090962375,0.613212156254238,-2.27872224712033
"274",-0.71973185971354,1.02561597139417,-0.760820271459239
"275",-1.44233538394703,-0.805298608809118,-2.54840437696799
"276",-0.761037399991156,0.145325208844164,0.31522186267802
"277",-0.791384854219618,-0.674226427946062,0.652797699723805
"278",-1.04652530124356,0.00736910928927085,-1.0043143811398
"279",-0.597724267951022,-0.1890866393043,1.37189371473828
"280",0.461943083862015,1.82314319012024,0.734816254796612
"281",-0.922446422730698,-1.51290501825473,0.274938557748388
"282",0.944565493784737,3.20250410330244,0.486026643535372
"283",-0.696663288260979,0.433012875536623,0.358049750941694
"284",-0.746820557526234,0.650440669797695,-0.172119770571727
"285",-0.800154154690771,0.441766873768377,-0.169322396350943
"286",-0.998402080846323,-1.04883766077314,-0.240690525981637
"287",-0.854844145432783,-0.359147048334953,0.18438196635722
"288",-0.466456684085969,1.54400715028059,-1.84598677687801
"289",-0.755107560312965,-0.0542134459698858,0.496688815321747
"290",-0.967128962280561,-0.333540542339381,-0.390971296679686
"291",-0.999781687168657,-1.30773091096134,-0.167374633817413
"292",-0.65563318643863,0.539218376897846,0.435839231602665
"293",-0.661203322065179,0.750767004671318,0.0989000053155253
"294",-0.585085241638865,-0.51110261738505,1.61043365767621
"295",-1.2519230666519,-0.990650561509088,-1.52811215764615
"296",-0.999908459375471,-0.183594164143307,-0.642427952643665
"297",-0.820825375000677,0.187087495683029,-0.0192906519145734
"298",-0.833630939680126,-1.13489901172119,0.61120941190304
"299",-0.864978202906704,0.717105788226021,-0.864916040997027
"300",-0.0445560353453546,1.5914483272483,-0.149892240438305
"301",-1.08833632339304,-0.850585159822649,-0.760974500968793
"302",-1.15037708311896,-0.639108167722072,-1.15734943842583
"303",-0.533125139659315,0.999643857853912,0.236856744955013
"304",-0.786509626466286,-0.987799670468739,0.797965562310006
"305",-0.449395192641245,0.934860956554184,0.80523436889444
"306",-0.78859471257636,-0.562971720050873,0.617316238063813
"307",-0.393748007200561,1.05564392866328,0.790721860667153
"308",0.0467244625090326,1.67710708222372,-0.431590707059561
"309",-1.05537101627609,-0.412297208413879,-0.790209999311617
"310",-1.00141603154612,0.0699526154957815,-0.825990723392755
"311",-0.789349036823657,-0.529687128216657,0.597974344010029
"312",-0.208386334912302,1.48404046136581,-0.110840021943237
"313",-0.866122238599466,-0.477233154541694,0.188786659773913
"314",-0.970780753359315,0.0299190261203922,-0.642293735083531
"315",0.289229084523999,1.85999626831943,-0.309925039488078
"316",-0.879870895735724,-1.12392192891562,0.376513264359102
"317",-0.742256954788386,-1.8757070486183,1.26057611692659
"318",-0.790930880213716,0.96450314475576,-0.969014375589703
"319",-0.616950294801395,-0.0302227310951159,1.17065498819101
"320",-0.116245900800863,1.71428022028402,-1.51292207133178
"321",-0.659694433121621,0.385029163958483,0.595563008725003
"322",-0.73323426768296,-1.8846395497683,1.30758520395025
"323",-0.847202068195194,0.420316458216857,-0.380432591732173
"324",-1.26197900632537,0.208756974016,-2.24410289243809
"325",-0.793668408239199,1.39206180381775,-2.48240035066944
"326",-0.65647847458369,-0.585462267560213,1.2882081026116
"327",-0.619042183015023,1.2497852551205,-0.961304385965496
"328",-0.893304160745941,-0.643453765323099,0.129914611141456
"329",0.427352528083151,1.67650026059575,1.47613992856436
"330",-0.801497031128077,-0.627003550117894,0.581729233102923
"331",-0.703259030948036,0.0522188483872252,0.678454049084373
"332",-0.884976916551395,0.336920044737056,-0.480757934080939
"333",-0.895959283190842,-0.135538194493938,-0.153116814829291
"334",-0.587794475097451,-0.486803913959309,1.58511925606061
"335",-0.454554011690797,0.714558452829321,1.19127032652428
"336",0.594326071665776,2.17565720011765,0.126076098573143
"337",0.0288413519193553,1.63446253214916,-0.177299872554726
"338",0.00198767733227267,1.96153094659613,-2.17400298541781
"339",-1.27237211764937,0.839081991168356,-3.11428940893431
"340",0.705975364609268,2.23180874918133,0.548659505476967
"341",-1.02160065773502,0.646938461912385,-1.54090256026505
"342",-0.885471068713899,0.33379202642021,-0.480060926931098
"343",-0.939528653787443,-0.221127573201167,-0.317596619469043
"344",-1.13042368948524,-0.146027613409873,-1.31868958865347
"345",-1.13744836050392,-1.61308290306177,-0.775078065157353
"346",-1.51728882665303,-0.365100579069871,-3.12464265160062
"347",-0.414559972759386,0.737776511275446,1.35366398666784
"348",-1.36449432541245,-0.819198544973338,-2.15379231577774
"349",-1.401463650732,-0.698229056160385,-2.38742826384819
"350",-1.11765177873245,-0.817811764696393,-0.920116776911996
"351",0.886335210373436,2.50468251238932,0.934629247378614
"352",-0.820475906635019,0.089369742173618,0.0634909552169486
"353",-0.087569053504117,1.77419227184454,-1.74568744663211
"354",0.349257714401945,2.01080998938311,-0.614563488449103
"355",-0.891863476571268,-1.52122534525397,0.429980261842912
"356",-0.669209975144651,-0.748899602294283,1.29476274610559
"357",-0.739059184330739,-0.477863936377603,0.824412315408709
"358",-1.01987537866147,0.153277523851128,-0.985630143529463
"359",-1.11426014888056,-0.879932152924386,-0.879568783838842
"360",-0.835698521098051,1.07649646406765,-1.47591093302352
"361",-1.03982072068199,0.182277968247609,-1.11009586779422
"362",-0.68745450414163,-0.107011790564197,0.870742563110921
"363",-0.390079530641855,0.203189698320451,2.12032659157753
"364",-0.839067076787932,-0.452760024239299,0.311906440043514
"365",-0.534748163350104,0.689838172276379,0.829042194907124
"366",-0.723470796019676,-0.895633774648564,1.08019096233886
"367",-0.527682462397593,0.654632566202094,0.917414780990803
"368",-0.95888685038638,-0.180269042699491,-0.439386291503025
"369",-0.673945703970081,0.535747873697208,0.348694467733891
"370",-1.11765567327126,-0.785060032259904,-0.932968040362755
"371",-1.12284773858658,0.20692188212471,-1.54681779191847
"372",-0.874030860973595,-3.69397514416449,0.869240111814867
"373",-0.682587112650008,-1.60258422852796,1.49667057099598
"374",-0.935816509725357,-0.417419241584782,-0.189795078072246
"375",-0.834924148759285,-2.79332167199073,0.956579198553708
"376",-1.16980820188514,-2.16111682902035,-0.820445335181098
"377",-0.895862939927814,-1.91607316585329,0.501047342776542
"378",-0.561885279966895,1.32771188627754,-1.00441016236391
"379",-0.603629950418641,-0.372149939784266,1.44742019508276
"380",-0.617021403923488,-0.811195008714372,1.58046517702906
"381",-0.932512464687129,-1.53992125838032,0.231480194424598
"382",-0.842549057659071,0.932548026461283,-1.15547095035978
"383",-0.763970484062428,-0.505475331841666,0.713300833439049
"384",-0.799638191183266,-0.398856025653066,0.481470580666497
"385",-1.17975598201967,-2.39916596530568,-0.828242981116247
"386",0.467598188270802,2.2299521318814,-0.638937558748243
"387",-0.115921782003129,1.3169794060447,1.2741282331916
"388",-0.260352030057059,1.49941194268311,-0.477486569873203
"389",-0.734385070809785,0.168835590847486,0.428637071169054
"390",-0.787585292685043,-0.118281877998593,0.377517267555771
"391",-0.99917551502529,-0.217715225674708,-0.61788646139171
"392",-1.06253797168954,-2.50233403394909,-0.225293367336897
"393",-0.486759891442256,1.04023824867505,0.366377851757111
"394",-1.33203321222701,-1.21734623268571,-1.8552579640834
"395",0.775576979581761,2.63204889397802,0.198842417377154
"396",-0.857922531981356,-0.0602124807210669,-0.0132357179000797
"397",-1.11254333540566,-0.732022690641491,-0.928792625645187
"398",-0.659032835819414,-1.17518149532473,1.49683598710779
"399",-1.11557425416699,-0.385670825924722,-1.10513066681572
"400",-0.765170323346124,0.154451213006761,0.286907491642439
"401",-1.07584638994337,-0.63069696219858,-0.788389000467928
"402",-0.763627178325369,0.850908632314341,-0.5931928746966
"403",-0.108384170136223,1.6257867034096,-0.78783614878805
"404",-0.792095402874237,0.414976642115754,-0.0989824140495443
"405",-0.478977861079349,0.751983562416356,1.00798969573815
"406",-0.903654954465446,0.124593933398489,-0.380737489726369
"407",-1.02292637762162,-0.97296022979086,-0.389297296755988
"408",-0.944551327082379,-0.961261383649028,-0.00153926384546773
"409",0.676519477528795,2.39776514281849,0.063795497775192
"410",-0.919572211570496,-0.418481719933151,-0.108026760629419
"411",-1.0208938538255,-0.642149039414994,-0.508603534124134
"412",-0.846197632204408,0.870804387266807,-1.04501665881728
"413",-0.954823351449424,-0.703629939246997,-0.151961961926331
"414",-0.545256818750268,1.37478849117748,-1.1498419922019
"415",-0.665349923500008,0.10722277097128,0.824879337994663
"416",-0.391765552852038,1.25851011748801,0.140945381814168
"417",-1.14199535147788,0.400588295949828,-1.83271320054039
"418",-1.06542723890999,-1.86635878214131,-0.35726809476268
"419",-1.00964293059657,-1.78874228088449,-0.0952524514979558
"420",-0.630392151056413,-1.70531489027453,1.78208162917619
"421",-1.08113086126444,-0.370599831138999,-0.940911251495303
"422",-0.865159512430696,-0.529672574475491,0.218915074972484
"423",-0.928880701812374,0.722913734461877,-1.19374993448351
"424",0.334977166007937,1.65615477988629,1.17302502001073
"425",-0.968321305091893,-0.845246400825427,-0.162927832701686
"426",-1.16882807547721,0.896576436643171,-2.71041166457279
"427",-0.775498877226226,0.503303571934709,-0.118642229799885
"428",-1.32712129030549,-0.90873601870721,-1.93325571647575
"429",-0.368279535815975,1.10221252044745,0.78807738474679
"430",-0.943240527121132,-1.31420658923741,0.117186293124663
"431",0.390451664605424,2.08082238891073,-0.632388913048524
"432",-0.733248114696447,0.614244630913559,-0.0524514725293705
"433",-0.808272876831435,-1.51040679183546,0.845165792000722
"434",-0.84876652456567,0.167695551215047,-0.1422972629711
"435",-0.60763746983961,-0.288284918436596,1.38116901281625
"436",-0.261853444888623,1.28495209954826,0.683109143445046
"437",-0.792875562744707,-0.0522237443504896,0.306467393529667
"438",-0.83996056672511,-0.184026782940576,0.157579937145177
"439",-0.98790943764362,-0.433964554279968,-0.441794271530598
"440",-0.47306782310285,1.40217756661229,-0.934203455176498
"441",-0.00457203466632616,1.46445725759567,1.03790084431715
"442",-0.562681354328237,0.152850795316959,1.30069878371585
"443",-0.485756977014294,0.591543954976563,1.21630944861916
"444",-1.01877801616483,-0.123538781352639,-0.77500586151711
"445",-1.07778900934176,-2.31285314160717,-0.333104691034798
"446",-1.34337512854421,-0.229171369618378,-2.33200635430699
"447",-0.705022920139229,-1.00782178799998,1.21231119487069
"448",0.296200886112288,1.86037116621731,-0.276829995253246
"449",-0.784415962204693,-0.161521325583113,0.421208823167168
"450",-0.75772482789488,0.936736942767339,-0.740534711179319
"451",-0.535730059341885,0.21053287762501,1.38556276144104
"452",-0.764324189390416,-0.870928991215917,0.866751141361129
"453",-0.781306744829384,0.251692577084951,0.120277219244928
"454",-0.976129988572878,-0.330400143185738,-0.437704074708753
"455",-0.738025247937424,0.378126049406207,0.211258541614388
"456",-1.12201188252324,-0.46151052752031,-1.09844551287042
"457",-1.1444298505553,0.800046009068314,-2.40259203802715
"458",-0.0117294307797177,1.51883238946186,0.623836895332272
"459",-0.688271703045021,0.542167788157558,0.268877667389829
"460",-0.748136883240805,0.121223710448459,0.399605189725149
"461",-0.921692181892981,0.44701212559769,-0.783002424517005
"462",1.06575421979876,2.99484302385181,1.25822320194128
"463",-0.469132860435538,0.521027685882381,1.39129462877241
"464",-1.05267961325052,-0.09919701770995,-0.960576718123118
"465",-1.08745388236014,-0.101058169747159,-1.13320794076161
"466",-1.08180249525736,-0.947225212502915,-0.692775226833686
"467",-0.597931357809907,1.29778642459665,-1.05166310292704
"468",-0.720682844485951,0.378201692313052,0.297890324252557
"469",-0.911175169034385,0.436303833427044,-0.718226622435457
"470",-0.872840728008008,-1.30513929159586,0.466585807718582
"471",-0.534553596405559,0.756050427107052,0.723274597164701
"472",-0.832055043373844,-1.26732734473439,0.659527700524346
"473",-1.20007667094649,-0.24629941989506,-1.60535040068128
"474",-1.01142013417614,-0.335219246935429,-0.611505391820897
"475",-0.498521003457195,1.0581603106307,0.260102519559902
"476",-1.07031733862393,-0.657719166968311,-0.748956472137829
"477",-0.626048491965899,-1.3984861662471,1.72668260725368
"478",-0.956869080245501,-0.302704090219152,-0.356823427393976
"479",-0.525693063628481,0.0236780274589365,1.58780179499525
"480",-0.923628032955944,-1.85972896322508,0.350309087111647
"481",-0.632843336546936,0.841599248418109,0.0785710416841641
"482",-1.05585713912427,-1.88297509304984,-0.305881755648392
"483",-0.672659479428518,0.173257701542705,0.733480775071534
"484",-0.81056875533977,-2.15233001562901,0.974116089290193
"485",-1.23400273180451,-0.67797975973617,-1.55869053324406
"486",0.00231094013891209,1.94457992173367,-2.1073000042989
"487",-1.17309785314711,-0.920748932636339,-1.15876768976134
"488",-1.01235313030054,-0.50334895213832,-0.529638071100049
"489",0.779614735787511,2.20663583921867,0.976122849202431
"490",-1.26076990278783,-0.616068272041287,-1.71948188549598
"491",-1.0702067836572,-1.07750990837217,-0.590207497898237
"492",-0.851768845436193,-0.550922187893931,0.295852315681876
"493",-0.706422475299004,-0.716657915013333,1.09547111805298
"494",-0.833250166161224,-1.09214050780229,0.599362803195992
"495",-0.895213093062347,-0.887969372896975,0.218649369093767
"496",-0.839225806968037,-0.456064155758281,0.312767033493866
"497",0.965934865963723,3.30003836017976,0.525115098120546
"498",0.24680451650128,1.62338572059863,1.00939397458722
"499",-0.420925539639262,0.924606087981593,0.969895805458916
"500",-0.879702500774162,-0.539277100598908,0.150731861180804
"501",0.949924896722933,2.49988430728563,1.26003501360456
"502",-1.19066781988433,-0.128352432036879,-1.63131807970491
"503",-0.995405949433314,-0.753087312210953,-0.334520015760309
"504",-0.950760523562238,-0.725646366841389,-0.12250180541524
"505",-0.823835531384267,-0.41039241372659,0.36648212770606
"506",-0.887220658548565,0.117487387816548,-0.292772768390989
"507",-0.825514121636567,0.148669720590724,-0.00995735993100618
"508",-1.03937514538539,0.268558824456341,-1.185850333327
"509",-1.15361491039855,-1.3027873636583,-0.937961567096194
"510",-1.00564843989017,-0.798047601895315,-0.367809998145674
"511",-0.0165694054006778,1.46668677292108,0.963497956028938
"512",-1.05072563347947,-0.637094990415779,-0.659974107566351
"513",-1.02167981848048,-0.394598917386713,-0.630964446787403
"514",-0.83290047780642,-1.60060734334249,0.744620573833267
"515",-0.79476266975022,-0.0306488914710108,0.281895047353289
"516",0.232811737367305,1.6346965223766,0.84054161092931
"517",-0.870300087298747,-1.17641323693936,0.440881367433416
"518",-0.730875071256619,0.793326262533205,-0.322827713509562
"519",-0.63162441602727,0.0168580447281606,1.06320379117506
"520",-0.0636838216936454,1.43502106165387,0.924856857942974
"521",-0.911290882660191,-1.91739721469287,0.4241836559085
"522",-1.17459728106472,-2.24906148270149,-0.828373905847
"523",-0.870469954374674,-1.99883649038641,0.64493189965162
"524",-0.973316018772891,0.245921209929707,-0.834429971767684
"525",-0.729563906461867,-0.70153749827604,0.973458817621169
"526",-0.553933849984297,-0.296268328954674,1.65421976558032
"527",-0.715451180794961,-0.716546960433769,1.05028156065484
"528",-0.874468192063985,0.185403683810099,-0.286042034478199
"529",-0.146053201671189,1.71660614900866,-1.67772281194173
"530",-1.1180165305579,-1.15695371963687,-0.803762786559399
"531",-0.311373316410805,0.934225277518303,1.49673736259073
"532",-1.08471337139572,-1.20065662395456,-0.623729756615482
"533",-1.08401724043553,-2.18626406771007,-0.386845131087966
"534",0.459611690216526,4.4175617513318,-2.50744894042675
"535",-1.06450011115378,-3.76807426685696,-0.0756571351271725
"536",-1.14433851396191,-0.459571720664151,-1.21104489420266
"537",-0.837825186730051,0.322508988185386,-0.230492533431172
"538",-0.618946037459693,-0.53892433237325,1.45434829127577
"539",-0.863446913764508,-1.32933941079335,0.520463052061488
"540",-0.412205071393617,0.827719969641919,1.20791922024042
"541",-0.694759117582616,0.347648514054849,0.459385238385336
"542",-1.00076533600713,-1.26840523283959,-0.183707263136115
"543",-0.931814989437968,0.172825806091849,-0.561926451917182
"544",0.356522559485001,2.85677562840489,-2.15690067114339
"545",-0.714142771817353,1.34259529960492,-1.83526697251637
"546",-0.595537954120961,-0.184297060619773,1.37986064975974
"547",-1.04215508208936,0.593933319462724,-1.56893459483416
"548",-0.822432581806084,0.126505418688041,0.0238093764395194
"549",-0.772267332167439,-1.53787064940188,1.03218774281978
"550",-0.590655754099915,0.975933127553092,0.00583460749447632
"551",-1.0896560066442,-1.24114848305365,-0.636224779900106
"552",-1.07200026095392,-0.75466757605987,-0.71685240403425
"553",-0.950016409516468,0.292992125573341,-0.762418137851041
"554",-0.589119217389755,0.157239854900716,1.16481188330956
"555",-0.514365507439452,0.560702090323141,1.11441481004025
"556",-0.642351899295872,-2.48393741164802,1.87268499023583
"557",-0.723347011670324,-0.788929496710872,1.04010590484129
"558",-0.788005784233606,-1.20639817802682,0.86155829921086
"559",-0.930481651009671,-0.740263534740102,-0.0151107166283104
"560",-0.193568963979442,1.30796001063501,0.925935816514717
"561",-0.602064266917987,-0.047038007099754,1.25691205275902
"562",-0.724557674100506,-1.12489861765388,1.15339139674561
"563",-0.626439302768071,-1.06442896608387,1.62431347994595
"564",-0.869031651919003,-0.4972342662048,0.184010869170571
"565",-0.83246708559569,-0.531111653331136,0.383058239143686
"566",-0.726841627224811,0.516129824187269,0.108846668824892
"567",-0.716691044077468,0.231023147395668,0.462333067907065
"568",-0.776852626247713,-0.394753719096572,0.593252618802937
"569",-0.864573232326365,-0.974060633834469,0.402854140343298
"570",-0.457099548766419,1.12771528170388,0.268032689988062
"571",-0.895400396121856,-0.353900058778136,-0.0212307916975248
"572",-0.67718369098962,-1.94737799831,1.6009226502943
"573",-0.405351153551149,1.4140709961142,-0.661848588497297
"574",-0.833664289285865,-0.892342277118364,0.528009814134287
"575",-0.578157938459239,0.233342352326756,1.15288906042616
"576",-0.597791456625931,0.387046232498032,0.902919826340302
"577",-0.794733136579225,-0.282865223501541,0.442597026289093
"578",-0.567903448571214,-0.612543428314241,1.74328008022173
"579",-0.975327846179269,-0.32843035327222,-0.434779200184536
"580",-0.47480194669515,1.35491473832765,-0.697988402840766
"581",-0.88368549864873,-3.11227351717437,0.755278769069064
"582",0.58511972838433,1.69280118595353,2.14443052647918
"583",-0.935614980928924,-0.347768835445018,-0.225627134247914
"584",-1.18823936404055,0.0328389519858391,-1.73177484552704
"585",-0.69083296853341,0.636256035169908,0.128404844090557
"586",-0.646664126782793,-0.841269337411511,1.44384238234232
"587",-1.00268095229541,-1.18900850511941,-0.217136386442696
"588",-0.93870333577889,-0.619797801288722,-0.107491824072065
"589",-0.584608355609109,1.21354777582526,-0.653791009405199
"590",-0.647297871013126,0.0773152643183814,0.938861992234025
"591",-1.06046486282092,-0.3410164605716,-0.853555171648629
"592",-0.459842463576515,0.247899783296431,1.73111094198335
"593",-1.26261500466725,0.175275187456169,-2.21802880450437
"594",-1.01797682980972,-1.64779852916665,-0.169362495968855
"595",-1.08382788561473,-1.81458304821233,-0.46047628158747
"596",-0.990801040620179,-1.63017827535032,-0.0377067860473076
"597",-1.11034531379092,-0.696777136811233,-0.932446864232032
"598",-0.947083063256998,-0.289758127291674,-0.315220344633875
"599",-1.08344305082644,-0.646321242755079,-0.81952964981807
"600",-0.653359886104457,-1.39424445316206,1.58896741993936
"601",-0.818159266472831,0.278891334457917,-0.0895778975738285
"602",-1.07014699671923,-1.71882965989085,-0.413573097356343
"603",-0.646021725222656,1.14579709677799,-0.732637976340604
"604",-0.850212969318096,-0.0735800956661179,0.0344816651546576
"605",-1.22281667781208,-0.0712281606810953,-1.8301423918774
"606",-1.02281913122849,-1.55415602524302,-0.216472108965416
"607",-0.826204299645085,-0.208788007487464,0.24156454091581
"608",-0.957018240682991,0.636724150060762,-1.20319496955651
"609",-0.825569214662066,-0.951099753785222,0.5897703128384
"610",-1.6046521824509,-0.9845820534884,-3.29386610523221
"611",-0.832920428564893,-1.70941271475064,0.770388383360203
"612",-0.986902886657553,0.0672953628863793,-0.751363769961448
"613",-0.500947247721829,0.642527863276099,1.06877699265731
"614",-0.831912171368588,0.825597306376894,-0.886662293448534
"615",-1.06043470318318,-0.599792652234414,-0.725089571091601
"616",-0.885331843382211,-0.601486495427601,0.151186695910436
"617",-0.640584972415811,0.502734273759525,0.556622950748199
"618",-0.238293054693711,0.870739738717482,1.99463474236922
"619",-1.25998648678799,0.429162503840456,-2.45423492296966
"620",0.327539534637942,1.69951135483753,0.80852269211757
"621",0.894041898496378,2.41910173757513,1.11370302339584
"622",-0.565813802345977,0.804258773297588,0.482912491533184
"623",-0.844673419279318,-0.746423205632391,0.416439676553415
"624",-0.641259840266745,-1.0911147777104,1.55898019303542
"625",-0.563414678712238,0.815717957183928,0.474069016608627
"626",-0.497535117261772,1.08320404330949,0.196160395546168
"627",-0.740752100094271,0.448069258316787,0.120486447837874
"628",-0.652788532262469,-0.798411729178023,1.39663250175465
"629",0.859796686736082,3.8442499847722,-0.298569934847624
"630",-1.33895908454617,-1.06075887242858,-1.93950269036474
"631",-0.16929843657863,1.2545709053452,1.26876947029595
"632",-1.11507603081618,0.154276783904484,-1.46247419480306
"633",-0.807697661396284,-0.640750713199342,0.556766299871199
"634",-1.38149372991445,-0.370957946788983,-2.44253447260938
"635",-0.668027697248612,0.366363747391581,0.57364230554215
"636",-0.881575866048782,-1.14574274805063,0.374916187327797
"637",-0.71212834423164,0.428920404141582,0.285327502757668
"638",-0.377270289486109,0.99306805614585,1.03205861045769
"639",-0.963456527913015,0.392968582805248,-0.931769612410405
"640",-0.762755711558041,0.366187479585868,0.100186792893247
"641",-0.912658189671018,0.0541896823504566,-0.37004869515604
"642",-1.32071237583781,-0.56629696938967,-2.04173709555113
"643",-0.637454814550268,0.635351496160395,0.396595790506771
"644",-1.09815428243005,-0.33117235832662,-1.04740032410345
"645",-0.812284364116459,0.0827194598453045,0.10969243531205
"646",-1.12983285071342,-1.27205762272158,-0.827973846710288
"647",-1.00014636727153,-0.408327029385429,-0.516142040307188
"648",-1.11903238625348,-0.680114618520393,-0.982929942207734
"649",-0.765123915678774,0.457742249813136,-0.0125264984164083
"650",-0.774335793101651,-0.18732586452068,0.487747591070763
"651",0.36369804254554,1.75762421389392,0.608776213561471
"652",-1.36645588004692,-0.977859726629301,-2.10522949995205
"653",-0.727227141489176,0.352812681064815,0.291731139670138
"654",-0.578586309279817,-0.354940865465769,1.56340222980194
"655",-0.545866279429534,0.886750695696139,0.42455596722752
"656",-0.51117607915468,-0.715157933393324,2.07108052992963
"657",-0.679250805660085,-0.341596204721139,1.05283171842143
"658",-0.884709986122839,-0.221684868852913,-0.0431681254113695
"659",-0.591922505605614,0.838755743511412,0.288577318640729
"660",-1.1535591096113,-0.764712514961884,-1.120599670967
"661",-0.987761098442908,0.00899095117897336,-0.711683176336879
"662",-1.38610751561344,-1.67439260105934,-2.00371446907522
"663",-0.826606100097635,-1.2997140221136,0.696197160110226
"664",-0.111172049379806,1.33192746877389,1.22969169113485
"665",0.910385837176857,3.05374011356817,0.430825439572246
"666",-1.06416991340283,-0.481709809480922,-0.799252070999419
"667",-0.630552743919528,0.268673646017395,0.858153267543693
"668",-0.923572734510551,-0.400992256927569,-0.137087415217968
"669",-0.455961588628012,0.0316257214434217,1.9305238838999
"670",-1.06602896392619,-0.0509639641692938,-1.06017551167952
"671",-0.770315453541749,0.86636934888181,-0.65681820257963
"672",-0.548989043321709,-0.342132822138799,1.70443345402706
"673",-0.925403358201485,-0.898797971749735,0.0716924673947809
"674",-0.910367978745034,0.0493295403797896,-0.354886429308839
"675",-1.00568934948273,0.0362875169241179,-0.821616553111901
"676",-0.715703854672052,-0.16104681341173,0.764469310407376
"677",-0.238305788908098,1.34893481028058,0.513551311203141
"678",-0.658637946584308,1.27566418283874,-1.26239383955915
"679",-0.936824229914681,0.151748994785437,-0.569089858157105
"680",-0.764843552989476,-1.36043733956722,1.02221943006908
"681",-0.38680973233173,0.976630894664708,1.02342936426103
"682",-0.836492044675928,-0.757088203233157,0.461666426375126
"683",-1.28467982735572,-1.09823389669645,-1.65580421766545
"684",-0.619688799865973,-0.425569538313993,1.39502689283972
"685",-0.904874377548986,1.19085635052051,-2.17529104686435
"686",-1.0482906105905,0.66028533702363,-1.69398009867933
"687",-0.957804816866591,-2.00511436566125,0.20951385963456
"688",-0.668112229795452,1.19835916747078,-1.01747781497507
"689",-0.579544803080442,0.47959413829402,0.889711620284496
"690",-0.615407497476364,-0.08390410221105,1.21551754342728
"691",0.505176567842667,2.8520453873868,-1.40879661493334
"692",-0.855754176966016,-0.0897846363005371,0.0177480051523338
"693",-0.82808934381436,-2.09526870915248,0.875727623481458
"694",-1.39570515374051,-1.21644124870101,-2.17389137512719
"695",-0.978558206006849,-0.352871015369269,-0.437576519968406
"696",-0.750583469245657,-1.04489811485858,0.997083236072593
"697",-0.898933345097164,0.440360658433797,-0.661618550338428
"698",-0.972940095330399,-0.0232302295871274,-0.614264678373154
"699",-0.935944581325414,-1.38296131695415,0.172949710793439
"700",-1.33691453552593,-1.54052123612651,-1.79037867449885
"701",-0.79925296386227,-0.983072365324188,0.732604233561535
"702",-0.505773396281028,1.05229148759274,0.239547605495855
"703",-0.878014220433166,-1.62854084683701,0.525832883663462
"704",-0.734582807852203,-0.22389712089001,0.708796690364813
"705",0.530526217634864,1.91131950442753,0.668464499735075
"706",-0.736549807232839,1.26176387436826,-1.59586674624311
"707",-0.422694218028831,1.48969333358051,-1.22112874147558
"708",-0.65348146460764,0.809157362650937,0.0357076987008768
"709",-0.716974524611924,0.408849682285603,0.283367710604169
"710",-1.10164641647067,-1.65953562755257,-0.584918638437248
"711",-1.33274997671871,0.246650727396779,-2.63227291228999
"712",-1.09058495968142,-0.0751688995839271,-1.16629558630419
"713",-0.32940831597112,0.95630117600557,1.35733446006525
"714",-1.08605417027169,-2.88016023699373,-0.286969878343166
"715",-0.384291617848654,1.30618775290026,-0.0199035300241279
"716",-0.797456957308429,0.212280389457052,0.0753716894114505
"717",-0.849942561706193,-0.439769979583159,0.250985372390017
"718",-0.810115709448141,-0.325561785680286,0.38969717665153
"719",-0.549204109876507,1.39534363366216,-1.27770950514151
"720",-0.986847274050921,0.471475232095406,-1.13719241871268
"721",-0.921291217921882,-2.64068235913096,0.502422402719991
"722",-0.604679080297226,0.971154804589477,-0.0531327709436328
"723",-0.914798155866199,-1.99281701748427,0.422082800889558
"724",0.310605246864806,1.59418134559365,1.60014458312771
"725",-1.31764670855379,-1.30828169717884,-1.75654168765066
"726",-1.15965695062854,-0.768835908224609,-1.14943552671923
"727",-0.712220977123912,0.778065580944054,-0.202745955107152
"728",-0.91059719698503,0.326209255863505,-0.598056197840074
"729",-0.716675820953635,-2.74326501922601,1.54065245289012
"730",-0.654947887050255,-0.225184835245772,1.10774372503004
"731",-0.608582224539165,-1.10322878276294,1.72630245756565
"732",-1.27810892090409,-0.0516606957662167,-2.12009075256809
"733",0.089777695005961,1.64598924059844,0.0300556032106777
"734",-1.20867868786018,-1.71586452984961,-1.10691412821067
"735",0.337837504729192,2.11510587162045,-0.994866606312416
"736",-1.19420793986413,-0.85772313452676,-1.2876316061115
"737",0.5611781740012,2.19586075527687,-0.089933577324001
"738",-0.609238099567421,-0.12972107631065,1.27672003379783
"739",-0.41919117435083,0.976024904334891,0.862942515606435
"740",-0.358982552600564,1.12488983121852,0.767208095559547
"741",-0.968111900769708,-1.36043099713956,0.00587592427018224
"742",-1.38927363592562,-2.13781425275954,-1.92212515651536
"743",-0.575314374909618,0.399902295001567,1.00143723169325
"744",-0.643913730471705,0.417594115084231,0.639030039174587
"745",-1.22484605154009,-0.234485871715982,-1.73619211417463
"746",-0.923307943565445,1.12878701095241,-2.06627953183039
"747",-0.811190970524432,-0.348096119841173,0.396670724852603
"748",-0.967073013199393,0.275615728568304,-0.831026268562054
"749",-0.821023373459805,-1.40020299499368,0.752276212080085
"750",-1.01298713192171,-0.365826868015928,-0.602744961871435
"751",-1.03671877693344,-1.98683080578932,-0.188725160590274
"752",-0.888414442934417,-0.622158757783889,0.144999478136945
"753",-0.74540015185921,0.265563731090103,0.286847858778955
"754",-0.823416050848867,-1.02330079066606,0.625630504061527
"755",-0.771483281154114,0.318618227402267,0.105095608601464
"756",-0.794094081126335,0.495957766611601,-0.20267758377891
"757",-0.887161929749332,0.282733497716566,-0.438264829480427
"758",0.798760733326713,2.23838486139105,0.99749823107891
"759",-1.09034651696459,0.273988175407146,-1.44584730518753
"760",-1.02222899163048,-1.77813995494772,-0.16054321987141
"761",-0.906766400217559,-0.784313601002686,0.121182604611589
"762",-0.686851043019526,0.257665542723074,0.586996736406964
"763",-0.743908877700742,-0.0878746331265839,0.575689264868754
"764",-1.07124477705951,-2.49799430480938,-0.269521685512727
"765",-1.06208717281822,0.155460029136693,-1.19852656262193
"766",-1.18045224197946,-1.89006042352271,-0.927358283530029
"767",-1.00598851537475,-1.05668662426116,-0.276003693933281
"768",-0.666541196214461,-1.14790707934918,1.450771764098
"769",-0.659569067844872,0.90936841860142,-0.190818723489574
"770",0.930559416750635,3.27769843477573,0.363247046810553
"771",-0.380875636673679,1.28181897573231,0.101044699701642
"772",-1.22521440514232,-0.999998266202179,-1.39133681474477
"773",-0.740879334983101,-0.374998507813222,0.762690226908653
"774",-0.135677013067665,1.14709809667202,1.8149781960246
"775",0.103681357182382,1.82501050704761,-1.06605792751291
"776",-0.783356703363815,-1.09839253963629,0.850862887956132
"777",-0.85825339998299,-1.61702423104948,0.621853265452458
"778",-1.06647137257251,-0.384299278106009,-0.860340232585896
"779",-0.680971261383128,0.994631298202614,-0.490216994090034
"780",-0.60997853670209,0.811320140325429,0.249287872463448
"781",0.531703049340669,1.73535323372639,1.58760205239975
"782",-0.906269875804295,0.953063430993734,-1.51964479542825
"783",-0.307928782817635,1.39856307465351,-0.0887676420255771
"784",-0.818374612095843,-0.900475912997195,0.60745266027605
"785",-0.502872252369923,-0.0640721333949076,1.76467431446643
"786",0.155893243635974,1.5806719165386,0.951768930072574
"787",-0.362992177850966,1.3731581726304,-0.230170949967069
"788",-0.616217311722651,0.700360702319027,0.405360645154317
"789",0.186438004437443,2.06106331308198,-1.5922673018718
"790",-1.16499321524429,0.282165469148317,-1.82687722222315
"791",-0.838884152194404,0.742910257247095,-0.776426483942567
"792",-0.786243726220216,0.0217842446563794,0.28645637385788
"793",-0.935049805700192,-0.602403611859497,-0.0969909384210436
"794",-0.634590612780055,-0.330502476200516,1.27004916876297
"795",-1.08271503169418,0.667946561451433,-1.87752262724108
"796",-0.820576929401464,-1.11459542283072,0.669994297668546
"797",-0.806557087677834,0.066755339175658,0.150783494821711
"798",-0.357597962188636,0.861161461051149,1.41701413702595
"799",-0.938862433346286,-1.17493019466677,0.0976101033620062
"800",-0.385347163409492,0.829003938020661,1.33981113317126
"801",-0.46899730844619,0.406241381801934,1.52611156966575
"802",-0.443836850490757,1.32840427824596,-0.417352108421761
"803",-0.995777259554602,-1.8948847982576,-0.00296568153575372
"804",-1.34109232988634,-0.319908278466474,-2.26831888697366
"805",-0.434020093335082,1.27106989932815,-0.120582530796643
"806",-0.729892138197462,0.509801250846476,0.101418512979573
"807",-0.795772993010037,-0.253832137293407,0.420593035458846
"808",-0.268716396886476,1.08553261435978,1.33369384261566
"809",-0.402686838283512,0.873536350471643,1.16709509264189
"810",-0.363450963202719,1.50675163078216,-1.04564255175911
"811",-0.660454009618214,-1.04185440448546,1.44670904867453
"812",-1.18035328287627,-0.0585893536187313,-1.62651023384805
"813",-1.00022415772935,-1.72564758248842,-0.06239331705942
"814",-0.414688638156036,1.1372929395311,0.450629571942681
"815",-0.52455488187651,0.385164543510219,1.27111607185026
"816",-0.763942133246073,-0.419827681269303,0.670815722677439
"817",-0.803258372666928,-1.78028853518206,0.93478924151089
"818",-0.687755858006692,-0.200006913025775,0.92845101310942
"819",-1.20255899613463,-1.02331761179575,-1.27007850672525
"820",-0.457653346599551,0.310772374926544,1.68201819944417
"821",-1.2198489998981,-0.726531230110174,-1.46757946991994
"822",-0.831770031696177,0.314000569160376,-0.19175560489634
"823",-0.399739557228322,1.17035319709796,0.419505628160151
"824",-1.01502933995891,-1.48518032749601,-0.195132664852036
"825",-0.440948989773924,0.323097051548413,1.7533008292834
"826",-1.10469322177737,-1.46844758115693,-0.647823596973889
"827",-0.852871510812393,0.687698866175646,-0.758281055482854
"828",-0.526857423476359,0.0979144346171104,1.52479728743979
"829",-0.183103050254358,0.868526820321482,2.27497629125243
"830",-0.876944667713982,-0.761890667327953,0.261338419563319
"831",-0.867951291241595,-0.752704535734472,0.302598350866844
"832",-0.953653086580182,-2.08048136984269,0.245067008020035
"833",-1.07326463526037,-0.606505028825752,-0.786225086356739
"834",-0.38652094380055,0.901830381574679,1.19022026103749
"835",-0.290480803700165,1.26254068094512,0.631387539557403
"836",-0.382434989761497,0.892124925650542,1.23072391893641
"837",-0.833504104158944,-1.0172796164634,0.573140473418803
"838",-0.979681347360606,0.318477218744488,-0.93575445427627
"839",-1.00537717384615,-0.47346285118951,-0.509346290042821
"840",-0.763685906180949,-0.062117902981229,0.459261049023017
"841",-0.633883574274478,-0.611166761025075,1.41276508417989
"842",-0.751059311739045,0.520209223399092,-0.0173165048200404
"843",-0.801936559558105,-0.753868008955458,0.633142787338866
"844",-1.10689474450112,-1.27481603955776,-0.712475955111615
"845",-0.872910436267625,-0.071957269866131,-0.0801131136610526
"846",-0.563545418603826,0.200655830779473,1.25523286127652
"847",-0.908594803134294,0.0354150153556048,-0.335487311639239
"848",-0.825588216716902,0.303702131492636,-0.150706560663383
"849",-1.1879261559908,-1.60658419616786,-1.02904854452964
"850",-1.0476730971495,-0.894583384904528,-0.541207576102639
"851",-1.00880273250159,-0.50976550116369,-0.508795906838415
"852",-0.687070019284309,1.12903627843259,-0.885851452100458
"853",0.51935349449986,2.46812752611492,-0.842243235595075
"854",-0.795660118625916,-0.642873797228557,0.617881655857067
"855",-1.09263381340656,0.104705400417467,-1.30951732377071
"856",-0.920170492324728,0.233995139942261,-0.557768375746154
"857",-0.432474215573964,0.528688345126563,1.56498200864154
"858",-1.33586430916248,-1.38432384927599,-1.82627424155963
"859",-0.808446175787717,-1.12885953457934,0.735212414695177
"860",0.436418520525036,2.30608790095767,-0.960766253304281
"861",-0.918266945159029,-0.455466653871401,-0.0827374981268569
"862",-0.783979756778644,0.539734118457324,-0.206551711047214
"863",0.102691982089518,1.69178464310721,-0.260355156109545
"864",0.485900857910757,2.24313091350789,-0.577591829766614
"865",-0.786787195102897,-0.792163002499823,0.724181029385905
"866",-0.811250997705957,-0.0796766974849774,0.233437896330169
"867",-0.65960799513252,0.106947160693309,0.853810678046259
"868",-0.679411472945724,-1.06230020595208,1.35874691533092
"869",-1.05536661739821,0.0128702464441897,-1.05256382344749
"870",-0.786591964450518,0.324287663926864,0.0238951122996582
"871",-0.511469021715963,0.632967270459876,1.02994465407027
"872",-1.10905212199886,-0.167410731184591,-1.19825788767806
"873",-1.53790964119746,0.397490116266497,-3.80892202288169
"874",-0.981750883144315,-1.13863896159979,-0.128204316623478
"875",-0.674889561315449,-0.22218247677045,1.00623312833619
"876",-0.989503719070943,0.20418475884885,-0.877673871065183
"877",0.112291801762975,1.40054925750745,2.00150964284472
"878",-0.208541193760441,1.18459790132668,1.32776837971236
"879",-0.858666454249662,-1.10524590843562,0.476533601848058
"880",-0.644752162647458,-0.123338404880883,1.09499255027687
"881",-0.675937835048337,1.052243736067,-0.611147443815394
"882",-1.07043093749352,-0.589697793884724,-0.779631020792599
"883",-0.285748314699055,1.35201397559626,0.261426590325201
"884",-1.0639295071073,-0.520394121592698,-0.779343097599908
"885",-1.066752022913,-1.20523956863095,-0.532525582870838
"886",-1.02078318335061,-1.27731885617287,-0.281186706913559
"887",-0.657519608932396,-0.0805740733415101,1.00270328950477
"888",-0.722043075683895,0.0437224590031543,0.590998932990932
"889",-0.915665067960725,-0.721335935034967,0.0511956735966157
"890",0.5597209919076,2.36227644957877,-0.454882212126595
"891",0.736600260447987,3.27233244128277,-0.602899753415616
"892",-0.477484398162953,0.436928909288836,1.4495196775798
"893",-0.741265171879772,-0.01447163981643,0.537839670865362
"894",-0.896139887155145,1.0443970323914,-1.69140686993923
"895",-0.880668294123696,-0.897760066823096,0.294986136036027
"896",-1.01461305247192,0.100806307257608,-0.916290023150479
"897",-0.841237338896107,-0.511915578986992,0.330063263103981
"898",-0.813258424582188,-1.6521202291465,0.855259467287694
"899",-0.869356208981099,-0.87095102525676,0.341599290250809
"900",0.638165358070322,2.16435602830199,0.374147864017865
"901",-0.669589257908242,0.5998057285955,0.285857126865609
"902",-0.866999648453904,-0.552897868463663,0.220618738312159
"903",-1.20675359775266,-0.408385888472196,-1.54914767689627
"904",-1.25459968604472,-2.26056453757659,-1.22633759585168
"905",-0.767758959366752,-0.0698186637398574,0.444182437157753
"906",-0.879352597541142,-2.35218792232381,0.665843971608153
"907",-0.831249118910328,-0.626664581246692,0.43281911763531
"908",-1.50184194711444,-1.03406057820086,-2.76285503821644
"909",-1.09862946716342,-0.971708577503309,-0.76825179496239
"910",-0.466842372003852,0.622127600888682,1.26849634090225
"911",-0.393820581177231,0.501159457029684,1.79236684095326
"912",-0.89517445281945,-0.274338537525511,-0.0645040994816111
"913",-0.97668166364851,-0.963909683796814,-0.161256259021802
"914",-0.961876548145359,-1.90257972639839,0.168156155113962
"915",-0.824459806285088,0.583723806831557,-0.466623284222377
"916",-0.504047863923964,0.923562319845497,0.556535266785669
"917",-0.432235940089693,-0.562777898386796,2.39902051591891
"918",-0.882858551096105,-0.534246550242594,0.132581994445569
"919",-1.13041681089049,-0.0308612228692206,-1.39622526485546
"920",0.89014696002301,2.33873995557079,1.24246419188413
"921",-0.825658046644565,-1.46273935946348,0.745851851538447
"922",-1.05345976221582,-1.77839837292813,-0.316639390191549
"923",-0.9911386160137,-0.0896437744558502,-0.659268902634921
"924",-0.90096620369117,-0.624109116539222,0.0831041375899333
"925",-1.00236964566328,-0.7350680415453,-0.376675324118037
"926",0.0888660452319924,1.61049647034081,0.336802397310455
"927",-0.786143191584581,-0.947795843491932,0.785724619502582
"928",-1.03993780936001,0.287795783510464,-1.20700691220027
"929",-0.369468370486774,0.381164062115601,2.05081526953063
"930",-1.30885883032797,-1.38189391920237,-1.69191525991871
"931",-1.07368316309296,-1.24245103108901,-0.55597229057154
"932",-0.866792276756769,0.156271647921576,-0.222736381312636
"933",-1.02372543288632,-1.20914049067251,-0.316206118758056
"934",-1.06911189010294,-0.155665548181742,-1.00598206433562
"935",-0.797143972835745,-0.0484392352395658,0.282491104560445
"936",-0.647687305554725,0.511286977019576,0.510611032553622
"937",-0.801633375443739,0.309472209473843,-0.0366000779459711
"938",-0.602513804492136,0.220373617366088,1.04284274441373
"939",-0.937198961141046,-0.934535548033258,0.0257017533762971
"940",-0.779860245829209,0.601421108255006,-0.267719055415356
"941",-0.744187839273206,0.772243397727111,-0.352501782177246
"942",-0.811015090637301,-0.802747533882204,0.607199351682582
"943",-1.12392656765234,0.0271723942689619,-1.40596996130683
"944",-0.834411154845192,-0.460990403238107,0.339299054181449
"945",-0.918610993489525,-0.192825813833055,-0.230233683205878
"946",-0.853060511802432,0.237867019677922,-0.225753730660078
"947",-1.24015778270249,-0.776370252304263,-1.54893046475431
"948",-1.00535167541516,-0.782707921899934,-0.372380408183708
"949",-1.08138471168075,-0.0806699859075782,-1.11655722072465
"950",-1.01163420590608,-0.844508834518084,-0.379773128040119
"951",-0.834180957428238,-0.508707170479401,0.363804288276997
"952",0.818796081851741,2.414169200904,0.746089813631427
"953",-0.907171042953935,-0.920661164278329,0.170834548914441
"954",-0.426111436594266,0.854764195571109,1.08692327598588
"955",-0.834048832107111,0.245399048155237,-0.137612529485664
"956",-0.623889095352803,-0.821658258536105,1.55018543867458
"957",-1.10456069365569,-2.22088306544154,-0.48325364435087
"958",-0.104241022263254,1.57209972012949,-0.272236488761561
"959",-0.672073071387676,0.888397974207109,-0.209836595862087
"960",-0.726470541469909,0.237757204807486,0.407296580208195
"961",-0.770438430745015,1.22918339638683,-1.64010734641212
"962",-1.25422468621336,0.0931407273971684,-2.10824104299266
"963",-0.887094673800789,0.428416683688697,-0.588939047580177
"964",-0.967963349825871,-1.23704603805847,-0.0289862978001014
"965",-1.26421027488696,-2.71727891999871,-1.20079864791307
"966",-1.04639515506222,-2.15951538755647,-0.203677744714805
"967",-0.836776802797769,-0.198824323617995,0.182622019495219
"968",-0.493647848184951,1.51380337915151,-1.74827457661263
"969",-0.694491227732353,0.714209464632918,-0.00785986862600267
"970",-0.320985250671605,1.32096142110333,0.230872137081317
"971",0.39814991641441,1.71181365969094,1.07588576769875
"972",-0.702463466779583,0.659161352552858,0.0368216028380286
"973",-0.297164705202436,1.20880809847095,0.800402006445646
"974",-0.594641353433067,0.481887057272975,0.811498925794137
"975",-0.862810127956139,-0.0203805100677611,-0.0656495386538329
"976",0.571106056040108,2.41241920938181,-0.489289144872317
"977",-1.21737690993583,-2.91194880316916,-0.939256491662284
"978",-0.524499105824708,0.797381869417121,0.701829150978203
"979",-0.310837264223901,0.581120847778557,2.10498888480603
"980",-0.617293432929149,-0.112736379768113,1.22533029150216
"981",-0.91271011534157,-0.0197321048006813,-0.315613164038638
"982",-0.96490835563568,-0.256885755645519,-0.423297660267531
"983",-0.662481377813357,0.795507327029219,0.0152614803007456
"984",-0.865708401470588,-0.243249680616229,0.064691655611074
"985",-0.766522026690553,-0.575403162901687,0.733399410474255
"986",-0.662794761789901,-0.0300457646916612,0.941307239028968
"987",-0.56132127823445,-0.517170376473291,1.73215941114671
"988",-0.597473600640679,0.912300222203743,0.11346434702503
"989",-0.694805656285108,0.904632960931988,-0.357055625077146
"990",-0.78950277604488,1.36264719898278,-2.30967883622855
"991",-0.763355819250404,-0.813404986822084,0.849652699388655
"992",-0.91137615746062,0.98409919606194,-1.61702316388759
"993",-0.533812003223741,1.28612045011524,-0.681571484371649
"994",-1.20566619447329,-0.82267505245992,-1.35830713532487
"995",-0.717295953826898,-0.0855580869740498,0.707192210536395
"996",-0.853420880302411,-0.13296899722427,0.057912858390156
"997",-0.567014764140783,0.96466988988334,0.150182735326653
"998",-1.17758107368802,-0.397582097411002,-1.40890945940729
"999",-0.815304072369363,0.639916628497409,-0.499227719800642
"1000",-0.607429285092859,0.518937621788043,0.70241812711143
