"","x_child","x_pa","noisetmp"
"1",0.521375102490845,-0.462113664221162,-0.812731089901685
"2",1.13777085528792,-1.82579408931064,1.3785341468642
"3",0.8346855474284,-0.62050918613323,0.605487681212379
"4",0.73148972304907,-0.213110539499731,0.511087459513695
"5",0.524882599266455,-0.0870683858937677,-0.360532319939558
"6",0.918728971061122,-1.53843613621355,0.416370216621388
"7",1.1377696297386,-2.63040789878547,1.09094411217752
"8",0.588957621015598,-0.2878446099539,-0.289425622134802
"9",0.823410208966368,-0.316255930420011,0.850830923693828
"10",0.248241472151995,0.195827758952531,-1.30595332402677
"11",0.522377602668389,0.540201119603398,0.804239676784873
"12",-0.444748481681625,1.93966729430175,0.465475878636047
"13",0.691379077730978,0.145958304358253,0.823624635382118
"14",0.0895724410124994,1.08486750657595,0.745820802614461
"15",-0.245955538769695,1.52118595619756,0.602581254189193
"16",1.0062216429345,-0.364233765076227,1.7124760466301
"17",0.748100581497853,-2.28710852257798,-0.74743269454888
"18",0.704922042736811,-0.776827580359311,-0.174021901540797
"19",0.225588108137047,0.718998312931961,-0.15619402690076
"20",0.530720937025214,0.188568092429508,0.0936374964913226
"21",0.952576898023512,-0.57753686340113,1.23348913774065
"22",-0.556090538060641,1.88402161808067,-0.184402360571928
"23",-0.232261918305425,0.46258812729487,-3.16184437008685
"24",-1.05373487418132,2.37449795451159,-1.99534691902961
"25",0.962241572695698,-1.43089299977583,0.689203596813542
"26",0.602790529118979,-0.398328005887825,-0.340729188439869
"27",1.02018326223921,-0.919731735729562,1.294421906122
"28",0.747523507626266,-1.1376707962111,-0.215365360529239
"29",0.76021030861272,-1.91357460253597,-0.546166272758351
"30",0.214651751721195,-0.223521509544767,-2.08567137446685
"31",0.334108877245816,-2.12244702833306,-2.75838661967679
"32",0.439910000097314,-0.687882174904942,-1.42647842806158
"33",-0.417701770861323,1.55426407926549,-0.172703137208147
"34",0.184345793416068,0.752535960687622,-0.249375904710717
"35",0.763794848573456,0.489393430322033,1.88302883376323
"36",0.441975022228488,0.175335654370681,-0.373193695791237
"37",0.315940820025337,0.626030431196471,0.00811431324237999
"38",0.165267299954406,0.34830940935259,-1.42809753585961
"39",0.473330436689783,-0.732534162555075,-1.29638289326974
"40",0.391594641127103,0.271009676310353,-0.450768482154252
"41",0.652561384590089,-1.92441900452178,-1.08885911766871
"42",0.910559009712312,-0.0148566362503271,1.66876430466917
"43",0.473401717434951,-0.588080698338268,-1.17195589540054
"44",0.435489878567707,0.804502810170824,1.1925466047982
"45",0.637704256810544,0.310263246127577,0.856525349094514
"46",0.739531715984092,-0.194786572046815,0.573689768386057
"47",0.748935725322103,-1.16195549249585,-0.22343649476727
"48",0.171002936866922,0.167375117608836,-1.74180394652045
"49",0.789446565399394,-1.54295408775723,-0.232293452838981
"50",0.174722355569547,0.748064728785397,-0.312872777674604
"51",0.905128600044394,-0.405060441954134,1.16395597852023
"52",-0.0717613508613346,0.8076810516957,-1.33185664256273
"53",0.882716487527804,-0.464731170711082,0.991379030919081
"54",0.0260890485579504,1.28355176471402,1.24656733160391
"55",0.571164566830214,-0.6376189476912,-0.727134300758043
"56",0.466324911692457,0.143298029002458,-0.306119968033999
"57",0.57093175129333,0.385764241238995,0.679833506640929
"58",-0.281312769668286,1.35648465066258,-0.0458717366992826
"59",0.46970942937076,-0.22890693249107,-0.816841688174417
"60",0.894350573113028,-0.496607414418349,1.01833620222238
"61",0.235264438976136,0.626722451239118,-0.393256792291476
"62",0.666419238339375,-0.0964740773670611,0.334482388231304
"63",0.953340158146571,-0.649199604541347,1.17368329109394
"64",0.696446591188681,-0.641692127638545,-0.10427212514004
"65",0.0354017282722032,1.04977683405766,0.301251133414407
"66",0.647944659480827,-0.290336494133109,0.00267265643733768
"67",0.771053905050068,-0.569205816412625,0.333487394977062
"68",0.245961249173745,0.696200822734687,-0.128200791231115
"69",0.816265899924258,-1.80081651148056,-0.218192527465784
"70",0.613238861837045,0.474928047418715,1.09513797856655
"71",0.329671194776266,0.797551726645492,0.637722860766624
"72",0.873365182045225,-0.547028062079855,0.865539196078107
"73",-0.250757629488228,1.11225162900067,-0.827214129559883
"74",0.997854418858655,-3.33518787999569,0.208679170092153
"75",0.767568148404778,-0.31051707943447,0.578026275130318
"76",-0.0124559481632533,0.994216748901361,-0.226291230396566
"77",-0.511421289814329,2.75146353692711,1.07876233705807
"78",0.168021921903466,0.528139237706843,-0.998720725909066
"79",-0.155687555791326,1.06288662062579,-0.588075426611268
"80",0.875052931488536,-0.0254153379703262,1.47606172936644
"81",0.39797658432604,0.0227805886819358,-0.838844952056584
"82",0.692788841980382,-1.00895776112873,-0.404961019914222
"83",0.415392744752548,-1.05670309130948,-1.82391506540133
"84",0.934785119758351,-0.139188588015054,1.6200849506504
"85",-0.521763736246157,1.39070704537657,-1.14158026050942
"86",0.21830489069992,0.776398723092742,0.00418320761550758
"87",1.05734793273832,-1.74889259668537,1.01010676817553
"88",0.887529181222807,-0.41460419232934,1.06609130710704
"89",-0.830590918098951,2.82169759069944,-0.459855179432823
"90",0.8252237707304,-1.85919349775675,-0.198430427390237
"91",0.667475032851936,-1.59657083346822,-0.868458732777926
"92",0.726806967215539,-0.982174493290531,-0.216508825678841
"93",0.942246223280736,-2.62561888505827,0.11475258570617
"94",0.881836122471384,-0.370874031533583,1.08345112161389
"95",1.01380780379847,-2.48941763349254,0.514332233170904
"96",0.551233387342146,-0.0620791832296482,-0.194599146977404
"97",0.320423207008416,0.978646369727177,1.36078583415103
"98",0.785248925855257,-1.35841194122155,-0.156602055772798
"99",-0.170895925486729,1.33072508584849,0.422666783054798
"100",0.720051598494421,-0.608581338296948,0.0428967665309317
"101",0.458575734013874,-0.722124770349428,-1.36163187576674
"102",0.610732377939579,-0.275920060332975,-0.166895798656811
"103",0.650248294635918,-0.0735994676097506,0.284623315865769
"104",1.16297810494019,-2.22988887071869,1.34695691507292
"105",-0.387040561580082,1.99204276151789,0.837194091599998
"106",0.0506530674487665,0.955431078040432,-0.0996291836663765
"107",0.151898515991912,0.868413727834293,0.0241608131628116
"108",0.893725076264689,-0.0201492583186757,1.57697109111472
"109",0.83765837160382,-1.13638364467298,0.236117231313442
"110",0.515149823650592,0.178569956066756,-0.00170165664938882
"111",-0.538444070054766,1.59586591174433,-0.676069030145615
"112",0.559555512686865,-1.50752107758828,-1.36394081081533
"113",0.302183447962671,-0.817054148774183,-2.21912518247978
"114",-0.710456910778062,2.48982515741651,-0.156865491780245
"115",0.602477727728709,-0.277204347501845,-0.209646245699505
"116",-1.46303707939076,2.16720539805481,-4.29244788866383
"117",-0.366052699062755,2.30124594185103,1.35944156441682
"118",-0.350837780565655,1.66115620028518,0.409922294973255
"119",0.451414960288602,-0.294241436191012,-0.984409869750489
"120",0.675659438703293,0.256252495032763,0.941522616433066
"121",-0.594553695777901,2.19529445845257,0.0865687332466436
"122",0.0675319886367242,0.8580606544239,-0.43976567609883
"123",0.689792292892956,-0.417427558333138,0.0745017165214453
"124",0.891790688540844,-1.14800163127151,0.499506050480158
"125",0.735528178373757,-2.01471014366271,-0.710163739330008
"126",0.20334796551359,-0.0256701456418563,-1.88282743007648
"127",0.568231926436043,-0.00225785734753338,-0.0245734262005633
"128",0.898954455539196,-1.3064699363834,0.440994750074576
"129",-0.0353312545404306,1.14081893753718,0.378071430282102
"130",0.847403696278792,-0.707618734424046,0.594490593698809
"131",0.926136657803986,-0.998486054921202,0.768919959353155
"132",0.493661469695005,-0.415841602496313,-0.904521288561614
"133",0.532115258085269,-1.34818514091047,-1.41661509116139
"134",-0.442324463901733,1.45653890097835,-0.552546485927867
"135",1.06343585630829,-1.5846677060978,1.11712069005874
"136",0.481279623252987,-1.04367074095834,-1.48584792847149
"137",0.57065153067336,-0.508817686374488,-0.611917689633494
"138",-0.0148572129900589,1.00781244666355,-0.169073109088225
"139",0.39534928838308,0.571070708588817,0.251059714943079
"140",0.771242780525672,-1.19464517443736,-0.131924610793045
"141",0.479088116441763,0.703817459999807,1.06185672349137
"142",0.753345371192618,-1.03233049225214,-0.11794992572974
"143",0.946252024725535,-1.5931525661365,0.527080992369769
"144",0.385392208609775,0.543036251370641,0.126709595674136
"145",0.0197194815010342,1.02827783074619,0.111101517678404
"146",1.18178312691337,-1.77506471530071,1.62066999563082
"147",0.919412381094632,-1.19658401298758,0.607748054537326
"148",0.673726824192032,0.177855911259426,0.78994146081439
"149",-0.0817176951671038,1.0038988092585,-0.523469494087245
"150",1.04653110066798,-1.64589531280299,1.00327492678786
"151",1.01543297206683,-2.18409011582421,0.625620707287198
"152",-0.523410392703623,1.66550680755791,-0.443468968932234
"153",0.28621543036288,0.470580294691936,-0.550414572515489
"154",0.719299664483571,-2.7580045038719,-1.03836359567537
"155",0.698387656193404,-0.861209028540927,-0.271618318522457
"156",-0.24173663720497,2.38789286325207,2.0794043328919
"157",-0.526722776240968,2.51310705909116,0.785148488096213
"158",0.672210498402591,-0.258785133352117,0.16035370385945
"159",0.370881770850392,0.302272579134627,-0.493473006934533
"160",0.417239606878636,0.615784314627525,0.485047266636466
"161",0.763166483164471,-1.22598121238588,-0.191137215638813
"162",0.145377359390806,0.353611658088069,-1.51647829834881
"163",0.9409756225461,-1.87505790838975,0.373652667678099
"164",0.0859437079689177,1.13559829787714,0.961466537358735
"165",0.527086083304929,-0.680146811226533,-0.984068779961957
"166",-0.657400984928864,1.33277069058132,-2.00311471238106
"167",0.337050662903433,0.856559283818057,0.901778964833723
"168",0.554286824832728,0.450799886397876,0.743136714626764
"169",0.546112862624432,0.500197040380402,0.821241461855827
"170",0.771778327885022,-0.846982340934823,0.106025762019272
"171",-0.18460388089341,1.48875225983074,0.824158269483817
"172",0.618283269772924,0.0641118228915254,0.325709253637626
"173",0.468556865112765,0.385271281082576,0.166889465616618
"174",0.820432706577645,-1.64828125113215,-0.128340577815618
"175",0.948353740542819,-0.65555362113813,1.14326651471992
"176",0.80385879537759,0.342047765829455,1.75187140105664
"177",0.393414062441271,-0.128276262556083,-1.07260578092688
"178",0.660902055041376,-1.54540910626059,-0.876237224781429
"179",0.705444516311072,0.220276239399953,1.02389616894441
"180",0.781905773325949,-1.4701687684553,-0.233040434524542
"181",0.620181238077565,0.53827386131943,1.28824439779107
"182",-0.336811398258862,1.26187409236644,-0.645654089070008
"183",-0.396089498854631,1.34337909794501,-0.66188949210768
"184",1.05445612067978,-2.89371018697848,0.600160635057797
"185",-0.565776172781687,2.03479251872066,0.00839175154528767
"186",0.771127969205352,-0.338741361229508,0.564605372861935
"187",-0.0279150004282177,1.04113485030762,-0.0597449297011169
"188",0.580288240632929,-2.29002721514803,-1.58750087849909
"189",-0.0632216932502604,0.422149425057967,-2.41030929114444
"190",-0.528844646641325,1.36582461481365,-1.25396109500777
"191",-0.719551482765226,2.79425246927489,0.073308074130641
"192",0.616613053844266,0.141324734818241,0.4420098861708
"193",0.279473004102937,-1.4947666033578,-2.7578586601999
"194",0.857916137171707,-1.97531542679502,-0.0826505436457348
"195",0.714593495278756,-0.229489084555759,0.406882215134012
"196",0.738926243460433,-0.847402114777029,-0.058551550451571
"197",0.0218610822985241,1.4012140831443,1.608285425432
"198",0.330515661745353,0.59533775949784,-0.00640421739185548
"199",0.688681656227859,0.804217595210242,2.45744453614882
"200",0.182077139007072,1.23071904906054,1.83267772532662
"201",0.354555968843229,0.0409521427497087,-1.02854358806661
"202",0.20205457379999,0.795874656306539,-0.00652882043655249
"203",0.913220383391084,-0.0752808348979817,1.59718384907016
"204",0.793524279048815,-0.0709435313300558,1.00464331153732
"205",0.860683313715367,-1.54310819428375,0.123813582603933
"206",-0.616980537382227,3.97475145989186,1.26614507054004
"207",0.418347102411022,0.0263984959627292,-0.731573458388025
"208",0.250311298775057,0.306373391873347,-1.08818982925521
"209",0.607744420208936,-0.103772320920141,0.0313509112417187
"210",0.164506630957347,0.86007320577664,0.0532376602386224
"211",0.324355410701917,0.698194699054783,0.270138872864887
"212",1.12643394659973,-2.23848032198995,1.16119963594804
"213",0.628514350344025,-0.166953951280305,0.0532902404018702
"214",0.805974013546413,-1.71360719955403,-0.230857953718309
"215",-0.226466685666056,1.42403374914402,0.434083300021997
"216",-0.0389744332390349,0.894761493551878,-0.819966782804015
"217",0.813773481541168,-0.294871346087056,0.826668801104116
"218",0.503493702538306,-1.74712424303967,-1.75837413907231
"219",-0.509255653610924,1.68044097131023,-0.340532693113211
"220",0.67753880041661,-0.890463035859909,-0.397532163911696
"221",0.1794665251804,0.716556837403899,-0.394824943294768
"222",-0.180095902707323,0.837084567237026,-1.76116805701972
"223",-0.30511312645103,1.72899022125775,0.781120444867239
"224",0.308176696283803,-0.291053703145539,-1.69698260448733
"225",-0.511738793878533,1.97510011796735,0.187253968816269
"226",0.814943210557643,-0.779990835710005,0.373582801436558
"227",-0.622948963845611,2.53084108949752,0.321521822197114
"228",-0.2212039782432,0.686057441087662,-2.49615989515175
"229",0.791298716471119,-0.221297613981786,0.800239081132066
"230",0.61395874997681,-0.245648646705166,-0.115488501940934
"231",0.765235311085658,0.309555863755617,1.49276876149429
"232",-0.706489589440705,1.97364818653642,-0.788786645739054
"233",0.539445803442286,-1.23363676248437,-1.3142882652915
"234",0.63799758318882,-0.303464012056463,-0.0619130723581218
"235",-0.136620372783062,1.08196048545316,-0.399144723605291
"236",0.498842799946793,0.509010660281477,0.606868247341004
"237",0.710414077654171,-0.921216841738718,-0.255492399011705
"238",0.228278918139336,0.101275572667981,-1.56548384186555
"239",0.895177785701084,-0.852375362239342,0.718958544963095
"240",0.629201949058372,-0.629972215636305,-0.430258701653963
"241",0.828267918600501,-1.43872649778505,0.0151978050977812
"242",0.274939451700452,0.644460646246283,-0.142712436378085
"243",0.60947598452931,-0.606929149573569,-0.508508777879661
"244",0.949883799022281,-0.135388485072288,1.70049570968721
"245",0.197109341884368,0.423447825061666,-1.10571455035715
"246",0.471064589590533,0.468657695518198,0.369233762469484
"247",-0.572422431918699,1.90338394879008,-0.233058094363849
"248",0.450927215721407,-0.582782223419588,-1.27952893837537
"249",0.55636229684534,0.806927022350597,1.80594448250481
"250",0.432046259711268,-0.888006092452604,-1.62319092445496
"251",-0.305004758698782,1.52699884286208,0.322244199172455
"252",0.780283965306104,0.326496722401562,1.60212380405594
"253",0.449944931342885,0.0250029810048072,-0.575676694192026
"254",0.557568905562239,0.292999004496712,0.421696880523227
"255",-0.506636650427982,2.6021971173621,0.971198388418257
"256",0.523345255361675,0.0546604897249525,-0.163610358066077
"257",0.767499814165499,-1.70285705798992,-0.418325557003441
"258",0.834119400956379,0.129765200314657,1.51027605050906
"259",0.690911287913443,-0.281795112896639,0.227253938618524
"260",0.515083311606937,0.385608954905628,0.400254308411473
"261",0.0710987766662719,0.938782761808066,-0.0747912143454021
"262",-0.55652301197057,1.9066237403362,-0.148100665016422
"263",0.82578217109514,-0.377386324185122,0.796256928572935
"264",0.272668199086449,0.305452100508101,-0.9782361996086
"265",1.0894754679788,-0.845711603032977,1.69547129167818
"266",0.641320780022631,0.0429390252338437,0.408305431034348
"267",-0.282669337515562,1.39836005063799,0.0770551883024403
"268",0.407424494226804,-1.37244026629079,-2.05342842534778
"269",0.284730336378463,0.158099939769223,-1.18904943576106
"270",-0.193712258342192,1.1713599015388,-0.283163615773564
"271",0.756999595673327,-0.88733933861045,0.00206580308026894
"272",0.246842764686809,0.311021837029234,-1.09626684430275
"273",0.391074492909723,-2.33382282455658,-2.54851500760034
"274",-0.149961323231316,0.931072815506324,-1.21522044564551
"275",0.243157690650873,0.569043008121295,-0.515379709744746
"276",0.797474613225941,-0.984961781065326,0.134903960482634
"277",0.405065090092076,0.667849036355368,0.578600734568266
"278",-0.291296073902823,0.997435726417274,-1.60424847878891
"279",0.414858476625483,0.834375244079381,1.2030417949403
"280",0.746099501014262,-2.67121193935381,-0.879437667768748
"281",0.653741472256793,-0.0705128376100433,0.306320379104105
"282",-0.265829011993807,1.80666455812951,1.12838142862481
"283",0.456947035723594,-0.482924856347725,-1.1553757971262
"284",-0.598919114462877,1.65551109056566,-0.842844181345851
"285",-0.689595125753765,1.89286267361946,-0.836776122313806
"286",0.421562740905384,-1.19649933534734,-1.88144884260079
"287",0.370237861926632,-0.527430800197516,-1.6317050313835
"288",0.784414562742362,-1.65519479445703,-0.311678933401448
"289",-0.336620692193488,1.02766917732838,-1.67382441527871
"290",-0.349040552707449,1.3461654579177,-0.417623028845788
"291",0.607779541004081,-0.559122648434417,-0.473607609687745
"292",-0.282591716052595,1.22915593535288,-0.496634781523243
"293",0.0701848804919821,0.596636937319361,-1.30442853754415
"294",0.486284173348153,-0.218603491810069,-0.721585552981265
"295",0.629081274326756,0.190830944103465,0.589420856211419
"296",0.736774462386491,-1.65480130206721,-0.549694908227306
"297",0.408217197077339,0.138175178797579,-0.605240423416632
"298",0.18049612551348,0.883492731058144,0.229680638412868
"299",1.01365225189997,-1.96865630893562,0.698691868915223
"300",0.923445116166875,-1.36354740347069,0.531551431367337
"301",-0.0302758974498607,0.85013233821388,-0.960589824724288
"302",1.04875840255087,-1.88570473223144,0.908115474870959
"303",-0.477911119539925,1.85515795802332,0.156086115086914
"304",0.766065152779608,-1.21739510496874,-0.171518894600711
"305",0.242993604681591,0.50611100908413,-0.679634001303508
"306",0.922960288359583,-1.43043102123453,0.493041748425286
"307",0.711929205351864,-1.52830681522544,-0.612560338691215
"308",0.142793858859228,0.425024021691121,-1.37371755322617
"309",0.879332943370973,-2.3423977012005,-0.110114909588056
"310",0.535441386872778,0.710538696120523,1.3653885393154
"311",0.880353931162095,-1.54277169669218,0.222334168923621
"312",0.28951045347913,0.703455376655254,0.112801578446378
"313",-0.362989013290408,2.04364087772976,1.03543330109388
"314",0.652979803792625,-0.1341789284717,0.217544329483494
"315",0.747213885890818,-0.201946945821651,0.603309076179119
"316",-0.497083157803389,1.56379981650747,-0.546167846110717
"317",-0.185388494753797,1.02801386025738,-0.915836635862535
"318",0.568505754014276,-0.297960801062364,-0.403166100683213
"319",0.798589218472778,-0.475032637958689,0.560572832388561
"320",0.644726054183503,-0.994395578003923,-0.635330390837373
"321",0.380630341972273,0.277955940571303,-0.492242482427185
"322",1.05606579285506,-1.2389556789333,1.26566413560906
"323",0.443074298723255,0.441428394535492,0.165275183047639
"324",-0.0362716097757793,0.767245863937216,-1.30116762257332
"325",0.772622360400201,-0.136745649346973,0.812430466118443
"326",0.0939713439787858,1.18626007067301,1.21676405770435
"327",1.11567032967297,-3.08240962845346,0.857631106896148
"328",0.684063031232094,0.452996071195734,1.39716091533084
"329",1.08555251239127,-4.58435817643167,0.417201602094049
"330",0.346988561171815,0.0277268408612989,-1.08637195000384
"331",-0.310604578342197,1.28107611137037,-0.445653729328538
"332",0.680321405959815,-0.173354821657574,0.304274903190504
"333",0.384588145584695,0.239683651161347,-0.544794297072511
"334",-0.229818084340956,1.18259420066574,-0.41718434145947
"335",0.662189541607712,0.245938689023592,0.854837774691658
"336",0.494884837908013,-0.13968014015977,-0.5800513429806
"337",0.581936870746476,-0.154228238879387,-0.163459170802981
"338",-0.443540104129259,1.61209235712817,-0.163727244755122
"339",0.66429161438849,-0.161351009241989,0.239260058641964
"340",0.720920417591258,-1.02724973283398,-0.27666596362113
"341",0.371650303755048,0.218735662911212,-0.647869653851689
"342",0.848999280277621,0.173122104532449,1.65809317577735
"343",-0.0794601401941431,0.983569515028819,-0.614405338792315
"344",0.77638525416258,-0.49867374340588,0.426512103709053
"345",-0.379778100070296,1.08298237093859,-1.61000372183847
"346",0.785846275277608,0.129512729013449,1.26849209344839
"347",0.36767913817062,-0.329726688069455,-1.44274428002672
"348",0.963875454127721,-1.25067065818074,0.797814572871449
"349",0.378183615961369,0.724220462066787,0.624035869061329
"350",1.31116239078815,-2.61008195440981,1.96397788562606
"351",0.633667968286274,-0.560428212659052,-0.34537050935988
"352",0.522238376151865,-0.510161148678512,-0.855270665720558
"353",0.496819633498821,0.196901258637549,-0.0611607513746056
"354",0.0659117437944194,0.947500090825936,-0.0604688479098196
"355",0.027449785181017,0.804623624363391,-0.847204316629036
"356",0.300955094033174,-0.406590301678601,-1.85849826276617
"357",0.983855574651834,-1.46702031088033,0.778340695629498
"358",0.10639298308276,0.308771387957596,-1.80300734472579
"359",0.744954163236171,-1.06924006941454,-0.184346787452971
"360",0.690505553916395,-2.47935912497771,-1.09899687036972
"361",0.475099206727567,-0.452396106566983,-1.03442431769718
"362",0.535273202646687,-0.101611949183677,-0.328123434205179
"363",0.855318968286703,-0.673298473550141,0.662905931576803
"364",0.195000835509244,0.992993141704475,0.804841745878399
"365",1.06090704830086,-2.38861461576435,0.782355309007391
"366",0.831122093053593,-0.0968232036825273,1.15752845906917
"367",0.702238322697501,-0.511250583274279,0.043686204851993
"368",0.204674939625247,0.183412012871396,-1.54563095340757
"369",0.499328276488518,-1.44850999325789,-1.63464264254751
"370",0.2048156311391,0.515895920348127,-0.84593483092084
"371",0.863662547262689,-0.831797773564357,0.576969621324117
"372",0.514744757398436,-0.809510929277895,-1.15049349086884
"373",0.535867872221951,0.0505074423202518,-0.107384206101739
"374",0.446548925209045,0.460176839129528,0.226499634781225
"375",0.819834715722853,-1.5541769464449,-0.0859221958776028
"376",-0.18317737851093,1.30196533194018,0.264372668406816
"377",0.664468994472171,0.363715834130652,1.10025437573005
"378",0.0320256481871167,-0.185331472577093,-2.9521492499576
"379",0.0794556166043618,0.321987556433014,-1.91115897303608
"380",1.08904802134556,-0.446159224492753,2.04157462725588
"381",0.557705789828528,-0.0324279712286216,-0.120669864879119
"382",0.317979206453054,0.568338681178548,-0.143172849935545
"383",0.465734932209175,0.603844692861319,0.693568633195884
"384",0.873422400511306,-1.11182522141874,0.430480820815439
"385",-1.38042232428733,2.57503002925382,-3.42323576647014
"386",0.276022943864688,0.4840982785704,-0.568753679679993
"387",0.365296230100987,0.483984255249882,-0.122664627092721
"388",-0.620027550584994,1.93753402701545,-0.414397701229878
"389",-0.00296323575319229,1.53644640635338,1.85645809548015
"390",0.722614956455413,-1.27036216121637,-0.41997621720292
"391",1.00461582095333,-1.99873463767978,0.641554284257708
"392",0.913716396884466,-1.28805136309513,0.525322790879056
"393",0.592340857325816,-0.602567293469746,-0.590288409114001
"394",0.912609519013133,-0.634013886589741,0.983239285909888
"395",-0.771284140870408,1.98625648718709,-1.09300853479808
"396",-0.0162741297355364,0.323399658118429,-2.38694990753686
"397",0.598133530122823,-0.34192934816071,-0.303848878040047
"398",0.431709441067625,0.56500380683564,0.416501539693347
"399",0.635175847520498,-0.913829214396414,-0.626358694677275
"400",-0.0245981707039344,1.17754621040782,0.588117949285735
"401",-0.506635761933405,2.15054261813424,0.467416805379932
"402",-0.123470282483589,1.06475585868647,-0.417682037408307
"403",-0.132312367337426,1.06781376107455,-0.446730908958379
"404",0.945311083154673,-0.513060335093115,1.25731950086378
"405",0.994404833948765,-1.59706566907902,0.765950974920057
"406",-0.238869947263366,1.62172932550838,0.88175002370763
"407",0.246444812752959,0.53367102774269,-0.592363141829485
"408",0.168329703037122,0.209704104550427,-1.68076791632471
"409",0.719005598122392,-0.520882302060786,0.118339506390598
"410",0.223545333314836,0.544600060683806,-0.678433663492483
"411",-0.289676739076989,0.891403523508721,-2.08778276588902
"412",0.319340088077088,0.643115915477436,0.0752930064044814
"413",0.941967639795049,-0.768053791585642,1.01817167845932
"414",-0.826700960254468,2.32486788877728,-0.91628315288236
"415",0.392557560777553,0.164439430805333,-0.639073776570847
"416",0.221650699322616,-0.802352922303794,-2.61040866391119
"417",0.723794162347765,0.283843032242583,1.23496632549813
"418",-0.664523330568278,2.24283905690811,-0.203323836565602
"419",0.358136501581719,0.613341064947326,0.182540638140808
"420",-0.0881177145039332,1.22960287166049,0.477443129992271
"421",0.774837149465978,-0.646487958466644,0.283516463899607
"422",-0.475390900308753,1.60170450238962,-0.347111345231079
"423",0.864964786350835,-0.713215944590936,0.677658144501995
"424",-0.544369992938989,2.29141330053766,0.456241507387257
"425",0.468418407175859,0.0874438390522419,-0.386928140888725
"426",0.499355388520316,0.292585923589697,0.129819890803157
"427",-0.055013701157578,1.29778639839631,0.890782696021714
"428",0.815486818099974,-1.31254145320223,0.020213753676106
"429",0.283199055284137,0.461974856625041,-0.58599333824893
"430",0.605209952616888,0.669647400592804,1.5848520652438
"431",-0.208574723482081,0.924498783258502,-1.53789385394842
"432",-0.123837342117507,1.1930698813434,0.155362696405101
"433",0.917443746599846,-1.3926826599659,0.485658212556819
"434",0.571485376945974,-0.832027315589445,-0.884091288654907
"435",0.164958658416745,1.15455423102364,1.43907084473656
"436",0.293468880817364,-0.0199773049368454,-1.42406278498357
"437",0.556278173393472,-1.64489248258767,-1.44751705783169
"438",0.733256623170215,-1.19176167872473,-0.320104886068631
"439",0.879237565342355,-1.67544673799093,0.152990141242737
"440",0.801216040459315,-1.03026028066257,0.12279103398826
"441",0.668930764956571,0.161889592894146,0.73842414473
"442",-0.0751071754585662,1.71051665926005,1.89337691877419
"443",0.270725511965428,0.329110156476349,-0.940349849201416
"444",0.59434454532615,0.215483805911805,0.459716911579913
"445",-0.167465810265331,1.31330999547087,0.381617594038973
"446",0.412835322103712,-0.0514029861389691,-0.871751308525598
"447",-0.594640310498817,2.83403828689249,0.729671357781057
"448",0.281132774994788,0.804785096044513,0.42181158838736
"449",0.280177039203851,0.485603762270263,-0.544317345331728
"450",-0.303501933020197,1.53307190699112,0.345221759768531
"451",0.700634431073104,-0.142881693087228,0.444568161853033
"452",0.683196440260158,-0.240092322845167,0.237271484886653
"453",0.610107662458594,-1.14523338022733,-0.907180819414982
"454",-0.664097061884723,1.37404384619803,-1.90450997507748
"455",0.216336661563934,0.551536485727681,-0.696234481832341
"456",0.574361655724794,-1.4642000811672,-1.26766451610917
"457",0.78416332476045,-0.272982345521667,0.70364378305653
"458",0.907627282045243,-1.52185183657659,0.369174391123588
"459",0.793262633042968,-0.183541182110455,0.856260015660851
"460",-0.597371313694368,2.20747217414076,0.0880719359489227
"461",-0.322471592078633,1.44586273202571,0.0167123724413528
"462",-0.139317717232383,1.59059347962947,1.30711762137514
"463",0.86537067278542,-1.49095498563732,0.173579404315848
"464",0.17659400897382,0.981504846881134,0.655681014745636
"465",0.661789487767099,-0.73314768426369,-0.35458815190617
"466",0.499823513797294,0.834088508870238,1.62675169928471
"467",0.437220139640834,0.181059524536578,-0.38701313913731
"468",0.737595149472251,-1.46137347184679,-0.450027062248776
"469",0.625336376311684,0.136652603699066,0.477813214385413
"470",0.6026523172102,0.0282225868393649,0.192691719911714
"471",-0.162185448431004,1.46500097032392,0.871641697238773
"472",0.620103708897796,-1.60904858331995,-1.11133028058572
"473",0.766595959966264,-0.323926331245122,0.558244296578309
"474",0.294318470526268,-0.966654641267705,-2.3681674683727
"475",0.692384330761512,-1.41635560865881,-0.652356155674273
"476",0.593291951038046,-1.38653775927453,-1.1317719101182
"477",0.396827869335073,-0.324389373020677,-1.2911085235735
"478",0.396986862415721,0.442887442125678,-0.0617837819542351
"479",0.368733492228804,0.229013793531225,-0.64372370946169
"480",0.221073704974458,0.472056531719874,-0.872585997110066
"481",0.160974853314155,-0.430320441197717,-2.58277128180091
"482",0.873943774055713,-2.23163517255428,-0.0988328993874873
"483",0.744161423049159,-0.441769026284717,0.321562492652269
"484",0.0860413564108135,0.713466682338377,-0.872066555267346
"485",0.884985674296804,-0.945290983355801,0.600189323750118
"486",0.0721267273526792,0.548890668196386,-1.424261105535
"487",0.515773258193813,0.411848326131336,0.461498773266977
"488",0.0548934214836343,0.848657123282676,-0.540614920142413
"489",-0.537657615205069,2.17706188613224,0.347394859166729
"490",-1.08383819891358,1.71435948192267,-3.14235756109518
"491",0.692918265914316,0.0597492153004002,0.692115061978117
"492",0.995067409915728,-2.08987179139671,0.558620973355757
"493",0.993948222708046,-1.02635472805176,1.08907465596702
"494",0.696600864383393,-0.121350600822267,0.45238830752987
"495",-0.33394931333353,1.61899771216968,0.40010650776044
"496",1.11647933323305,-1.92774771966929,1.22936996838195
"497",-0.361018969881803,1.44620366109817,-0.175059953207194
"498",0.229870554084128,0.621504917123122,-0.435342139188619
"499",0.290448740251393,0.289128030379335,-0.921474830084981
"500",0.162137756300126,0.460548979893049,-1.19467599534735
"501",0.24786940290568,0.813493289802638,0.288118136307568
"502",1.19705885871611,-1.74921461692858,1.70851757030038
"503",0.532072746333797,-0.0650699799389148,-0.294533518193925
"504",0.49067705081885,0.223787644688882,-0.0435544823547189
"505",0.18852045295053,0.521106124701408,-0.914197795530825
"506",0.708726356879588,-0.504296121666031,0.0827982038516269
"507",0.757823641898873,-0.308108844862076,0.532000671741605
"508",-0.79529242677437,2.12608517035464,-1.0089647459259
"509",0.91803617045553,-2.52765386532256,0.023502185227664
"510",0.380023058210347,0.852642597986966,1.10092685531006
"511",1.02265983957739,-0.687706884805227,1.48741833440967
"512",0.52695513107397,-1.85927357625146,-1.68980745722097
"513",0.87676578419824,-1.07489982662608,0.471012877960514
"514",0.552705745924391,0.0559408457344203,-0.0148337689876203
"515",0.571755425400473,0.109881074942842,0.165825213792605
"516",0.670444204896193,-1.64659899122703,-0.877491059504593
"517",0.829987576294654,-0.00308741966163458,1.28299345779578
"518",0.805237219266404,-2.80238358273108,-0.621084429627725
"519",0.934429181926436,-0.251076777900378,1.48047300617938
"520",1.37318992799746,-1.8238989817274,2.5564440389793
"521",-0.0756375571225257,0.730101235894144,-1.62549071191091
"522",0.633503452025043,-0.0202082672758428,0.275778181618298
"523",0.46859101864021,0.171412507846354,-0.246903731503102
"524",-0.335175586244639,1.37767028625699,-0.248648125458351
"525",-0.390116793816464,1.02632563889621,-1.948436182755
"526",0.677842739683247,0.544668046763008,1.59323140814795
"527",0.0849151679494164,0.900424231998669,-0.176223360836697
"528",0.606836958236571,0.107163424352016,0.336822205078685
"529",1.29319800841951,-1.82511542703102,2.15596151655021
"530",0.31508063698865,0.683246335408099,0.17643615819106
"531",0.346978455383128,0.430936382185567,-0.339328717977227
"532",0.764904587366514,-1.98385416573242,-0.551108946446308
"533",-0.477435290431447,1.24383428507676,-1.4153525933178
"534",-0.457233953947976,1.65906338133129,-0.126631519910646
"535",0.667152462180829,0.398306135548865,1.18835163084565
"536",0.47961033364943,-0.60841446461391,-1.15916091013474
"537",0.838180808191538,-1.64504744513144,-0.0380769367317887
"538",0.889991238861411,-2.2807214959605,-0.0357722933585514
"539",0.382452940047683,0.567669376649843,0.177391171237854
"540",0.522215738262527,-0.463564726713736,-0.809968137392859
"541",0.667842820276417,-0.333383805823976,0.054051448357509
"542",0.873252817765693,-0.275700082401627,1.14595957698438
"543",0.318889866662425,0.686979675514766,0.20721254299318
"544",0.813375956257979,-0.330575507881103,0.784805089331777
"545",0.687168109238316,0.0524490839457865,0.652099875575021
"546",-0.209544468722027,0.8200296391104,-1.97418523272354
"547",0.53670820485031,-0.463272564947796,-0.737215952662586
"548",0.949383399679054,-1.72363634281534,0.48163893428408
"549",0.588622167962534,-0.487228629172055,-0.501200203478621
"550",0.036904850432556,1.65795257380408,2.34163090697804
"551",0.481438621748675,0.670460822854307,0.968499737582876
"552",-0.046020080456888,1.27125102456803,0.842221006403236
"553",0.426683159211864,0.183751883165089,-0.434995525578875
"554",0.39647461098406,0.789296846260919,0.941522846299502
"555",0.41539355181322,0.129274792202144,-0.584165674540046
"556",0.512563236835191,-0.933403529789773,-1.25347491263308
"557",0.852004468302861,-1.81662469969989,-0.0463495172938784
"558",0.69874048771364,-1.77670799224858,-0.79526717927886
"559",0.369323547789636,0.905182901915409,1.26640493039688
"560",0.347727416972273,-0.0607816423327777,-1.21033325128005
"561",0.819959122080497,-0.0433506272101094,1.17515435203566
"562",-0.831380651259198,2.81208442200436,-0.471474485382249
"563",0.655360903673242,-0.385844479375659,-0.0647899351716733
"564",0.31561801081749,0.36031731019806,-0.651182874407218
"565",0.209105914859166,0.96934262668132,0.758965800095059
"566",0.563518751927626,0.00815357187247668,-0.032856565077671
"567",1.18166904353892,-1.98823874390668,1.53097256662499
"568",0.542101775561665,0.354622971833943,0.469262384616605
"569",0.711665063403775,-1.66259798802476,-0.678891049071733
"570",0.495876451169886,0.210003408658584,-0.0424965742855044
"571",0.70118483870396,-0.492903808123166,0.0560955687080596
"572",-0.163403777744065,0.956003967185155,-1.16721215901204
"573",0.769099691133117,-2.19548083330354,-0.610154172962953
"574",-0.210412763328492,1.96202005608043,1.6731686198146
"575",0.501752312156486,0.0590242333310581,-0.264836887626133
"576",-0.0416714890912745,1.11131238299132,0.213900997999992
"577",0.551971362411034,-0.403095072812849,-0.599789023358886
"578",0.580669463235257,-0.191663353991533,-0.216770012150437
"579",0.099393449625438,1.03272067623759,0.532908220123425
"580",0.623822574827408,0.0447806664585911,0.323623322217388
"581",0.678430681144415,-0.749238809968201,-0.284433984792856
"582",0.552337773675982,-0.544860251685315,-0.737576436018054
"583",0.765842511178226,-0.839067917953045,0.0823379469096623
"584",0.934618701728645,-0.65948529792209,1.07120994652532
"585",0.875645046799682,-0.488712325363181,0.932469412005805
"586",0.742403010382252,-0.794327585667282,-0.000386854913038507
"587",0.429607665826954,-0.208058852164751,-0.992184163275109
"588",0.841010219971098,-1.62335640553569,-0.0136459914039847
"589",-0.714286217006052,2.40918575563447,-0.260204110043751
"590",0.724067914686152,-0.902549517861248,-0.173718593878793
"591",0.763662674811304,-1.29250628219087,-0.227500194261798
"592",0.610895655503858,-0.0819426057340578,0.0764816359636685
"593",-0.673466987344721,2.09376903158804,-0.444699405013624
"594",0.649366218135952,-1.18665492971328,-0.736449302363784
"595",0.66043662107685,-1.44512201587372,-0.827323348180819
"596",-0.0233689446967202,0.887084805874344,-0.774529792725573
"597",0.865778050473194,-0.742071714520142,0.658098334253315
"598",0.310319720331333,-1.78994883268416,-2.74318254516564
"599",1.04190213559128,-1.93060830442423,0.855316447563399
"600",0.173008476303851,-0.0624302839947779,-2.08620925162101
"601",0.691038153044559,0.0403658430310624,0.652975795399857
"602",0.742720938190758,-0.375005792740473,0.383477823900798
"603",1.14308137243127,-1.41697815347714,1.60079688946673
"604",0.331143998724357,0.617752904841831,0.0602182713283317
"605",0.137160486791526,0.108005594516206,-2.01019458318546
"606",0.591437176557799,-2.15138929958161,-1.48244286486855
"607",-0.216473088579527,1.28127923009761,0.0257230426124022
"608",0.76828800342973,-1.20988051835511,-0.155897808638623
"609",0.516867349638421,0.634109655761389,1.03633650846157
"610",0.532176775111772,-0.059755936257506,-0.286665435293441
"611",0.822294108568042,-1.37766635259859,0.0180651622898679
"612",0.795486600504908,-1.86333948481863,-0.34886610353793
"613",0.929027525068887,-0.443951493662979,1.24369342973217
"614",1.07082812543351,-1.96693147117979,0.985262104564928
"615",0.715115818647882,0.312507818788409,1.24807024808891
"616",0.431546467735323,0.116106390477331,-0.525071812713587
"617",0.291707424807237,0.150836781678004,-1.16649870625191
"618",0.818048847270994,-0.822052319911223,0.356358289159731
"619",0.674265157072285,0.467853255661292,1.38331606709179
"620",0.894753850300102,-1.67911940949452,0.228869233588722
"621",1.00350480325572,-2.03247420972607,0.622792727935659
"622",0.448506301822995,-0.0980679388466591,-0.757218594584132
"623",0.743387379763986,-2.15098586102953,-0.722543716063022
"624",-0.512776694231438,1.93181943378414,0.112503214280921
"625",1.11900212936317,-1.43769344267039,1.46941346928854
"626",0.389967944956527,0.604248897621541,0.315874687918777
"627",0.59029153342253,-0.142444297340096,-0.10658297422813
"628",1.13112050837602,-0.564510179039768,2.13813199009517
"629",0.380800017749202,0.818030026082551,0.969935092964154
"630",0.643081479721514,0.244868796387873,0.757303663714759
"631",0.435200123018243,0.367779213263024,-0.037466778372471
"632",0.568011963215621,0.43345789175125,0.771609832696327
"633",0.800506576148167,-0.989989370759394,0.146599363265523
"634",0.729040235218321,-1.05362614076297,-0.253645731164787
"635",0.876531974929178,-2.23546451248492,-0.0872456936521745
"636",0.775877282640872,-0.520041145234028,0.403497272765318
"637",0.84030159886165,-0.950236455419941,0.373273423445084
"638",0.498744064497061,0.92797844056061,2.01433144302113
"639",0.466403306118019,0.199951355717629,-0.207827589640148
"640",0.889526711228224,-0.21058493311831,1.30433817102904
"641",0.478061364805736,0.829503186997589,1.50017133869262
"642",0.959788317493171,-0.648286430251744,1.20671436668872
"643",0.494660572257016,-0.0516769334688138,-0.463007591792155
"644",0.755311739045303,-0.399362509115395,0.420798049048764
"645",0.643098243955537,0.158664282737526,0.603752253414443
"646",0.62417456745904,-0.3475307217556,-0.179740291375598
"647",0.684481120209308,0.742432243207782,2.216685254966
"648",-0.793637818441313,2.21877288317926,-0.878938230266117
"649",0.647240533841185,-1.16418143483686,-0.733288408826519
"650",0.484227855949522,-0.297057048328668,-0.823533745545769
"651",-0.53266396035844,1.38354357837267,-1.21797874596565
"652",0.373297728441245,0.781053614588497,0.795825439323963
"653",-0.835714920383464,2.30465067544343,-0.984870201276666
"654",-0.525946600928208,1.80283030930343,-0.179364505896422
"655",0.953189296543261,-1.61662590781975,0.550464396462144
"656",-0.722283743840471,1.25918433785632,-2.58283124218204
"657",0.50742579346466,0.348213688980354,0.282495702369148
"658",0.595765355375079,-0.27735805279425,-0.243384795981572
"659",-0.367905764490354,1.21720062451109,-0.969318608283145
"660",0.894921527022662,-0.307375655469406,1.21831222620913
"661",-0.563188847393352,2.0766912601205,0.0824472316374036
"662",0.413166603759183,0.633442925525763,0.515876611249066
"663",0.662928482199791,-0.0696986274463183,0.353373508248058
"664",0.622879750999543,-0.80461779730119,-0.606024010740562
"665",0.493374424810002,-3.06458403426443,-2.24940754157662
"666",-0.287502550776626,1.35738261954775,-0.0739613063062435
"667",0.693002428044142,-1.09230939843778,-0.459099667918591
"668",1.05016996824491,-2.86739387364532,0.585797764546136
"669",0.0214506472334876,0.976250198627139,-0.145794911510134
"670",1.05400821927134,-0.80978163656168,1.54561425640745
"671",0.215574865741358,-0.83563508141739,-2.66639175203118
"672",0.654328561943954,-0.878495307226842,-0.504768861893425
"673",0.199013298890617,0.112413101201598,-1.69376546450117
"674",0.800401530062611,-0.810544577405756,0.276990402124842
"675",0.29804959820615,-0.930891574017054,-2.3242496355324
"676",0.353471280876638,-0.304699665747095,-1.48593425086997
"677",0.444719931491745,-1.08340845749911,-1.69475215608664
"678",0.695095470006389,-0.271126484719431,0.26044705926696
"679",0.174021658893586,0.646374989366634,-0.641597997736878
"680",1.11711312802502,-1.04534978529924,1.6922034399949
"681",0.456590628565211,0.638679515967884,0.748406947974206
"682",-0.991897338165327,3.29321542704603,-0.943395108199628
"683",0.576495673865456,0.749903667465297,1.70230738383879
"684",0.717235094743059,0.0686224648416345,0.827496964837789
"685",-0.506754412339671,1.04148051068803,-2.45215275166605
"686",0.447140823424946,-0.376501780871311,-1.0960113745076
"687",0.926838863483531,-1.75691116626938,0.353987032375181
"688",0.803981480363697,-0.1900698820548,0.901759054486952
"689",0.613885277100576,-0.325382041361794,-0.206919252639383
"690",0.922520499584101,-1.82089087558426,0.304391392044863
"691",0.523025022516736,0.311412936173129,0.285426142357452
"692",-0.868132950387881,2.76165461404043,-0.696317860863848
"693",0.545419443499192,-0.820826192932215,-1.00584704873371
"694",-0.605748519606792,3.30136395151379,0.992145105396813
"695",0.981540581989659,-1.65146951333075,0.67569964886703
"696",0.0404006368273847,0.666708049491683,-1.24822128318861
"697",-0.664623243252206,2.37745557645488,-0.0465160184532006
"698",0.478281697574678,-1.2762982784562,-1.64507988533166
"699",0.811807510697503,0.0315667822796025,1.24350162543855
"700",0.664236514420935,-0.618509033412704,-0.244989886944057
"701",0.875088392030659,-0.561355384824802,0.860876531800632
"702",0.808954834906336,-0.641658607600235,0.458298248975405
"703",0.470144571643478,-0.688359021926474,-1.275706904146
"704",1.08007881774834,-1.35466853889231,1.3196136418962
"705",-0.0579704704033763,1.1793448160018,0.428685274433012
"706",1.00166917275245,-1.8088073139366,0.705354526296328
"707",0.674565533294916,-3.14802613972534,-1.36398280661278
"708",0.883903193484144,-0.481450375212064,0.980847092953319
"709",0.596293278987479,-0.0726713472160592,0.0161192809442164
"710",1.03232955772663,-0.365662440249614,1.84148545522169
"711",-0.585535787201243,1.37290217765472,-1.51525813139814
"712",0.702843107074162,-0.568314062205209,-0.00674892011125324
"713",0.0656862387794545,0.455959702949709,-1.68776158441978
"714",-0.0963057776207779,1.21942379440452,0.397319397583483
"715",0.0441869013424931,1.07244353440715,0.458570874809917
"716",0.0898977992393102,0.435314527377452,-1.61470088367648
"717",-0.288651421930947,0.996746010323077,-1.59451319476634
"718",0.438257234753338,-0.0604564308443242,-0.757233752790401
"719",0.622427221836062,-0.162042328711031,0.0290622478402332
"720",0.238954731984904,-1.11721806309292,-2.74529071459092
"721",0.668373579398881,-0.374401282969189,0.0123835053185206
"722",0.912567451206525,-1.57771259142007,0.366170266297392
"723",0.574131124357963,-1.20519296340358,-1.12386066923806
"724",0.224578119446793,0.923985152772656,0.625570488588021
"725",0.264172062604208,0.721400622003177,0.0446466526635714
"726",0.796260198118465,-1.45947982328587,-0.155715737528543
"727",0.1355947069123,1.04570614519552,0.781379161668231
"728",-0.615115392809575,1.50202591311295,-1.2931231677493
"729",0.170858888585584,0.339804239040844,-1.41776011944913
"730",1.07966652070952,-1.15611836067117,1.43383445777816
"731",0.805566223462379,-0.68510577474573,0.40414209341067
"732",0.612182103581084,0.269938407040419,0.650119087670983
"733",0.993186481175849,-0.880460538454567,1.18806853397289
"734",0.727324648425087,0.101088729735508,0.929443728858027
"735",0.417747795381917,0.913083333262046,1.54305153349079
"736",0.821514333856137,-2.02446774841961,-0.284044980823768
"737",0.568376054884504,0.407587306138278,0.715009629006735
"738",0.544688221377836,-0.716737322698891,-0.926633272126649
"739",-0.720214289121355,1.74246900398332,-1.26730130343217
"740",0.761124534044363,-2.00609504221247,-0.578801436783949
"741",0.566852737753403,-0.0630033992019565,-0.117780195546136
"742",0.412942762190321,0.515739114316907,0.19430446813587
"743",0.883803962982206,-1.90159811049979,0.0767422056007298
"744",-0.345301629235668,1.18923493292742,-0.967489644389789
"745",0.818546324769023,-0.366669944038807,0.771491256740472
"746",0.500139706261117,-0.210873382211329,-0.642947325599252
"747",0.477504220139666,-0.0197553340896423,-0.50356705324468
"748",0.626212014820553,-0.419909715366218,-0.245948474373017
"749",0.788370662068575,-0.168093506310279,0.851135296399942
"750",0.224972656985533,0.210677392615525,-1.39580434976362
"751",0.698232999801144,-1.25814894946755,-0.534776236542257
"752",-0.690386864848844,2.49871715921032,-0.047550562643132
"753",1.03170050804628,-2.23897714848376,0.687357212085482
"754",0.0307098392113557,1.21694901219613,1.02277994863026
"755",0.857227871603379,-2.05145694659005,-0.115929167528107
"756",0.447206494911044,0.560312266005419,0.481421594772049
"757",0.345191890914367,0.808745090911247,0.756890256667825
"758",0.766928510981009,-1.50452765751068,-0.325555604826855
"759",0.341559614348174,0.789095799895691,0.666216475286802
"760",0.0130310831927565,1.00679660514486,-0.034860436869734
"761",-0.0622544178450457,1.36827951565868,1.08670002514036
"762",-0.884323717366957,1.43380982858641,-2.82692295962319
"763",0.968928643310249,-0.37530466141502,1.514198823945
"764",0.744992104827429,-0.783494047969975,0.0210636151000106
"765",0.707901847991966,-0.258594822006387,0.339032598420739
"766",0.585571673732535,0.193336023966165,0.376291442451275
"767",0.672965033269301,-0.251007600224627,0.173233526054472
"768",0.550207546160879,0.0307579940039718,-0.0657170978982717
"769",0.669313326961586,-0.951134982045338,-0.482301832592974
"770",0.58786814857488,0.442183569841364,0.890992215833227
"771",0.781941448434447,-0.523977486789863,0.430081748187025
"772",-0.650238651878086,1.58859435283354,-1.25222605782811
"773",0.401158705050593,0.53168657844522,0.176085660898152
"774",0.73905213245004,-1.75944182731818,-0.586071662792436
"775",1.03520830718433,-1.09796323681798,1.24828735832733
"776",0.448976957926021,-0.335406238750382,-1.04249739147696
"777",0.573080106404348,0.362731489102546,0.641226855086973
"778",0.519232143579353,-0.175706384339179,-0.504117966436239
"779",0.213784235778913,-1.89066933526009,-3.26882289644559
"780",-0.748974940491936,1.33933275627962,-2.43947994284393
"781",0.210182651050569,-0.0256649221029101,-1.84864653451516
"782",0.670463564013447,-0.140806950004771,0.296387934422622
"783",0.674655460657777,-0.590772019277754,-0.168117946873555
"784",0.104577431028759,0.326410504090794,-1.77658407208925
"785",0.748187351353486,0.475152201443685,1.77041989777879
"786",0.958361674303464,-1.42834159275149,0.671155616838252
"787",0.937137302687423,-1.82714992170827,0.374784114338601
"788",1.08279720031476,-2.09305873500282,0.996066637377002
"789",0.285721461392772,-0.218383861179023,-1.72413399754558
"790",0.717001522758535,-1.20943736052311,-0.412063802455676
"791",0.656760013819876,-0.480059752634376,-0.153507244130375
"792",0.545618221617212,0.0238572573410909,-0.0990260507510543
"793",-0.394965102288869,1.18577066403999,-1.22991597172197
"794",0.707542253491679,-0.708134527153009,-0.105244768459336
"795",0.716502806116458,-0.193469729877957,0.460167872288141
"796",0.848466341269401,-0.502030311937693,0.783679385427529
"797",0.318453215039234,-0.485393122238231,-1.85025536261781
"798",0.698727136856801,0.367961728036717,1.28055653775139
"799",-0.0896697160458119,0.629530999427247,-2.00974809429751
"800",0.778885568658108,-2.03112101960199,-0.499777869004103
"801",0.701170534575263,-0.888038676685105,-0.277593493249095
"802",0.560891312594812,-0.566556259777315,-0.714894546238551
"803",-0.331933415966878,0.742975453024883,-2.86353895297512
"804",0.836525080861734,-0.206797897261437,1.04393927733999
"805",0.350238424001979,0.404259031256341,-0.383069284106875
"806",0.470659046088011,-0.438929662441053,-1.04308224104605
"807",-0.358235955387193,1.45718395594711,-0.130304134807561
"808",0.949142423274524,-2.94124729682097,0.0610097905794434
"809",0.861696504948459,0.291956352444577,1.9402925594024
"810",0.657691915237466,0.273114749988627,0.883752475288045
"811",0.24821061244788,0.938937344714183,0.81147683139815
"812",0.991294787740158,-0.902739268471616,1.16227767028184
"813",0.225358497885621,-0.815885897449733,-2.60234970105411
"814",-0.0552949104628843,0.863664019330626,-1.03120141658632
"815",0.901796181378536,-0.229302223252596,1.34311915006751
"816",0.402643034640404,0.466241654766215,0.0213633865825151
"817",0.366776054947345,-0.236513379011644,-1.3405814322688
"818",-0.687250333638948,1.43049526007864,-1.85110366053947
"819",-0.869780842709812,2.20878034285185,-1.27231059904608
"820",0.732162129806587,-0.277129771862079,0.438861499499981
"821",0.39637419757952,0.0335615844432178,-0.83065466657497
"822",0.54882417429088,-0.864111313811037,-1.02160430608193
"823",0.860861690332921,-0.977591941272252,0.456937832656944
"824",-0.530695498500328,1.76625514561331,-0.272862909650165
"825",0.438216471903798,-0.654317489877749,-1.40635476073289
"826",-0.643904047607278,2.25943133568601,-0.0798711224305067
"827",0.679255714903572,0.440017305192281,1.34292054522002
"828",0.475923724866285,0.81265004368571,1.42521223896528
"829",0.156832363771126,0.939740300818704,0.358270576430627
"830",0.836637862376883,-0.0560552632359342,1.24077790016719
"831",-0.0930689765671095,1.04515011879925,-0.364796854217525
"832",0.970250280928382,-1.36513888875263,0.764702693811586
"833",0.411666672554305,0.615199013488409,0.455505800870121
"834",0.593491077645038,-0.74778226571691,-0.70795652269444
"835",0.483598883780145,0.347713274771648,0.162319950739308
"836",-0.29841940372771,1.54988431350067,0.412851222696432
"837",0.0611862549080866,1.0738883905986,0.550648119357465
"838",0.470902342320895,0.453944145172553,0.333581828225116
"839",0.44036518474816,0.467714865748469,0.213485995403301
"840",0.565588818539386,0.0409515277289925,0.026619724944299
"841",-0.142185011179747,1.2781744164412,0.386145023620113
"842",0.0233639715426839,1.4221192526099,1.6776562390372
"843",0.421062387326553,0.559317404443457,0.348046024424757
"844",0.581568693041802,0.248189567869602,0.455935456166954
"845",0.565467752948551,-0.204641557537891,-0.308716247518053
"846",-0.495736047075212,1.96001271556851,0.243349871755906
"847",0.585984994831099,0.3904927462679,0.76538979595196
"848",0.0996915341106579,1.11074405208845,0.918101557157034
"849",0.24872116166301,0.812212695037372,0.287552980274441
"850",0.669248130495379,-0.940330814363806,-0.474981276531049
"851",-0.782955366986873,4.45148802118326,0.611032385908901
"852",0.554226173191848,0.145855130589866,0.137686385354157
"853",-0.45789877632944,1.56237991012761,-0.353719596949625
"854",0.743399056754287,0.0436615942570132,0.919798311777189
"855",0.93521301982253,-0.368927463945316,1.35241229606347
"856",0.318396692753119,0.387554651401135,-0.578951998534283
"857",0.873270369490421,-0.284906825303584,1.1354901072078
"858",0.213898968011562,0.5830544602096,-0.623508337460218
"859",0.690440324125328,-0.552631072302339,-0.0542947344980889
"860",0.726772147769169,-1.14539990173505,-0.323962436601105
"861",0.871466944889315,-1.22835518385844,0.348952675806979
"862",-0.462650471156942,1.85924044004091,0.23960904618866
"863",-0.144281252199704,0.903792866947511,-1.30764862088827
"864",0.470344040632388,0.0609756953169734,-0.418855861371975
"865",0.446745251075037,0.346290769778499,-0.0249048534327419
"866",1.0215357124025,-2.54499632479837,0.535634083641607
"867",0.578790872642862,-0.849064361578861,-0.860482378088349
"868",0.596098904566259,-0.66322510096262,-0.62459665055965
"869",-0.60899489475608,2.06726207110746,-0.160132166959988
"870",-0.723850583841635,1.7963379049708,-1.18107058190746
"871",0.780775735877227,-0.484462264672751,0.462265770734498
"872",0.737852868647937,-0.278674547463089,0.465540336084957
"873",0.600413485654657,0.59740180987981,1.34885418141799
"874",-0.0883584560726317,0.851345647649063,-1.24616343685477
"875",0.249496872575421,-0.276852462385398,-1.97414593574224
"876",-0.300511324353704,1.42286411420469,0.0604525319234095
"877",0.938608165434649,-1.84700241219908,0.373657813542041
"878",0.132292760552945,-0.256834959535311,-2.53695692786476
"879",-0.131063354742817,1.03217704758786,-0.622233726588868
"880",0.786666943681448,-0.387265819030602,0.590243696631664
"881",0.194873061338962,0.825655401818947,0.069412761428335
"882",0.675424568752978,0.290620659901836,1.00631989242484
"883",0.496734186492379,0.00356764267843403,-0.373529187594608
"884",-0.125256208872128,1.05129428018231,-0.494308606286455
"885",0.386434968960276,0.535843179560769,0.113207003753125
"886",0.762645183602662,-0.354861188553239,0.504675279068155
"887",-0.198546474080601,1.35180378358215,0.352997780821389
"888",0.664096796510797,-0.0806459492835664,0.344250172992894
"889",0.544674208527047,-0.698606551424514,-0.911651080765297
"890",0.525124269516044,-1.53887268211065,-1.55187109552152
"891",-0.0217367440036075,1.61374186091805,1.949094402902
"892",0.435414114118266,0.679609792727171,0.766734395331364
"893",0.642900945804748,-0.914940306240698,-0.588535691776679
"894",0.0440860294852029,0.997854211543001,0.0747803879573909
"895",1.01898593765087,-2.34414193908129,0.587563109532527
"896",0.556624658129704,0.43137056650423,0.709894817910077
"897",0.906749553053986,-2.13802003290062,0.0990426999611027
"898",0.995794321129974,-1.00519687894259,1.11262592686858
"899",-0.248411389576029,1.47411138560967,0.465523885678255
"900",0.710154267261219,-0.609847762170247,-0.00771740921461076
"901",0.551763909021485,0.593460552448265,1.09460320556179
"902",-0.645179980650568,1.65116978783845,-1.08370767683954
"903",0.294546607339971,0.53016770278527,-0.360885690220512
"904",0.774448526562092,-1.61723418630179,-0.34353048533752
"905",0.76231136528517,-0.570010090309759,0.289037692981185
"906",-0.277388944729079,1.78412775914357,1.02809260493258
"907",0.696312806553153,0.327347120413762,1.18399699331189
"908",0.666010239668794,-0.42617056553767,-0.0533645495583131
"909",0.796334905718709,-1.6389339008079,-0.244419861849581
"910",-0.129823169317361,1.04439513258551,-0.552452355046314
"911",0.546064657675277,-0.781283621370704,-0.971830598708315
"912",0.373687206039767,0.043232137087052,-0.929415704678127
"913",0.842030745664221,-0.81404311897203,0.482432985681407
"914",0.764043189689355,0.142083370700551,1.18043266229112
"915",0.709943493681318,-1.11559870441503,-0.389317177644365
"916",-0.657561882904153,1.5577883885979,-1.36330839926555
"917",0.438804093682337,0.739181921826653,0.977269264180087
"918",0.649687869954301,-1.07599291258968,-0.665089492645038
"919",0.205430134317617,0.858884024081682,0.253048183319188
"920",1.02315326229517,-2.26028303786712,0.637143458847069
"921",0.745817992083662,-0.635820730768245,0.147702454993875
"922",0.843625358492176,0.0953125922977526,1.50166645296523
"923",0.769785282669144,-0.0242425048731429,0.951401524538411
"924",-0.642531859210259,1.93643078756654,-0.52872089662437
"925",0.433226569012205,-0.0849464463234996,-0.815939752636982
"926",0.795885347561452,-1.01003041083381,0.109792606351697
"927",0.508382036402002,0.72679960123129,1.28359508033802
"928",-1.1644704861493,2.78143981026453,-2.1617167977214
"929",-0.61002348412799,1.90941086179365,-0.410919668238387
"930",0.627981738149647,-0.653791910863918,-0.45707529967931
"931",-0.204469974124461,1.3331639693831,0.262834678284834
"932",-0.165941130732118,1.1946551620574,-0.0487628678287599
"933",0.58235512908082,-0.0612637032146918,-0.0378620898890691
"934",0.92495453208026,-0.968757427295229,0.78354546686683
"935",0.711216236264051,0.0587829106352813,0.782109367681216
"936",0.878213471160838,0.466255389548882,2.39924828208599
"937",0.475589843941303,0.535933506815124,0.559215381464235
"938",-0.1996471536201,0.779033207610908,-2.07615172792836
"939",0.644175297997876,-0.173048594200918,0.123928510291158
"940",0.61666594226385,-1.52709301332931,-1.08826745097924
"941",0.858891803584587,-1.27354018992666,0.259566267116741
"942",0.645564153105613,0.195246957120996,0.679632024263545
"943",-0.392808543566457,1.82171001381047,0.521296446436244
"944",0.225255223846769,0.412398188450085,-0.989861690416196
"945",1.01659420967779,-1.52418015501342,0.912837478326664
"946",0.834142712952732,-2.44964241495405,-0.371328639348647
"947",0.509473112507116,0.0446575282559875,-0.248311955546054
"948",-0.386370369745243,1.57751886835602,0.0406566503889016
"949",0.374493587505566,-0.42795838531532,-1.51277172706759
"950",0.588523246805314,-0.818858121857875,-0.788814907132445
"951",-0.143300929318333,1.09230628303164,-0.38302693169688
"952",1.03692957739861,-1.30096151634337,1.13400432465895
"953",0.94354241258366,-0.212140693220835,1.57252740674208
"954",0.524690609338687,0.16838534628388,0.0283732370639456
"955",0.214553677973726,0.227878239410482,-1.41670191967904
"956",0.487404580825538,-0.131658855132367,-0.607058342024821
"957",0.164786100313001,0.605773025682062,-0.80572687613357
"958",-1.32592423732648,1.7050982862653,-4.37193356939249
"959",0.533156390043128,0.537281760051478,0.850544011743445
"960",0.472889534909261,0.611124656866356,0.749982886502775
"961",-0.0704674949885637,0.786282787454907,-1.40413006604981
"962",0.120552946859767,1.00095053225237,0.472835987425947
"963",0.386540597127424,0.676257250941266,0.511934979380015
"964",0.331903019838037,0.138440789530652,-0.986367424178122
"965",0.549233506336137,-0.558402353266118,-0.765672454650681
"966",0.612796945746622,-1.01311819470332,-0.80774490337017
"967",0.137555880610218,0.855993830584114,-0.0979694323711359
"968",0.716916812099565,-0.540709206161931,0.0891985274235507
"969",-0.615940224440865,1.56894735187232,-1.12790961468193
"970",1.00523024225033,-1.21380889354791,1.02645485806278
"971",0.430184573143185,0.324810607319232,-0.151796531734383
"972",0.199700554207814,0.175552696527371,-1.58418960402441
"973",0.718554992906314,-0.314814865580777,0.328160551843841
"974",0.207708522847764,-0.10011695391756,-1.96394941574208
"975",0.392882596665588,0.291923717783912,-0.403840869055407
"976",0.85347483022049,-1.50668613674827,0.10607955354002
"977",0.989071655482847,-1.00231027075646,1.08098127516751
"978",0.300945899691225,0.525051171858655,-0.342009956501372
"979",0.991075746117707,-3.48351907540513,0.14215030513915
"980",0.604544284219105,-0.197050147212882,-0.104032397076907
"981",0.304489515022722,1.01568208535106,1.46848267166912
"982",0.578639231963389,-0.637319436442999,-0.689499677552107
"983",0.366727496758993,0.551815545050368,0.0564569061637525
"984",1.02124046276758,-1.64291325120526,0.878227967883904
"985",-0.374136442343242,1.21076789381084,-1.02563045791135
"986",0.333103134038055,0.25061483971291,-0.781853761139215
"987",-0.62814759355465,2.1615253446058,-0.125511697677886
"988",0.576571620867756,0.460975129134389,0.878501760754259
"989",0.377683947565033,0.325625617149038,-0.412645704858674
"990",0.0373825411883421,1.11485859379177,0.625430222571632
"991",0.6303111513222,-0.124225833777834,0.117171717682823
"992",0.48475662851989,0.130543480205369,-0.23524759656818
"993",1.00544036277724,-1.50802250222508,0.865229032846848
"994",0.0325669577571017,0.972207143362593,-0.109877690779004
"995",0.674470245168979,-2.53926005594437,-1.19792281798056
"996",0.878251205756203,0.233189107488326,1.91153072489669
"997",0.0876801150826738,0.702395600578029,-0.899761955377209
"998",0.784732990033376,-3.42175502601172,-0.876185104023648
"999",0.65050424214279,0.0907459390794049,0.528760092603873
"1000",0.669626483861494,-0.247725050942185,0.160402168183422
