"","x_pa","x_child","noisetmp"
"1",-1.52098493995399,0.580731747532987,2.23345338752747
"2",0.418061744972552,-0.779765714300331,0.120119645446299
"3",-0.78333053692884,-0.605772012008191,-0.175756276672872
"4",0.514563471647292,-1.19934350953079,-1.9328983142987
"5",1.19402540940753,-0.895380492981129,-0.174451780192271
"6",0.857031848444173,-0.853528077743335,-0.069243607005034
"7",0.930786631698736,-1.17579658464471,-1.65575137778081
"8",-1.50435817248719,0.307742536430687,0.99359470701094
"9",1.34473320769278,-0.937480760724446,-0.345250427613955
"10",-0.404259357523363,-0.543552949688799,0.695489441750477
"11",0.71623758666628,-0.947997390161031,-0.592774698472573
"12",-0.553600149450388,-0.398081477658141,1.23777553272286
"13",0.868989036639799,-0.895054726605301,-0.27276320316989
"14",-1.21516686114038,-0.580608445849983,-1.36698985692689
"15",-0.939056565143209,-0.543143559368318,-0.211257279498502
"16",0.165196140870671,-0.622587891311822,0.76925985303145
"17",-0.930274087181928,-0.305405309664255,0.999855811310962
"18",1.31358474949001,-1.41499559573831,-2.74073228238929
"19",1.49091269333842,-0.815677840113862,0.298977425541481
"20",0.817928274823068,-0.651212866641892,0.928633849397578
"21",0.519710137983882,-0.550008818100159,1.31607080449382
"22",-0.822615074999613,-0.717471515671895,-0.813336001235838
"23",-1.03165899638403,-0.413435619890667,0.175520585997338
"24",1.33872966676951,-0.430408245120831,2.18859958456116
"25",-2.06897328654711,0.276929003489325,-1.40802557258372
"26",-1.41080017637963,0.0774657838563334,0.665884516320893
"27",-0.278275606208831,-0.862463457479399,-0.768236664022576
"28",1.93151028040694,-0.590623411837905,1.51445273768429
"29",-0.115478120631027,-0.534166943606275,1.01607998693536
"30",0.773922189457253,-0.922965984043987,-0.446013450001715
"31",-1.05079103377928,-0.542788600535116,-0.53184717457885
"32",-0.575802724521134,-0.745056242593785,-0.527980653389075
"33",0.831340879864391,-1.1535565943414,-1.57834316324264
"34",1.96309290668994,-0.548740085957979,1.72956044599197
"35",0.556015099442738,-0.849637180225904,-0.166142209504652
"36",-0.15894054302823,-0.682569111033276,0.238438930511882
"37",1.60042886896511,-1.04594709341065,-0.827872862257417
"38",-0.0562221043234995,-0.662754327320038,0.419123409892685
"39",0.661033476337116,-0.783477594962108,0.208264423398405
"40",-2.43801240572034,0.476500155298196,-0.984379258710762
"41",-2.41225379016516,0.734496066567504,0.336550092836099
"42",-2.03035319759597,0.436382669717395,-0.528893551463367
"43",-0.755901028296245,-0.593298295907196,-0.0611863432227973
"44",1.77383146096145,-0.686335850648809,1.00604381127725
"45",1.95437019729434,-0.852194473710626,0.210725844327444
"46",-0.296182771862666,-0.722661669747002,-0.0866277687347461
"47",-0.108706959812907,-1.14243111560438,-2.01983914253591
"48",1.32592187504706,-0.898315517344263,-0.154182019913571
"49",0.721973746681493,-0.648017957699972,0.909312133172349
"50",2.38862413387252,-1.10218864026692,-0.969031370678201
"51",0.615561276070238,-1.39589168268097,-2.87225463706391
"52",1.00045685738286,-0.927596134931239,-0.392419641516472
"53",-2.60700107857166,0.826772619371555,0.587173854533097
"54",-1.37689471549432,-0.00832351672776496,0.513578111795351
"55",-0.888758533362664,-0.362712478135831,0.814412692507829
"56",1.44223263456904,-0.816427946916681,0.283834678116615
"57",-0.760434937431558,-0.845121433130752,-1.32876821055916
"58",-0.533083931571705,-1.0343136150172,-1.91569248370333
"59",-0.0892280485595022,-0.627931202198112,0.567983789896509
"60",3.74400254807792,-1.45072402368582,-2.5611095170879
"61",0.279481260532508,-0.772976246617781,0.0829182636954654
"62",-1.12177231238515,-0.303887322390731,0.414136339797725
"63",-0.912814687686568,-0.581913490940492,-0.339209715901641
"64",2.38686686398837,-1.15400642714705,-1.2283762768876
"65",-0.78597584855488,-1.02354459936077,-2.26978061783468
"66",-1.43269775379234,-0.00747526640841663,0.0442073772050596
"67",0.19326887271432,-0.84135319631932,-0.30781277970125
"68",1.09827539840536,-0.816192215724432,0.194243759366724
"69",1.52876980361953,-1.05665391407585,-0.897262207530698
"70",-1.77971785028842,0.491482421801226,0.453611706478565
"71",1.30411452957548,-0.977064068189442,-0.553508615650888
"72",0.339069673981488,-0.875365975930144,-0.397393777294877
"73",0.445323417704023,-0.555485597161813,1.25455854694265
"74",-0.286895274323162,-0.979133113240126,-1.35991448958208
"75",1.78577867061045,-0.859470553074912,0.142719342716841
"76",0.664532606664311,-1.01036928606303,-0.924800707958209
"77",0.933651654735436,-0.997804852147586,-0.764853394810599
"78",2.27436131749385,-0.803381301945648,0.507920863274529
"79",1.59021337576271,-1.1514288799269,-1.35750314022523
"80",2.05795260615825,-0.909473118142878,-0.0575469357208706
"81",0.178968592806169,-0.699759268032193,0.391676921075364
"82",0.33542383216693,-0.614009928729986,0.907497633716852
"83",0.132978216274929,-0.668425650541355,0.520293972150028
"84",-1.15544975013714,-0.21985736754929,0.70135807002123
"85",0.898604494165155,-1.76433492318588,-4.60912281925755
"86",0.690690324815231,-0.61535975535177,1.06054694970939
"87",0.820482657106305,-0.683779735897368,0.766706033284218
"88",0.401014294888394,-0.624865583042308,0.886315199538081
"89",0.206407374647765,-0.931721026598177,-0.75195880905625
"90",-0.486454664256401,-0.502200382985503,0.804978927394285
"91",0.172773074760481,-1.05776830668444,-1.40207718129029
"92",0.0864922458086235,-0.398857229248668,1.83851230096601
"93",1.55926718522221,-0.632383170082159,1.23091788135814
"94",1.26733279094904,-1.12433540570867,-1.29945344950184
"95",-0.694331564899045,-0.259543414437597,1.71663341586809
"96",-1.27962339962567,-0.455357261331235,-1.07715353639816
"97",0.702543394297474,-1.26523643541926,-2.18423532249219
"98",-0.061800505176765,-0.763290561668273,-0.0877650839128134
"99",-2.15935816320761,0.763080944423214,0.850851461094305
"100",-1.34236020881237,-0.237473117630499,-0.380767954621459
"101",-2.00423818636661,0.508738723600316,-0.10849616445173
"102",-0.116464656880631,-0.609030599615669,0.640971411253366
"103",-0.261619867744814,-0.36505529403126,1.73466218252857
"104",1.01151398433985,-0.797656902810024,0.260724639481489
"105",0.175622737534144,-0.599791051461064,0.88951767922162
"106",0.0147273828088311,-0.804464252829901,-0.237970656708208
"107",-0.284658525059381,-0.717822896501751,-0.0511937905934105
"108",-0.376648574892959,-0.938007911732987,-1.24635115892054
"109",0.219989359726408,-1.03020928440664,-1.23654400868506
"110",-0.190991769500875,-1.12502223940026,-2.00121283932711
"111",-0.492649706740722,-1.22134902741637,-2.79853224400746
"112",-1.41946456854231,-0.147092675401173,-0.53299648937164
"113",0.46086848017517,-0.625288034905955,0.91285049616912
"114",-1.85486247199377,0.439192848269225,-0.0589804440182196
"115",-0.0149777930253845,-1.00035118161538,-1.23849595200853
"116",0.400359363297436,-0.765645419647467,0.182094574288703
"117",1.33603540273307,-0.86708120223127,0.00455420906941839
"118",0.340495791863754,-0.982600671695123,-0.932830034704007
"119",1.2663009455636,-0.711542087079676,0.764241029790485
"120",-0.437191790285981,-0.54308518394639,0.660101267101488
"121",0.766365243728499,-0.541273525819695,1.45967029916703
"122",-1.77454847918388,0.411116625907118,0.0706556697751378
"123",1.42696418663388,-1.36181150215346,-2.44672337398453
"124",1.18501266399774,-0.636159766093656,1.1191576025541
"125",0.301683194245944,-0.609826082858591,0.910649873940148
"126",0.533610161880051,-0.526229308620623,1.44112140300153
"127",0.990396223376036,-0.911954798944531,-0.317372654555821
"128",-0.0536529000622829,-0.986547067954982,-1.19791076413451
"129",0.940492489963248,-0.602449019276702,1.21416113100315
"130",0.326091554923133,-0.498093134576594,1.48221953012025
"131",-0.489729568125845,-0.262965513682005,1.99705494041012
"132",-1.5093677201965,0.134594616142054,0.0894422950075691
"133",0.687845329582861,-0.690556606493244,0.683452232437212
"134",0.501704007434147,-1.30200212726499,-2.45196900700193
"135",-1.53365640275718,0.24235253625645,0.450671155653224
"136",-0.328668966039566,-0.895171465731076,-0.981707808177368
"137",0.421172403366075,-0.741426936259879,0.313316236192098
"138",-0.637706474698709,-0.74964891119428,-0.642454068777734
"139",0.138232276092842,-0.826181316639066,-0.265218028515319
"140",-0.696881929335563,-0.616624089408047,-0.0730786992402166
"141",-0.210998038314872,-0.947831034567688,-1.13285495008873
"142",3.55392446613519,-1.44824671814437,-2.56539348367445
"143",-0.209618882764984,-0.794753186008555,-0.366239775836384
"144",-1.79567876130601,0.227678224192908,-0.92229845206672
"145",1.47255928437265,-0.881021908825608,-0.0320002661784521
"146",0.19790284253862,-0.911010614247088,-0.653375884867346
"147",-1.14620470030873,-0.34753764650162,0.100520481564446
"148",-0.373671427844996,-0.346187789801431,1.71596844292473
"149",-0.139617762293866,-0.876261539634022,-0.713974440521993
"150",-0.806759158371283,-0.676084347250701,-0.573842370905712
"151",0.886943824185577,-0.794753898997787,0.234853438228617
"152",1.30362552953639,-1.08710989357794,-1.10386380352652
"153",0.162473413037751,-0.60098509081017,0.875625537679841
"154",0.265992448435015,-0.599170402105489,0.944552735466044
"155",1.61494285727297,-0.8904569812206,-0.0472879803463577
"156",1.4466521101529,-0.744267426092788,0.645684906978289
"157",-0.313144275980626,-0.588020119484227,0.569753500739919
"158",-1.66409806786507,0.287520952149198,-0.0826399778488159
"159",-0.244542009740619,-0.888629458111545,-0.867265250961646
"160",0.992721793036105,-0.706259014416867,0.71183855027337
"161",0.2424390644059,-0.573710433365557,1.05872482034104
"162",-0.488625405794777,-0.446249376996685,1.08201942747244
"163",1.32551582636044,-0.795113271316826,0.361725913830611
"164",-0.510044877924905,-0.721237308986368,-0.320136093428673
"165",1.3075801151709,-1.1723894866962,-1.52924337897956
"166",-0.434329740723033,-0.54451855485926,0.656277039122463
"167",-0.472570603938906,-0.811598947113975,-0.724837005778105
"168",-1.93937613214352,0.526389584354807,0.138153700204974
"169",-0.200213234914184,-0.726680378976035,-0.0175657981711493
"170",-0.247690735118021,-0.927863830727504,-1.06635299880352
"171",-0.79468801806331,-0.256607778807074,1.54774147313914
"172",1.00229083191506,-0.693098052447374,0.780644458773859
"173",-0.71262174730351,-0.440524418784418,0.780443282003751
"174",-1.14099667319368,-0.354656474697679,0.0857215229434731
"175",0.804351598337815,-1.22214772303919,-1.93088662939103
"176",2.7825338418303,-0.723821330081393,0.975414195887858
"177",-1.70095095637481,0.37958705184396,0.208304058705591
"178",2.15203606332989,-0.767105307527982,0.66996298605036
"179",1.99571981103885,-0.947368684979918,-0.257798311114481
"180",0.0344575396276609,-0.621020363991931,0.692912957531337
"181",0.368372439663003,-0.801066639693679,-0.0109292604674494
"182",0.164619236321396,-0.776048315401548,0.0016088290238625
"183",-0.792821520087752,-0.304766471044933,1.31064605622552
"184",1.08425434702971,-0.624757553360707,1.14728430596861
"185",0.682324145836941,-0.758889625824623,0.339625322621727
"186",0.476600707332449,-0.774079819811058,0.176189434573331
"187",-0.756968314701886,-0.555452725207822,0.126054224640146
"188",0.357916647107018,-1.09417105145838,-1.48174902821399
"189",-0.427035225992884,-0.689745175588214,-0.0613925150982331
"190",0.437945909109509,-0.842715544870562,-0.185090550787668
"191",0.109919385492325,-0.49748064622384,1.36048938993287
"192",-0.858527265932907,-0.423794466691936,0.577896817339671
"193",-2.3132881742857,0.563028192731444,-0.391346020780312
"194",-1.23476345140318,0.0568044421789862,1.72397259879982
"195",-1.1019855609513,-0.400771810953872,0.0030439004024078
"196",0.0285905054163498,-0.98607338856599,-1.13638731336758
"197",-0.23664600014911,-0.521462672111216,0.975834402109804
"198",2.25157139708179,-0.969079147628876,-0.324086323414043
"199",-0.651290007257878,-0.753819677354102,-0.684531035812325
"200",0.808764783548571,-0.798971242998538,0.186576239095799
"201",-0.231863340557126,-0.691243604618149,0.131298663876549
"202",0.147280959452693,-0.946650415392612,-0.861976030597817
"203",-0.242033528288533,-0.744430159334459,-0.143953344862718
"204",-0.3718066688649,-1.03915979206554,-1.74688140838124
"205",0.425414639745335,-0.749112052255084,0.276933729381999
"206",-0.48892926055653,-0.745535294073799,-0.414790762489571
"207",0.209412921575977,-0.997048703207497,-1.0768503158832
"208",0.21795165770847,-0.692026638075116,0.453196773853168
"209",-1.65067594447481,0.104268825451549,-0.93304801237923
"210",1.9214293841449,-0.981924511619432,-0.443888715710861
"211",-1.17232358192184,-0.34576794377803,0.00102019878631824
"212",2.08947117261439,-1.08577919001526,-0.933746687638615
"213",0.104758100259149,-0.60698486622297,0.809672032427015
"214",4.32994930891832,-0.888273154956836,0.296211571328131
"215",-0.948830370016118,-0.546086290661269,-0.251373854024847
"216",-0.0281546865799906,-0.996152852634505,-1.22706571476358
"217",0.287707748414311,-0.774185106431284,0.0813406006272673
"218",-0.455965235737425,-0.528301863586853,0.711780298554325
"219",-2.39572143881164,0.705688160016022,0.212938326600289
"220",0.821049701193911,-0.871204098227303,-0.170214763353106
"221",-0.806746342426957,-0.323039099845792,1.1914098250308
"222",-0.315201698391252,-1.13236189377518,-2.15401976963541
"223",-0.693338873691022,-0.587174936729842,0.0801482892695341
"224",-0.627863000843511,-0.799336441487326,-0.87577910617771
"225",1.31431389933014,-1.19083722681423,-1.61975361734909
"226",-0.978337864298596,-0.582525538169273,-0.513278091733459
"227",-0.524622065166998,-0.737799337426999,-0.421927155282869
"228",0.247492704159425,-0.341373972585685,2.22324725180995
"229",1.5573883622068,-0.841229059259852,0.186271294800446
"230",2.31289951522779,-0.606654571327054,1.49741841307823
"231",-2.04219368361236,0.685291461289063,0.689960758883395
"232",1.74076270779019,-0.78585915011094,0.50184666157679
"233",0.839303629080815,-0.603551345835229,1.17447670853321
"234",-2.06976974711422,0.621158998380343,0.311493273553819
"235",-0.297531828030231,-0.608848900620996,0.481110198531453
"236",-0.659966153484317,-0.737571332541781,-0.617074119396677
"237",-0.801258084811913,-0.346547077865361,1.08493449596455
"238",0.312363831871566,-0.69130121686023,0.508955006800328
"239",2.49010613900901,-0.870332388082865,0.204690605191716
"240",0.80846033431376,-1.22079219310886,-1.92263738127671
"241",-0.763982625945678,-0.292596687672095,1.42718678437995
"242",0.678535793231246,-1.11054077630652,-1.4201189543586
"243",-0.155510123220856,-0.612853304757162,0.58989199336043
"244",-2.53598800926673,0.668542744682158,-0.132955030892029
"245",0.611527913955517,-0.825166622506896,-0.0202970118120183
"246",0.00167426648042812,-0.415745799816439,1.69643188780365
"247",-1.12854998505398,-0.0252582686602273,1.78137732420733
"248",-1.33600396413048,-0.240500015043345,-0.35258094993448
"249",0.732000385010173,-1.09846196106669,-1.33910267443706
"250",-0.804009270795428,-0.632141995481477,-0.348573661569143
"251",2.02910528513678,-0.996997605272129,-0.500121712323612
"252",2.80042820618747,-0.841967922539381,0.386865143852431
"253",1.40960644926307,-0.914855584720342,-0.216122052344431
"254",-2.51554784706479,0.729465729190445,0.193263146797935
"255",-0.226743925714496,-0.723134049195553,-0.0235034638200959
"256",1.32576499793741,-0.877524056600549,-0.050264621796677
"257",-0.766434372456944,-1.06449248067965,-2.43692366058293
"258",0.527183561860675,-0.669073265635231,0.724065277316665
"259",-2.08435522669732,0.747924916193969,0.915841888149719
"260",-2.84702348353616,0.681260390932904,-0.341984146084762
"261",0.547509953094623,-0.90760501941678,-0.459671950005901
"262",0.449272061167599,-0.694109886079269,0.563301312680079
"263",-1.17636953304236,-0.685039117179898,-1.71275155233531
"264",-0.945304938208728,-0.331190603348331,0.832322944455521
"265",-3.66217928635555,0.295982624487161,-2.69098831707105
"266",0.438751893578177,-0.681666060297899,0.620540212931694
"267",0.719860733601682,-0.499745060820844,1.64987109876289
"268",-1.30412956156951,-0.252304376488396,-0.206697262275641
"269",-0.22778726260965,-0.359931356484294,1.79156451812074
"270",-0.852562714631317,-0.477669328191461,0.321677712641533
"271",-0.941182950010232,-0.399501161471449,0.501468851916572
"272",-0.40664923146024,-0.76738185960548,-0.426339681159179
"273",-0.357481800598569,-1.00623673786016,-1.56697864834716
"274",0.681192112845026,-0.764806790565873,0.309595143429828
"275",0.900033358397896,-0.982424344317851,-0.699090683633319
"276",-0.430300952006491,-0.673915984802092,0.0139742081055042
"277",-1.85109052193889,0.141261433916749,-1.53698235899152
"278",2.23019186757738,-1.18051594127679,-1.38460518048325
"279",-0.411164689189123,-1.07949589336931,-1.99200448036723
"280",0.337838793071981,-1.20147198412377,-2.02856084356738
"281",-2.57866865357397,0.726299973633127,0.112423324941241
"282",-0.848294101250652,-0.111709263793404,2.16080740567676
"283",0.137115614658091,-0.852365939628653,-0.396833988184211
"284",-0.513709062964714,-0.825700848387004,-0.847189342495203
"285",0.650224538182056,-0.792636256815203,0.158143649128452
"286",-1.96535107153771,0.649218548614886,0.686539965616459
"287",1.27904103224426,-0.907111064372994,-0.210256175467466
"288",1.19343942623918,-0.894374084503341,-0.169581475993721
"289",0.903915572311031,-0.911697962138854,-0.344159077778542
"290",0.150891120369269,-0.976526589796933,-1.00914091603476
"291",1.26088326001856,-0.844189614922903,0.0995718161202749
"292",-0.788227030258359,-0.348612520711279,1.10046929130082
"293",-1.48914971185806,0.241977832941659,0.785426256982594
"294",-0.726605351118018,-0.959588638894894,-1.83941378615889
"295",0.7468539353866,-0.703734501159353,0.640120211802861
"296",-1.06887891045201,-0.542579731393816,-0.590445618946337
"297",0.376946071218109,-0.741063420963901,0.293395781870608
"298",0.191285646945553,-1.09103581145788,-1.55739521138917
"299",0.156697487676962,-1.2104521850659,-2.17522055846336
"300",-0.127167481918466,-0.927932665933827,-0.962166921747042
"301",0.41921941890946,-0.700059698688523,0.519209429744184
"302",-0.000500523926179945,-0.725281460465191,0.147210683283308
"303",1.71266400720708,-1.4101736415131,-2.62541010157319
"304",-1.69063464894181,0.728966933733537,2.0010181113289
"305",-0.838526061141717,-0.52863258940533,0.0972764135833537
"306",0.579284147930192,-0.962883693942067,-0.722403382269805
"307",-1.81094662980088,0.227902146956339,-0.973721470386548
"308",-0.594596262447301,-0.860995612889121,-1.13459314489265
"309",-0.745815789330038,-0.53409393635637,0.253444095278432
"310",0.891933460230304,-0.690579288599442,0.757411571527823
"311",-0.45878647563796,-1.00666222881989,-1.683410872864
"312",1.73670201141565,-1.00827954006146,-0.611071441512795
"313",-1.6394444967531,0.44821853038073,0.843655360436888
"314",-2.4289152970995,0.962946443554817,1.45866312322739
"315",-0.800942616022221,-0.431085325098582,0.662876120607073
"316",-0.924822926843982,-0.325064222020231,0.915289965255521
"317",-0.597327393496093,-0.880077874534544,-1.23397692053419
"318",1.78401244364666,-0.934854389468553,-0.234546172336684
"319",-1.17074617380157,-0.347954645911493,-0.00317066297116882
"320",-1.63601164152521,0.570211086113668,1.47137552119529
"321",0.702186295635499,-0.985828581142761,-0.787334075060122
"322",0.695644942868465,-1.02186778012714,-0.970064925379067
"323",-2.5708310624642,0.951080370048259,1.24412967696224
"324",-1.16252963105719,-0.559547758149459,-1.02643668294403
"325",0.338029516270278,-0.910111273743932,-0.571658541185195
"326",-0.192958022577616,-0.433568293019247,1.45434480137059
"327",-0.35395617550658,-0.615317511407548,0.391338655856825
"328",-2.11038342498181,0.601332179152086,0.132041515707189
"329",1.40415950002842,-1.18068160022921,-1.54657213401378
"330",1.53738543423813,-0.661000585377917,1.08294491831928
"331",-1.07229319071416,-0.491280622561013,-0.345475765270263
"332",-0.761221528394832,-0.573112327887899,0.0298020861126639
"333",-1.75045883593969,0.394571501341358,0.0789238263452134
"334",-0.115238819607783,-0.755127487627928,-0.0885311598219015
"335",0.247146792475978,-0.743306080690263,0.213392721567769
"336",-0.263148591572471,-0.549904980795987,0.80897108579931
"337",-1.61153479346524,0.179049688941998,-0.352815165616489
"338",0.207109819195969,-0.847825038534664,-0.332070165282718
"339",-0.269849221070595,-0.624174273399411,0.431270735222124
"340",3.09651796665475,-0.769265850988441,0.784275446474115
"341",0.796979653310175,-0.772905277023984,0.3126743141171
"342",3.61733153797516,-0.728113133988057,1.04096136214968
"343",-0.440437373770523,-0.522097440862541,0.761234357732687
"344",1.20540536327331,-0.646522087644987,1.07296943749155
"345",0.990948299901643,-0.598157661650193,1.2517869752563
"346",1.69208974643878,-0.825147743762731,0.295502050427425
"347",-2.06985711673851,0.731259743058486,0.861818202257849
"348",-0.446224987350784,-0.775611191404854,-0.513160727241823
"349",-0.287862575991809,-0.881300597494494,-0.871691959266387
"350",-1.35765351626524,-0.109295579515618,0.152245428186772
"351",1.46082321491953,-0.848423654159605,0.128244824950034
"352",2.18582258286528,-1.00454794323482,-0.511795441942084
"353",0.57879831665084,-0.800228021902012,0.0906686421664567
"354",-0.253167396514762,-0.443972770334011,1.34800525581212
"355",0.627063381978981,-0.57451565864775,1.23935289410127
"356",-1.93052928955369,0.253909802434071,-1.20108775630826
"357",-0.0694128962197989,-0.637807182139805,0.533870728379656
"358",1.0843749698662,-0.712025940396925,0.710978086306389
"359",2.02638526368888,-0.831100932529247,0.328891012135634
"360",2.47510560297774,-0.937275730799583,-0.132119198669298
"361",-0.911356941287228,-0.569805530810836,-0.275104421220306
"362",0.040205414055875,-0.732114080799719,0.141374809015516
"363",1.66749238998623,-1.09026991484757,-1.03521328800841
"364",-1.2034260696775,-0.743013652075451,-2.12377030057901
"365",0.088401687996465,-1.02676219010845,-1.29976942922658
"366",-0.700959312906613,-0.593685818124048,0.0346883083155462
"367",0.459285999337733,-0.849244642158765,-0.207671837453152
"368",1.07781554348199,-1.16051882730012,-1.53343263848723
"369",-0.0747443402704225,-0.59417699904154,0.747945234710723
"370",-1.40405315031541,-0.396762864284354,-1.64760072151953
"371",0.82267501581976,-1.14544591014702,-1.54084810611378
"372",-1.56638186926993,0.155128865285233,-0.20405403674491
"373",0.169959886073076,-0.608079048975032,0.84467794356798
"374",1.09191703264988,-1.03617873480547,-0.907558312684989
"375",-2.03941228029605,0.652807764671822,0.533528732069735
"376",0.975327863191111,-0.86041632404571,-0.0644530006138488
"377",-0.97939346255496,-0.289142248165844,0.950699562321499
"378",0.893988073986118,-1.01013538576208,-0.839676740074474
"379",1.40267255047132,-1.15172404090664,-1.40214542137687
"380",0.310443118348908,-0.871543896540789,-0.393276066403188
"381",0.903103992310678,-1.14734021563889,-1.52264175793224
"382",-1.33471529058647,-0.206584460920755,-0.174324610183641
"383",0.321122169766153,-0.766160418679113,0.139277972654987
"384",-1.79662156269399,0.491281893696034,0.39242321063607
"385",-0.0957290492808213,-0.829588092539407,-0.445379494100724
"386",0.888136809079105,-0.699700030446659,0.710526205217169
"387",0.709914147907763,-0.852036406149776,-0.115394462862053
"388",0.596505874889994,-0.878332277260946,-0.292382437592454
"389",0.600525197919169,-0.998842877254603,-0.893254117381751
"390",0.260722710557298,-1.04453674620081,-1.28519214124681
"391",-1.89939504913973,0.55466604621859,0.387467748074828
"392",0.890657110128769,-0.495247619584374,1.73363943048702
"393",0.340817941398306,-1.01962350055695,-1.11777777171393
"394",-0.651165100831222,-0.397663755002902,1.09644571235567
"395",3.957100427954,-0.850263493113582,0.458612815757669
"396",1.3557484545918,-1.3250855479658,-2.28051329106329
"397",0.28070244547274,-1.14477817936065,-1.77542629104969
"398",0.0938475727317247,-0.496113684398524,1.35700585747698
"399",-0.302698431258797,-0.684723935629838,0.0966374295713276
"400",-3.46909621171489,1.03072879843098,1.05855782162422
"401",0.0813084156853737,-0.792748884130629,-0.134332348874984
"402",-0.484593574422043,-0.779054525012948,-0.576970760811813
"403",-3.00761216620822,0.902952235763425,0.65729672642534
"404",1.14510833893269,-0.869061157298891,-0.0565657713715388
"405",1.54065536984043,-0.74909731455993,0.643195265673118
"406",-0.3228126406348,-0.527855623116955,0.860830207300571
"407",-0.580167075012514,-0.986347886611953,-1.74062483623288
"408",0.253611699971463,-0.661519068212042,0.625943405677314
"409",0.208747129632822,-1.01084110746822,-1.14619889288682
"410",2.10880338281427,-1.102183841639,-1.01254105633185
"411",-2.20709893637149,0.775005531099578,0.829319294872713
"412",0.46333473995498,-0.936764869627834,-0.643383410917909
"413",-1.09716979145517,-0.357674917817433,0.235876808783278
"414",1.29595608633514,-0.879383669731295,-0.0672147432166836
"415",0.139941524323247,-0.881632035491087,-0.541412516608486
"416",0.483055639108599,-0.894850354566063,-0.424695928477822
"417",0.710238861400187,-1.13519895360604,-1.53108241280541
"418",0.989294111608574,-0.683502651013204,0.824540647946696
"419",-1.51315199701022,0.141036721742455,0.093055039166204
"420",1.95090128319286,-0.666307093687424,1.13953936392151
"421",-0.505532679414498,-0.556368997606832,0.510004582528604
"422",-1.72411448354278,0.329293755525319,-0.141825718296206
"423",-1.80478619350337,0.247842099390416,-0.85303590788804
"424",-0.125940352584202,-0.665708908556766,0.349946169245963
"425",-1.3624830037188,-0.188531649951485,-0.279115553464739
"426",2.87437419940747,-0.869777739015602,0.256669936276346
"427",-0.259793529433834,-0.926399573376847,-1.07033905804508
"428",0.157069599473743,-0.707403074194803,0.34025173917722
"429",-1.72189919086664,0.343624524754208,-0.0609780371897628
"430",0.124853067392592,-0.430563880089772,1.70451945549453
"431",-1.10337795248603,-0.533544730738059,-0.665872314141273
"432",0.34424472741616,-1.05448172206246,-1.29030162116732
"433",1.71609803011841,-0.712861466786561,0.861850106607454
"434",-0.428529832734771,-0.70313491272219,-0.130068842477427
"435",-0.615129017761853,-0.473498365009836,0.772637635595152
"436",-0.0233778286362256,-0.680654551781121,0.353906870680442
"437",1.8675756664554,-1.01546741407772,-0.621574273247235
"438",0.599637537969932,-0.76662626108838,0.267458098284989
"439",-0.108641067674819,-0.792321576558323,-0.269239073817248
"440",-0.209286072317485,-0.908249574887525,-0.933426171454855
"441",0.533854380115284,-0.796534288844797,0.0897039997826621
"442",0.852714343976296,-0.883488702687562,-0.220540630628614
"443",1.756998094853,-0.625327660633706,1.30774950021971
"444",1.62353151424496,-0.96563259439296,-0.421323210558251
"445",-0.536028776130602,-0.866897636949319,-1.08253906760504
"446",-1.75670939442296,0.0647608326795819,-1.59423439263991
"447",-1.55853917704239,-0.185364055000155,-1.85612464057339
"448",1.51231560044431,-0.757168204507168,0.596433767167337
"449",0.315415522395664,-1.02719995475528,-1.16892527538272
"450",-1.21621938702527,0.101548130662584,2.03875718170896
"451",0.747157145232982,-0.686973869679391,0.72403675509725
"452",1.24077745199469,-0.894413679793861,-0.156903423083718
"453",-2.34743932269347,0.799226644109007,0.742970392221635
"454",0.236495336711674,-0.921987256674808,-0.686016243510787
"455",0.784594150244218,-0.79707266367303,0.187351126419482
"456",1.13620871637963,-1.0520208651076,-0.973905051745689
"457",-0.392715182844285,-0.731422880680233,-0.23100653609314
"458",-0.523060541101046,-0.26288660807813,1.95468794565963
"459",0.131626029998406,-0.88318952058771,-0.5543686348486
"460",0.654701979092445,-1.00920374688679,-0.922896901433292
"461",0.167089839037746,-0.73806993174731,0.192993612733493
"462",2.94659363372026,-1.16997706600538,-1.23593624050571
"463",1.46641983721138,-0.717591587039734,0.783717077177535
"464",-0.681111235943006,-0.477346868340624,0.649679626027763
"465",0.945215295168765,-1.06805411303376,-1.11232718554631
"466",-1.9215583222327,0.526821787534165,0.187366211546371
"467",0.070666393140695,-0.791784603967785,-0.136516649363885
"468",1.82975124411042,-0.609183784489245,1.40267201830963
"469",-1.67656927061614,0.423881034049083,0.54002731019873
"470",-2.23680301049692,1.01555072554732,1.98448772686769
"471",0.349416756894388,-0.81255684441069,-0.0780197773360876
"472",-1.64129887858155,0.301145557829923,0.0987671026452756
"473",-0.706369360398724,-0.640356679288214,-0.20792210336858
"474",2.55357011781775,-1.06025301201915,-0.736210463170915
"475",-0.0295799642495747,-0.727953274503383,0.112890213576889
"476",-1.86491750888359,0.535698037225029,0.392923530386187
"477",-0.132071073865345,-0.850578002493612,-0.579380030789446
"478",1.57979378489791,-0.883299688500852,-0.0191360528491143
"479",1.51560753071488,-1.07787294205791,-1.00634034479181
"480",-2.23564656421518,0.515206531698146,-0.515421449822915
"481",-0.252481976755995,-0.595955993783962,0.588728820512092
"482",0.770003068014278,-0.98426178314774,-0.753931522194731
"483",-0.410246257955517,-0.724934222349918,-0.218157513439474
"484",0.570603795175769,-0.701842821872029,0.579102518102982
"485",-1.87957968672973,-0.117816439644428,-2.91816883407637
"486",1.01902405614476,-0.954138808274533,-0.519357414605747
"487",-0.374789739210282,-0.572862593978962,0.581386668461008
"488",0.0252053308306088,-1.09987706839909,-1.70774467820128
"489",1.13667459420628,-0.987334932394502,-0.650342025128007
"490",0.818793885992585,-0.894782246551588,-0.288905666022828
"491",0.976037050094489,-0.880893174311588,-0.166611533457419
"492",-0.657696224657302,-0.718964776500965,-0.520417330054609
"493",1.30309534482014,-0.714306623639934,0.760015825632597
"494",1.22980018985092,-0.813427738025164,0.24507430224734
"495",0.75874483589472,-0.812117799775452,0.102631511306387
"496",2.59258277012415,-1.27077990563863,-1.7836155504647
"497",-1.51898308430957,0.0626711854588958,-0.342147825679082
"498",1.69288836430708,-1.12722968953606,-1.21474309474019
"499",0.471043304508081,-0.709108431020419,0.498479124798621
"500",2.37734665352141,-1.05161801142228,-0.717824546134443
"501",-0.849450998582332,-0.593513129197274,-0.250733430392613
"502",0.756855012960053,-0.809984680157214,0.112595973555617
"503",0.85480971819431,-1.11148050881298,-1.35977407236092
"504",-0.369869782016378,-0.782679590162995,-0.462397424860489
"505",0.72460891442218,-0.730582910904404,0.497490175397023
"506",-1.68605830617642,0.584318130579283,1.29848522552007
"507",-1.62867925233639,-0.0672992022478102,-1.67768273833232
"508",-0.513474583934787,-1.09736152079098,-2.20518895642511
"509",0.320198448056459,-0.522701205682134,1.35608854619714
"510",-0.419961464504289,-0.446513004237066,1.16290003794514
"511",0.521919764642623,-1.54414443997976,-3.65362460575912
"512",-1.05853609468824,-0.497944644987869,-0.332878401176691
"513",0.724504643449307,-0.69301913401332,0.685269416894746
"514",0.115999934962305,-0.494898057060325,1.37726482708678
"515",0.473212533838778,-0.722849259220797,0.430778449268619
"516",-0.421157445034875,-0.534931586580682,0.71943747061672
"517",-1.05051249562205,-0.602405225970686,-0.829030053262224
"518",1.08514537428506,-0.640452190279517,1.06907488150554
"519",-1.31755844432578,-0.1510116467845,0.215851935425477
"520",-0.18701666267868,-0.669223166552874,0.281232314715308
"521",0.696090137811156,-0.999472950387842,-0.857917864724886
"522",0.56052493133295,-0.655784406067202,0.80506852736019
"523",0.139985657278516,-0.801816897878042,-0.142309504964994
"524",-0.987991541430857,-0.845701784629917,-1.85626882755792
"525",2.4642878257907,-0.712008504363083,0.992698707674429
"526",-1.74593529958304,0.656947592810484,1.4084725727559
"527",3.05480017381187,-0.925005962415982,0.00103997345120973
"528",-1.40162339773869,-0.225875768538203,-0.772732303164942
"529",-2.08525231519365,0.691221480543489,0.630535255978243
"530",-0.336546150388341,-0.491284589689565,1.02964446225936
"531",0.788765214513105,-1.2124028603199,-1.88778453477635
"532",-0.857897936222245,-0.465407718487604,0.371225200986063
"533",0.517439856710097,-0.799276632077125,0.0687202471199148
"534",0.742498861123176,-1.37376927194235,-2.71168501965704
"535",-0.41349574569347,-1.18060160416547,-2.50017459692696
"536",1.31632461164955,-1.05850874317197,-0.957596449470188
"537",-1.11473977889527,-0.24821423499292,0.71894981400943
"538",-0.0956764376139671,-1.04746280125044,-1.53471179453781
"539",1.19106049612171,-0.825685788577773,0.173202776725974
"540",-0.784231887627712,-0.411417827656408,0.79425854375603
"541",0.217006261525059,-0.7531859800885,0.146855364036651
"542",3.11693728954636,-0.766156663388772,0.802013984376813
"543",-1.35039852246876,-0.0821882992413405,0.339612475058642
"544",0.0159901410582979,-0.611843593424159,0.726015268908858
"545",2.0687264046628,-0.781061974432763,0.586340254056407
"546",-0.98425293454308,-0.430531533847603,0.230143734344854
"547",1.95194162164607,-0.879185748083964,0.0753331613056063
"548",-1.50651598489763,-0.14329851951485,-1.27823497788597
"549",-0.0309614697675956,-0.578394503654092,0.859672649114961
"550",1.17022284429736,-0.972799090528905,-0.568163012767218
"551",-1.58258041138163,0.0621008021856232,-0.769585402711607
"552",-0.431480506229527,-0.741086964878329,-0.323249645611411
"553",1.53669137259652,-0.848552252835927,0.145030611217563
"554",0.894004150559821,-1.29688827133445,-2.27343575584132
"555",-0.687474961056409,-0.724989441227903,-0.599097238170826
"556",-0.453849231532372,-0.655262323785594,0.079511857404575
"557",1.38590659867574,-0.852682046367243,0.0889710888354056
"558",0.194015368984268,-0.754116159283244,0.128812003686275
"559",0.111688446420224,-0.962569853251013,-0.963830581678661
"560",-0.170563608091233,-0.558528934766462,0.848820787318414
"561",1.31110265445132,-0.842879179398235,0.119213223900994
"562",-1.22447272545739,-0.0471117672670947,1.25548122548023
"563",-1.17148776312896,-0.367326460660171,-0.103196380867872
"564",1.36123341573104,-0.702242532530589,0.835069847018763
"565",1.43001442467855,-0.909275428806496,-0.183313167235974
"566",-0.272948115758572,-0.449142985953292,1.30347174294002
"567",-1.42052497744731,0.167772407109062,1.03185401329556
"568",0.21518569303161,-1.40866837658396,-3.13160688101826
"569",-1.10159610671181,-0.495701979666901,-0.470196872726705
"570",0.408206120782792,-0.694165497819564,0.543333783077484
"571",2.05539763797115,-1.57683625828904,-3.39479839888607
"572",0.846372564344123,-0.796679497429995,0.211302794296806
"573",3.298923575937,-0.567565627712932,1.81376096849377
"574",0.696615920735577,-0.872104894647652,-0.220873448166901
"575",2.50941800020788,-0.560338467879794,1.75733426704496
"576",-0.376927346052087,-0.5542904430178,0.671934154626924
"577",-1.7704871836924,0.232920826648778,-0.805337694932384
"578",-0.34726339677212,-0.430979534925126,1.32004824628013
"579",1.87709398858788,-1.10783762006798,-1.08164270960607
"580",-0.913914771393364,-0.698857957245506,-0.92662920810923
"581",0.0254106804112233,-1.00552641946448,-1.23584932321609
"582",-1.18182443172785,-0.562216686647999,-1.12240056241034
"583",0.642258660020641,-0.732982615609466,0.453199779884179
"584",-1.46419532374092,0.137315288514919,0.474311860656015
"585",-0.506950766605561,-0.727330758781059,-0.346622926900556
"586",0.416760373632867,-0.737950075847055,0.328568011142597
"587",-1.02447834650502,-0.913295589898659,-2.30166186490692
"588",0.553316737369278,-0.94661818385417,-0.652215411542351
"589",-0.155591758849785,-0.61131596442153,0.597510425821683
"590",-0.320362630171201,-0.554497760318974,0.730099906561706
"591",0.347456196455282,-0.876484220973752,-0.398662629865223
"592",-1.16720290470992,-0.254499375843408,0.479155697855385
"593",-0.00609081564438195,-0.64951670132321,0.522052833350126
"594",0.113749015130451,-1.02309401621433,-1.26514218111068
"595",0.460163079108536,-0.800164005994224,0.0381412127297594
"596",-0.833947422196945,-0.681182834388804,-0.655715214920014
"597",-0.242059730235523,-0.647731247291051,0.339517064678234
"598",0.387511544468886,-0.952427738613957,-0.758158769762082
"599",-0.0890124113745683,-0.752500146266146,-0.0546930655812883
"600",0.472107529472314,-0.693967270704382,0.574677449116471
"601",0.516341390909503,-0.739608330156075,0.366571691722793
"602",-1.64331442351051,0.307150729403323,0.118496166028182
"603",-0.443847285810649,-0.526821739145323,0.733597204170996
"604",0.54254708162214,-1.14267488983549,-1.63718629603963
"605",0.437136464771792,-0.6962188576666,0.547007641219792
"606",-0.364882402825988,-0.937837135788887,-1.23284463966086
"607",-1.22044939713087,-0.287717053764872,0.0720513882066398
"608",-0.237640486668379,-0.991654345751371,-1.37603543898918
"609",-1.79784626739654,0.460551265213227,0.234498053507236
"610",-1.46517134506751,-0.139254500601671,-0.917192040434524
"611",1.76706460468873,-0.585455737493788,1.50910723764692
"612",-1.18484637417901,-0.339050981899353,-0.0198762140303677
"613",-1.05631583000058,-0.12742057450643,1.52702403954131
"614",0.60807270506617,-0.860520823015229,-0.198500778746094
"615",1.97035922696322,-0.94512370744575,-0.251061181293813
"616",-2.02617496634859,0.420821034855157,-0.59750690276041
"617",0.28254617458403,-1.22755812006585,-2.18832318360916
"618",-0.755703993609041,-0.168278244819241,2.06428041079951
"619",-0.0805007694107633,-1.14808950187516,-2.0260443591595
"620",-1.28766245740975,0.0308452349202311,1.30748997029607
"621",-0.749191653992485,-0.469449828462691,0.570469733100824
"622",0.408325813798587,-0.680379714609879,0.612321072104159
"623",1.5708042648166,-0.808522996557603,0.3527705530296
"624",-0.414948446086309,-1.08801634110821,-2.03889847430798
"625",1.04935517995048,-0.663480924258467,0.943214508666186
"626",2.09564004423637,-0.984892214733117,-0.428278148827775
"627",0.0117236908891916,-0.934832900453467,-0.8919178850121
"628",0.728103677154059,-0.659546546401911,0.853998910129694
"629",-0.808929922631359,-0.675835579379908,-0.577003668499606
"630",-1.98485034948428,1.07877655914089,2.78704460844194
"631",-0.635526340221325,-0.895777906523242,-1.36973278450255
"632",-1.34718194553964,-0.0363560645409638,0.591371437852689
"633",0.144254649596619,-0.527597415051335,1.23142555287011
"634",-0.481018364549127,-1.02986765736896,-1.82659386847009
"635",0.40794476672097,-0.797660211942113,0.0257327325778944
"636",-1.62407039745378,-0.00498107970090211,-1.34149488070309
"637",-1.43671653566707,-0.0893477828850665,-0.403037689648872
"638",0.16724803675873,-0.495361820189503,1.40662964456081
"639",1.36321932640221,-0.770281989083063,0.495366783025906
"640",0.326276183585584,-0.879049240242794,-0.422464425536013
"641",-0.0439198707549336,-0.639199970172738,0.546087933275525
"642",0.793167432246147,-1.0091312701329,-0.869832234181754
"643",-0.502762092129747,-0.807165251200414,-0.740433487592867
"644",2.09759132334685,-1.54933239984943,-3.25015276763185
"645",-0.410760306670237,-0.584602699631292,0.482918936054285
"646",2.29948896216536,-0.813432978451872,0.461497842663339
"647",-1.7909034710531,0.529803952185122,0.605135704279853
"648",0.280248886898232,-0.575274432170733,1.07184550171126
"649",-0.0982267148088057,-0.760982383619312,-0.104311566323226
"650",-0.657674638152292,-0.383567701224371,1.156602449984
"651",0.47933306213673,-0.683602530568762,0.629833838519337
"652",0.988324071626784,-0.800572222059679,0.238886777092802
"653",0.688733281880839,-0.678382124521874,0.744671483193468
"654",0.906780642504356,-0.587713631903452,1.27671950309434
"655",0.0855703452000129,-0.657706924975105,0.543662828148244
"656",1.98780917363499,-1.02437762368208,-0.64423669456254
"657",0.245821690239269,-0.747791234629311,0.190223266598883
"658",-0.297493814862543,-0.817422347868458,-0.561719648475136
"659",0.572515018725471,-0.688853260177696,0.644866808244822
"660",-1.49600195187315,-0.0542644493371729,-0.750915754323261
"661",0.157408855187603,-0.563141001070708,1.06176875860995
"662",-0.285770420788192,-0.779714155081255,-0.361727889498928
"663",-0.355756846231122,-0.687706747224895,0.0274939545460473
"664",-2.21845233393693,0.882123525916683,1.34647797099163
"665",-1.23034892815646,-0.675023025618818,-1.91307584620584
"666",0.90545503972218,-0.903667237750775,-0.303491039299727
"667",0.37537387123088,-0.66469831190688,0.674433519950601
"668",-0.118757520808082,-0.690953536727417,0.229516714599038
"669",2.79804713651527,-0.871351724901134,0.23965647941813
"670",-0.424923366852714,-0.308298025690683,1.84827869768942
"671",-1.47065892563599,-0.142585251838499,-0.981951139356562
"672",0.647041234197476,-0.752022450213251,0.359931419975659
"673",-1.30619817366891,-0.0653954753863693,0.715139696597012
"674",-0.855514888142013,-1.02330142479737,-2.41297649524558
"675",-0.588730081626974,-0.940701844759991,-1.52464469138528
"676",-0.72237791903082,-0.725358000701532,-0.660785376168134
"677",-0.313820453994619,-0.702659136974286,-0.00411949422829997
"678",1.27803848601461,-0.771708324228324,0.466495038496667
"679",-1.10116104127198,-0.739060585645912,-1.68541617317073
"680",-2.24055413576458,0.53651385999418,-0.4165518519707
"681",-2.57850864171617,0.555275987690539,-0.742538002231736
"682",0.643195063007538,-0.800632413206935,0.115329389853226
"683",-1.26692999113101,-0.34568289879679,-0.457703352733409
"684",-0.67830411112371,-0.433538941015996,0.873346287143075
"685",1.18679530507103,-1.08276231019526,-1.1133606498053
"686",0.349484455016783,-0.688553383616782,0.542032232473434
"687",1.60152466740215,-0.421125456647774,2.29647284836252
"688",-0.490607739622307,-0.725089784700591,-0.314668460272404
"689",-1.73288761655505,0.324805670341791,-0.200192716431737
"690",1.04307869987803,-0.678493685968703,0.866245150860068
"691",-0.450218429037537,-0.730630013161102,-0.292995159717336
"692",0.523940186524037,-0.963378157196211,-0.748896158350183
"693",0.107404608970824,-0.753931712646055,0.0766300333304145
"694",0.0388313248087064,-0.401714882648336,1.79243322658059
"695",1.83879365730509,-0.99076455392125,-0.503504373318604
"696",1.31261869387582,-1.06755431572141,-1.00377352949664
"697",0.868842582705382,-1.0121786372994,-0.858432932310897
"698",0.132588198651363,-0.664778856606494,0.538284828114784
"699",-2.69940743599059,0.958123962392878,1.15993209073555
"700",-0.87199911578823,-0.431640803272523,0.508429620149196
"701",0.310199023275595,-0.656430549782107,0.682161213161475
"702",-1.81500795629525,0.520789194193431,0.47703411931867
"703",-2.43707453841881,0.711335491369887,0.190906040058216
"704",-2.03463578276718,0.456300721743318,-0.438657158605391
"705",-0.849089564755446,-0.545321415242372,-0.0089865441523429
"706",-0.149024621554671,-0.651679700305042,0.401164148180631
"707",-0.593513935148555,-0.505459760681811,0.644656037715019
"708",1.78443592504402,-1.08490433892123,-0.984712851017419
"709",0.114997231900233,-0.498371842847274,1.35926050611353
"710",-0.993686104530191,-0.436971151537222,0.171143315781019
"711",-0.987023756748111,-0.297820155019893,0.885880895187327
"712",-1.67876369669019,0.402751131103634,0.424170034457119
"713",-1.23879122113255,-0.299626152875488,-0.0785644546124346
"714",-0.296926135207284,-0.871777333040447,-0.832936413665274
"715",2.35405971047011,-0.997960692154595,-0.452964574001546
"716",-0.566275217830152,-0.908000043443199,-1.3293284655807
"717",1.37725747896858,-0.649864568039753,1.10093077057604
"718",-0.248635900149275,-0.863064233811165,-0.743232359404245
"719",0.770138525012999,-1.02357095840424,-0.950427591023947
"720",-1.24069071124881,-0.373009944844427,-0.45517386507692
"721",-1.46811391637563,-0.0203015800391318,-0.348339296615426
"722",-1.92281943865255,0.339236528438754,-0.753944498771248
"723",-2.77374115428854,0.600050137603399,-0.691977521842282
"724",-0.0114546279442963,-0.657358639345395,0.47900151858062
"725",-0.668695962616689,-0.705708231810927,-0.471813167429122
"726",1.16280774363073,-0.794323017271828,0.322135106098209
"727",-1.60647561346832,0.315215639426812,0.356364498450542
"728",1.49856097213434,-1.1562415677041,-1.40208035110285
"729",1.50206429476762,-0.527651894385126,1.74167199949682
"730",-3.04931614449893,0.528052653886995,-1.24287910970801
"731",-1.99176134021061,0.375094433788314,-0.747717690682793
"732",-0.987020556851806,-0.274775644179216,1.00111250528232
"733",0.593844547984893,-1.17217942083128,-1.76273430578419
"734",0.897846183796277,-0.671253826026673,0.856028135646967
"735",0.826114331174119,-0.693879717504861,0.718198926026148
"736",-2.87737065015937,0.861281130545613,0.536125082810914
"737",0.574756923519919,-1.07489034775487,-1.28436243832634
"738",-0.98043327814868,-0.599673799097474,-0.604859134003505
"739",-2.64662040145084,0.90400286638066,0.936218944200353
"740",0.529293914815864,-0.861113736260876,-0.235204080646847
"741",0.30510269871539,-0.663705229425574,0.643078688489124
"742",0.362530886899938,-0.906925152005024,-0.543175765348387
"743",0.40797214698901,-0.919011893587003,-0.581012319145329
"744",-1.87922281185341,0.44504962966688,-0.102794776447796
"745",0.591724824407485,-0.684570727315946,0.674418503370927
"746",0.936127300939772,-0.808863209926359,0.180664988646765
"747",-1.87252884898237,0.542627425074447,0.404813967800202
"748",0.441991217234698,-0.750819432243549,0.276311458238978
"749",-1.18545878464362,-0.405547087975458,-0.355065270582497
"750",-2.10936885426158,0.629627187753998,0.275456992575332
"751",-0.37896633847403,-0.525061807345686,0.815865016777742
"752",0.405857785154537,-0.88843668257459,-0.429168584396575
"753",-0.416051089924217,-0.986488344109565,-1.53251308584258
"754",-0.697266369208694,-0.605970421009512,-0.0204613423683349
"755",-0.3470331526567,-0.682008202513112,0.0651453739488916
"756",0.361172169622246,-0.814500326704946,-0.0817408274619646
"757",-1.04458656059877,-0.504343704544297,-0.319696945957234
"758",1.15012016971199,-0.775938690299986,0.41047101994305
"759",-0.593392918467842,-0.320892725642678,1.56766659562817
"760",0.717928490860466,-0.578549793197129,1.25510972544396
"761",-0.182088607245163,-0.662744197765966,0.317882753329409
"762",0.0798244641090207,-0.675742733863441,0.449725858013968
"763",0.554067266264715,-0.605301346567153,1.05469394637894
"764",-0.50159700692679,-0.686265706643226,-0.134449755683484
"765",1.38661854973176,-0.96862379903098,-0.490563019725077
"766",0.12604791198458,-0.672237282613684,0.496902441216109
"767",0.726237312439998,-0.920340161501401,-0.450677370961139
"768",-0.000316280641573166,-0.609756500909302,0.724966323746709
"769",-2.38423051160576,0.407276900193257,-1.26465048554074
"770",-0.668670517434113,-0.942711681526734,-1.65678917807413
"771",-0.178753614373152,-0.811336378755566,-0.422211468128451
"772",2.21480519566302,-0.821074430800247,0.410181230309035
"773",0.364018166119707,-1.22574997744871,-2.13654640986905
"774",-0.577833180754739,-0.60380322670536,0.175411288285997
"775",0.837104514951639,-0.892526053608332,-0.271166781537959
"776",-2.333774255043,0.447364220073764,-0.997932924337876
"777",0.817036084008418,-1.06099715317595,-1.12060460530263
"778",1.27142227958094,-0.793087297293924,0.357863854938972
"779",-1.09296658892199,-0.357488745586806,0.251794967954477
"780",-1.83586116077298,0.546065304145412,0.53505584837401
"781",2.98511895828589,-0.737911209224942,0.928769031840712
"782",1.74882813085725,-1.05867493106713,-0.860616461233785
"783",0.437316817026162,-0.895461675388105,-0.449120588824639
"784",-0.080801709935808,-0.693082024352349,0.248760845814955
"785",1.52117783064329,-0.948562043564793,-0.358520702441931
"786",0.913630523241875,-0.868143099501717,-0.123147671915042
"787",1.55763726654852,-0.873758977998026,0.0236769889128145
"788",1.05627708466411,-0.802262299724044,0.251399989489129
"789",-0.241901919921912,-0.464045984936732,1.25808882124218
"790",-0.455372863864596,-0.633849484971514,0.184752251627593
"791",-0.978010017593638,-0.504833678142644,-0.123907326704757
"792",-1.05942025433473,-0.585163245755495,-0.771881104967376
"793",-0.911059914374024,-0.278878075472826,1.18025815638853
"794",1.63141916627172,-0.681446823245403,1.00129034182848
"795",-0.982061526499519,-0.38349798102622,0.471465191185585
"796",-0.0907990613506315,-0.635087584352454,0.530977750729347
"797",0.351021409840829,-0.76414533989608,0.164859836968513
"798",1.03134094226256,-0.81017655677819,0.204245858239383
"799",-0.35077101215815,-0.349969324685684,1.72142754607617
"800",-0.896497580485153,-0.402452213131226,0.597457913983725
"801",0.460034322394856,-1.06087787932218,-1.2654883049146
"802",1.36638776184647,-0.625674090204674,1.21919356682269
"803",-3.55409184912239,1.04355779524148,1.08796690541202
"804",-1.41136841841965,-0.162425783056704,-0.538492105061964
"805",-0.50517052000605,-0.7708314266227,-0.561843653062114
"806",1.34285988965345,-0.793341874099011,0.374972618359813
"807",-0.278445683940645,-0.693485929463887,0.0764874402388497
"808",-1.02045810846058,-0.347594622420515,0.539080913617989
"809",-0.167843487249953,-0.843277234323937,-0.572611479220074
"810",1.11375808927231,-0.614428262755049,1.2075835555484
"811",-0.341970675963134,-0.722167706449106,-0.130382036337594
"812",-0.0739582128696316,-1.12683316001325,-1.91473306367161
"813",-0.265793652226534,-1.05750164918725,-1.73151449783622
"814",1.46857839736266,-0.993906729668729,-0.597353781861655
"815",2.10080838183194,-0.743958870324981,0.777252177605901
"816",0.090589560369413,-0.933099672595828,-0.830035327668844
"817",0.495872270226329,-0.72427207246518,0.434041335373316
"818",-2.00455179640126,0.925065766690056,1.97241860836297
"819",0.0639001635242414,-0.98247687546923,-1.09447023978451
"820",0.112656705368471,-1.02276806421004,-1.26420611609181
"821",-0.0208556969370814,-1.12824882519636,-1.88223337835602
"822",-0.187821488595425,-0.882545290477214,-0.786075534334262
"823",-0.092069850655621,-0.733450745959734,0.0381702549280501
"824",2.22572918760301,-0.892661264270186,0.0539678128132604
"825",-0.467572464999344,-0.905167975620491,-1.18657595660095
"826",-0.852960176969108,-0.753790719691019,-1.05980153324962
"827",-0.311209369595876,-0.644068536006502,0.291448233479729
"828",-1.39717396604337,-0.103493940611913,-0.123849460037907
"829",0.519456995894419,-0.697918217002795,0.576411117690794
"830",-1.09828618450364,-0.28555529637619,0.592470120098294
"831",-0.907104944511788,-0.399306825997421,0.58773355431227
"832",-2.3428817326429,0.795251360188732,0.729194804393053
"833",-0.0410266791694542,-0.652400978714556,0.482227837051699
"834",-0.655757047943204,-0.385783862356578,1.14857333383098
"835",-1.5570652075226,0.14858123376788,-0.176791689164132
"836",2.80842387412276,-1.03904888110735,-0.597569100064412
"837",-2.34086101424728,1.093996275113,2.22563672569176
"838",-2.53052616017153,0.641140794852759,-0.264245338062931
"839",-1.84345575858205,0.520130520185273,0.381240962773336
"840",0.912179134095218,-0.857753937898974,-0.071684094315505
"841",-3.8534600504891,0.741876635019264,-0.526834001004922
"842",0.97087910715954,-0.929426121479467,-0.410920405516862
"843",-0.112887084669981,-0.695056255357948,0.213705075551014
"844",-0.360528075978658,-0.550441583375753,0.70876881959234
"845",-0.525078459276431,-0.647933787852629,0.0268001711230403
"846",-1.21712051629575,-0.0755225460666541,1.14908123609756
"847",-0.21896815228625,-0.798133629894573,-0.391490230741454
"848",-0.654532460897243,-0.573054917830078,0.214162258313275
"849",-0.753782046564938,-0.819123786916095,-1.18637853221788
"850",0.143366399723754,-0.963740275056486,-0.949836687175519
"851",-0.931769704510281,-0.23751088799992,1.33553618985883
"852",-0.569597502135996,-0.675778883374383,-0.172864707385134
"853",-0.963683180005773,-0.529113866709761,-0.206053278585599
"854",-1.82800309327767,0.736983752560178,1.51504483333003
"855",1.75079343286566,-0.853360293703703,0.166349383931289
"856",1.31933569583071,-0.95510533412338,-0.439809729953673
"857",0.486452295267002,-0.887419201049447,-0.385984972803479
"858",0.914876869607385,-0.893492725236232,-0.249482082796918
"859",0.587978000411832,-0.595926357072436,1.11606242621632
"860",-3.04616020136934,0.608950715462301,-0.836480615393745
"861",-0.458241209082752,-0.418312864418586,1.25899199598045
"862",1.34173439541869,-0.727131932665365,0.705738859045508
"863",-0.172741923340594,-0.918322684937241,-0.952002251694644
"864",-0.31490232255828,-0.827378362460611,-0.628801404408249
"865",0.942070477606265,-0.837104735442282,0.0413966980223165
"866",-3.09198390741278,0.564910537600906,-1.08384740969521
"867",1.59818499294309,-1.15434340259007,-1.37034124817055
"868",-0.041960559462485,-0.973756370636392,-1.12524077925977
"869",-0.287280071185452,-0.866850952971776,-0.798877514747328
"870",-1.20425465026836,-0.533766429826785,-1.08137799223403
"871",-0.456987033826899,-0.666289285293314,0.020617088152195
"872",-0.193026893875282,-0.680430974040685,0.219971359011007
"873",1.06082760463424,-0.843410981875733,0.0470269188901866
"874",-0.841617400226887,-0.816926526987511,-1.35082711790384
"875",-0.0297721346705268,-0.881546023833998,-0.655214137700508
"876",-0.753629644369512,-0.550100431804888,0.159020751657664
"877",1.65761963797704,-1.08720941601581,-1.02197903202243
"878",-0.0107388446586917,-1.34809290360408,-2.9741559387613
"879",1.31414213894169,-1.22744399367448,-1.80283145209052
"880",-0.914484709903759,-0.200889194434052,1.56181504779074
"881",-1.29442095847142,-0.231390184421562,-0.0435145917337672
"882",-0.963424896569822,-0.709593709529428,-1.10775498599798
"883",-0.745055368391263,-0.833019311481417,-1.23979204900801
"884",0.373117969369145,-0.788727436027223,0.0531556577455065
"885",1.10064548886791,-0.936022335447545,-0.404211965109772
"886",-0.142118098118194,-0.771334695526727,-0.191397868619666
"887",0.55459849372378,-0.534594784246914,1.40845679918984
"888",-2.2162330987871,0.96280158089249,1.75344588844367
"889",0.893562600262972,-0.877797969609818,-0.178132914860519
"890",-0.903134513143519,-0.53946004835917,-0.103447049257278
"891",0.795056320501221,-0.695664759343651,0.698182865408736
"892",-1.56091521588238,0.271444444520362,0.4125230944142
"893",-1.14411217072042,-0.239270215943336,0.650244157480048
"894",-1.04281573838366,-0.531019934373902,-0.447439609688735
"895",-1.63403225563308,0.311929083539536,0.190280459002071
"896",-0.253418667309123,-0.829466420051993,-0.579697623782048
"897",0.970821048733321,-0.57635053167506,1.3544390041674
"898",0.895373590920331,-0.700765147112479,0.707640657899709
"899",-0.371375906897134,-0.529671232649675,0.801025074778827
"900",0.21526577823354,-0.61026812791328,0.860440599133043
"901",0.392373103021365,-0.724253424201514,0.385120579831176
"902",0.0531918513578024,-0.512253704178643,1.24947497413274
"903",1.19793906401079,-0.835513810988914,0.125960313336522
"904",-0.432842816265913,-0.70309094165294,-0.134853185479794
"905",-1.58150430912062,0.0367195648968837,-0.889971538076694
"906",-2.11337685858333,0.635223259023591,0.295790767569366
"907",-0.594965313830183,-0.766920907473957,-0.664755490869018
"908",1.73130841091873,-0.931529482882502,-0.228407970908221
"909",-0.375003112630345,-0.728104693315461,-0.195054458700564
"910",-1.00428003685505,-0.368993595426562,0.480311190617025
"911",1.19268935175797,-0.85038696105061,0.0501470247070435
"912",-0.225470939607385,-0.816569132124818,-0.489526811882564
"913",0.931847908880388,-0.935013961008351,-0.451490095738694
"914",0.847973687809564,-0.517806440182069,1.6062251093784
"915",-0.531924663836048,-0.668386237725691,-0.0845142899675115
"916",-0.742213250101026,-0.198010647564761,1.94043405019182
"917",0.50426842627657,-0.729134286830296,0.413527137804529
"918",1.05130776068757,-0.753665144802679,0.492884601834554
"919",-0.709326026887,-0.437709254449318,0.800223051520736
"920",0.381090231132526,-0.87076232820794,-0.353027207584349
"921",-0.456914528698864,-0.627878645195141,0.212757345155536
"922",-0.451251638936796,-0.458328914630435,1.06727984502302
"923",0.392484373105295,-0.954670138973316,-0.766908001083797
"924",-0.891804345199828,-0.839558328268895,-1.57697044298707
"925",-2.14763309673413,0.442664668731768,-0.730344345458874
"926",0.568348440739731,-0.855240933316884,-0.188853111738093
"927",0.567138285438538,-0.82167011043994,-0.0215175315405573
"928",-0.457905884930171,-0.922282714263588,-1.26045403604266
"929",1.0164158378816,-0.832345104821505,0.0888041039187034
"930",0.388537838347151,-0.874341855457369,-0.367220238816972
"931",0.8185118292985,-0.977147949101077,-0.70083431802202
"932",-2.25344098999019,0.363347773516153,-1.30224954565502
"933",-0.990233350517861,-0.191483946215562,1.40844903890921
"934",-2.00240227817011,0.468512792741795,-0.30540000427009
"935",0.557798135718156,-0.988627925051935,-0.860325380165897
"936",0.334805447939727,-0.626010353284238,0.847174549753542
"937",-1.31465999145725,-0.394818136977425,-0.984780839760752
"938",-1.06990643901624,-0.0536932312117594,1.85052734573245
"939",0.999079845221811,-0.939959429524506,-0.454667324074453
"940",1.3091391552708,-0.780935930436286,0.428425214832028
"941",0.102256540554136,-0.853630164153199,-0.425157966537624
"942",-0.88262647250913,-0.649892870827718,-0.607207274810353
"943",-0.332806581170457,-0.571115234225515,0.634337747414063
"944",0.303927571326164,-0.993151567591762,-1.004779399006
"945",1.10703456591582,-0.660521357887126,0.975160782434794
"946",-0.338748091249662,-0.898397890324325,-1.0081951621576
"947",0.310268000752994,-0.983244250887756,-0.951870707811535
"948",-1.65985293676099,0.59503544413684,1.47550696722556
"949",-0.000651716847135101,-0.833685353102594,-0.394916169677175
"950",-0.0131273994877745,-0.489603250074703,1.31657611459417
"951",-1.27561403138558,-0.132465500920609,0.560034077724717
"952",-1.59342908808833,0.10176100336949,-0.635877039203464
"953",-1.49504946457026,0.415528164726482,1.60563402461802
"954",-2.52332557974626,0.896040834394631,1.0178540410078
"955",0.805597021329192,-0.958877933640746,-0.614091158632988
"956",0.0131621524506142,-0.618004532090015,0.693232345479016
"957",-0.44845976390773,-0.863648550593416,-0.95599721217338
"958",0.469678671370904,-0.593105052522947,1.07786383894197
"959",1.18833665714698,-0.999865182127226,-0.69844791886797
"960",-0.806032040999375,-0.574308568715792,-0.0634915878576692
"961",-0.072597199457001,-1.04142288957512,-1.48663977474725
"962",-0.275078196322644,-0.704319153753957,0.0255531964699126
"963",1.09118891478933,-0.881655459041015,-0.135156508324251
"964",1.58076261967092,-0.948461431441505,-0.344732310785318
"965",1.17329804737571,-0.373044338404024,2.43147142574854
"966",1.04258106015485,-1.18881595709809,-1.68551762789676
"967",-0.166046268414088,-0.368653521584595,1.80202901808596
"968",-1.12506379354816,-0.581502145692045,-0.986466368569044
"969",0.0423222607379684,-0.817207863587539,-0.28265222755736
"970",2.30338438385073,-0.605849833848975,1.50000411275335
"971",-0.652378804102433,-0.397184222341167,1.0969262467095
"972",1.56626582061566,-0.838665188392384,0.201057750435477
"973",-0.500687716423764,-0.48420715953075,0.877001106175267
"974",-0.0945828382032263,-0.751444350720403,-0.0537627739210444
"975",0.753269477352276,-0.925351159381683,-0.465569345566193
"976",0.687156738052759,-0.996201074743495,-0.845039237031651
"977",0.707990992127345,-0.667779648200835,0.805149639784635
"978",0.21825330614357,-0.853022396754999,-0.351608320406473
"979",-0.913993983948603,-0.312706080305489,1.0039357496251
"980",0.209823077013736,-0.631780221850634,0.749730108089588
"981",0.360327311978406,-0.999983393743907,-1.0095851077703
"982",-0.802566246920396,-0.830577841952309,-1.33784725080373
"983",-0.548706202211902,-0.52411030413346,0.614309457373729
"984",-1.28450874672796,-0.0240048601516321,1.05155824388622
"985",-2.14389684720531,0.601759703350009,0.0718691894288733
"986",-1.23665983061847,-0.524215863427093,-1.19069866799139
"987",-0.138243935575612,-1.02927158308082,-1.47789645022151
"988",-0.338948573950583,-0.849016286795106,-0.761494411534874
"989",-0.0395478343780595,-0.674522063900766,0.372716319376796
"990",-0.872880292288238,-0.393019989836752,0.69953031995552
"991",-3.56177044357142,0.657334591293107,-0.846177719080397
"992",2.06942868919979,-0.998216641622913,-0.499314036936534
"993",-0.51838402647177,-0.489666918567444,0.826903901158877
"994",0.248032125734243,-0.890310565008043,-0.521133319216827
"995",-0.420241169688077,-0.590141761843125,0.444436115658405
"996",-0.971121229712613,-0.598733742011587,-0.574393102111226
"997",1.3411245003651,-0.668091303570242,1.00078831629203
"998",-0.36719574570708,-0.92768937243342,-1.1845788493707
"999",1.92678014819679,-1.22405278010338,-1.65355438481178
"1000",1.41017908692764,-0.756279518815052,0.57689680259238
