"","x_child","x_pa","noisetmp"
"1",-0.684737609170526,2.49685391653546,-0.0683944280450641
"2",0.77274347723085,-0.470660942253025,0.0856895198977984
"3",0.905023254009525,0.111843133202275,0.858051910063702
"4",-0.459595288343543,1.8854568235633,1.01907411369697
"5",0.680043414814897,0.492657917553577,0.481078141128497
"6",0.744538187742397,0.795636756094562,1.3446696026205
"7",1.0620699915296,-2.52919746543686,0.542088322999263
"8",0.216044535724475,1.26119320070074,1.74850628145666
"9",0.792211510285659,0.493006974872523,0.891466674386213
"10",1.22989064625461,-0.321039769187094,1.62699824701881
"11",0.91354233294088,0.083864293805238,0.863528174262656
"12",-0.327387136389266,1.62776585254705,0.798895949400047
"13",0.993344550888076,-0.949831534368229,0.617987632775958
"14",-0.308679497577818,1.68755892974571,1.54805300139889
"15",-0.0259558562578491,1.35768587153733,1.14747382835165
"16",0.391374958595947,1.07255797740841,0.943730686206019
"17",0.236223095778184,1.13115443575197,0.540498349200026
"18",1.29584119905364,-1.71807659220094,1.35757076745591
"19",0.786937683297235,0.238712276084783,0.567613673882057
"20",1.39170916785091,-0.828626763922661,1.89717099624658
"21",0.942015011773826,-1.29156653508921,0.374619795632045
"22",0.979705193529957,-0.304548391157022,0.826790785075338
"23",-0.58856188890201,2.29957753706074,1.54364058133551
"24",0.874474947227797,-1.84106722418841,0.0728522896169198
"25",0.935659398036593,0.0896489592293215,0.943172633791719
"26",-0.727305317028253,2.88888996933408,0.911682740912041
"27",-0.485250193658003,1.96111571322977,1.16500294807359
"28",0.323211977837051,0.967403702046554,0.123066062949424
"29",-0.235612271896365,1.43697605098858,0.158787292650706
"30",1.33163450705693,-0.830244650737809,1.70921291813929
"31",0.511263687071276,0.775896996713964,0.350441080467397
"32",0.78576702307562,0.258130112338606,0.582443478787288
"33",0.572897151850702,0.982560475448424,1.31287072112242
"34",1.23023119891443,-0.630300872050668,1.47199390121556
"35",0.674253849496166,0.534309895974147,0.520323477668859
"36",0.7241733871795,0.608022356056916,0.829314734929176
"37",1.26712920879165,-1.3903444558051,1.34182982363104
"38",1.14377615950925,-2.12480428420565,0.83492136841683
"39",-0.631854445309235,2.26546969989411,0.0943880248932616
"40",0.691702574114191,0.0176377833485089,0.0678050711831321
"41",0.604335067763775,0.761487717414699,0.688570491866139
"42",0.939503323235414,0.619057487620338,1.66547594042522
"43",0.562266590161887,0.530275998446437,0.100974219376027
"44",1.06274768114072,-0.639504250601297,0.939653931616052
"45",-0.619975455430866,2.22571506041121,0.150673510572507
"46",1.08971037209755,-1.61061208820884,0.757859447387255
"47",1.64130396827384,-1.67930719170463,2.40456303729499
"48",0.768623266219964,0.145946123182645,0.422228638832106
"49",-0.308138265875356,1.61084550607651,0.881024879681921
"50",1.25863020915704,-0.596760789598519,1.57656262538895
"51",0.476621166524029,0.83847277426341,0.369537353079805
"52",1.21730973885786,-0.721948112772076,1.39348592936659
"53",1.25967850801811,-1.28723391420074,1.34470561925529
"54",-0.478014820644783,1.80179235089855,0.115378451687675
"55",0.904811283685834,-1.08266373889142,0.30902044052834
"56",1.31570934933806,-2.01317097298445,1.36376674675041
"57",0.940851490244425,-0.692969332579539,0.535906558861622
"58",0.840243345319844,0.154911873585829,0.674448489456667
"59",-0.185233547915961,1.40103903572737,0.285403283194733
"60",0.713223584758128,0.343430844224241,0.416558617020976
"61",1.09537270801479,-0.454276662536331,1.12365915052217
"62",-0.469801320440329,1.84418890736265,0.540870845317507
"63",1.49710990805362,-0.776913084183822,2.24748829653119
"64",0.932235594778279,-0.428634007590516,0.613467772892949
"65",0.614102094932252,0.803694799096934,0.837735755889729
"66",0.972843335341047,0.121299310998462,1.09678692890427
"67",1.11446939010946,-0.571504591444474,1.13119736801343
"68",0.443379041065429,0.945946245725018,0.576481688264608
"69",0.604895040993441,0.726026350468008,0.607941736096921
"70",1.449936181068,-0.699960623988338,2.13329001731938
"71",0.849974728584784,-1.1567364332561,0.122959379211099
"72",0.603728537580776,0.356363997495413,0.0429137333259521
"73",-0.639489743305619,2.31362320572318,0.195404769522919
"74",0.879752701548044,-0.787811779806228,0.313082307351904
"75",-0.549659377797913,1.97748628111929,0.0842522324864113
"76",0.981252704756135,-2.16682052733615,0.346543792860911
"77",0.848967538882651,0.0105228081723766,0.589910725401375
"78",0.935129202414754,-0.957557780300254,0.435469248354842
"79",1.15083041867625,-0.791509284817344,1.15910168319988
"80",0.853517032637346,-0.572514625606378,0.30373349302495
"81",-0.0400646774210698,1.30217249252439,0.477885035274073
"82",0.973107596365588,-1.79674498223465,0.375064767595437
"83",0.00118444373323559,1.35804296700344,1.36148514539817
"84",1.22044484862525,-1.33611542468629,1.21291553462051
"85",0.687250400046846,0.680534621357077,0.830578601506735
"86",1.02240349130568,0.0329221060924672,1.18878250845506
"87",0.779718845289274,-0.194151921092319,0.23438952191193
"88",1.08459960343547,-1.20512175487914,0.830442463664055
"89",0.654605573794633,0.695054537311677,0.734785437458006
"90",-0.688701988037694,2.55460223435657,0.168516878337509
"91",0.835362324024742,-0.489894666104826,0.277882245280906
"92",0.865699094816178,0.480640948335558,1.14083241224289
"93",0.477546954549058,0.823139696334311,0.331883590357505
"94",0.932857659127436,-0.309267029456369,0.672695818364381
"95",1.09063335884708,-0.540816283601228,1.06890292927446
"96",1.25283254506857,-1.37624301015936,1.30175898639641
"97",0.472627755690407,1.10631396337698,1.5793791139075
"98",0.801837377513849,-0.981217400136813,0.0166450918565863
"99",1.19216822684005,-0.0535326950153947,1.68640282160488
"100",1.01259858363837,-0.182324826481095,1.00365185175287
"101",0.790544519319719,-0.828958054553691,0.0223309954606953
"102",-0.132868825238612,1.35873479577847,0.32927196091114
"103",-0.594085700473053,2.27116896586877,1.16150283822848
"104",0.714122282454806,-0.252878820742383,-0.00917960117456804
"105",1.1601953354475,0.311858652855825,1.95253783400311
"106",0.81356422956892,-0.65490074516528,0.148306736319232
"107",0.134981653989778,1.25541037128365,1.15304436710249
"108",0.874167128033142,-1.26850735102878,0.172506506125959
"109",0.88956746986863,0.579579476482848,1.39789776351658
"110",0.81387323521382,0.120866996696104,0.555827068787661
"111",0.424953915767372,1.03864518409539,0.912012927480483
"112",0.404346727309546,1.07968177610655,1.05182572232695
"113",1.03693311458632,-1.04871789591854,0.724874110764032
"114",1.14645553412828,-1.78272275827009,0.897150870085934
"115",0.142910210619798,1.11986291599818,-0.0194921955153035
"116",-0.32637750110295,1.65398563347777,1.03111540780405
"117",0.719244436137274,0.326723129835643,0.419873735797716
"118",0.841210830723635,0.109851198851321,0.639715974398669
"119",0.922816528691388,-2.01037521988423,0.193427769806518
"120",0.721272639592727,0.73410102057163,1.08566833861238
"121",0.806970762458397,-0.359681082459699,0.242022875387076
"122",1.02727181374053,-0.299140706238771,0.98373242602341
"123",0.631614733071763,0.670567556158118,0.595351609968477
"124",1.1116501475092,-0.748082075877503,1.05223375641752
"125",1.04016593227663,-1.01523819341362,0.744144104043935
"126",1.17538071318995,-1.29207716972403,1.08633500361281
"127",0.791598682143975,-0.238847977248702,0.249947523383385
"128",1.00497644984296,-0.714501035935892,0.729773177796993
"129",0.665229623595335,0.524608130559502,0.472547528234831
"130",0.921542917765819,-0.661206447688966,0.486361945820916
"131",0.732877346892275,0.74584538449459,1.1610923767923
"132",-0.724141592645983,2.85329720040862,0.781934406733427
"133",0.572761715679942,0.8955506358321,0.952938409893244
"134",0.543044708360758,0.933229355231166,0.965210535221749
"135",0.842557481756806,-0.298397873645439,0.385755081324458
"136",0.597281246821606,0.830814792121245,0.846335881470856
"137",1.13948914972273,-1.51547277591705,0.927009828113922
"138",1.09863887947812,0.110431054131482,1.51423298182318
"139",-0.819969472288457,3.75666497542016,0.461071002807641
"140",0.902844175187017,-0.59848825524296,0.450230801976793
"141",-0.232131838059019,1.50384148620798,0.762723157504423
"142",1.12934039951545,-0.458062449491032,1.23041748101686
"143",1.08991800394499,-1.89857409499951,0.708564794051121
"144",-0.274856912233759,1.48165149050459,0.164014412938206
"145",0.900160491467615,-1.78937031755888,0.157515561499759
"146",0.671089918722131,0.38323369294886,0.311219157180896
"147",-0.55422941273024,2.01171588869515,0.221584124981052
"148",-0.531900423654457,2.1155464695843,1.45632725268499
"149",0.261428179982476,1.03923372886633,0.13819905671353
"150",0.528028686505473,0.871572010806803,0.682513680563073
"151",0.265477389087745,1.14139788929526,0.770245816783761
"152",0.765024480062035,-0.26677537791229,0.149635486385827
"153",1.04865740786476,-0.285279093411333,1.06070001740797
"154",0.879054386663041,-0.898055346271054,0.278229022563441
"155",0.299719946138316,1.05403314837582,0.394228290697253
"156",0.840957151725857,-1.30671405054399,0.0632830758090309
"157",0.918683310053897,-1.7183543323885,0.224245059927869
"158",1.43795886266098,-2.44415134455656,1.66058798598439
"159",1.3650541378098,-2.13977129450113,1.49002923379561
"160",0.544594911067615,0.90671093840541,0.872039063918817
"161",0.954226991937383,-0.949677180973822,0.496837769690329
"162",1.33583354620285,-1.92254809657478,1.43932979101611
"163",0.775387937853934,0.660291225946682,1.12741858293128
"164",1.22634617950454,0.285866284419328,2.14984511335701
"165",1.258387257278,-1.32746974629199,1.33059539252441
"166",0.949449442169077,-1.75084621408395,0.311417281272941
"167",0.476578070045428,1.0058223800858,0.985250639513251
"168",0.789760199843325,0.252419869327355,0.590697769440922
"169",0.93160403472619,-0.926337031893299,0.433331549306622
"170",0.736020682785348,0.700689989833967,1.06421575826256
"171",0.783774623644149,-0.24578695495205,0.22096325908487
"172",0.593282722192806,0.390507161464755,0.041919477929903
"173",0.620327614434511,0.874920767244277,1.08304014362783
"174",-0.343561969814665,1.58574944983383,0.278404826516374
"175",0.847649710527599,-0.269953602834711,0.416467641686708
"176",1.45732397001962,-1.42321472175584,1.91125874075009
"177",0.881572900734214,-0.384222867853339,0.471016090304062
"178",-0.446200579888638,1.83610321365784,0.851610339959468
"179",-0.596763062465803,2.2269789245747,0.757668952650647
"180",1.11567681680501,-0.428169674852395,1.20138171330944
"181",0.954547278598917,-1.87787477058606,0.307019166625986
"182",1.16547910114499,-0.66456521285478,1.25348166532164
"183",0.91207770369381,-0.517347141589726,0.511166706191869
"184",1.19072345940235,-0.986118068703413,1.21803534646725
"185",0.758196570617379,0.478293118839266,0.745843092046329
"186",1.10790195007066,0.0859934418607766,1.52289008291535
"187",0.856728297001819,0.455002250437346,1.070013647706
"188",1.411928457132,-3.18897020274249,1.49739982644346
"189",-0.682174743906384,2.59981381280273,0.766940439766388
"190",-0.360167765390367,1.61437897830488,0.310132132189313
"191",0.488096427468647,0.892315024347293,0.580333454590799
"192",0.342682082359648,1.12520099507132,1.05345232057505
"193",-0.754266912324976,3.03777845101947,0.386671649011445
"194",1.03263512523424,-0.992587098444585,0.727297964900387
"195",0.734514918210194,0.378286281918722,0.531329749922423
"196",0.918803046410812,-1.71749564057836,0.224743189704439
"197",0.852559219319025,-0.0918898804473014,0.53316608067797
"198",-0.399383949207438,1.75273311388865,0.890228371085522
"199",0.9744290170981,-0.343423761613507,0.789697359312283
"200",-0.159525160902748,1.37572603296182,0.272312614334264
"201",-0.595105544979552,2.2982433829848,1.34784306682654
"202",1.30335146336594,-1.08312600478001,1.5356197602051
"203",0.84862622593331,0.186649346830553,0.731571945500727
"204",0.492487608227306,0.680279124520101,0.0766827971976616
"205",0.825514356803508,0.37044668705234,0.8454939365101
"206",0.956294320328139,0.575698018441042,1.63998278051404
"207",-0.714718656217279,2.77310475907964,0.626538810617882
"208",1.06702182017476,-0.370461547671435,1.07432859564321
"209",-0.229211762431407,1.49519409007045,0.714932708388833
"210",1.24522565279078,-0.796934860821938,1.45206693729374
"211",1.18355360190016,-1.75392236821854,1.01358882602282
"212",1.22470609093424,-0.667409917608604,1.43884090637591
"213",1.1778891349586,-1.66215921602659,1.01368242903677
"214",1.57256484720879,-1.36421058122921,2.27716325273072
"215",0.899288353031063,-0.413072322131302,0.51484007193404
"216",0.476000268427985,0.998247834444214,0.94604743215803
"217",0.78072168421784,0.0940870290432891,0.422082024632564
"218",-0.469711023924095,1.80481289778689,0.260727883968511
"219",0.781040863438592,-0.348614837591997,0.163395255987903
"220",-0.537647865298762,2.01278553228902,0.554961578075156
"221",0.995677444050226,-0.482577969989756,0.7922497649676
"222",1.21555489064278,-0.045317507469127,1.77074954575193
"223",0.785883066041026,-0.0209188340084549,0.357405103935176
"224",0.85046287742083,-0.883548234381161,0.193463799399837
"225",-0.010673429259243,1.254364129632,0.204233901393901
"226",0.861069672061472,-0.692836397559015,0.285122152100618
"227",0.444219705447452,1.04287805313947,1.02683081520196
"228",1.09645927026057,0.578180826185582,2.16920741011924
"229",0.318703088392768,1.11985236680499,0.889723133798715
"230",1.21564924951967,0.361317016458387,2.21774484767047
"231",0.907374055301716,-0.241630994114465,0.625590954861752
"232",1.37742076175678,-0.618383392026961,1.94218359782252
"233",0.608788561990217,0.718974630431502,0.607628648407472
"234",1.1402461670028,-0.930521234255396,1.07920217333855
"235",0.0612528689174763,1.24391260243821,0.55512916241513
"236",0.918513177825178,-0.897036690467336,0.401107547466402
"237",-0.455421727714291,1.93061112451585,1.45592031177391
"238",0.71007338119639,-0.197342161412072,0.00488216532208244
"239",1.03539949146794,-0.101617129928933,1.13130726581005
"240",0.949743779908146,-0.76350351147136,0.539811333638305
"241",-0.650124394275252,2.34185042917574,0.0682282658803298
"242",1.18375044453642,-0.878256505219345,1.23146294038247
"243",0.993568390052108,-1.11112085853939,0.57489191233104
"244",0.998140611614697,-1.36180963814986,0.530497615369189
"245",0.583089494855947,0.642914438296627,0.356981674882145
"246",0.842102432271773,-1.17834360780319,0.0939737229624243
"247",0.887389136774413,-0.0514378442565806,0.67502436714541
"248",-0.441929532676556,1.76379486989945,0.37418632922418
"249",1.2070065753132,-1.4568391611501,1.1440205245112
"250",1.3727565246578,-0.585923692148445,1.94284433146746
"251",0.885366034284294,-0.4212911455911,0.466540580794475
"252",1.14140050348118,-0.843186670965313,1.11156942444988
"253",0.675453914036075,0.832736234816201,1.17481618486065
"254",0.788810737017962,-0.641123250258062,0.0748856575997721
"255",0.910759815799572,-2.08948452069432,0.147066163593405
"256",0.527637844145393,0.583125140098671,0.0487216359574704
"257",1.15813535482121,-0.00343693636944834,1.61369778155795
"258",0.50479259500509,1.09312045066316,1.64351402297214
"259",1.29031559700086,0.476232413229269,2.67927275385442
"260",1.0845489880564,-1.13582157638124,0.848022321345266
"261",1.02421166145794,0.589039150797405,1.92140758057156
"262",0.942879737520091,-1.91462042077659,0.266734474187427
"263",1.1373818541625,-2.45673349748242,0.772409600455186
"264",0.838950047036014,-0.462697363952528,0.300355992678077
"265",0.823482777042278,0.0906236771721629,0.564197384304523
"266",0.891649174738026,0.220209589329734,0.911798957006902
"267",0.833718086399243,-1.05667846616717,0.0964226236702875
"268",0.615628040689463,0.491389822676711,0.244010609968154
"269",1.26704423777162,-0.299955671560388,1.75992142686569
"270",0.565998255797391,0.660278875971013,0.323175825980152
"271",0.260873342927179,1.07765251915587,0.331324879620044
"272",-0.660208055666685,2.52105669310773,1.01544909183807
"273",1.2594645897972,-0.571233230494917,1.59088484802422
"274",0.639796136135964,0.502629673645231,0.347697018426404
"275",0.585673261661321,0.749495479001164,0.585540134517207
"276",0.0783967719664628,1.22287614217049,0.43747445427577
"277",-0.237649872789914,1.43416182562723,0.117617332668237
"278",0.775748665887864,-0.0641636893044348,0.295978799272653
"279",1.41273136752524,-1.00478427967004,1.8981829363468
"280",1.02945755690379,-2.04921129374912,0.505678517517942
"281",1.01190058831872,-2.49788954709472,0.397774372174749
"282",1.22990635580863,-0.84514782856177,1.38665089604715
"283",0.742022777068454,0.306055936935193,0.478239865795728
"284",1.02170900121795,0.174647489104378,1.31404656750752
"285",1.2310132133259,-0.310593450946039,1.63682787757721
"286",0.700103140093604,0.965174074935967,1.80105603997371
"287",0.812054749558615,-0.896685314563297,0.0704586781732643
"288",0.152478923167823,1.19461651523925,0.595710900508836
"289",1.21041965363524,-0.195774167822408,1.64260592550524
"290",0.931403906233252,-0.199519821238111,0.727610044705012
"291",0.900308049302847,-1.84835980694435,0.149115508724782
"292",1.0523969223013,-0.512139086563918,0.959940821952087
"293",1.17494611104246,-1.27563873314031,1.08906498453103
"294",0.827721540048744,0.481686770275153,1.00404988322807
"295",1.06784635570303,0.662676827955048,2.25670962967015
"296",-0.562174401419052,2.20392213983537,1.45917842515653
"297",0.91998326869837,0.339992739533457,1.1427878287786
"298",1.02537217774503,-1.27095613860498,0.633598420738878
"299",-0.383564465933657,1.74551266463019,1.0521924237781
"300",0.584838365779787,0.671545530446789,0.416924246812845
"301",-0.654158088077717,2.46474678604735,0.797492953362488
"302",1.10040989809509,-4.17384702132868,0.522124866764435
"303",1.42921444334646,-0.733653148400146,2.05342175402021
"304",0.843787829766515,-0.492907271093639,0.303538864973889
"305",-0.0108060464429791,1.47412925935108,2.57611816541221
"306",0.502707570658467,0.68685748169382,0.128478678906903
"307",0.777866602545955,-0.0309058546402651,0.324136910978848
"308",0.939158095262264,0.161598507521981,1.01873630359186
"309",0.7598068129098,0.154842153744065,0.399466293421619
"310",0.954963026347524,0.319496761047606,1.2411093961352
"311",0.851315268269008,0.499385370191178,1.11744421842962
"312",1.07220804259217,-1.63455168673367,0.700631627489835
"313",1.06738408170527,-0.79973412911717,0.895498737224334
"314",0.977866101575608,-2.60406281070106,0.286309329240302
"315",1.05128125794844,0.362739262477848,1.63688735339609
"316",0.926071256409148,-0.898378682402338,0.424198824706989
"317",-0.696041733941529,2.62380966292873,0.359511297790693
"318",1.65195300079239,-2.11401111317624,2.34683432049102
"319",0.910714252937275,-0.825334162497235,0.398184221672801
"320",0.856591951482447,0.015527931874904,0.619058980876605
"321",0.0705319054585836,1.31082118683516,1.35246203811841
"322",0.837558216879075,-0.686701121862873,0.213231118344729
"323",1.01811480937357,0.00459341245356846,1.15179371632367
"324",-0.386066133636168,1.68080115495023,0.5049412992956
"325",0.813489708030728,-0.614066688619694,0.162069359678317
"326",1.00459912480259,-0.227423753073979,0.950449035904057
"327",0.893666549689897,-1.03441878515621,0.286812785363493
"328",1.13772828353438,-3.01581144102946,0.714555323602422
"329",0.945102416933065,0.563264008440795,1.57424855351192
"330",-0.0348036905396141,1.45799775178789,2.16745746626395
"331",1.10067737068052,-2.38305664489237,0.673013379138294
"332",0.378042203530014,1.02340601839341,0.61282386375549
"333",-0.751924595258647,3.07522492091565,0.975104878050775
"334",0.58769178411046,0.509240022535461,0.16570989862565
"335",0.0844318834578035,1.20666836176605,0.313117992517975
"336",1.07974615109912,-0.939807035866957,0.888726187781815
"337",0.761832436752516,-0.347033278856782,0.102145719376211
"338",0.803222195993102,-1.0295225974529,0.00896616541530118
"339",0.786466271237793,0.295402588581507,0.622832173707467
"340",1.09689706055095,0.284287406363921,1.6956044737161
"341",1.10181948212853,-1.19721353576459,0.885153428405693
"342",-0.337804532449384,1.56465569623723,0.179311889418171
"343",1.22911693998279,-1.84071525378588,1.13464664997407
"344",0.676529945804247,0.772116535354999,1.00462333403728
"345",0.869287683280064,-1.63502495879859,0.0892080752411965
"346",0.958163226206018,-0.353007072902523,0.732453962141207
"347",0.648162217265647,0.933973573754806,1.42841622368863
"348",0.83275824888858,-0.92027817339657,0.128347021808464
"349",0.804093653537908,0.858997337442901,1.79902098477805
"350",0.482091519185456,0.83308826498167,0.377356978378137
"351",-0.405832212546341,1.72689639471474,0.599444853914212
"352",0.95022682726252,-1.03363134487609,0.461517235714377
"353",0.769900108551751,0.0964105595667419,0.387205348771766
"354",0.933679521006758,-0.969913104010876,0.427562164352006
"355",0.792315867150932,0.655547233465508,1.18229226308497
"356",1.32999406185637,-1.36597242886775,1.5389144495857
"357",-0.14040827611851,1.3411062939275,0.113178219796738
"358",1.08429108766245,0.198469034320727,1.55357544219877
"359",-0.351421884730798,1.78791194927233,1.8803285992266
"360",0.688669517975217,0.428765593133593,0.428170187043469
"361",0.958801336747237,-2.19092776607591,0.276858815287066
"362",1.2535581456625,-0.161596539160972,1.80771184679145
"363",0.573665383383952,0.437439859080104,0.0244228570639623
"364",0.822305372822227,0.103023147810556,0.570043260865089
"365",1.06553980453732,-0.0327762309544781,1.28125980936027
"366",1.1640335765953,-1.35798740824186,1.03601520905013
"367",0.631018812378328,1.07354192000242,2.12677004875799
"368",1.08714745460295,0.178284441721701,1.54215744033401
"369",0.655049657686367,0.775978459091145,0.928554682042614
"370",0.661970956714944,0.0904448610533144,0.0172438197407674
"371",1.20922795706999,-1.12903364962045,1.23276625117577
"372",1.02879483357923,-0.43376460709813,0.920381999661063
"373",0.781598110086012,0.378998922061557,0.699725429191759
"374",-0.436618463447371,1.90593170700098,1.57556812819412
"375",0.505701381090064,0.699602849568794,0.164468950920599
"376",0.827510620230077,0.0493203876424345,0.546185626192987
"377",1.31102270649729,-1.00445680723983,1.58404899206981
"378",1.27066714776696,-0.346244902033235,1.74386742239333
"379",0.870624472882135,-1.07411521249575,0.205872700909185
"380",1.43147289857651,-1.80485321687572,1.74748763107109
"381",0.818721177550587,0.297623369377054,0.738112580927676
"382",0.889034163841735,0.717949405429768,1.70485258599181
"383",0.824559062480024,-0.966300427012952,0.090766972436982
"384",0.99219041053776,-0.771456090504277,0.670002496996214
"385",0.417211319795615,0.779554934811452,-0.0194500408860776
"386",0.575765574172646,0.584039953958721,0.230461788622473
"387",0.863177358362222,0.399355458633911,1.0163383876282
"388",0.815700374191044,-0.265176728549948,0.315080918879156
"389",-0.666928656235404,2.57059450607373,1.15664377065094
"390",-0.117911443948599,1.40742626566577,0.907743720441599
"391",1.08493357372428,0.283058612687757,1.65231579560383
"392",-0.282504272739358,1.59782711262863,1.06045549347384
"393",0.782947360352784,-0.358342073986495,0.16521194478318
"394",1.4600320280783,-0.947174456138379,2.06484054820286
"395",0.965918492289872,0.467460440251503,1.48479577296305
"396",1.27591921369697,-0.88274966139117,1.51651243317076
"397",-0.39115420707204,1.90080105242102,2.30659409611846
"398",0.580655228628298,0.670064233336153,0.397957875226047
"399",0.832877806647403,-0.321668716307574,0.343195348073775
"400",0.23762626931959,1.18743380730972,1.01423289276912
"401",1.45550257473516,-0.750152938946628,2.12871593128145
"402",1.44162227746532,-1.5506952130758,1.83260318400197
"403",0.649137598898027,0.0737500053811316,-0.0378044561917187
"404",0.666780272970468,0.816629182127164,1.08994930929362
"405",-0.278442921797525,1.53655681465123,0.578672539947824
"406",-0.143500608474877,1.52146824760301,1.81206123199965
"407",0.847088941397986,0.0339040981995627,0.600601033241566
"408",-0.623481702833207,2.24305970174282,0.172455918325492
"409",0.992289597272621,-1.11387996337662,0.570259066578461
"410",1.16605645808089,-0.0998130986931291,1.56441213545069
"411",-0.600468681205058,2.40849899974681,2.13448480392384
"412",0.9220707698696,-1.43481977007906,0.284582637229747
"413",0.0218389920689631,1.26872985802583,0.561345553618235
"414",1.28220229135219,-0.78938512663128,1.57047658131432
"415",0.507364366581792,0.776843972881353,0.337016215614246
"416",1.11084117554216,-2.2900446065582,0.714756577524402
"417",0.589155419608371,0.461097816691926,0.108819753427158
"418",0.254085840721895,1.11524208808717,0.524676760454099
"419",0.881329280633202,-0.339650918567364,0.491113763590211
"420",-0.706675778089621,2.65254870577948,0.0980012523793712
"421",1.11819075293477,-1.14720002093015,0.948294983195368
"422",1.12599640298284,-1.13278677565989,0.976106179315703
"423",0.445148957638852,0.82622163484885,0.206735968011377
"424",1.11122156979663,-1.98712800365355,0.758387823121413
"425",0.621269498436575,0.59982737791831,0.426986314895562
"426",1.08254553499744,-1.43919992133036,0.770466062394601
"427",0.861041613629856,-0.36179116624149,0.415262014773341
"428",0.417691060425839,1.00821990725762,0.724673575432282
"429",1.02444523861878,-1.73782619411375,0.538727884830135
"430",0.638451414689761,0.988222474699539,1.63880143794795
"431",0.970966074250263,-0.521631433123363,0.696744927615383
"432",1.04215501588867,-0.749046603386643,0.834148822905287
"433",1.19790383208256,-1.20097988497259,1.17839588455595
"434",0.857922787157913,-1.50182472374657,0.0777484399597866
"435",0.327735359181908,1.00738569241218,0.30494722508752
"436",1.07059691884131,-1.39560435559359,0.743510316667126
"437",1.2816242940435,-0.796526004349452,1.56593914279002
"438",0.789447601242385,-0.816371783025859,0.0225031745218501
"439",-0.581582865817536,2.09170561914401,0.184307528941621
"440",0.632517840771107,0.343915997683631,0.131935665881583
"441",0.926715891072806,-0.365281443990493,0.625151556602955
"442",1.27754291752417,-2.73431872071579,1.15236117062564
"443",0.846690601466983,-0.369427227207285,0.365540895773785
"444",0.833094444987305,-0.63347218430651,0.217225302733366
"445",0.603664601202129,0.730799214349868,0.613804516111525
"446",0.2078881121217,1.13278892253809,0.40312569422924
"447",0.435060997711896,0.92960863996619,0.479575591592175
"448",1.03785462452491,-0.683650883788248,0.844335217689908
"449",0.478894077780839,0.938035388221007,0.702641135318054
"450",0.957367680052821,0.243568605624968,1.16328774022356
"451",-0.535299408485054,2.15567545348603,1.71149488059102
"452",0.802023566777058,-0.30687067301492,0.250410305590667
"453",1.10275053631332,-0.186904071338712,1.29603999790509
"454",0.617186636221213,0.864039073626852,1.03311787339997
"455",0.432179982107076,0.875381816060754,0.289783048033004
"456",1.24713593026936,-1.42260374538763,1.27350994792004
"457",1.52156905790983,-0.0547074505541095,2.77992871707591
"458",1.2011471570083,0.0313612589189669,1.7878140174835
"459",0.82467775826591,0.350704584045939,0.818835822114429
"460",1.29862691278393,-0.374310046992593,1.81765808761535
"461",-0.629307449667295,2.4315721535603,1.3848009444153
"462",-0.738785718664723,2.87536160478635,0.069824689647025
"463",-0.559917311073085,2.03270360020298,0.2480910541948
"464",1.05127588832483,-0.277816653662024,1.07338992365796
"465",0.880924955247592,-0.809799998938532,0.309975260004464
"466",1.24201234263806,-0.594948914997094,1.52479767003471
"467",1.04487718701761,-0.178505405885528,1.11180373745076
"468",0.927789331114026,-0.972912403557773,0.408510255151443
"469",0.575217721652015,0.446929508599501,0.0412077022987414
"470",1.02535024714306,-2.26920325408992,0.464308986595494
"471",0.908283586952707,0.144174777819881,0.897336816545493
"472",1.23343005704354,-0.617727890660302,1.48756263473233
"473",1.25167930656437,-1.23976142781887,1.3326438706756
"474",0.95864228419009,-0.275135624668633,0.774175929507619
"475",1.02193809464887,0.0450442730329578,1.19716967954329
"476",0.811570950386713,-0.480058686027742,0.2059161277328
"477",0.859241477639973,0.523576037176318,1.18570996812939
"478",0.632259316942032,0.668333053643363,0.593414478126985
"479",0.846506798041909,-0.137937950343392,0.485104730393886
"480",-0.581179547647921,2.23426037418016,1.21654999419118
"481",0.924220874589301,0.543553439660715,1.46028178524728
"482",0.16078012582331,1.12084358365286,0.0790118814212416
"483",0.88929499117168,-0.386365409339118,0.494861526892078
"484",1.12149547955215,-1.53649393462688,0.868307459732868
"485",-0.514775837831658,2.01924959396418,1.05461352556035
"486",-0.805147041937153,3.5493942777534,0.0938440087491891
"487",1.00353845408076,-0.166327107760274,0.983889112935062
"488",1.14218238959143,-0.0206431649175404,1.54630461851193
"489",1.62271815431276,-1.78918082159663,2.32402221618946
"490",-0.448305661251203,1.73966679934332,0.113523761939242
"491",-0.236790388895626,1.4332509898934,0.117668870014833
"492",0.83056551546328,-0.547524936729038,0.240282583706189
"493",0.294733216957264,1.05819800814922,0.391829371531471
"494",-0.710053724083152,2.69318863237883,0.235922567972397
"495",-0.110500330723394,1.40057021848653,0.9031345518618
"496",1.07034819569996,0.187476504466365,1.49404101503903
"497",-0.570493600455356,2.25044340665504,1.62892112287283
"498",0.959471699714185,-1.59901356990863,0.367231714494165
"499",-0.355988740373141,1.57524321387601,0.062274193950829
"500",1.05905112430286,-2.18159854741639,0.575496378311707
"501",0.725195966231588,0.423916720637411,0.553446717185007
"502",0.953637679148612,0.021040871664337,0.948548890416655
"503",0.124329737347333,1.1738544473603,0.256773309952022
"504",0.566857747232221,0.537912740556139,0.128629084567392
"505",0.997968045943811,-0.776928363264944,0.686239808048577
"506",0.766764355216867,-0.0845793398008444,0.253714056835912
"507",1.22425727197775,-0.0829226706849451,1.76977010805991
"508",0.762263766444927,-0.309341175029941,0.120566529090695
"509",1.08363086212845,0.458613459826891,1.89742186881164
"510",0.43612369231564,0.849438821314404,0.231691294284802
"511",0.767896422453118,0.305817648380639,0.568732703036713
"512",0.648062325401367,0.0533439185529293,-0.0552439524464868
"513",-0.661610106544209,2.51894429623528,0.945988398027077
"514",0.756105282984295,0.0951950722662896,0.339538549105965
"515",1.32974686753528,-1.8323896284984,1.43746002918328
"516",1.01015720431309,-1.21678612336864,0.599769184940399
"517",-0.304652217601511,1.51706197958905,0.154692116884937
"518",0.73301522006395,-0.394320964492489,-0.0108399759491048
"519",0.960073341555734,-0.486928735220171,0.676788092334104
"520",0.147111323627499,1.23055352823031,0.941258312216462
"521",-0.429212655393123,1.79441055517364,0.788114445545742
"522",0.999105168479793,-0.716398421070455,0.710666603598488
"523",0.652617703515519,0.375461631215693,0.236792497526904
"524",0.977161323826071,-3.07235317779227,0.241125535517661
"525",0.964353386261205,-1.60278808307121,0.381284200236155
"526",1.09947006057817,-0.523803119072738,1.10452681243475
"527",0.7905328624346,0.167469191104808,0.515260589000497
"528",0.587413605087191,1.07281534868845,1.90745486484997
"529",0.582492014320261,0.608699359768308,0.295576155935022
"530",1.11379262060189,-2.05387709787929,0.756054188695823
"531",-0.126461207596412,1.46450187407281,1.39599593257498
"532",0.883332460250678,-0.577550034781439,0.39632294271607
"533",0.867322154562187,0.47446590850939,1.13732806937048
"534",0.38210046971586,1.0231340971874,0.630512702838828
"535",0.734005251738602,-0.108591778740912,0.131303393834126
"536",1.1276387412019,-1.85827242154776,0.827911347716571
"537",1.16810546493606,-0.768071665009101,1.22166624693157
"538",0.860687781837907,-0.962637568054201,0.203576650100468
"539",0.696541996601072,-0.187287148721724,-0.0343041511750026
"540",0.857884318705431,-0.114152780180212,0.536934968129048
"541",0.393823245855517,1.11089922451913,1.21137822060922
"542",1.1037506253569,-0.889201178328377,0.979121308618005
"543",1.00612348960211,-0.410718262085884,0.858656567274482
"544",0.851949044875915,-0.658585771154429,0.268015368239348
"545",0.903942147788624,-0.105644034989533,0.694317921623901
"546",1.2716443030258,-2.728764171585,1.13568316858903
"547",0.873315848667287,0.338113316337772,0.975794625844593
"548",0.969994242326846,-1.11255799535812,0.502062764576339
"549",1.00480188886336,-0.802708421815956,0.69903107720975
"550",1.39802233148383,-1.15555232883215,1.80458513893914
"551",0.735733612457774,0.665152276079676,0.985257117123374
"552",0.790308443140113,-0.0761142936523121,0.336867219786474
"553",1.15566682634134,-0.605897602330574,1.24688518920447
"554",1.3501956865495,-1.22571325089054,1.6377022210842
"555",0.724952579456447,0.317270686698371,0.430000379811824
"556",0.715219028193199,-0.147561722557855,0.0477619961592791
"557",0.756852494609584,0.723497024089164,1.19978610528861
"558",0.910153277062925,0.641643402657095,1.60292297626865
"559",0.782132780377687,-0.956053040820365,-0.0379720729680229
"560",-0.380859592268383,1.63160014964236,0.197757103053544
"561",0.442494808562959,1.06367980442086,1.13948418080728
"562",0.612052300441895,0.480632121227417,0.216794401184986
"563",0.867628845355654,-0.32491919433648,0.453961200507229
"564",1.12903253589939,-1.15229670622317,0.980213455012021
"565",0.93913656260156,-0.462303466687283,0.620630274034418
"566",0.715447073486611,0.654589641932896,0.885602855343328
"567",-0.596870728045636,2.31198662153021,1.40891555487152
"568",0.863803431715996,-0.318235738766767,0.444834571513153
"569",1.08908935961934,-1.3832765709151,0.802392609181403
"570",1.12437691399478,-0.593754061413354,1.15306621851456
"571",1.37739668471792,-1.5959384786523,1.6284717129965
"572",1.12612562629642,-0.00966654526362665,1.50159126862239
"573",0.830320696017806,-1.16772035762954,0.0602155133784764
"574",1.29913264069109,-0.927669905853501,1.57293588342207
"575",-0.706194950872893,2.66994113780408,0.245322440561258
"576",1.08376918037841,-0.874966155019624,0.921587896405139
"577",-0.670321417831359,2.54994866801018,0.855644377658686
"578",0.927532864951495,-0.722660334385141,0.483853411406181
"579",0.97614430960123,-1.52778787909678,0.430597592186923
"580",0.972100955046857,-0.594892194945735,0.670730222644651
"581",0.866817210734856,-0.703702526710532,0.299564937555565
"582",0.583728032175233,0.459369520348733,0.0870215825779494
"583",1.42596204683648,-1.93645728983364,1.70599171503446
"584",0.951295285749506,-1.22229378771177,0.418401196628369
"585",0.535342803784839,0.690417570777731,0.26190176831744
"586",1.35233809373519,-1.3743089970537,1.60476420974312
"587",-0.614906394978265,2.36912113629705,1.33623872367816
"588",-0.712136339114491,2.7792936845518,0.817492986580459
"589",1.04898899220581,-1.25284191403417,0.709951086735928
"590",0.973739263443487,-1.31327815834852,0.466635937958317
"591",0.604055185746277,0.410567423777085,0.10271674331863
"592",1.05818637192488,-2.02653757250292,0.594469867186465
"593",0.805218861237356,0.178729115245824,0.575425026882754
"594",-0.490260971139873,1.94528415856829,0.950403332599675
"595",0.802988339626719,0.197981792056403,0.585019729463397
"596",0.771085406423044,-0.448446034960452,0.089186880680455
"597",0.902078060638558,-1.80123900806793,0.161458795176548
"598",1.06665410177369,-0.0710100101905517,1.25645021149724
"599",-0.752337538067122,3.11225225210129,1.37344828615145
"600",0.927830618454228,-0.851238389959514,0.443647751669228
"601",0.996618600609736,0.156080376182224,1.21003963972343
"602",0.746871574770409,0.116103830787041,0.324273831092796
"603",0.877424378529089,0.321304183616729,0.970553480444921
"604",0.798953123584124,-0.497943934635346,0.158663513835698
"605",-0.0273891165618573,1.40892760494529,1.68592158419762
"606",0.990765532062897,-0.282675508206768,0.874346800227391
"607",0.473482898814108,1.1507576355177,1.96358126915619
"608",1.09273379262135,0.236298237072505,1.62438748875188
"609",0.812125991731443,-0.683386484646313,0.134325584737536
"610",0.759074274579603,-0.104744942195845,0.216324228795943
"611",0.630291716082627,0.432750090156953,0.222903847449514
"612",0.873065767450067,0.404230063156139,1.05815964977256
"613",0.532120323704481,0.575040961124238,0.0533671573040281
"614",-0.136223721417797,1.33756878390978,0.113118593609256
"615",0.411847519764682,0.970020527885295,0.530847734701038
"616",0.628529136318333,0.217437916500755,0.000681047318358843
"617",0.756277317826879,0.340050517261116,0.56489894165442
"618",0.658889298441283,0.320558269534681,0.20110815192422
"619",-0.291978222249358,1.68703968981941,1.75706598934743
"620",1.1836288656738,-0.323737476076222,1.47588536788435
"621",0.431395742098639,0.803483958016862,0.0934766369816368
"622",-0.267463572507937,1.60555777854462,1.3001487891044
"623",1.18265099713318,0.0187062862905774,1.71461235425519
"624",0.688423006811191,0.863645490346801,1.33079766762378
"625",0.942260009175197,-0.33214916877602,0.691516936637352
"626",1.03544665068385,-1.24697763923069,0.669956100645574
"627",0.606800754533662,0.636693363314274,0.436226612288451
"628",-0.749252132756307,2.96313287939014,0.0926046374168903
"629",-0.00579878195550098,1.26431628747578,0.334594538038269
"630",0.839865414688535,-0.000702492679442867,0.551492074206824
"631",-0.272451376816441,1.4895010079736,0.250304597214159
"632",0.838225920348312,-0.116944637124394,0.470372211157727
"633",0.722106982992413,0.874169747954314,1.51014369824214
"634",0.754938008360166,-0.444881592015602,0.0389521615108924
"635",0.792949816600696,-0.19759036886883,0.275844592944569
"636",1.13911039502621,-1.41622108746006,0.947067224039869
"637",0.858299093105592,-0.973703394849603,0.193262133025844
"638",1.10561969536538,-0.74549447001171,1.03428302860394
"639",1.09848116032991,-1.76414042105168,0.756472225191951
"640",1.08560952194875,-0.890252144289702,0.922401229688485
"641",0.823950214774054,-0.0139688544243891,0.489126535956415
"642",1.27431973372514,-0.097968922427094,1.92369388080835
"643",1.23482370474894,-2.09898564644045,1.10935804755272
"644",-0.74128140053496,2.93686595673361,0.424469949119542
"645",0.716016738218342,0.643125614678769,0.864923106184778
"646",0.907880885971249,-0.215028193240915,0.641916207776174
"647",0.873519152413966,-0.133193972071986,0.576875926682891
"648",0.831538875247145,-1.20083520412464,0.0566780813327954
"649",0.811611795299588,0.569743599235025,1.08848325710472
"650",0.188621360335035,1.1473357070693,0.404593978907792
"651",0.251836893982229,1.25151409201879,1.85518773920966
"652",-0.59401441601894,2.29040462113595,1.315522403772
"653",1.130187252048,-0.308099539544175,1.31198005990473
"654",0.826129793164195,0.212767832744541,0.678441955731433
"655",-0.0677874101003275,1.36924682743935,0.939313008095001
"656",0.505741868299959,0.951115059939203,0.872641059730696
"657",1.09910090518743,-1.7615340554311,0.758782668994894
"658",1.69656271363017,-1.89065089334378,2.52345847787792
"659",0.681846009779548,0.264423924484389,0.226998829836818
"660",0.797476879987088,-0.533687977736112,0.140365272154486
"661",0.915974517825458,-1.35356906031521,0.282236364810962
"662",0.787255350222896,0.691090589874616,1.24148544250362
"663",0.932023251077026,-1.50651303391781,0.301123332614914
"664",0.648210642558931,0.847340218902391,1.10827456581321
"665",1.10529304159234,-0.827481053546962,1.00436511721208
"666",1.21453118596583,-1.19048123675951,1.23212244786134
"667",0.0940157816894734,1.36494195940363,2.16441541394682
"668",1.05138200269975,-0.35940946359762,1.02965941687816
"669",0.889678391349832,-0.684919499071195,0.377768346292669
"670",0.58755305544266,0.611564730222908,0.319482417795397
"671",0.871189804523529,-0.760070604997338,0.294995974785041
"672",1.01839318914565,-1.09271854769936,0.655991049757971
"673",0.88348719810242,-0.301387351613772,0.516847101287734
"674",0.867480375082417,-0.669253711772887,0.313276851849699
"675",1.11465941441919,-0.361280672846793,1.23254641250382
"676",0.959105059144898,-1.85941453932442,0.323427938238274
"677",1.34916251819053,-0.745249919193879,1.7975819404871
"678",1.26834863051176,-1.73079259958516,1.27251056891636
"679",0.478211774998428,0.76660809481025,0.19633824764101
"680",0.658436184477561,0.531501528953923,0.457696950741004
"681",-0.324524300038911,1.52170127693776,-0.00909134021783445
"682",-0.480947973582836,1.81609006005063,0.168877767813535
"683",0.781729749357467,0.0370111639450746,0.383229403968394
"684",0.663891947354648,0.631385680990096,0.643869905754924
"685",1.03753779899704,-2.87121868906987,0.435178802951184
"686",1.22326219309677,-0.958938294656161,1.32735852572243
"687",0.979563768638121,0.21965320826025,1.2148692332251
"688",1.37612334826816,-1.31490191921115,1.69253903951233
"689",0.875620753662929,-0.188167357352999,0.551575469547137
"690",-0.571546328548028,2.17880961086995,1.03030414538584
"691",0.547294404162324,0.806745088086458,0.573856287609499
"692",-0.348928233463341,1.59092114537331,0.258435716256931
"693",-0.483393798894258,1.85443554827418,0.398037376703911
"694",0.669254239923596,0.74779965015198,0.913469359060812
"695",1.36092627339389,-2.48090864511252,1.42844662595849
"696",0.856640701325773,-1.94926743286007,0.0043499672763242
"697",0.578769892931641,0.386183898745098,-0.0144883948541359
"698",-0.751157314773543,3.08006120208281,1.09748878796507
"699",0.836409627843115,-0.87749156195733,0.151465841592112
"700",0.746065742178145,-0.0671545007844906,0.195645564682214
"701",-0.442727283444587,1.78003076549232,0.481341350098634
"702",0.697929424340598,0.258964642390981,0.277850240093054
"703",0.2257325746748,1.12805911127226,0.464032107487972
"704",0.650427547907978,0.348775450375419,0.200300002525688
"705",0.953305324834852,-1.24733589425314,0.418860196105523
"706",0.411219760901238,0.982204047753458,0.578588288242377
"707",0.920491184325315,0.120759963459259,0.918284737489127
"708",0.888188955844244,-0.906760153151284,0.304140740034451
"709",0.888512935746146,-0.459977206296415,0.45986650626207
"710",0.789173593808239,0.414766296665433,0.771459660584186
"711",1.00002541209931,-1.55334320494208,0.497977496032199
"712",1.23853152186472,-0.608152890333892,1.50790055445984
"713",-0.689557809869513,2.55093320600107,0.109660346487216
"714",0.82000149136523,0.0772312491615712,0.541996904802639
"715",1.12100215279463,-0.688359581519652,1.1040714420478
"716",0.775869640368409,-0.1219222172791,0.261773672347158
"717",1.17466002786123,-1.32728946027801,1.07560856220653
"718",-0.0966199044763936,1.31824049250121,0.22864942995001
"719",0.408579953233626,0.932677091549269,0.374769394389682
"720",0.443974049733813,0.914315394109607,0.464753184143579
"721",0.362291064531667,1.19318879404002,1.78686198341264
"722",0.804511024190125,-0.37597290199881,0.226856319963433
"723",0.991075147991254,0.0103632023061896,1.06575969701128
"724",0.876303334664847,0.264637100481376,0.904023199550778
"725",1.05999860833121,0.186432121800662,1.45740442348889
"726",1.21119959295331,-1.09755477501547,1.24779097225555
"727",0.933944419043728,-1.31864163652802,0.344217181762357
"728",1.12659816411185,0.285939842345903,1.8014167675151
"729",0.937375466108578,-0.277096489585947,0.704092219004525
"730",0.910249533735293,-0.283065069894198,0.612936272928415
"731",0.44590358010764,0.953431968431782,0.61662895348366
"732",0.815819252546005,-0.243004485665195,0.326710570285711
"733",1.12711777176639,-0.692550014969636,1.12167801244497
"734",0.884243683753873,0.65440412447697,1.53222296330891
"735",0.884021094238817,-0.835432909767149,0.311893360290375
"736",0.711050513508679,0.248002670599587,0.313226122222792
"737",0.669396110498451,0.101506821628922,0.0503276942672907
"738",0.487598541680963,0.931345089653961,0.71545661685242
"739",-0.503981860088888,1.96683706566034,0.862866910674479
"740",0.762400063953353,0.23646997952487,0.480483074028899
"741",0.798751617967469,-0.126595769961528,0.334487627591467
"742",0.865200473692557,0.460214250615683,1.10832560629237
"743",0.871197404857421,-2.17316761085872,0.0191027511791408
"744",0.826001334659466,-0.627289593816608,0.196982338861093
"745",0.503087605660272,0.847800740585488,0.505834333395052
"746",1.29581816012396,-0.0601431094648632,2.02534049381228
"747",0.860202662786893,-1.00986132861129,0.18978341840902
"748",1.36992508416578,-2.66817122870717,1.43122222814294
"749",1.07322478090381,0.596694116049191,2.12195213266988
"750",-0.466534630317814,1.9070636741513,1.07132718465896
"751",-0.218319440300494,1.42516661791018,0.211331069291494
"752",0.973230270909125,-0.792568173053945,0.60372369929193
"753",-0.492638428742459,1.85973091891734,0.286379341522265
"754",0.401251990007936,1.10073061441267,1.17650398254787
"755",-0.18818014360644,1.37213235153707,0.0130835221733636
"756",0.739010578186772,0.754079905676151,1.20681373449999
"757",0.789551318276221,-0.352563782618674,0.189070858764604
"758",0.520412733856004,0.765674645661376,0.363083695729773
"759",0.396801482215625,1.1852598023178,1.89525197805983
"760",0.882243777240377,0.271591330446182,0.932098050200746
"761",0.910631580550835,-1.95564160307064,0.164613629239201
"762",0.862000090081341,-0.442694381880106,0.382429572446286
"763",0.885434404073651,-0.118610067381572,0.62507868388213
"764",0.261100951592819,1.2552929923351,1.96412418376741
"765",1.14405739239638,-2.48122874761962,0.7891619869169
"766",0.278434470205556,1.11865102120807,0.673152251188917
"767",0.959752594192027,-1.74707665823752,0.342955006573594
"768",1.08656113872963,-0.521075430749742,1.06468643864176
"769",1.17369003257333,-0.808411168094351,1.22444731619211
"770",1.66274863771052,-1.66165583154303,2.47326053081882
"771",-0.480906863961158,1.86767379718065,0.533121435500307
"772",1.01830556665351,0.136051952782441,1.26509406195728
"773",-0.169584797927658,1.40096477860785,0.415046094992575
"774",0.761586984574498,0.864726072214699,1.64181079875351
"775",0.529985743268344,1.04104996919548,1.42489472868348
"776",0.764238005821717,0.0432444346360208,0.328848072244474
"777",0.616797774194847,0.557040848927208,0.341888192594266
"778",0.678996278703966,0.718646110746135,0.882424644931866
"779",1.06341251354708,-2.42610302119677,0.557835141076683
"780",0.974960648036685,-0.682678675226301,0.64683372143002
"781",-0.0961345983281275,1.4383878575966,1.40459784203353
"782",0.684253709033033,-0.127449568791529,-0.0433019385337936
"783",-0.502379983526555,1.96281468067071,0.862265866372684
"784",0.823058889069097,-0.108160964963759,0.425623691162943
"785",0.761353265539593,0.701608013482073,1.16508122418636
"786",1.30870343225537,-1.49442469696106,1.44361122193769
"787",-0.0849860888974153,1.44684485741861,1.59170457333505
"788",1.01452017328094,0.553696448642812,1.81413221946879
"789",1.02043563248384,-1.11722844427247,0.655907357500316
"790",0.7084625124363,0.124998974088524,0.20054648216129
"791",0.786427686253735,-0.460819363293561,0.133292329166814
"792",1.52299997234964,-1.66997565417307,2.05073535086003
"793",0.789984208163174,-0.209152836949005,0.260027290485982
"794",1.01357642930692,-0.756865914087282,0.741908480886653
"795",0.849423196879067,-0.588470056589313,0.28487756072175
"796",0.0701333245822276,1.1925856838534,0.104599998886707
"797",0.70495262100639,0.451501752295673,0.515946822251172
"798",0.961847285243081,-0.81504062994347,0.560933578412439
"799",0.902857491932508,-1.36568781249296,0.23987547063861
"800",0.51484711013074,0.896336637327178,0.708069499260447
"801",1.02297842057645,0.655798491057494,2.06737638019883
"802",1.00825033822189,-2.44392629937636,0.39303045897855
"803",1.22839201191966,-2.45955494296524,1.04045251980436
"804",0.757229414786936,-0.382788147609375,0.0718199710716112
"805",1.10626539673281,-0.359803267214697,1.20628917908904
"806",0.475967886044881,1.20816965354563,2.63360722126028
"807",1.42106072903809,-0.604676414890057,2.08664060628389
"808",1.18928384774238,-0.836601838682578,1.26308489361185
"809",0.120578301771095,1.22254616994888,0.689190018916294
"810",0.877201007956001,0.413508865966516,1.08547228640208
"811",0.832271757504564,0.62849900276971,1.27837315011194
"812",1.12273274811332,-1.70309578827406,0.840124957699908
"813",0.894693338232632,-2.07692844496203,0.100895725253782
"814",1.02394305452972,0.331653635929003,1.49906164233626
"815",1.10804809652524,-0.73039076260902,1.04745439804961
"816",0.929490502933573,0.446398482945885,1.3205042536769
"817",0.311854240793659,0.97234588858551,0.0905875849514253
"818",0.390779330098091,0.980447479467644,0.478662432005513
"819",1.13234756973188,-0.705669450212498,1.13305559323202
"820",0.668173206308738,0.370459066704357,0.286561525433876
"821",1.73780689606424,-1.51653403509491,2.73652717935725
"822",0.866125429087854,-0.086567577014349,0.581430937293113
"823",0.75144001721873,-0.183877315035378,0.147252820178998
"824",1.02158748710786,-1.54925262898207,0.563889868907262
"825",0.950827368998508,0.191400423072052,1.08727779184456
"826",1.22471372140225,-0.837574740724653,1.37317556966361
"827",-0.697348653409762,2.7276372071071,1.13530437545103
"828",0.56703206025116,0.619502942685765,0.255179157422175
"829",1.24962964626972,0.175179281628451,2.09604947472379
"830",0.787816363379507,0.92464378634349,1.99715523724206
"831",1.12853615735281,-0.802063734447113,1.08569824082608
"832",1.05220833663259,0.198503177986317,1.44319742551989
"833",0.913721098117398,-0.444929663773703,0.546961212920125
"834",0.556665211975232,0.524161067265437,0.0719074487664919
"835",0.243933307024169,1.26685214879347,2.00401785412371
"836",0.345783118079747,1.11654393572562,1.00571099807032
"837",0.942210059339655,-1.21299930780214,0.392734000183889
"838",0.87183012319776,-0.827616956257173,0.27621777179953
"839",0.950786101169483,-0.251797881387679,0.761347099390614
"840",1.16278437311056,-0.536570884562506,1.30002104350951
"841",0.819788556440495,0.258876736798452,0.701474963654582
"842",1.32641330342675,-0.376290058904439,1.90592130409744
"843",0.967935293611279,-0.367100102706902,0.757006298173993
"844",0.954478179832392,-1.35919852909686,0.398223968786205
"845",-0.643274512962902,2.43058748531042,0.909532546989863
"846",0.943753108445316,-2.50533445738597,0.196183604277309
"847",0.442049820644583,1.01926044676559,0.891672343121065
"848",0.926240739606691,-0.511398905988276,0.558677422228843
"849",0.896957295960159,-1.63350560651035,0.172822784981868
"850",0.592163189753166,0.73120778063908,0.569366138861261
"851",-0.362230558463089,1.7457031882858,1.34970064836316
"852",0.963967303579249,-0.980741702800482,0.518284595199544
"853",0.967216089800756,-1.52824485334869,0.403517455214112
"854",0.888988074668806,-0.626812708453214,0.396028648670045
"855",-0.692422242991853,2.55594894873941,0.0311054713270984
"856",1.13329643370534,-2.29626572673766,0.780407741280458
"857",-0.191732711752932,1.47520278124634,0.891989413232963
"858",0.725172213088518,0.0518602416428507,0.20344367024385
"859",-0.469966883413397,1.93323503928786,1.2193542612222
"860",-0.662917555094773,2.48885089397721,0.667362536677383
"861",0.77848568969522,-0.220663746521874,0.216493901921281
"862",0.784533181573259,-0.73253125715063,0.0320520286432389
"863",1.1936987288875,-1.97545243645709,1.0061790142188
"864",0.955351527078952,0.34888847625191,1.27885704801807
"865",0.709956197428152,0.596620112633397,0.755251959166515
"866",1.39257723135993,-0.737947477985839,1.93670973669831
"867",1.00628436005034,-0.0703840582520257,1.05669240391648
"868",0.885628126508466,-0.363799353587347,0.493523608379546
"869",0.907494261138125,-0.18052041156543,0.660371948814119
"870",1.08054050016513,-0.651264109933198,0.991144731435105
"871",-0.753267691512171,3.07921740947014,0.90112914967468
"872",1.2064115745881,-0.284718871772362,1.57269940906889
"873",1.03016267454561,-0.571512169330806,0.863984398468697
"874",0.989694247243863,-0.207508587241845,0.913490379878526
"875",0.673069310754737,0.18999872700048,0.131299613290132
"876",0.864276934460719,-0.24300742364855,0.484504484383004
"877",0.423990916396124,0.822470210087192,0.110109415015456
"878",1.10691783409744,-3.29096323108628,0.601053166825361
"879",0.896708574264857,-0.0437372472775121,0.711256087925326
"880",0.950886195775747,0.126568348092513,1.02680056391857
"881",0.585695710362352,0.423119576295307,0.0511571106418941
"882",1.22788797824229,-1.45059834160813,1.20871936737688
"883",1.08526708789792,-0.0234202382369524,1.35424473157527
"884",0.875748589468089,-0.653428987499869,0.344803532489897
"885",0.891145731949494,-0.98280158511533,0.292476355460493
"886",-0.454848887743003,1.97962445638622,1.88635715607437
"887",0.45332643062672,0.952418718861752,0.645569233361035
"888",0.776906669865709,0.551495752998023,0.927834392450294
"889",0.94640412320413,0.855944250623949,2.3826132629497
"890",0.861992700291809,0.0641373164916652,0.673647411280531
"891",0.771181951114873,-0.0250286138704576,0.305675967550029
"892",-0.0928351476758523,1.38506351359266,0.896333535191609
"893",0.751481128019196,0.0395212059462173,0.283321428339195
"894",1.19284383602236,-0.964105346205402,1.23151741248386
"895",1.26251852991742,-0.345148704605995,1.71822159153566
"896",0.844109503746657,0.866834196607317,1.9964957902245
"897",-0.699170903856718,2.64348557048515,0.367821641130872
"898",-0.0799930839852249,1.34956500045591,0.649795600954839
"899",0.795778134066069,-0.300778943433763,0.233079994085519
"900",0.981915680631101,-2.20349665534041,0.343838043995512
"901",1.0262983910347,0.108794643820279,1.26713051648943
"902",0.790950215554505,-0.325136880780784,0.206051600356559
"903",1.01231538616023,-1.9134519170681,0.474358563250085
"904",1.45178742371036,-1.42320779766089,1.89445788233623
"905",1.27706809516997,-0.447058047813994,1.70836815260289
"906",-0.258076284408683,1.66863134317227,2.00852132640686
"907",0.847535932058846,-0.184009821422419,0.461946890489202
"908",0.936240794687818,-1.12584064358686,0.395052710563474
"909",1.09357122665093,-1.23885893427154,0.849557512557773
"910",-0.547216850451524,2.05312544125339,0.648940563415427
"911",0.930793888340271,-0.559352749185012,0.553804572204148
"912",0.734560317250782,-0.359771488662788,0.00867668116754907
"913",-0.691010021974446,2.66460717111527,0.901217638050222
"914",0.958652844040924,-0.612877552935686,0.621267565752343
"915",0.912508205784994,-2.18180601834102,0.140643580333359
"916",-0.318282590563169,1.6435121152653,1.03990326148488
"917",1.12696500482704,-0.386032377721386,1.25908568657128
"918",0.771675733740985,-0.114270145867182,0.252377441280207
"919",1.04836222410054,0.0276707798443426,1.27166022892101
"920",1.02914247836311,-0.557199881933251,0.86668580151066
"921",0.559870623279099,0.536888403883984,0.101350728892141
"922",0.412822441969395,0.858289610051747,0.159015193132253
"923",1.16258107833042,-1.23918891521726,1.06043214455435
"924",0.970117343395826,-1.40763146192949,0.435803283394888
"925",0.820595954911133,0.525187815173329,1.04597345790257
"926",0.921404253986485,-0.285412775920081,0.647897764576655
"927",1.21879711251786,-0.637608936906618,1.43277123219323
"928",0.567873852580806,0.862404746693246,0.82089093534565
"929",0.833302191102245,-0.796935634108922,0.165138552477677
"930",0.00813297838866926,1.25826905998953,0.364589042179556
"931",0.867413347897359,0.508854190613562,1.19158119947991
"932",1.31202374833208,-1.0056924412522,1.58673990219463
"933",0.66642640982434,0.48957904940484,0.427074351722682
"934",0.878159600462647,-1.59084423373055,0.123363708168597
"935",1.13350141439255,0.264515805381062,1.79907595296933
"936",1.17459831679694,-1.57473179979364,1.02098191160669
"937",0.12819114070988,1.19245976350005,0.436419273900739
"938",1.33245974723285,-0.0424094408494782,2.16210955235395
"939",0.862483076099905,-2.29391605654988,-0.0207615416484998
"940",1.29623023712619,-0.483165751088426,1.7507666152032
"941",-0.155644834828179,1.36529517352525,0.210538484203451
"942",0.0396761458094186,1.20570491189789,0.0416098404892584
"943",1.0458456105871,0.131366098791067,1.3545039387596
"944",1.05104646954606,-0.708583449822378,0.876583998290115
"945",0.998051944239026,0.104629031578945,1.16754014218918
"946",0.858624334724397,-0.239643235733079,0.46787372527875
"947",-0.334990714046748,1.65022518787746,0.894492135340283
"948",0.44571765171264,0.893127151501748,0.402135088924431
"949",0.198923276333607,1.10669931983291,0.188522914191425
"950",0.921575311617921,0.316100068848324,1.11969841250097
"951",0.845628723207854,-0.666649960601586,0.245354795100365
"952",-0.59457457152399,2.24245785781527,0.928913024733795
"953",0.883977860939289,-0.0875517531571114,0.639893180591094
"954",0.827640409493848,-1.33498843141924,0.0170755139505293
"955",1.09017128289719,0.584854424519721,2.15992583981023
"956",0.691251518931355,1.00429049478263,1.96752842483838
"957",0.944887482640153,-2.52954721605878,0.196981548457992
"958",0.700445681103629,0.304472578149361,0.330821408993282
"959",-0.0184189133741697,1.40460429059986,1.7137652719188
"960",1.09657734299975,0.216577826959938,1.61558281222573
"961",1.00412072613868,-0.251261179579271,0.935181496416742
"962",1.07777002951644,-0.730768558242512,0.952345846902942
"963",0.466053917232069,0.850608816164161,0.359674389078884
"964",0.804641801725861,0.103325668440939,0.510373820292792
"965",0.649585814209569,0.397235862754393,0.250435577468691
"966",1.19287595954795,-0.929225410578393,1.2428454467029
"967",-0.51248037518878,1.97019958745758,0.729827981289446
"968",0.0599553548855536,1.27266204995838,0.855826349958247
"969",0.798679779821257,-0.459673733814792,0.17290519463961
"970",1.38088140921111,-1.47851993569598,1.66586164980014
"971",0.802642140497728,0.343942150219812,0.7330497973901
"972",0.896939407825503,0.099419584966018,0.820170858018907
"973",0.234413767808877,1.2015669245318,1.13924260135502
"974",0.671838107437205,0.0470883235075875,0.0206167379206401
"975",0.498435737962179,0.888262105588207,0.611065106401317
"976",1.17132854272509,-1.53159519377293,1.01995012668476
"977",1.19565335356213,-0.466487767975523,1.43815566558382
"978",1.05714106540253,-0.448046086336294,1.00436037348154
"979",0.878730577138323,-0.307072051495676,0.498611825693685
"980",1.04709464841928,-0.00633970998237869,1.24016102228651
"981",0.876235646078365,-0.757768751954902,0.311526380445684
"982",-0.0145893426683948,1.3331593938795,0.976549558646433
"983",0.863654996761465,-1.55242913995061,0.0861778576137126
"984",0.369742917477882,0.984854793234756,0.401583184526844
"985",-0.477626550269604,1.99078684754708,1.54956421026138
"986",1.10146113515077,-0.945235741894097,0.954364353206811
"987",1.10300999501067,-0.38062009101241,1.18487532558578
"988",1.23392087732355,-0.854097286519191,1.39597243168459
"989",0.56813841345302,0.652719351258229,0.317526489401974
"990",0.755387010254213,-0.166322023552111,0.169576387357209
"991",0.686077626882378,0.949055463525189,1.66198600473992
"992",0.773776081837156,0.0535915620104312,0.368375769117812
"993",0.696651911683067,0.08471930303614,0.130520921621554
"994",1.29577853643123,-0.432453868389699,1.77606471946906
"995",0.924966245548973,0.310642684114366,1.12520405606938
"996",1.07675949487657,0.6451658155062,2.24733277168164
"997",0.21127193627307,1.13492812923791,0.435853617388064
"998",0.674914950394538,0.152150872256361,0.107209147077691
"999",0.893545100474917,-1.12447199241218,0.264218149847583
"1000",1.14479902278189,-1.26804885208507,0.998907458230496
