"","x_pa","x_child","noisetmp"
"1",1.12748895480424,0.457353757362538,1.85998143039255
"2",0.336045689541967,-0.527862123501273,1.63145213599558
"3",0.703802110015146,-0.450221297945981,0.11481051645669
"4",-1.15323911160302,-0.862877859061952,0.240681115191055
"5",-0.513070206156911,-0.802293122009539,0.194139547135411
"6",-0.188509401085262,-0.745977190198788,0.390369847090945
"7",4.16783147832913,1.07906510912866,0.439734619756424
"8",0.835094532177859,-0.312656314847754,0.372300647855923
"9",-0.187113764393927,-0.758472645595512,0.0873757178758711
"10",-2.65998107991866,-0.925340401044062,1.65075259807791
"11",1.94155238136161,0.869802204828917,0.619660698497874
"12",-0.337948351381714,-0.752580226702811,0.883733285504266
"13",-2.23714092710814,-0.896389015664062,2.70721436395271
"14",-0.74163929007972,-0.82784781490542,0.204645374913508
"15",-1.18868048572927,-0.856435685520322,0.683567317566456
"16",-1.24759916933095,-0.870458179037348,0.200486096474822
"17",0.717790342880854,-0.340189477676829,1.07847218120856
"18",0.499813884407076,-0.441230095684218,1.66067381580549
"19",1.91256479207986,1.04016292385194,1.17195898291305
"20",0.0119457043011275,-0.706145770612458,0.36659453151185
"21",-0.640226006216754,-0.806162038033,0.567661894321232
"22",-0.838354039483367,-0.842655719006269,0.000117781524151027
"23",0.453002556916986,-0.554274663274605,0.520683226221036
"24",-0.0769473588249343,-0.738268822119258,0.0883558877271951
"25",0.0696914551178994,-0.705834686017159,0.109144906491629
"26",0.643016242815535,-0.466351250629642,0.358796441675062
"27",-0.845307756682169,-0.838730855514036,0.176247786841265
"28",-1.91852684955332,-0.908739445654747,0.136641884820163
"29",0.769378230431838,-0.403355141180643,0.0982669952286521
"30",-0.571483750457987,-0.816447468753919,-0.0297373668044956
"31",-0.597236026768123,-0.817030634477992,0.0451020348431335
"32",1.14681035283083,0.27397929669564,0.789832777665874
"33",-0.554584222044053,-0.803499933693825,0.316669909343914
"34",-0.822408380796983,-0.804626359572984,1.39262288874927
"35",1.56093752711011,0.714200484638667,0.682136088104357
"36",0.251890761341823,-0.619082581245915,0.726122754824589
"37",2.11878558773878,0.892845961955004,0.535027486386012
"38",-0.899553263023643,-0.821591839301902,1.06347808171684
"39",-0.383604018990866,-0.780491915594133,0.319200934985349
"40",-0.944683359345486,-0.846714807403433,0.214328219974342
"41",1.46886636880308,1.04078981544469,2.05597612458639
"42",0.587792081796888,-0.340780812369388,2.15468182981096
"43",0.477757187085901,-0.55458143776808,0.369488215630243
"44",-0.0604974614262499,-0.73143691036661,0.16529694845187
"45",-0.2715568523697,-0.771001461899718,0.120763783047443
"46",-1.12022399650093,-0.829729078681247,1.67352183728486
"47",-1.58428105359491,-0.879239760340902,0.968635449759613
"48",0.37875341306423,-0.479391265316725,2.04079097997292
"49",0.955540888747642,-0.167412011443046,0.393294542217688
"50",-1.6949100533437,-0.891756712397954,0.572501284148105
"51",-0.789432788849713,-0.815660109130086,0.836207165223105
"52",-1.40202474136161,-0.864093512701921,1.13237826866172
"53",-0.321487384787605,-0.777155480832126,0.160593203073201
"54",-1.29495477880334,-0.857128750266278,1.0708710718692
"55",0.351758961094394,-0.566569769256839,0.958695540440771
"56",1.19020645710421,0.2805305988693,0.469771920547305
"57",0.06085293462012,-0.688130965957093,0.490856365614467
"58",0.200080625087382,-0.61208909428131,1.1337016267621
"59",-0.800824629481146,-0.809010337584472,1.13239380024605
"60",-0.595779942183439,-0.793753443908343,0.794182694134272
"61",-0.00838065268476843,-0.667858170152448,1.24588804078219
"62",-0.232751542813252,-0.729552080369431,0.988429599728171
"63",-0.309928556137332,-0.775843597285064,0.149083011560512
"64",-0.591333339552588,-0.799337382161125,0.595159003337155
"65",-1.63353648529977,-0.89460087292448,0.155751315933773
"66",-1.14985964026671,-0.843227634279108,1.16563158797751
"67",-3.70685850983207,-0.960576950831639,0.657151421083692
"68",3.26513609000677,0.865859517940503,0.00875331603641957
"69",-1.65137022046023,-0.890712932282938,0.479145195419168
"70",-0.872834626166111,-0.835606698538919,0.399516144026586
"71",0.755299013855804,-0.408631410633747,0.151121508155019
"72",-0.576564473947634,-0.77898013848181,1.18613775710677
"73",1.68902629106839,1.01398591275606,1.41503217636319
"74",0.134786534201072,-0.644215232582707,0.933696851447904
"75",1.37072978951745,0.475494313318989,0.361321723245388
"76",0.0199629286720179,-0.69555914367519,0.541409913921302
"77",-0.0856177712761581,-0.725954578515397,0.394570940499497
"78",0.645092571515182,-0.407997992600789,0.961069385907716
"79",1.15995849355755,0.312301512690529,0.848301667080561
"80",2.25889660275552,1.0797844211832,0.985334755023823
"81",0.979078689920123,-0.126391221841223,0.436012626622609
"82",1.23450833834444,0.339322285180277,0.437384632909332
"83",-0.365342510683648,-0.754743163706752,0.949215002870106
"84",-2.62633415896426,-0.931934148152966,0.563876379402084
"85",0.814287716009107,-0.255514464472063,1.02111227490481
"86",0.599514587721746,-0.485345407352234,0.440431436691081
"87",-1.14613863950425,-0.852867597796959,0.691580483648705
"88",-2.0351601028853,-0.915305271205037,0.00336612710332829
"89",-1.70379211583031,-0.896053981688573,0.308216186752739
"90",-3.18564157170059,-0.946184158526671,1.09723172220474
"91",0.567764683418633,-0.497621175432473,0.507587301321232
"92",-0.0632124530639079,-0.735910002128223,0.0810018426336987
"93",-0.367424290309833,-0.739815485394081,1.36707018849815
"94",1.08374653647103,0.226407402929082,1.27497506428458
"95",0.733367617864494,-0.378340016736328,0.593323971455456
"96",-0.601136691294106,-0.805277911386941,0.441739955136608
"97",0.144610220538646,-0.636660720636486,1.01620667351364
"98",-0.237721476842021,-0.733523973739618,0.91371882885034
"99",0.0216033984125645,-0.68085585348343,0.827307229590575
"100",-1.52940277856485,-0.874466931490752,1.04471802433465
"101",0.236625382677083,-0.575577730807397,1.52564989456351
"102",0.29600248797828,-0.641264117673137,0.141276567921785
"103",-0.397029492522294,-0.761888043973444,0.894108166249497
"104",-1.10864110730642,-0.857494960456726,0.333791900083978
"105",0.0314651092272366,-0.713958926204261,0.122007895787723
"106",0.980870703930029,0.0271999547953232,1.40197643993454
"107",0.0262151288964598,-0.620325892517303,2.0085743858707
"108",0.529925628095174,-0.46958843436641,1.0941553304972
"109",-0.581625905048101,-0.775146516821542,1.33190069900209
"110",3.66759813485981,0.910170342029404,0.0572567617736361
"111",2.15687153771437,1.12454934165453,1.19128866050637
"112",1.51105346187388,0.501548269235609,0.0673907407128343
"113",-1.43677123883881,-0.852485737749774,1.95006818626524
"114",-2.96139424472379,-0.940713576225398,0.863470904837498
"115",-1.06873185066296,-0.846422858121728,0.690299001382602
"116",-0.837029143015477,-0.798751544271194,1.68416836234983
"117",0.875583088852242,-0.092123755946307,1.73421705132649
"118",-0.0393027676920934,-0.684627106893953,1.05918398387057
"119",-0.0166890144970615,-0.716907673506857,0.277643231095246
"120",0.165401380551222,-0.632770191895912,0.971024018649609
"121",-0.0290410263974362,-0.730326682478422,0.0533519315226469
"122",-0.452933482308203,-0.799598073440144,0.0464049085611224
"123",-0.186381516055738,-0.684592606812032,1.8391789723232
"124",-0.478028049175293,-0.778893821100173,0.757037952579449
"125",0.566101520734646,-0.532527004427488,0.112763723611396
"126",0.0757907468259052,-0.627722971272412,1.57003043499918
"127",0.898263913971149,-0.260101089637061,0.255232286719323
"128",-0.692075043345048,-0.826620606165403,0.0674726193382319
"129",-0.573247914423475,-0.808346284154963,0.234939907429852
"130",2.59164205745335,1.02097323704839,0.638424594402434
"131",-1.03667587990375,-0.833871479519076,1.12113935538051
"132",-0.386066272542945,-0.770836531173622,0.597075640547101
"133",2.1121249616571,0.811817878052917,0.299414220410708
"134",-1.43229331363723,-0.877959479251723,0.458761790516628
"135",-1.16881441249745,-0.860397999494356,0.416141958187387
"136",1.313797534158,0.488316208473342,0.632613869902035
"137",1.19794361893694,0.337098503323647,0.661001626754834
"138",-0.820273580656108,-0.83456954498297,0.244795082010368
"139",-0.309838782033819,-0.763206444941334,0.479523856662214
"140",-0.204506060302424,-0.702553197168554,1.50623083176345
"141",1.16461492228136,0.270809459068479,0.620796616710962
"142",-2.25991657719457,-0.922432076705541,0.157628636007036
"143",-0.413848520203237,-0.785518932744482,0.299715344852353
"144",1.76472393590743,0.684728070191272,0.245645561593049
"145",1.24879840454508,0.314467423606735,0.256364331586065
"146",-1.23009485612791,-0.858846582216587,0.723862226739194
"147",2.1027380629061,1.07199083394697,1.07998820609944
"148",0.191531625753449,-0.642035048643811,0.669231022011717
"149",-1.28616689075081,-0.863333171881888,0.710475053390399
"150",0.227589196762994,-0.63355939553745,0.62061649533873
"151",0.167816198844681,-0.614695170478428,1.2746952551796
"152",1.17047869572741,0.402738786990184,1.16515593144323
"153",-0.690559733221683,-0.80139271001343,0.937203081046282
"154",1.02944488160495,-0.0372561052646366,0.467341707125053
"155",0.393489095796554,-0.559920616557107,0.801638272081028
"156",-1.7274337988002,-0.887507393812584,0.997762091576381
"157",-4.32467575278332,-0.972535127734595,0.710615346601941
"158",0.135231170674643,-0.679097267138007,0.301136187113314
"159",1.79275997534885,0.687611668352877,0.219735643073094
"160",-2.16119072824716,-0.913300771814158,0.670417148518168
"161",1.00481281340983,-0.12397281659923,0.199453653047721
"162",0.50700652081249,-0.473666519109515,1.20380618551077
"163",-0.435679846489114,-0.788254287393418,0.308517021849891
"164",0.428718732463223,-0.559504471990732,0.595772852779681
"165",1.76324376856478,0.840496380359577,0.74077604942927
"166",1.11370805006017,0.0739719428468507,0.149039185085976
"167",-0.967253716688532,-0.839976546555219,0.579612877101677
"168",2.24449241054766,1.18188833288037,1.29335725216598
"169",1.0986038005943,0.000767333789033738,-0.0650621783137118
"170",-0.271247612132413,-0.757961456023124,0.450779000305141
"171",-0.622364816544616,-0.787032138950288,1.12858180351141
"172",0.539236256810325,-0.460256946186351,1.14130860273097
"173",0.25646461450114,-0.5262945182487,2.19757240351795
"174",0.260121569979565,-0.517907935671924,2.3070126421392
"175",-0.758941583176535,-0.811701968187711,0.856514192981553
"176",0.0640827676726588,-0.66985725031517,0.827083898244173
"177",2.73576298090037,1.26014497812427,1.25133625875263
"178",-2.67476806099393,-0.929584771847077,1.12808539537562
"179",-0.298498433261601,-0.730515948653594,1.27984554043869
"180",-0.409645709044538,-0.751443276140452,1.24555659712689
"181",-0.532040966535922,-0.787544917035672,0.723330539583972
"182",3.00407503382399,1.09487970383721,0.700019657684288
"183",-0.657541600492912,-0.810810924510502,0.479719656768653
"184",-0.534960114625498,-0.797760493069515,0.418858536768882
"185",1.23781705882969,0.387176996408605,0.616110725901927
"186",-0.758224230463887,-0.808227957170287,0.979990993111363
"187",-1.68703539121182,-0.894140341976218,0.379024424922333
"188",-0.364654167678143,-0.773873205435314,0.423811886233777
"189",0.597386244659843,-0.453796272456522,0.807604072485289
"190",-0.0473549787505869,-0.7267528166878,0.207857839184318
"191",-0.859416269006226,-0.841167316152188,0.13215486620032
"192",-0.308052110972993,-0.775544415765122,0.149435085836696
"193",-1.66238927077205,-0.886401474054168,0.81137451063368
"194",0.552181839495108,-0.52992079137646,0.227337605626043
"195",-0.55964138565804,-0.806704468340635,0.235156928218776
"196",0.536236964206467,-0.464355475121635,1.11321103006089
"197",-1.75986912916184,-0.887233006976896,1.15265243314917
"198",-0.186881760089939,-0.758873865239138,0.0768955719505089
"199",-0.219703241482769,-0.759934144731172,0.185757727373869
"200",-1.02222619383449,-0.851116411578792,0.307157515011287
"201",0.289037755411939,-0.634913989387942,0.275822717287681
"202",-0.369859108761952,-0.78164918357387,0.23221608981708
"203",1.3467160531866,0.370936516645079,0.0552563227513996
"204",-0.105570253671236,-0.700842904020168,1.04285887631919
"205",0.852011140537584,-0.227473880960949,0.91182006590684
"206",-0.0749406275407835,-0.733247086290263,0.188749686282923
"207",0.0492238951212115,-0.695995329358703,0.393731017076569
"208",0.71463755159701,-0.426780974622658,0.268200921201472
"209",0.342750524413701,-0.625026327915411,0.147481397622344
"210",1.20732085191419,0.277332092031037,0.341326178253086
"211",-0.995198569396658,-0.817531145797027,1.65082319194859
"212",0.953179769420079,-0.226824349115381,0.0159246865499748
"213",-1.54666448668718,-0.891986079872392,0.0233033267398474
"214",-1.41256340565095,-0.883077744298419,0.0949649449964644
"215",-2.47609815415615,-0.931309894325066,0.00567465340257562
"216",-1.04808058507122,-0.835629566960512,1.09082319875077
"217",-0.835246663502001,-0.8089117002323,1.28556202824991
"218",-0.27176797866769,-0.743661118847709,0.816413759819494
"219",-0.875567963753995,-0.828752110372918,0.680585706614896
"220",-1.00978841644272,-0.853306836192693,0.167211326271058
"221",0.923243281696023,-0.11824375966821,1.04758090541462
"222",-0.879443397531066,-0.832214922232512,0.558710122005341
"223",-0.136528400693859,-0.698870702918352,1.24317983520645
"224",0.503736683175231,-0.566549479656932,0.0673051985701043
"225",0.0186104867816344,-0.70088288335164,0.441252118332477
"226",-0.42510071522901,-0.70395695142876,2.67570492237152
"227",2.26712777685573,0.912963866055786,0.493779532263073
"228",0.331987496202566,-0.571685137988174,1.00237363336318
"229",0.145311451667905,-0.659775629654693,0.59858839408446
"230",1.85621588771815,0.939627299958247,0.929078238791185
"231",-2.42955443922438,-0.919200533703983,1.2447984415724
"232",-0.021833489622742,-0.611575090534571,2.48501254943049
"233",0.812874288553553,-0.305043982017642,0.616853719016936
"234",-1.27746758581034,-0.848573306678698,1.44430365855475
"235",-0.917822205057469,-0.835538699571892,0.573214530960073
"236",-1.60476456323386,-0.894878649723839,0.0377662503506621
"237",2.02946500793335,1.35168664710163,1.98654381440562
"238",-0.754313962455286,-0.807980308005189,0.972514629011102
"239",1.87480815976465,0.75636364332521,0.340595396562067
"240",-0.0995508758246065,-0.682442037359755,1.42015815187243
"241",-0.196405256404261,-0.724252328115762,0.94472229710335
"242",0.103760441825738,-0.668280923462471,0.654740969045009
"243",0.349123123545685,-0.625918000986223,0.101231895854821
"244",-0.709774703342706,-0.798102929495461,1.13458627879485
"245",-1.7430778748746,-0.895981841783754,0.458268599936093
"246",-1.45819884917402,-0.885517309857805,0.111258775219075
"247",-1.07203090756505,-0.860732755007772,0.0559885723476982
"248",-0.260735204456875,-0.749324306937838,0.623704576328383
"249",0.574135974338146,-0.444631662723798,1.07631395589608
"250",1.68391636215719,0.980542646540218,1.31629550710013
"251",0.327658996520876,-0.620529315485948,0.293925347377248
"252",0.236113125550977,-0.657716167213879,0.177891881737409
"253",-2.02584159741014,-0.91399154362181,0.0843965186907288
"254",0.0362481910241659,-0.671760367460248,0.933186101913729
"255",-1.17391148201043,-0.868564003206945,0.0391215640466382
"256",-2.35237994649474,-0.917575816331539,1.06473725101324
"257",0.896467511802586,-0.255320503135983,0.305913523216576
"258",-0.184404884188945,-0.695095954766986,1.57926017323223
"259",1.1854973323087,0.597022980565378,1.89343267759263
"260",0.299960596491859,-0.586976817916254,0.960503046722306
"261",1.47702981214329,0.669100891858996,0.730906825618961
"262",0.217593719200523,-0.594805674946433,1.32278222462037
"263",-0.939252899626461,-0.81742309205556,1.40423347462471
"264",-0.642082930614473,-0.797868318535703,0.853010995838017
"265",-0.373298670951498,-0.765214745476009,0.697577415873092
"266",-0.0984139211390978,-0.735637383633112,0.237950052632499
"267",2.29107840063593,0.987336664019712,0.695565290615923
"268",1.93017437451304,0.966511177270157,0.92679576601144
"269",0.862877273596562,-0.248280288997075,0.651098069557123
"270",-1.7528985295795,-0.897259312804778,0.403518792388588
"271",-1.48158828059289,-0.888263271377907,0.0288895811028271
"272",-2.33756067227324,-0.918332744320101,0.914331238270331
"273",-0.823487590161317,-0.818496977255568,0.868964666973929
"274",0.508258003838158,-0.528701054731984,0.511648283264618
"275",1.40292049325251,0.447219058262101,0.153487565951401
"276",-0.366082148496157,-0.777638677831487,0.326801364477409
"277",-0.734426329659897,-0.822132101916132,0.382729954467967
"278",0.968341147863767,-0.0344839623756536,1.14354756619099
"279",-0.291084203205636,-0.754254505440261,0.63136508590781
"280",0.0373152728895052,-0.674963510429799,0.864552676831558
"281",0.159988501621364,-0.643738297477446,0.807111924002461
"282",1.29548900335569,0.428666567304606,0.483336481688314
"283",-1.95552692801171,-0.911984340554245,0.00362002074933275
"284",-0.794279110071535,-0.809265483476422,1.09479375060024
"285",-1.5798185732115,-0.890736750402756,0.217272157991815
"286",-0.468782774770078,-0.793462838311084,0.287471345586398
"287",0.314714353738527,-0.63167737373194,0.192973464840435
"288",-0.838415984320293,-0.842858162041077,-0.00746023573860563
"289",0.0856449966336659,-0.647875688429325,1.13224893256557
"290",1.25059020425126,0.417926307906573,0.668768328618745
"291",-0.308130935110498,-0.766300002920869,0.391417444239849
"292",-1.29567149577761,-0.871021919643966,0.342617774799904
"293",-2.16744328172945,-0.888145640581393,3.11537296777927
"294",-1.06521951567429,-0.839750535114938,0.97701975225125
"295",-2.58603002519542,-0.928758643342818,0.804058515346879
"296",-0.105205087071977,-0.679831505374496,1.50822594212383
"297",-1.5508229641943,-0.888900441844825,0.230461895545472
"298",0.496876073588401,-0.553199069439231,0.274263279121524
"299",0.711216439569388,-0.444811543533803,0.117365591073284
"300",-0.489173219301008,-0.768812170998634,1.10698815913822
"301",-0.651632931016915,-0.809457345840512,0.50223922248085
"302",0.596241385846347,-0.525455190482809,0.0122337376828129
"303",-0.255918145180036,-0.762812019977238,0.263950166452103
"304",-1.31894064849767,-0.869882691808507,0.488188310505903
"305",0.615450281908956,-0.335781706000189,1.974487744382
"306",0.787711051392623,-0.381896250647612,0.154802039041169
"307",-0.665801113454377,-0.777397476342951,1.65106923917159
"308",0.0748970997859941,-0.663995112854882,0.883550593023892
"309",-0.844648725991201,-0.837449542261012,0.223416434927081
"310",-0.979910287529485,-0.842997420517033,0.500100382317244
"311",-0.538550739621406,-0.750249111637709,1.91009293772945
"312",-0.131698605183677,-0.707007349823889,1.03372568038829
"313",0.682957935291586,-0.34154578536488,1.34946939560627
"314",-1.58149408315108,-0.879271058449697,0.955350233903173
"315",1.34709324276229,0.698195350589297,1.28501715795036
"316",-0.997360712733587,-0.849882498629571,0.270521115520467
"317",1.07248122615815,0.138164787218755,0.953011427460685
"318",-1.46769656433288,-0.874953957525487,0.768659031249666
"319",-1.82998739966212,-0.892150771770019,1.08540234014881
"320",-0.0359151832047236,-0.665648428507294,1.44014259499396
"321",-1.07016252972167,-0.860947784790623,0.0398375207694368
"322",0.682858322013589,-0.352613735226871,1.23889930784922
"323",-0.570371420770387,-0.761264822650714,1.72198835028289
"324",-0.26592940236819,-0.693501668895383,2.05880618442294
"325",-0.81511508700046,-0.837397696497962,0.118786400939004
"326",-0.528859436062227,-0.798355294457048,0.376311891516639
"327",-0.797628677381965,-0.819740836962354,0.717165069992532
"328",-0.0402601619433231,-0.72288357596438,0.258303393057158
"329",0.936371341013795,-0.161690879338195,0.614204604141118
"330",-1.21565762956537,-0.868899173202617,0.166998708628576
"331",0.0439636625816953,-0.679149125224598,0.748660880975386
"332",-1.33761720833546,-0.879672534726048,0.0278216533100988
"333",-0.559490144236306,-0.770582233814658,1.37480730514773
"334",-0.086649995972174,-0.731004075171598,0.288628991343829
"335",-0.138482916890618,-0.683099424760791,1.61350334236371
"336",1.14756739593496,0.411111658080689,1.41906675545419
"337",4.20241447139579,1.62504577684933,1.8821422262603
"338",-3.29538106828495,-0.950897457383387,0.667547119291696
"339",0.488470250675584,-0.523599971231264,0.699613185494329
"340",1.03207365162564,0.149590874825531,1.52602744210852
"341",-1.95445337732528,-0.910492071101369,0.123063269138083
"342",-0.323203930262404,-0.777950075748733,0.146409698702424
"343",0.592372884421933,-0.495766017019959,0.369954215056976
"344",-0.332815466983564,-0.733985105134089,1.3560409271359
"345",-0.800214372421725,-0.801374997600317,1.41598465401135
"346",1.04667851583568,0.157893403352486,1.38707369363832
"347",-0.0529260242002883,-0.697658159363743,0.851690594356668
"348",0.189449224262842,-0.6264791944673,0.947602932011075
"349",-1.72913895918299,-0.896820946492438,0.34704389891938
"350",-0.38309720588247,-0.763479625149803,0.788180597143757
"351",-1.22723032619556,-0.846867900066861,1.31469641000694
"352",1.01598754048166,0.175904550883617,1.88978106048001
"353",0.0140692162731014,-0.658833363283442,1.3081820351644
"354",-0.00787038497119103,-0.668551132621443,1.22896574195415
"355",-2.08112743728284,-0.907972452445171,0.832979310861563
"356",-0.952240251937874,-0.841112039699179,0.474953122059788
"357",0.802503543536195,-0.37283354225199,0.123459501771297
"358",0.0679598203772875,-0.709175433515457,0.0528561416579519
"359",0.365251290392405,-0.618051406531715,0.131894881676166
"360",1.29796880266976,0.568458010981612,1.0179353188226
"361",1.66306212598514,0.681673954002987,0.382782396023382
"362",0.262122867662143,-0.580539103949394,1.28819762333478
"363",-0.532023712870485,-0.78112575253071,0.921855318295138
"364",0.670938492092541,-0.457388447767603,0.264544335013869
"365",1.92316821859014,0.931530044961302,0.827343385603571
"366",0.277639907285565,-0.615626031990569,0.63974174395138
"367",-1.74813039233884,-0.897548272518235,0.365168646136638
"368",2.33538166365899,0.892472269685872,0.39483482427493
"369",-0.320139461410842,-0.761641336687049,0.564584269300004
"370",0.694614285064462,-0.390217444052238,0.771577087405694
"371",-1.6608103333506,-0.8821816101886,1.08952139284199
"372",-2.26952211888388,-0.905338831538822,1.96685011924822
"373",0.807051209801735,-0.175824051774779,1.76164474955933
"374",0.0106428179241163,-0.65919251755296,1.31958560628089
"375",0.026141174639562,-0.713250574651417,0.159806493337164
"376",1.38616573070122,0.42114864844903,0.110036730482709
"377",0.332806562169148,-0.618721112254232,0.293691339446804
"378",2.7301180599521,1.10413062601902,0.816652763727699
"379",1.23148996009755,0.968088217854264,3.06946484241403
"380",1.15192376107291,0.122254594771074,0.0444325034102617
"381",-0.870746791604452,-0.841109491234575,0.175013584476988
"382",-0.932131846642399,-0.803915225825974,1.92782759090319
"383",0.702805971771124,-0.385100463565258,0.760066060803656
"384",-0.985958949878324,-0.831288758300546,1.02220887486385
"385",1.88165300790586,1.18171070515211,1.64544630454873
"386",0.0806732927073696,-0.652364714287866,1.07419392505444
"387",-0.418808034136943,-0.786098216559356,0.303052144090508
"388",-1.9376936529156,-0.89889178097486,1.00974314979886
"389",0.575780183755726,-0.482395806809845,0.63068381736555
"390",1.66517724913612,0.591051624540322,0.0846582818075284
"391",0.835751632782873,-0.336083466497806,0.176446796777478
"392",-1.29234574486854,-0.854455734082641,1.200540707331
"393",1.02097801282052,-0.0762603941664473,0.325855144956493
"394",-0.313751188197834,-0.760496850871328,0.567262717177707
"395",-2.33414081433427,-0.920113654532944,0.705216037439423
"396",-1.27725524173287,-0.869980165460986,0.33067722819079
"397",-1.2246174592481,-0.873017529392376,-0.00814204786580221
"398",0.0292122415747344,-0.690392834980305,0.599753120790946
"399",-0.348863032025802,-0.786593841434366,0.0156601107300085
"400",-1.24115689176242,-0.856934407331852,0.863865178761897
"401",-1.62206262686721,-0.859843727866346,2.39710248187121
"402",-2.12853137446099,-0.913138903342988,0.552685266102355
"403",-0.024595172841547,-0.683288187245469,1.01202901886421
"404",-1.43056817177038,-0.882001108524986,0.219396664484114
"405",0.310925421081514,-0.560786851718876,1.29666309572314
"406",0.68178462252087,-0.463848076041764,0.126544227127761
"407",0.42801869375635,-0.606048453376712,-0.0311030183691327
"408",0.427775464763455,-0.588084939950989,0.213800710254632
"409",-0.275022965948693,-0.766171100401313,0.257718697582605
"410",1.42895327671939,0.635837264999201,0.753159906067392
"411",2.37124677115834,0.830487633775392,0.196965956062124
"412",3.12353139807247,1.19023420968824,0.928699270686204
"413",0.876634221159223,-0.235912128908875,0.625046591916395
"414",1.53697692320079,0.999998786764866,1.70775859132521
"415",2.90790263209058,0.948603170449149,0.32376112352292
"416",-1.01132389404006,-0.846564621975259,0.465157501990258
"417",0.807280695977295,-0.257763102198155,1.06419991700203
"418",-1.34181145882195,-0.874143854813503,0.342272581891042
"419",-0.746398041519497,-0.814691494934678,0.697018010712735
"420",-1.85553531671411,-0.903989441671553,0.281941497289557
"421",-0.536607402690155,-0.799162161383823,0.381891888013184
"422",-0.0401381707264069,-0.631622798105519,2.17975066027444
"423",-1.34102530195461,-0.866881196930875,0.733561857489379
"424",1.49749927904607,0.874648491631669,1.38797407957263
"425",-0.703786060506831,-0.826442724643758,0.116095702851231
"426",0.950001625692345,-0.119409502358095,0.770217937840015
"427",0.289632146390383,-0.619946955447421,0.506492091264809
"428",0.299779440063617,-0.648400113906499,0.0118312295076162
"429",1.05711362240562,0.183501643493888,1.39558799089877
"430",-0.872398509402159,-0.825181341285173,0.808860838109045
"431",1.04725393429585,0.109614963853435,1.10725195283942
"432",-0.653341856890446,-0.778865795707174,1.54240611446335
"433",-1.44710575159417,-0.857612698608184,1.69988764229884
"434",-0.102675276522031,-0.676921262214361,1.55923614744791
"435",-2.39351512333346,-0.920826271864736,0.888284853263996
"436",0.726570775043921,-0.438478497282992,0.0735849547205123
"437",-0.32947043245542,-0.761211918499247,0.616133133443932
"438",0.410063606417181,-0.550463040975032,0.832430191260736
"439",0.984541310702187,0.0072411375620022,1.23250415862685
"440",1.22487968648072,0.424086112861609,0.849392865636104
"441",-0.460581290045405,-0.772976245353758,0.856534097460139
"442",-1.66834868779835,-0.885055841318197,0.926218860234052
"443",0.292097344833476,-0.578169017867492,1.14406084257715
"444",0.995251855604823,-0.0101512428904363,1.00278134577358
"445",-1.23730437483947,-0.852882850000884,1.0535805473124
"446",0.0445308868552688,-0.690743819217124,0.51873965683825
"447",-1.00347459022564,-0.836060433567457,0.889109666062444
"448",0.118765009509066,-0.644698551728328,1.01145885307551
"449",0.463218462804485,-0.560160938590187,0.382892977231582
"450",-1.18397786363683,-0.868409518477762,0.0811734225083317
"451",1.09118638140359,-0.00948499230096054,-0.0394494705215879
"452",0.269978888162581,-0.58285239793256,1.2036873744917
"453",-0.823967364725332,-0.824645407255127,0.63659410672951
"454",-0.755775707818228,-0.828207427600623,0.243774406420471
"455",0.761966415208357,-0.278967350598761,1.27717322983249
"456",-0.840212272142537,-0.817633294062661,0.971167062976898
"457",-1.20491606629935,-0.827573150834594,2.17501211773123
"458",-2.50331461321424,-0.930694694180043,0.190739940760286
"459",1.37264544803135,0.380344377548675,0.00284133936880858
"460",1.6586195723697,0.853278529251004,0.949192792210884
"461",-0.544248477286198,-0.743098337330364,2.16218921724862
"462",-2.01215818445865,-0.908567199214181,0.501761673488293
"463",0.483666109313212,-0.491948209595312,1.13401323350484
"464",1.10082492998682,0.34657199892528,1.65765905971573
"465",-1.95597928206142,-0.905223277283162,0.564091679927591
"466",0.93755514253691,-0.215921634926533,0.228158976679235
"467",1.51962090280018,0.562357722392297,0.257137457203061
"468",0.0643932464792045,-0.591533022297854,2.33295971746473
"469",-0.792245877705187,-0.834782413839322,0.134927659789712
"470",-2.0253907475843,-0.912313527550182,0.22845275561074
"471",0.498811290618496,-0.51773753459237,0.70793687035652
"472",-1.28175131935271,-0.860643887504942,0.833668192044307
"473",-1.13202920996984,-0.845343820541064,0.991716199461871
"474",0.341209298670832,-0.603531362605268,0.474397741022305
"475",0.210731327205327,-0.605810338935261,1.17843889996505
"476",1.40780636626447,0.711176585462001,1.0942820132415
"477",-1.67693501886049,-0.887968470479866,0.76259423017184
"478",0.0862727958279681,-0.672878628185642,0.656831520057972
"479",0.807359747107341,-0.326559674435933,0.479889977516256
"480",-0.758143484597151,-0.791063049762739,1.60433517644968
"481",-1.01862127094376,-0.844303031263223,0.591151121476577
"482",-0.630546398370855,-0.786186306643179,1.19290258103796
"483",0.51956676286476,-0.522238313765125,0.520927123636762
"484",-0.270640924111216,-0.700652910002994,1.9033028825503
"485",-0.839379980452399,-0.845052677183799,-0.0886482622182036
"486",0.435794701904694,-0.556698723484955,0.591353083877656
"487",-1.09676907259557,-0.860399693607264,0.157267745859889
"488",0.56153482346307,-0.475314961878034,0.808556437024759
"489",1.23652899804869,0.509968032970685,1.13156776511136
"490",-1.1645090961819,-0.850050203564439,0.898678534134659
"491",-0.384154975400453,-0.747511676413987,1.23529061242853
"492",0.859054688733534,-0.293583296533052,0.329109475470192
"493",0.231724410297372,-0.66590112396372,0.0644040722277441
"494",1.66917045910482,0.634577038789419,0.219959515139156
"495",0.150997232845467,-0.657664163523653,0.607183807366945
"496",0.287677606870744,-0.639879106538818,0.205173773351381
"497",-0.662772711116041,-0.80560008885055,0.677499192615529
"498",-0.459148987649507,-0.783285439804019,0.548064238568661
"499",-0.04962865869362,-0.688977671559737,1.01977710562337
"500",-0.0753846634160579,-0.673000234678911,1.49755282980052
"501",-1.12766611235037,-0.84592096822518,0.94686662461447
"502",0.492294725932543,-0.523450185354575,0.677341377176082
"503",-0.782835521827835,-0.825594463212775,0.441356441543309
"504",-1.39816193475924,-0.873166435624045,0.604659831636538
"505",0.247932677778696,-0.655952450993926,0.148350230611754
"506",1.1209759998137,0.208241731653622,0.731455986233847
"507",0.971554009255546,0.159783119350485,2.37350664545592
"508",-0.907068440717194,-0.789935099152925,2.37340198948632
"509",0.772599725537306,-0.397798205469415,0.124773256851761
"510",-1.16137279978255,-0.865278441675578,0.154330124051374
"511",-1.93208868790798,-0.900285917621726,0.872834894244459
"512",-0.00151989893471955,-0.713315634168087,0.282907852442216
"513",-0.811514846668702,-0.810762192273008,1.11228158351436
"514",-0.40067320978174,-0.793582727600262,0.0210662288129639
"515",1.69484182681933,0.968249027958586,1.25699706272414
"516",-0.494739492197973,-0.700930267902902,3.17546279804282
"517",-1.51976858711581,-0.864691477262812,1.604014232685
"518",2.54294770342108,1.10381490888133,0.894980250682827
"519",1.67314501162919,0.702238879939285,0.43331812521556
"520",1.66028531484606,1.15661712918681,1.93407030913974
"521",0.445119282917632,-0.584495232427703,0.165600774018726
"522",-2.12079125278738,-0.916208643685253,0.236315509984143
"523",0.142648141884583,-0.633308499031236,1.08713024319548
"524",-0.489776815336164,-0.76376292464597,1.26114470816637
"525",1.92574750696037,0.740160510783191,0.239178161502003
"526",-2.01681963486044,-0.908102433944792,0.56009959837619
"527",-0.320849514631498,-0.724726944636718,1.54217817309822
"528",0.660164425225223,-0.320085827274598,1.7598237052457
"529",-0.642089555734856,-0.803436313785097,0.666456783850603
"530",1.29288292020445,0.493628665422782,0.750143513437787
"531",1.31213569656985,0.517652122166742,0.753235069522398
"532",0.675549689641634,-0.30626839317426,1.76878140602142
"533",0.176578117528521,-0.644883062320825,0.699026100140331
"534",1.03134353150845,-0.0557459580511193,0.339448628645749
"535",-0.774268276742037,-0.825453338771418,0.413883411855657
"536",-2.49258563797242,-0.929340833672895,0.313381069258227
"537",-0.741531986501781,-0.807678937805851,0.929704100194523
"538",-2.39791695036682,-0.92755714558442,0.139177724562982
"539",0.509062076204617,-0.393115095992609,2.18888255719577
"540",-0.889348270844195,-0.835532508214959,0.464699602663702
"541",1.53872038569388,0.927993051506012,1.45834892472686
"542",1.43225916596037,0.705471252212451,0.991550000144819
"543",-1.67984531816052,-0.897171790107333,0.145676206338086
"544",-2.49459992614031,-0.926273168889938,0.699807382085111
"545",-1.00553907295113,-0.855389061165741,0.0622064207634765
"546",-1.6275371665466,-0.876958713667386,1.29709244691737
"547",0.216567975838806,-0.607181071042534,1.12156001151935
"548",-1.44426405050073,-0.871624254022487,0.871735358680424
"549",-0.423694261218093,-0.790004473697769,0.211042870611155
"550",1.38248031198306,0.779696978353982,1.4393767252362
"551",1.14141782552124,0.168551304568533,0.346453877187362
"552",0.490571913955543,-0.448317835376503,1.63987183016858
"553",-1.72317471496232,-0.889931891586679,0.809749725234886
"554",-0.471249691517575,-0.764749243163109,1.14655574101816
"555",-0.353263574791777,-0.774732438544168,0.353603775414673
"556",-0.907684610421213,-0.826092062597575,0.915902681502653
"557",0.410746236301371,-0.563048699190614,0.654446178535291
"558",0.389448638983067,-0.502523571675924,1.63654105563808
"559",-0.571599881023529,-0.779908292084059,1.13428926974898
"560",-2.50815661983078,-0.923245041634112,1.13848577728782
"561",-1.83501287589793,-0.883785044768395,1.74215293693512
"562",1.80652281420226,0.617605796633066,-0.0161267307109745
"563",1.0712794512993,0.187971919990191,1.23558953381984
"564",-0.156882766505218,-0.699562059733444,1.33127791126696
"565",0.248313881372192,-0.657084531920642,0.128063460565343
"566",-3.23486401785241,-0.944501292440087,1.84936554606573
"567",0.561438924771194,-0.472991633089773,0.836352480780271
"568",-1.802625579267,-0.898218286002484,0.520604470099723
"569",-1.53193348764355,-0.87821161930038,0.82388143777265
"570",1.93902786439904,0.931410782000156,0.810208990230272
"571",0.922054465782648,-0.213064076484989,0.387042269081585
"572",1.75772724103037,0.680404953970459,0.241004017415502
"573",0.477746486788967,-0.552247629467498,0.399534488419447
"574",0.475307832870294,-0.53310129555623,0.660682027421682
"575",1.63501498476528,0.728620150877837,0.584082980440562
"576",1.13617734546756,0.291578563199729,0.974604984998264
"577",2.17412451718998,0.93950411789167,0.632603319369967
"578",-1.04053286319374,-0.791490083368681,3.01311685564606
"579",-0.00874621977563576,-0.663180926844136,1.34375266460175
"580",-1.563962242105,-0.890352424483806,0.185669666011824
"581",0.968563133928259,0.103144956531893,2.04213494851265
"582",-0.809772693196935,-0.818293940679978,0.820607887292176
"583",2.31808818976006,0.919718249195018,0.483384975063682
"584",-0.810658286867458,-0.837406795347606,0.10250666116119
"585",-0.715260742067456,-0.803426120703761,0.97057802628127
"586",0.548250421158526,-0.53394896512111,0.203440719238803
"587",0.540892197406491,-0.400665319171164,1.8426490983851
"588",1.4459050208362,0.876967401822829,1.55664473995182
"589",2.4011823662612,1.56922574463449,2.30535597563007
"590",-1.45753997677201,-0.856213307870338,1.82947628979455
"591",1.18860901835412,0.347935058492502,0.775914347075857
"592",-1.17556765767331,-0.835927065695435,1.62836210456927
"593",2.42193501203266,0.891445499028426,0.347033186984496
"594",1.92141492531853,0.826254321192904,0.506929976084343
"595",-0.0919050704576463,-0.724383437402914,0.457318155550789
"596",-0.36868953865698,-0.768254101371564,0.594394289599191
"597",-0.163430474947194,-0.72920646310103,0.673689528982457
"598",0.818980511007602,-0.306642667895319,0.553190966140691
"599",-2.25339520688875,-0.920381492933177,0.342765413790414
"600",1.47754484927983,0.650195970959577,0.66353055081283
"601",0.54923650123386,-0.454596123615909,1.1378754723498
"602",0.745652491027664,-0.283979666025339,1.37393440139161
"603",-0.0676767615613256,-0.72887300015451,0.251672793057151
"604",1.86811024240406,0.755426070447636,0.344899367302334
"605",-0.681335539151073,-0.802121543741741,0.873177239344677
"606",1.07467066420958,0.100282420669438,0.723671232149937
"607",1.38146403736901,0.466463568410051,0.291615591959551
"608",0.0847568613099298,-0.684321135841203,0.448153374779252
"609",3.09241613347409,1.00046254861427,0.416297903952829
"610",0.803618341426252,-0.32683137517979,0.507538577356689
"611",2.55855748828519,0.839624794462142,0.138571441159644
"612",-0.000985229591204098,-0.688724645317713,0.781424478665653
"613",-0.662559925885773,-0.790701817383406,1.18325134883059
"614",-0.39840887306386,-0.764577917421318,0.824912901526511
"615",-0.899912455801163,-0.829138296448462,0.761765443802904
"616",1.77878616251617,0.890412102765758,0.876668562135126
"617",0.67551247970425,-0.469928348299826,0.106360376199909
"618",0.541337675800313,-0.505727707649056,0.582669794334461
"619",0.811460881077101,-0.340605622522212,0.328652494301397
"620",-0.0573190774850501,-0.689699814334213,1.04335318005201
"621",0.655307901408261,-0.224453262433295,2.79839989030046
"622",-0.29611334423297,-0.761563330293638,0.464113391639438
"623",-0.157421876957016,-0.71131070785412,1.06142824655568
"624",0.536242119347065,-0.497459285701269,0.714950755436639
"625",-0.964574009945823,-0.850793389369803,0.1148773518408
"626",1.4464404790662,0.444782122266476,0.023123773378963
"627",-0.452732779578554,-0.787710774090529,0.392475836058104
"628",0.887991679664721,-0.211487967064254,0.707525186146799
"629",1.16062639026973,0.299183669219015,0.782849977987178
"630",-1.02715825143989,-0.835467911807523,1.01140363673623
"631",-1.58842080511219,-0.891820371816626,0.178323320427998
"632",-1.11834907380089,-0.853715446006059,0.545530697250938
"633",0.527870627825478,-0.476196645435648,1.02821318509654
"634",0.277363175002666,-0.559116955611004,1.53443931269606
"635",1.11380971314228,0.173621330652229,0.638244580967559
"636",0.219424601823886,-0.659135035913868,0.236906817726689
"637",-1.2696889585731,-0.863236985819433,0.652192711620583
"638",-2.4523694007384,-0.923669775205405,0.824036866773569
"639",-1.78357224857903,-0.897271603806468,0.517911978068254
"640",0.121598120094401,-0.677048628785979,0.404436452633632
"641",1.27769647135709,0.467140922526423,0.721304210289448
"642",-0.0143561298862167,-0.665036153998588,1.33596775948194
"643",-0.583722336455641,-0.813965312969662,0.0944048420155994
"644",2.67149833736346,1.02230525109278,0.609615090037368
"645",-0.0103127398415381,-0.642828930302136,1.77015097118638
"646",0.183963072533219,-0.643182760653409,0.689491835265849
"647",1.91477821297812,0.773324132275867,0.351478239589993
"648",1.05762504973494,0.0350416893849276,0.56845201873701
"649",0.00212590099513558,-0.687343763023066,0.794077480837378
"650",-2.31341353736604,-0.924575224847063,0.138621552555308
"651",0.509463243001371,-0.430212455380968,1.72557621210849
"652",-0.439779071743468,-0.758050063084363,1.19759002542526
"653",-1.33233401329625,-0.876501838815051,0.180968617985583
"654",-0.183923645205564,-0.691468432369629,1.66270955880947
"655",-0.177325770365328,-0.754685175417855,0.136839385523193
"656",-0.946729142007489,-0.829588771338014,0.932434700849562
"657",-0.351487137882209,-0.77744198903999,0.273101582081987
"658",-1.56525054821061,-0.875002197981252,1.15964030580472
"659",-1.09217188453431,-0.864420618314015,-0.0432041106194326
"660",0.697528252679226,-0.418694385154449,0.468439307159871
"661",1.45403057521263,0.520749127642159,0.271920996186326
"662",-2.81485916735311,-0.934637218657237,1.10268899778657
"663",0.750604573622763,-0.338459210888921,0.829801554312987
"664",-0.353471872305315,-0.775551972229225,0.332271750482323
"665",2.09310852980533,0.944227631624906,0.707738990361634
"666",0.702869004885998,-0.441863125238548,0.203050305685048
"667",-0.738622817213956,-0.818658492087038,0.523412579042429
"668",1.22268652746238,0.248774030824731,0.127613071587937
"669",-1.19280140267953,-0.841269172052944,1.44400589292029
"670",2.35286029661776,1.03156880919471,0.787012552636019
"671",0.892505213016605,-0.257665575310878,0.322497175832186
"672",0.311339698632572,-0.623051275376109,0.342285593532335
"673",0.736355820187963,-0.393958646385057,0.424262518355938
"674",0.739201610058616,-0.412234488602003,0.23262087481965
"675",-0.574528929977446,-0.806626516055672,0.294702089936468
"676",2.22776303329033,1.10045680385286,1.06719753973541
"677",-1.26044548892492,-0.854603206268721,1.06067648001364
"678",1.06129519347093,0.0365430474702721,0.535060770221941
"679",-1.50091934613106,-0.886827644647643,0.181904004486186
"680",0.695880488744334,-0.359064759956308,1.07028469327464
"681",-0.167428764728932,-0.726817014158861,0.747936330702373
"682",1.8287998717263,0.953772225098589,1.00774457334535
"683",1.78596948180188,0.953240755571731,1.06453139886117
"684",-0.613994637867868,-0.805331099883596,0.490784516313786
"685",-0.197045389032278,-0.698938074553462,1.55418429391733
"686",-0.544947911866033,-0.77645340134618,1.12409642066301
"687",-0.670216709165456,-0.77407404860827,1.78573120731618
"688",-0.918445053201937,-0.843909349166247,0.234937103955613
"689",1.43483791710059,0.667866664809813,0.849207080737622
"690",0.0599687901093417,-0.66084567892235,1.02231707557581
"691",0.18922901794252,-0.584017173857506,1.67876038325574
"692",-0.498569189282858,-0.748762520725022,1.75476820192967
"693",-0.860496708626403,-0.846310093843014,-0.065051118366564
"694",-0.589172008314433,-0.791616346219703,0.835437782220699
"695",-0.450569205481154,-0.743896707645253,1.66004340376998
"696",0.306087854056822,-0.598936827451436,0.740727905456571
"697",2.31221103759605,0.843091028548574,0.264559434916445
"698",-0.227615867108986,-0.719192862483979,1.21841246144674
"699",-2.33471112183494,-0.925742650251928,0.0947907662897734
"700",1.85734851800212,0.878692022160111,0.738792336396104
"701",1.88252463500358,1.03127763122769,1.18032407592309
"702",1.97495307065412,1.03928574920514,1.10111796794964
"703",-0.604609959257582,-0.806458133938165,0.416930082503975
"704",0.583226925974184,-0.468796190436078,0.736019499242136
"705",-0.200007486027634,-0.744624349080241,0.47268117406387
"706",1.67163490281793,0.634176651599767,0.21483927012382
"707",-1.43255969407742,-0.879883436563824,0.348676694238045
"708",2.45282303703986,0.949376874413939,0.49792873668543
"709",-1.71376661599616,-0.863713918237388,2.60455764907811
"710",1.63500312631069,0.629327914745895,0.258173850749019
"711",0.95882421715611,-0.067155902893986,1.03011150255663
"712",-0.675669550072196,-0.793470820673247,1.14641494457753
"713",-0.636409666178258,-0.801308842824245,0.714382184879695
"714",-1.38465675812275,-0.874712723796899,0.467340226081527
"715",-0.981724075207891,-0.844063231311144,0.461647130948655
"716",0.128642543289547,-0.674379238283211,0.418645602605824
"717",-0.415395574588381,-0.755700986750438,1.15186427688162
"718",-0.470014747154242,-0.786525152459176,0.497351699736783
"719",-1.48705499622271,-0.874261455259846,0.886172450107907
"720",0.375939288012586,-0.491075047837379,1.89397495931005
"721",-0.0876825283073407,-0.717677144912852,0.585221184946449
"722",0.65349246148105,-0.471123259394941,0.238963512427662
"723",-1.50934368787379,-0.88863655393738,0.101548567472002
"724",0.343473358474642,-0.560197573510797,1.10329482037393
"725",-0.619764500729083,-0.801833767738735,0.629011094283111
"726",-0.462539708021972,-0.791102369989266,0.332348888424209
"727",1.28102333400984,0.383262359306074,0.372060683660892
"728",1.65334041033008,0.558320453460683,-0.00381444952531847
"729",-1.31565732545939,-0.871687686448644,0.379739848861039
"730",-0.609602403036035,-0.818346294968164,0.0473498048174227
"731",1.25729926179813,0.318568679751916,0.229173788809173
"732",-0.210143144660111,-0.704971803867686,1.47697807940955
"733",1.5283227905836,0.805422525500384,1.06753183309605
"734",1.09540878932781,0.332207247428094,1.65995821997706
"735",0.193613345763885,-0.584136870081607,1.64945721783152
"736",-0.325134004007756,-0.783072390027569,0.018390151395824
"737",0.683910049834056,-0.397577743275294,0.77851318759968
"738",-2.61650039822817,-0.92631191330106,1.28320750748211
"739",0.584017254229897,-0.432542728108095,1.14305303319146
"740",1.06558685031575,0.0844223174470425,0.746705323266096
"741",2.04141792394417,1.0392506151867,1.0362645708221
"742",1.28372249286604,0.39512035966127,0.406207022045468
"743",1.51611515895308,1.36429996442823,3.01578651880925
"744",-1.98045960691721,-0.906576261706045,0.547143070844113
"745",-0.962024184289714,-0.839420260011578,0.582907203220094
"746",-0.284823933477586,-0.668683734628947,2.80089076084556
"747",-0.639919451826756,-0.824286750111677,-0.0399724586300903
"748",-0.455958142695691,-0.777562687797128,0.702257896805227
"749",0.559497326573271,-0.420114725067293,1.46879921314041
"750",-0.601459860800263,-0.797653230705964,0.691140424484056
"751",-0.522059078948579,-0.764429437074845,1.39148835888008
"752",-0.0696617915582793,-0.737891410702186,0.0656891285481122
"753",1.58407471011304,0.595514349105887,0.237169806439663
"754",0.271016178102905,-0.619316596467162,0.617520954365264
"755",0.0848015706980533,-0.671363472319265,0.692868091762778
"756",-2.12707493258812,-0.913112760972728,0.549277593160056
"757",-0.177588865014213,-0.744511283152331,0.377875050690143
"758",0.434232519189478,-0.550850419706121,0.679478255297493
"759",-0.292618867044589,-0.75089929196427,0.72474995269583
"760",-0.99279898980847,-0.854922205987552,0.038167032079636
"761",2.87229187563438,1.41956201128248,1.64213644788928
"762",-0.221576416070459,-0.689829496519948,1.9060081477075
"763",-0.259176169974249,-0.741252376350571,0.819951910010758
"764",0.255167768943124,-0.632521014752422,0.49106580254568
"765",2.12456913278593,0.798845635885789,0.251995174671846
"766",1.18564517863484,0.240432405403487,0.326265724973021
"767",-1.59764544854795,-0.878170479537233,1.09211115484816
"768",-0.398144885513069,-0.693477350256203,2.8148912349207
"769",-0.154870459368551,-0.755581271752981,0.0237830049669386
"770",-0.200060780161929,-0.716965193648718,1.13710469140274
"771",-0.579947157704319,-0.795540552307913,0.670776347178108
"772",-3.12861727288336,-0.945000763225994,0.994965962459022
"773",-1.26826223966972,-0.867863849568247,0.40770226980568
"774",-0.511214890551369,-0.800145427095303,0.2524861099964
"775",-0.489598084630443,-0.803594698906441,0.0659071854961008
"776",-0.0434715700561752,-0.727338436231242,0.178481167420575
"777",0.523183520158422,-0.428065267646848,1.64818623876094
"778",0.635740423742055,-0.318610391397403,1.98588414431295
"779",0.272725929777803,-0.608114176758407,0.786059034298034
"780",-0.629056761580358,-0.811836749462825,0.334743419788144
"781",-0.0928448494483521,-0.728973595362471,0.360541901922011
"782",-2.2435508641963,-0.914746153719919,0.876999282898321
"783",-0.565370708255474,-0.788968878542834,0.819304165073287
"784",-1.00509565788318,-0.834056317238579,0.982234890758195
"785",0.564552857206478,-0.513985127887192,0.337905790566905
"786",0.779257333810725,-0.382981001739117,0.207663039229153
"787",0.274889759001057,-0.56579987109086,1.4443189213365
"788",-0.717344816734958,-0.806305054641268,0.87761655993756
"789",-0.397959321444701,-0.7608817495212,0.92642922725451
"790",0.962395168453679,0.285214345731649,3.32454202537389
"791",-1.35916128316114,-0.879568252553934,0.107250354423768
"792",2.85688854826694,0.858150198566367,0.0877713961034138
"793",1.41162387302644,0.614717918766645,0.732577744884735
"794",-1.06676727093689,-0.834441299875121,1.22257184877807
"795",0.178438155066832,-0.632799755673574,0.899024257762681
"796",-0.297718146636221,-0.755707846578876,0.622768086088722
"797",-1.26608500029373,-0.844486477856753,1.6057313505675
"798",-0.556746792977513,-0.793352335276211,0.644743984594388
"799",0.533502739807363,-0.487457239609956,0.85363264263735
"800",0.343544513111121,-0.599811008085224,0.516551700485625
"801",0.0759731517093526,-0.677426883378537,0.622067956873338
"802",0.0536212832264225,-0.651861884646651,1.23049707489278
"803",0.643932161103176,-0.449331803466052,0.532640057713567
"804",1.1671735993406,0.357783491836119,0.99177965725701
"805",-1.07085391326719,-0.816475977353837,2.05172961629419
"806",-0.374941438715481,-0.728834747954273,1.70574289468864
"807",0.313352692941857,-0.64053338350062,0.0649077869447249
"808",-0.183804926013278,-0.715170293282584,1.10027347222853
"809",0.999644230412178,-0.110307979523648,0.334432107962567
"810",1.47626761931341,0.650590166198022,0.66833285187018
"811",0.00819269215157634,-0.71487683052948,0.207494802076572
"812",0.589295474332692,-0.512713399692915,0.198182979112983
"813",-0.458761602539409,-0.790763585011668,0.327296506205524
"814",0.0884702176001461,-0.675425229663003,0.597813092216241
"815",-0.868256296492975,-0.790736600248383,2.14611973707619
"816",-0.666621300178914,-0.809657151568782,0.554787886729804
"817",1.10471899147135,0.0987836257971078,0.364507944867668
"818",0.221366090624981,-0.655668241132754,0.285118971130457
"819",-1.98530968314872,-0.90645648295689,0.576286677880464
"820",0.9712392515317,-0.166012201862449,0.254924040450766
"821",0.567547268307153,-0.480353920150036,0.709294928385091
"822",-2.23206563360562,-0.912564519626221,1.04725627196127
"823",0.522692765779923,-0.547050214451498,0.19823388294422
"824",0.743323858763697,-0.261077566888894,1.6069770501654
"825",-0.185802529815048,-0.708124397227151,1.2773378263529
"826",-2.112428270563,-0.916710287014385,0.158433957381713
"827",-0.67890025021295,-0.798688245325419,0.981102449066179
"828",-0.391911409671797,-0.778961121458578,0.395457195254007
"829",0.0655245734839306,-0.691800522265359,0.397781973411866
"830",-0.775306638541668,-0.827372982022091,0.34712705992991
"831",-0.0593726129490597,-0.719674600092527,0.412190041310377
"832",-1.94656002770666,-0.906558818394256,0.417693879560293
"833",1.67071001191896,1.18615179258213,2.00828500699603
"834",-1.43458416464985,-0.883726839802895,0.133820463972028
"835",0.437499733817225,-0.46143797557167,1.85968934351518
"836",-1.11507614765201,-0.857774184288572,0.344191955746559
"837",1.49498314685506,0.509442355304004,0.130809174842481
"838",2.18940303819603,0.923730008625363,0.575534557960958
"839",0.161109453519275,-0.684525019346373,0.0815121376381145
"840",2.13174398907734,0.98622036377663,0.801963009968903
"841",1.41483163653324,0.518342309536244,0.374709099581805
"842",-0.44670463583654,-0.759245544070354,1.19504137577773
"843",2.04669897786051,0.950080415420416,0.764092146709333
"844",-1.18452478084517,-0.859876732404201,0.499599258579547
"845",1.39766467681291,0.515341949979214,0.417542825441286
"846",-0.832045299111197,-0.827802767377914,0.547459269041112
"847",1.05023158306535,0.230400282603039,1.74843783896158
"848",1.75390908605298,0.702918672745278,0.317450117439871
"849",-1.36985138712489,-0.84593602980977,2.00527719827965
"850",-0.240611046015943,-0.754478211180064,0.407578233266717
"851",0.259362856425943,-0.62013616548053,0.668096888769175
"852",-1.88395765890462,-0.893392157280995,1.22033987899824
"853",-4.07604103294592,-0.966951012430466,2.0211297897698
"854",-2.15255309668435,-0.906531698852632,1.27882238577462
"855",0.322673905464333,-0.605709866058306,0.544398948814415
"856",0.756478851511883,-0.402048149540513,0.202748836621073
"857",-0.681660558130896,-0.812778913818681,0.507155495913755
"858",-0.155957306424807,-0.741743387209416,0.348921847325701
"859",0.86189812972225,-0.26008957641088,0.567414991894395
"860",-2.27214448899268,-0.920252090438097,0.431263429522934
"861",0.883835459145846,-0.19717624291744,0.853588887970721
"862",-1.66638489364498,-0.887929462153958,0.723869478808088
"863",1.21462146110807,0.209391302206742,0.00789620302711368
"864",-1.10922038334362,-0.858259232186749,0.300445647929187
"865",0.436581231630971,-0.52447391643734,1.01957546613334
"866",-0.885917750008457,-0.815482682339163,1.24955562179533
"867",-0.399728497296811,-0.783611787715658,0.297050465331067
"868",-0.945906277768973,-0.835226954721422,0.695213354486208
"869",1.34307084761149,0.474566350200858,0.459195895891447
"870",-0.0251094641751396,-0.68506263895761,0.977756278954273
"871",0.374120031417587,-0.548562247499179,1.08221742133767
"872",-0.171158591569092,-0.743405272902464,0.376047806233577
"873",-1.91310735031701,-0.879102490752945,2.49444699307511
"874",-1.16476459395535,-0.849386140538631,0.931686943194847
"875",-0.138011316920588,-0.749442972532682,0.0956178635987929
"876",0.967015070300177,-0.0762142520792581,0.884092413374121
"877",-0.703126344647244,-0.813776050761872,0.557071080060608
"878",-1.56539220226837,-0.880160860528059,0.834408514585667
"879",0.106954320551256,-0.702334776387883,0.00748100397765379
"880",-0.997520346220598,-0.819187188015623,1.59025462622404
"881",-1.14400570470227,-0.857194008649886,0.477868738932378
"882",0.846412400738776,-0.325400636066116,0.178969392310084
"883",1.7322060062445,0.764852689168243,0.544709984540328
"884",-0.804327984459753,-0.836504620547212,0.113858178992586
"885",0.696160747042108,-0.411504759722548,0.549355847288395
"886",-1.70207691094346,-0.871735880362516,1.98781948026765
"887",0.642532704493368,-0.335036892975625,1.753053329
"888",1.10179423944191,0.181685427652128,0.813919650248131
"889",-2.57036343445324,-0.927565355192891,0.886895832672205
"890",1.89669641692119,0.659250779301557,0.0189995446458186
"891",-0.319193288432838,-0.751300589270791,0.833173809497526
"892",0.858215292735289,-0.239167716660426,0.763695486219562
"893",-2.3934434594552,-0.918160862344998,1.19146426887516
"894",1.19470304821527,0.20472815977299,0.10951493704017
"895",-0.384354896684583,-0.776182541578456,0.441659851639735
"896",0.0411033862962357,-0.690671516733309,0.536682656298318
"897",0.198457724037589,-0.630434790887799,0.830365568779195
"898",2.80311846670042,0.880613728262877,0.166692299643782
"899",-0.993854536013729,-0.836622050109273,0.826306379179115
"900",2.37467736789039,1.12334313712888,1.03907043900919
"901",0.724017052648605,-0.317848985705898,1.24096888599531
"902",1.8566962195468,0.935921724705496,0.917000873838578
"903",1.83046673182749,1.06978252228282,1.36725349057621
"904",-0.107464070886862,-0.703700696945871,0.988634349298372
"905",1.25165582467003,0.292971362234948,0.15388943508078
"906",0.69579352263695,-0.398282037336424,0.682876572523644
"907",2.28419768423734,0.881004020542958,0.390556957308822
"908",0.863298434327571,-0.12293496519443,1.62478367058318
"909",-0.753145395343632,-0.821701021157524,0.470011020907388
"910",-0.175234099691766,-0.744919339480295,0.358087298885661
"911",0.639903856019745,-0.4789491701715,0.245752972153303
"912",0.0108856558833301,-0.71702055674694,0.152215534103113
"913",-1.07138177741591,-0.848462592040289,0.608393007968834
"914",1.26828946908577,0.404265750901862,0.518508462475185
"915",-2.0632261533641,-0.914011444856238,0.219999880340852
"916",0.931324589961544,-0.183742000122268,0.508502253214649
"917",-1.70284174880114,-0.889906296947526,0.731170476481779
"918",1.89363564679387,1.16157706606664,1.56792134867986
"919",-1.54633366450783,-0.889789786915972,0.159114035402248
"920",0.347560505051743,-0.621119553539422,0.180057380318537
"921",-1.92191143358027,-0.901641529262425,0.721688537815035
"922",0.19712461099687,-0.595266382410672,1.43775989315013
"923",-1.68706271354836,-0.895194337800682,0.306804071315864
"924",-1.52843865195106,-0.88986610976706,0.0922174417891696
"925",-0.155594439887566,-0.67543114946434,1.88377663488045
"926",-0.711346614324809,-0.81822277147414,0.433053740866529
"927",-0.014774672681548,-0.702482902679456,0.56636884101572
"928",-0.715069160787304,-0.794152602692105,1.297133745255
"929",1.95542838944966,0.872001608064815,0.612602337190002
"930",0.108146587909216,-0.684222752138726,0.337431641778567
"931",0.696455586837821,-0.391478921249493,0.745221191029193
"932",-0.304968645082566,-0.765712522110319,0.393556552285509
"933",0.293620701126766,-0.554883229554006,1.49710652076143
"934",-1.61043243270538,-0.890622505197625,0.334394272911208
"935",1.19645417026112,0.559938058238711,1.63656376732991
"936",-0.393299004887473,-0.791883419738118,0.0405666376394504
"937",-0.902283574919871,-0.82285490289413,1.02411669435778
"938",2.24399813335295,0.998229015674694,0.757189133969731
"939",-0.0822217294652354,-0.729260894653229,0.307246161551861
"940",-1.78044940287974,-0.894792527980793,0.687410460750632
"941",1.41656090984506,0.410472492552623,-0.0190242227645854
"942",-1.11982548471448,-0.857553393419178,0.371797621239847
"943",1.68705977211237,0.613344520749996,0.124132118376593
"944",1.75796091153655,1.0702173460805,1.47661253024184
"945",0.68029969895433,-0.374369378816016,1.03987722257224
"946",0.0352751533292752,-0.604799945625952,2.26021145638627
"947",1.42017725106986,1.02476137826836,2.17884287691749
"948",0.000292316943898471,-0.676457847406522,1.02470737238195
"949",-1.44775624791006,-0.882169434530515,0.270566219635069
"950",-0.165695310086762,-0.750296670565042,0.191420049425719
"951",-0.502453452553071,-0.79015783420482,0.521022084347957
"952",0.106295542016817,-0.674530247672123,0.526030147291883
"953",-1.02817349903341,-0.839193038800504,0.852093346856013
"954",-1.04814915478485,-0.820928828125006,1.74516374974705
"955",1.00890402826443,-0.0174656134847469,0.807206079276114
"956",0.861709531515606,-0.250099492603072,0.647135479538014
"957",-1.63977041016226,-0.896233443443409,0.069230262810022
"958",-2.68937544973862,-0.933476713992201,0.641793141563782
"959",-2.35633461121084,-0.92456061381515,0.309915125474995
"960",0.0654999067307745,-0.639825969456447,1.39725373876649
"961",0.788579464640367,-0.338030357849911,0.530763400010733
"962",0.969728885073855,-0.126742745774726,0.52565255977416
"963",1.82892975089385,1.54192774690266,2.84185581187443
"964",-1.51433021264599,-0.884388466035242,0.377986662423668
"965",-0.916710909499523,-0.839212099961345,0.419611081117636
"966",-1.58074379183769,-0.886457634167681,0.493653674860898
"967",-0.598196256502796,-0.773100996650902,1.47482988761294
"968",-2.60136641678791,-0.925399758351983,1.32812218128717
"969",-1.14645963546516,-0.859298853963941,0.386873710531941
"970",1.01199335866619,-0.115800681178059,0.178946066485087
"971",-0.336495055036171,-0.767016261897265,0.491443364148781
"972",-0.758323580991817,-0.793274374304644,1.52468642627958
"973",-1.45787682209933,-0.882602245649786,0.281334000170388
"974",2.8580029012156,1.06306459218927,0.656896573309921
"975",1.65300292130534,0.624172778307742,0.211647261804811
"976",0.690471628126278,-0.394228712379232,0.762876353493558
"977",-0.380140160495503,-0.781308353327096,0.282683278055049
"978",-0.98313594937982,-0.847784143026936,0.308607518456953
"979",2.62219054505483,0.902250031396802,0.290590665692236
"980",0.653536069002149,-0.468342085704727,0.267732887198964
"981",-0.492057226077525,-0.801564712323092,0.13611326152185
"982",-0.582316725606267,-0.803580963407367,0.422489576926744
"983",1.50327866358558,0.781562294886002,1.05049428335461
"984",-0.578419620925937,-0.813751328079629,0.0816745997690134
"985",0.110162866265364,-0.657417251760183,0.82312653653873
"986",-1.09501075575157,-0.85493562304854,0.40209569814671
"987",-0.99454900205155,-0.826865265675329,1.24753522517349
"988",0.143351860377789,-0.650447068099857,0.775887810545418
"989",0.387441921649442,-0.585614500296249,0.474707031505954
"990",0.223013947683505,-0.627976462362419,0.738036654038862
"991",0.503324837175079,-0.547343293431764,0.309478252994946
"992",-0.0129234873300136,-0.67357443525034,1.15251760818779
"993",0.429457063014609,-0.579740374907817,0.317427425956069
"994",-1.49247391993893,-0.880140126566708,0.554394595595618
"995",-0.578058767698794,-0.778957167095574,1.19359367727897
"996",-1.56482382561307,-0.87825235166358,0.952654666109078
"997",0.573830515559973,-0.522092044577366,0.186594699424068
"998",1.44630960952103,0.720313400895042,1.00004073177608
"999",0.43622136150136,-0.567218951608132,0.447407791781908
"1000",-0.809652899987586,-0.823507992064568,0.62337343526928
