"","x_child","x_pa","noisetmp"
"1",-0.182095201616703,-0.430071471778046,0.559727192285092
"2",2.31635966104712,2.15421172512762,2.4674233405695
"3",-0.82781574981054,-1.53077234202903,2.03394859166473
"4",0.228570477642936,-0.260541185560923,1.01573634480036
"5",1.27863062649217,1.10737132448046,0.711031630149931
"6",0.670942784971501,-0.0666276678344898,1.22809054214099
"7",0.389674934469512,-0.23538270281841,1.41859063743805
"8",-0.706461680544968,-0.938912963804087,0.0963939462248758
"9",1.53406060324596,2.54870237239577,0.725824950860283
"10",-1.01619819790133,-2.01210436401038,0.97532671561717
"11",-0.756083585069635,-1.11268535409872,0.51859990100707
"12",1.68513673718052,0.279267340777478,2.87225450459238
"13",0.225525874575104,-0.349729458456028,1.88263840458841
"14",1.91065411329194,0.924646454569733,2.31687076212903
"15",-1.00393048581642,-1.83579075875486,0.318802370029596
"16",-0.935481265231471,-1.63900430074728,0.724935943015693
"17",-0.960046892785436,-1.73990508802786,0.781463559096908
"18",1.3173011781476,2.76853345880236,0.237102216071768
"19",0.333331833469923,-0.0595821967153662,0.0938874499754011
"20",-1.10656336051724,-2.54702680233459,1.17093423370714
"21",1.53435391469323,1.27675406168667,1.18064103051251
"22",1.31117533563499,3.5883726234169,0.112103525141221
"23",-0.00599208367322169,-0.25578515917964,0.0120546184712156
"24",1.28924388823209,1.42292284905024,0.559087900315623
"25",1.81068668927364,0.846641747039801,2.16665610887564
"26",-1.13849876110725,-2.73694257426911,0.857227605430217
"27",0.725587893932361,0.23264974147538,0.380239746165684
"28",1.35339984616592,0.796563505982868,1.13913511894368
"29",-0.810713980065429,-1.27714404301061,0.747945334465409
"30",0.869106135704212,0.447668654907417,0.374730495809891
"31",1.20963564919915,1.69595958750831,0.274070883276353
"32",-0.881763012027282,-1.38932217776253,0.328212305956008
"33",1.42181305949902,1.52747924363127,0.802017160654644
"34",1.22088870775171,0.948782569164532,0.692347476123111
"35",0.28069294318762,-0.191537272756256,0.634301148517068
"36",0.570071623892927,0.0490823801608271,0.428005679004786
"37",1.33308094762389,1.05043903121163,0.874484848411289
"38",-0.658974299199798,-0.864085141141038,0.129040031958137
"39",-0.59592195169021,-1.07413955504128,2.09001249033732
"40",-0.815805246643485,-1.3065627019208,0.843146336207007
"41",0.800055989464475,0.295242253681965,0.452894984345529
"42",-0.15107273192811,-0.373775948981665,0.287635047787878
"43",0.967533480630178,0.95174030235959,0.102612246813632
"44",-0.916416544477982,-1.58619549668686,0.793714950990688
"45",0.0341438895953485,-0.268803180245193,0.284722991283416
"46",-0.473869868948091,-0.664256537199781,0.411018938024274
"47",0.898027309202304,0.515393033420992,0.353651494436266
"48",1.00647614660561,0.624545869882316,0.488552430036096
"49",0.80139605165712,0.545407386962376,0.0741714674243848
"50",0.639747538781946,-0.116819762455392,1.411961643992
"51",1.21391253520419,1.19029014229139,0.51313877117859
"52",-0.423568525040783,-0.619348717219126,0.466865257940582
"53",-0.322973732294943,-0.514317416134062,0.387759032989922
"54",0.168646995708263,-0.258988519662796,0.754805547238443
"55",-1.00956540014411,-2.03890662246461,1.32328208337362
"56",1.20090101673543,1.00752404415244,0.602034590629478
"57",1.08900119317073,1.76477409687584,-0.00881959244934797
"58",1.52024512096711,0.889194308699946,1.44117531531515
"59",0.353979133582242,-0.0434628003978027,0.0945297731033298
"60",-0.34289683691873,-0.528925813043709,0.370068487270338
"61",-1.03099271121229,-1.97130454261063,0.349256231578604
"62",1.16678481979007,0.736392418379435,0.755537963302625
"63",0.789216808721807,0.282239893148076,0.449529571977504
"64",1.07209001476085,1.15539734028195,0.21319114990287
"65",0.432654350631887,-0.258910017101865,1.83772279045204
"66",1.31834700213916,0.841695380981361,1.01211385494777
"67",1.05516603460291,1.37091045855024,0.0660120895414175
"68",1.09721535036129,0.286111068949315,1.27053338917629
"69",-0.882874925357343,-1.38203922627249,0.274371128724919
"70",0.274519360865593,-0.183632408548839,0.555949392592486
"71",-0.666331018177169,-0.920910992639167,0.381233129709982
"72",0.930532517337972,0.869625481467067,0.0764786446830652
"73",-0.102175888883437,-0.445929777053293,1.11370554407932
"74",0.854800872419172,0.216763305394058,0.772861775768526
"75",-0.647018969876573,-0.925152664958623,0.589629730422235
"76",-0.0690868247773397,-0.531834187959215,2.04781781916414
"77",0.815527864165289,0.157141089721298,0.817173324728042
"78",1.03993577458089,0.391177308234003,0.906691813358453
"79",0.164768662854181,-0.194787100124496,0.224570398111618
"80",0.0860544645037129,-0.261739346596135,0.439649166185746
"81",1.07470446217365,0.962330536548565,0.343379651940274
"82",-0.752506442554186,-1.03338942759567,0.130517645111074
"83",0.404169672299714,-0.146448012028755,0.77949938086608
"84",-0.358681065161273,-0.544735539454719,0.382442032100343
"85",-0.346689236394434,-0.705130845481687,1.62746186426739
"86",1.11825918870415,1.46711175717037,0.163297858795302
"87",1.33742919407559,0.250547393629739,2.01056985803039
"88",-0.206543596010792,-0.502942236540932,0.98763638085161
"89",0.454246978360257,-0.27167456251244,2.06857901114736
"90",1.02554116494933,1.19946046446377,0.0838432841150151
"91",1.24875485389588,1.04707642816842,0.683803494888328
"92",-0.660824910685274,-0.84979227917925,0.0337813786202265
"93",-0.282334448431381,-0.618716378047397,1.41556570076455
"94",2.08701010397638,0.756879092758884,2.93360133492528
"95",-0.669185518384282,-1.01435183601679,0.903213497122802
"96",1.25425516975509,0.645891707404217,1.06903695371897
"97",1.34491011627282,1.09062281479463,0.873166064351181
"98",0.560811178034221,0.0472314024818321,0.406279122404863
"99",1.29326711641134,1.23146847432826,0.66766915245865
"100",-0.830308500645948,-1.2654109189865,0.419122927517612
"101",-0.222607625444013,-0.530468527635292,1.10768142861106
"102",-0.722455926265914,-1.05931328247234,0.597414157348984
"103",1.35748644170303,0.816806396158538,1.12852277073674
"104",1.13131980988241,0.721740484876198,0.685529986185362
"105",-0.330439045358546,-0.634103285519443,1.20545509370628
"106",1.51130671857649,1.60411827938094,0.963363303157633
"107",-0.678509242425844,-0.927409443118139,0.302012676665098
"108",-0.439574564410995,-0.60626435253922,0.273983034786356
"109",2.47372754634321,1.55818596944204,3.08183970039615
"110",1.05726224610404,0.584769846433079,0.661234051805681
"111",1.26415503993262,0.904977930058723,0.828636142514857
"112",0.873540268972176,0.489061698778399,0.327259797490728
"113",2.42185753812738,1.78989033634449,2.84352279071244
"114",-0.545044572203379,-0.761325771646942,0.486518778663503
"115",1.53898845064703,2.32178701920103,0.788069189633221
"116",1.04243944599271,1.04816604835307,0.210635589325632
"117",0.772227514651149,0.329654991906181,0.314280639484076
"118",0.0178748236421349,-0.297991568169283,0.460565532992403
"119",-0.813704485610237,-1.1501655265429,0.0373709999595315
"120",0.753870083650246,0.0916491224712378,0.834838630880719
"121",1.7532735921209,2.06604995904169,1.3101445738121
"122",1.10941116989591,1.09565514114498,0.333537557830862
"123",1.44643684138837,1.47125103030751,0.881922128275555
"124",-0.779422584175237,-1.13260477053941,0.354416134059704
"125",-0.884793893827238,-1.60430665177105,1.48251106170695
"126",1.51124444323366,0.591893330126319,1.77267810396153
"127",-0.927250593601735,-1.7141391411054,1.31861320091637
"128",1.40404425437817,0.798796384953315,1.2570253434827
"129",-0.96457967497457,-1.62941617218764,0.118627577736718
"130",0.820145886374102,0.680617116958318,-0.0244172216086066
"131",1.25096970314143,1.44056886405383,0.466631325698509
"132",0.74042504239264,0.122967058086519,0.699437034137747
"133",-0.626636608872912,-1.03717088209103,1.49900558709739
"134",-0.346208327015539,-0.549968705556204,0.495564335095884
"135",-0.622616702103966,-0.792160301996117,0.039491362887435
"136",1.26509789881103,1.50659049830647,0.468434893774846
"137",-0.927601289894724,-1.70076763056053,1.23159301183786
"138",1.00942278298593,0.570618768884577,0.560571150153547
"139",-1.05377807228155,-2.17777984772382,0.834796691345046
"140",0.880590660472274,0.668270805582495,0.134378719249897
"141",-0.673927261579865,-0.942136097704591,0.429575108700759
"142",0.897205437683085,0.299287814600002,0.705170033773573
"143",-0.811709108955348,-1.28435823242988,0.77476130993966
"144",1.15173485148628,1.35235042109828,0.288579873000345
"145",1.29203917140635,2.51190536610401,0.232271618552529
"146",1.11516309410851,0.792071071207125,0.577858164987656
"147",0.378555299292539,-0.126508578967721,0.571402647144823
"148",0.595757350046857,0.216389706415418,0.0574626361928133
"149",0.0998013720708447,-0.245997910417978,0.359321419727116
"150",-0.784587814105295,-1.25089544816518,0.949227441770482
"151",0.336447350476219,-0.102283545491816,0.299182579667769
"152",-0.622552907698451,-0.91515579835417,0.761484519720898
"153",-0.121659751806428,-0.363235392030607,0.349140037959177
"154",-0.587972704903084,-0.848782641327484,0.668226716909335
"155",-0.226012426519983,-0.490918238670413,0.782188053094106
"156",1.16705075328309,1.02387227121962,0.512628460645186
"157",1.15223974277898,1.28094967469458,0.325124390735697
"158",-0.0103699329496559,-0.269673243810866,0.1061481084806
"159",1.31632531854248,1.67469949445627,0.51232676462963
"160",1.06812944879275,0.240643536782741,1.30078063725892
"161",-0.0375389836887126,-0.297072282668023,0.211309068428375
"162",0.793959556806342,-0.055865246493493,1.57165390890661
"163",0.768657397867138,0.284491459539219,0.389671666577791
"164",-0.191293267709153,-0.439741931290021,0.584672273852453
"165",1.15590249449526,2.06531100934672,0.0481515946443521
"166",1.19205195129508,1.51397471068712,0.305479539467558
"167",-0.322225661672771,-0.474601789336513,0.11803228264797
"168",1.2994955037237,1.95975222212491,0.38141618056042
"169",0.56582705554489,0.178025862378845,0.0587808749343215
"170",1.79652057306052,1.55541668732078,1.60677750072787
"171",0.422043019999865,-0.216877370198298,1.3725529378285
"172",0.479223925816904,-0.0765492648728329,0.648649061892635
"173",1.60485216906403,1.38555533463556,1.27479402850708
"174",0.853066395228686,0.705615298178825,0.0314230959073693
"175",0.350927359755297,-0.210840751449101,1.04793388150161
"176",1.2949057986701,0.480518683047843,1.40686437519306
"177",-0.864739286766245,-1.29312009350748,0.0913666619975917
"178",0.296174912780078,-0.244559670957103,1.13491625381316
"179",0.301998586460161,-0.0925522319092223,0.136507116601746
"180",-0.946170638176955,-1.57855250756649,0.211623367149451
"181",1.15205760236791,1.38630382221994,0.273348547313564
"182",1.48914963244177,1.47306718725809,0.97479907645479
"183",1.51251294577669,1.73136292693637,0.914127795282283
"184",1.12961162701967,0.46753957764328,1.00842417923169
"185",1.3043540000688,0.769022071452892,1.05074769461335
"186",1.34802455375779,0.452329513150289,1.5907178899015
"187",-0.917632473927682,-1.66499305516056,1.21974780393849
"188",1.38632597972046,2.86979915769965,0.361569714289473
"189",1.04378358381435,0.799477799115088,0.401683315409132
"190",0.389489418055479,-0.147225718209563,0.732519338854239
"191",-0.478960516859955,-0.634892316394391,0.1894894921347
"192",-0.711799261520088,-0.999996022288773,0.376956791193892
"193",-0.439773080817213,-0.567847959223125,0.0278047057235532
"194",1.43302520732021,0.590130553141655,1.58219673762069
"195",-0.881065994615934,-1.46008287142192,0.712487839782328
"196",0.939567887696844,0.958946353711865,0.0328177914999597
"197",-0.709251929196315,-1.09967402861781,0.981502710954464
"198",0.207704738255327,-0.180170841263238,0.287206748307546
"199",-0.752350650234815,-1.15682711234889,0.812471387022596
"200",-0.596179175992537,-0.807840804883083,0.350093963644079
"201",-0.744373767767703,-1.30408294979989,1.82665930601595
"202",0.888655113558377,0.0935577262967943,1.22406328360545
"203",1.28162812066717,1.86665072688357,0.371712739888837
"204",1.1677230323199,0.632237104967778,0.874305178099177
"205",-0.936489712434811,-1.74886616957531,1.33390773331563
"206",-1.03126960204828,-2.02159302751064,0.612669467235639
"207",0.980648163739793,1.07466472927216,0.0528937754082098
"208",0.0528431099917494,-0.294174812638405,0.58019092260704
"209",1.22642116490018,0.946633658474656,0.706869138975157
"210",1.26901227300743,1.70546589568742,0.39883673438201
"211",-0.579146831402271,-0.904465989947401,1.10116233588821
"212",0.902382869286488,0.211249243338814,0.918159819376896
"213",-0.0503443255370364,-0.496745955315427,1.84287834870042
"214",0.917968882607464,0.546336233555276,0.363725465284578
"215",1.81045438347163,2.80563406120116,1.2422286692968
"216",0.98600831507708,0.333387431378487,0.873420863410289
"217",0.836519669620824,0.147528323919572,0.904014047561027
"218",-0.903790621149056,-1.5978653850287,1.09171909450273
"219",-0.568695539437651,-0.868449153512697,0.963482442654443
"220",0.845465957173719,0.522670588010421,0.212330262037569
"221",-0.779351828682559,-1.24608760221513,0.990456257097981
"222",0.361309033975467,-0.0326918776243196,0.0755688660711307
"223",-0.741575611384439,-1.34964349291153,2.17462451429841
"224",-0.595547966068692,-0.83062331777377,0.491579810341575
"225",1.509555646905,1.5392251994895,0.98835869259139
"226",1.33524202600949,1.07811027759491,0.859804535507629
"227",-0.569156041542676,-0.870104816750468,0.970022278885419
"228",0.679534633926654,0.256546035587229,0.204217278310837
"229",0.91282625685552,0.509180755766309,0.39911196254049
"230",1.05853548189857,1.04252026177598,0.251147146652597
"231",0.0476350962036631,-0.279228050681834,0.429595746737117
"232",0.473911301638075,-0.000352502417833614,0.307382349704748
"233",-0.208805675482672,-0.486457185637056,0.846465723646059
"234",0.489266044950102,-0.163514021470351,1.19682363020667
"235",-0.145206513844523,-0.454027401225025,0.946057608800204
"236",-0.251288552364905,-0.43243778097479,0.210675550664401
"237",-0.830636491362669,-1.43771366428623,1.39260532294081
"238",1.34210053625197,2.11080065199929,0.429231821021347
"239",1.33031132788744,0.469793560075089,1.51488912278597
"240",1.27302135169476,1.56758286408068,0.460233630671544
"241",0.651167297867416,0.180896376348084,0.291858546439373
"242",-0.154486597877996,-0.477059383752103,1.08026041840532
"243",-0.722003223037937,-1.02457498740683,0.406967880912744
"244",-0.480293967200486,-0.765090131254917,1.02831597077649
"245",0.918935823695616,0.263073593170512,0.84089922464303
"246",-1.10208346452839,-2.41135965997759,0.468173538342585
"247",1.13474848659526,0.629081198169714,0.79741564728995
"248",1.10226855910441,1.31418466307666,0.197105126879168
"249",0.75170845727885,0.480238076465068,0.0306413379628873
"250",0.951432209921997,0.634898878940661,0.342179883024734
"251",1.20503897786765,0.987870926085266,0.625923023952954
"252",1.30589942723628,0.626764647762071,1.21943381602231
"253",0.68360595273263,0.198988235630065,0.339937698380759
"254",1.17288472764478,0.655193186277325,0.859521592006437
"255",1.89996878072642,2.4499981783851,1.5074409624766
"256",1.79730198127239,2.35350759604829,1.3189188938684
"257",1.54772204723423,0.65434314231571,1.77350548613874
"258",-0.388843700152821,-0.686476996646081,1.17651386310954
"259",-1.03645700424882,-2.05414726458661,0.647791699380647
"260",1.39189679311889,1.76471411980112,0.642219619931131
"261",-0.765856658670648,-1.04883948200175,0.0674356075392777
"262",-1.06085853978675,-2.17468906307176,0.58684674896261
"263",1.07743038524824,0.794552235506673,0.485972298691168
"264",-0.419442814000779,-0.624605969197438,0.529869830033292
"265",1.03319497629852,0.245325729220463,1.19359372581182
"266",1.10949972555377,0.827639360911134,0.532276233048784
"267",1.17611028067987,0.784817572465128,0.729567835141184
"268",1.42233606503883,1.37802452346648,0.875150529444866
"269",-1.07885333884003,-2.21584953684648,0.220261636208306
"270",1.333671356922,1.3233768948052,0.707145382863787
"271",-0.795595210895093,-1.24683067196962,0.78026096970406
"272",0.754627194422955,0.0702254332502047,0.908421398087635
"273",1.32516133695384,1.13530595931847,0.798382691853932
"274",-0.642003706493856,-0.846721245593303,0.181933376790596
"275",1.20551803932553,1.03735625403258,0.59151363159489
"276",-0.964152847385641,-1.67335426694114,0.345187678920038
"277",0.929633246016083,0.602813394831682,0.324747937603476
"278",-0.480348636846018,-0.603103301468342,-0.0163061750513371
"279",1.3956328760867,0.789744236373123,1.24645108852983
"280",-0.591080906024996,-0.805673817587318,0.379978956739831
"281",0.287614569962174,-0.138451479834593,0.322385690529967
"282",1.85820866222627,0.967988570032577,2.15190923773373
"283",0.893763872703097,0.162456081494448,1.02414560494936
"284",1.32658963782982,2.58432086877306,0.289623050821493
"285",-0.864109465484518,-1.30848185146575,0.176573234585839
"286",1.57053600644463,1.4976088576663,1.14134150166508
"287",1.03006096874336,1.02406293053361,0.197882905910073
"288",1.03195514839232,1.00918786852506,0.212097349014397
"289",-0.0704889739642424,-0.469140221083843,1.4848602557163
"290",1.30924764525686,2.12462996285102,0.356346006597178
"291",1.08099231053004,1.12143304674897,0.253208318360862
"292",1.36464330838354,0.76402305558396,1.19983683251838
"293",0.888862676113885,-0.0942547614181178,2.11106200140097
"294",0.321071324737536,-0.0550943920114734,0.0354978942678885
"295",1.14873391837695,1.23491681983774,0.341570094421939
"296",-0.986691942590301,-1.93977188765784,1.32342561139291
"297",0.0946165381364005,-0.367744630407246,1.43186175231102
"298",1.47661042630725,0.673119950685016,1.57584734040915
"299",-0.829454221497431,-1.2531146840607,0.365876014433221
"300",-0.166567706739422,-0.607933062635006,2.10267070828844
"301",-0.524808716853208,-0.73767682406057,0.498110573474392
"302",1.44026277700461,0.343001221825552,2.05313396192658
"303",1.39998508105284,1.67246523237222,0.694074154559396
"304",0.856917994455459,0.172481663686452,0.892235317876972
"305",-0.813930503402907,-1.32501703902058,0.975100501061462
"306",-0.891389118678772,-1.63107122096695,1.52343336947799
"307",-0.499817263221119,-0.708255183719665,0.502618232197894
"308",0.918141639784037,0.344075677758614,0.673680760989181
"309",1.78885866221021,1.63224166596417,1.55325689916685
"310",1.2356477289375,1.89533173971443,0.264730404652369
"311",1.23809056566768,1.53421803169752,0.397731304998326
"312",-0.610537201467942,-0.906742857913444,0.822474801754904
"313",2.27412508521082,2.80504799075568,2.1932994814337
"314",-1.02198559155382,-1.97062781258102,0.583811750893013
"315",1.07216479267779,0.653956800470916,0.615630895127016
"316",-0.00624198149880331,-0.272234082700265,0.144200403578484
"317",1.08627748493551,0.307045415102996,1.19447096975897
"318",-0.592788996432556,-0.907141944775749,0.990979946417502
"319",0.383364788257862,-0.20779841336548,1.14624895173382
"320",0.477068806912745,0.0253614952384258,0.225835978370756
"321",-0.587908002555806,-0.822503843016104,0.508008948419493
"322",-0.456779215974317,-0.603631172290719,0.143040695738802
"323",-0.327995968854591,-0.496822063470929,0.237198553722339
"324",1.24043856884549,1.97410985474155,0.251827001324073
"325",-0.957585319516637,-1.63633308629997,0.286494091054908
"326",-0.739261167029368,-1.0925721327237,0.59870897089189
"327",-0.600074981069518,-0.758646483912256,0.0325151416490705
"328",-0.800058766992246,-1.36571097553128,1.4196676524282
"329",0.594975362673619,-0.0146078223089541,0.741659101972362
"330",0.868730476895715,0.277326551082873,0.674085070984419
"331",1.42515424782439,2.44479233481101,0.522414300444289
"332",1.3163631889713,1.03434923626526,0.847850019654352
"333",0.908034488721733,0.354816706845302,0.627353494660447
"334",0.935048898030943,0.887565584690519,0.0734473481898854
"335",1.00054446468879,0.173890863681678,1.29305067457041
"336",-0.409348837463428,-0.765200856270818,1.59716418151939
"337",-0.412368196625448,-0.838102419454549,2.1272672557666
"338",0.401234223227654,-0.182950866873964,1.0178212883291
"339",0.214156888818637,-0.144645619864725,0.0988693404828457
"340",0.72749722646562,0.449985265005938,0.00952014307394695
"341",-0.551122581232667,-0.880741406096702,1.20287690207732
"342",1.33977103558529,0.627632133033329,1.30126261703599
"343",0.132408534484314,-0.309037476223569,1.06231342636665
"344",0.965465022844768,0.78918894383122,0.224808063310327
"345",1.07292691792538,0.762124403574516,0.505458090087463
"346",0.491570261157325,-0.0589989659718786,0.60573384291404
"347",0.728685995711165,0.351624848428391,0.161327342967674
"348",-0.958944974264929,-1.78941864603147,1.08574663366637
"349",1.84829536320448,2.92652179994194,1.29624345621243
"350",0.25323356810828,-0.251289244906115,1.02691662134716
"351",-0.88711781314829,-1.5250570812457,0.972500761885462
"352",1.12295503992609,1.89246229744539,0.0252475785465912
"353",0.611892527038697,0.150042960410728,0.25684339797488
"354",-0.462405291531498,-0.612920613153416,0.164081739875418
"355",-0.362445914889375,-0.515182320215507,0.159901677805781
"356",1.10322231457845,0.486922731234151,0.911293022155459
"357",0.657245008969821,-0.0841952998602189,1.27779214845178
"358",0.854273220756971,0.521798401197028,0.235526016697771
"359",0.169762239514225,-0.23960691560784,0.584682849198035
"360",-0.334855459860175,-0.656975374773459,1.34650927756466
"361",1.61758869341311,1.88819166859174,1.0816983338024
"362",0.744984796412839,0.458395136176639,0.0426790165875206
"363",1.70466117348541,0.401704626141751,2.60995506136249
"364",1.51056832303462,1.58815408171447,0.96868745072805
"365",-0.508350776122161,-0.842243642968805,1.32242268352473
"366",-0.211827812636014,-0.524831155073894,1.12828693119511
"367",-0.619729936062145,-0.873201319469799,0.53382648557446
"368",0.966392405922663,0.821428054492519,0.199490308712903
"369",-0.620690142129469,-1.09068163961216,1.92940969360983
"370",1.08090769154863,0.464802408303842,0.888862869384169
"371",1.86869212607174,1.81551627798962,1.64597360435886
"372",0.690027301070165,0.139448973458941,0.507925599600588
"373",0.00116608176374053,-0.266363907225343,0.127302113786867
"374",0.553382981171012,0.180502198450635,0.0181486461531506
"375",0.283005312950135,-0.0948452807157715,0.0835907985831812
"376",-0.514535051559604,-0.673661171668796,0.178499679176287
"377",-0.495138675621131,-0.700044379099324,0.485176453262103
"378",-0.73909538003258,-1.24052680885102,1.48642266580955
"379",0.923375606864093,0.799461122416253,0.116056190443945
"380",0.0450148662141351,-0.341949932610031,0.96211221591019
"381",1.65934950428142,1.96576772294653,1.14400154630175
"382",1.0243950089637,0.207949273652348,1.26507080705331
"383",1.3436085185893,1.07486841676141,0.881165349087387
"384",0.997963606627527,0.470188501104758,0.669677123764278
"385",1.42649546757262,1.64029909073208,0.764217805740024
"386",0.920733054927218,0.359549164407177,0.652149171757323
"387",1.12584690176289,1.43549982924052,0.193487556458466
"388",0.9013400057079,0.265640906308858,0.78747869465589
"389",1.67190883399783,0.653090456695778,2.07776283447107
"390",-1.16803484362377,-2.91600988312926,0.210508421893843
"391",0.528838393545597,-0.109636527923463,0.990340259906021
"392",-0.259927121171919,-0.555147705168647,1.06973953133895
"393",1.27682710723251,0.667229958636704,1.09807230884829
"394",0.0508473005609127,-0.496721077810328,2.42802507733413
"395",1.29384083262345,2.6542945453444,0.208966051154733
"396",1.25712744032658,0.521655781025733,1.24611982363479
"397",-0.1970822353751,-0.57486643202627,1.62348905316649
"398",-0.833859189197227,-1.45786271986368,1.46455660591149
"399",1.31087444927255,0.250470258746004,1.93836043442202
"400",-0.483886878365747,-0.628195413742546,0.114111967896465
"401",-0.718282567883054,-1.03662597855126,0.514022794898477
"402",-0.54796266786617,-0.954582325155973,1.74002794458435
"403",-0.367492719612212,-0.702154239269299,1.44960514145603
"404",1.28890726159955,1.52889239091903,0.510978858718862
"405",1.10195083259775,1.27322106715634,0.216776057380471
"406",1.09769644151071,0.639984755569221,0.693900140621527
"407",0.170105129016279,-0.206067358686624,0.322985287683252
"408",1.24319162968901,0.376665180865774,1.46344777450445
"409",-0.416593546703893,-0.623436515245393,0.541375397103616
"410",0.729696464557743,0.143307671005109,0.610851763291208
"411",0.625255004085137,0.21601331492301,0.139841253871791
"412",0.722299439993146,0.156868309175683,0.553183426515072
"413",1.50004042095113,1.52994908992932,0.971829890490131
"414",2.15225429992724,1.35692647458668,2.50411203213873
"415",1.76159373405371,1.18193576544418,1.75300303197062
"416",0.925687410391716,0.802100229052764,0.119315100169212
"417",0.615247451717926,-0.00140530945013834,0.751015696785841
"418",0.904398114095588,0.279810311179757,0.765056271768001
"419",-0.422317822451853,-0.764446596893636,1.48779100482718
"420",1.09005008928227,0.528309303882361,0.81767776747721
"421",1.70548596246424,3.12421754872994,0.970811253696855
"422",-0.835288016362719,-1.48317599833609,1.59869956486773
"423",0.980301386777557,0.265229720493494,1.00250714800302
"424",1.14910304160953,0.535161292579074,0.955754897480685
"425",0.842444049092558,0.105510114523046,1.0491577363443
"426",0.802695641496585,0.603803315880035,0.0111700185154123
"427",-1.08502247957165,-2.28255325850497,0.374210679422144
"428",1.39748677808476,2.50067118851713,0.453087529837327
"429",0.967397296139681,0.740831408130294,0.273198930226917
"430",1.45058720298506,1.34952175973994,0.952801174660207
"431",0.632828242626735,-0.0340230702171645,0.945887405431015
"432",0.717827137911887,0.298563471544178,0.226153786626087
"433",-1.13603281146496,-2.77586426046314,1.33478727858123
"434",-0.705020943533751,-1.02705305394895,0.600813530006507
"435",-0.737954137967495,-1.04653350822654,0.357351840906982
"436",1.25472505089197,0.599352183928695,1.12967916875087
"437",1.00350635387949,0.216829962683324,1.18382304555054
"438",-0.576480960820705,-0.798090273979355,0.456169444637019
"439",0.195171806592804,-0.294129454650583,1.19731645383739
"440",-1.13979983678155,-2.62882488636226,0.0266080741735099
"441",-0.759736994061269,-1.03131035168375,0.0425939360695413
"442",1.46584061494142,1.11541035759364,1.13101437967387
"443",-0.8975422717049,-1.4779364865896,0.538659945509027
"444",-0.858723870719414,-1.39056502465333,0.684266043546715
"445",-0.740316508571532,-1.10208098527527,0.640525526917922
"446",1.10835782414111,1.08466838014264,0.338026402280868
"447",1.29807308385298,1.65173892649782,0.48151831111515
"448",0.355201900409411,-0.183436512215676,0.851843967249385
"449",-0.96347369362852,-2.02667476273046,2.53462725727471
"450",-0.529412392407524,-0.684516447623944,0.136452377534759
"451",0.985815148370547,0.500061810241713,0.595493493967915
"452",0.364883848067774,-0.125918861180197,0.520845884540862
"453",0.86751910596897,0.542750730914504,0.242354216335515
"454",0.851671088287774,0.488507426781125,0.272710065218395
"455",1.15247158105517,0.792030195364454,0.666511550050133
"456",1.00014045239911,1.19041744068293,0.0314642041114158
"457",-0.864471942313421,-1.45423610676987,0.948406802018873
"458",1.77571430744314,1.77628322653093,1.46244391210893
"459",-0.972306157576261,-1.69784246241959,0.305275004281133
"460",-0.370632566989992,-0.518407491184543,0.132765508231407
"461",-1.11511622722724,-2.70785830138593,2.02793720007434
"462",1.61792992976244,3.74941393738382,0.709270341602356
"463",1.49251933008194,2.34489773087249,0.685472820636643
"464",1.06084639108202,0.767113770226452,0.47190608631305
"465",0.578263578701379,0.13860966258593,0.190006775218351
"466",1.11412171200528,1.18688032588806,0.290232432161848
"467",-0.985769072590009,-1.88330511297393,1.00889950155857
"468",-0.650497291927813,-0.833657710741151,0.0350840016492932
"469",1.18499768148968,1.36308151612825,0.357168992508079
"470",1.36466470323856,1.73427928461935,0.594610740775254
"471",-0.46756870842716,-0.599055303682068,0.043170340966956
"472",1.75356831385729,1.14727392222086,1.76032308726071
"473",-0.912161339364018,-1.45299054113328,0.172959682926872
"474",1.10664703715785,1.45627160896677,0.142355063142194
"475",-1.03419669038769,-2.0524247567387,0.702897009274277
"476",0.540017721277825,0.0983850999330112,0.187690831332065
"477",1.26956570468341,1.27483186044273,0.590351209184771
"478",0.720915635077863,0.151321107887503,0.564022996003601
"479",1.08402113729567,1.18799515955757,0.221776390860474
"480",-0.823400082915817,-1.18542019886584,0.0960455822054224
"481",0.78103245210571,0.287081830044192,0.417855004766096
"482",0.419032369688496,-0.049751683179863,0.329851059761542
"483",-0.721710480602232,-0.961642010979342,0.0684340050814218
"484",-0.971639386778091,-1.92263214419203,1.59862177815444
"485",-0.497372830055737,-0.638485256591345,0.0847366464215609
"486",1.18969322984599,2.11047566052405,0.108011738223274
"487",1.116352861264,1.26741845990826,0.25192770775646
"488",-0.150883965217765,-0.352874901442846,0.130309330259073
"489",0.703574455102017,0.176645535150983,0.449541533516196
"490",1.32932164153965,1.93050655090019,0.453606306613172
"491",1.25574649412642,1.00198746661531,0.732353781078971
"492",1.48525557053485,2.9625091890643,0.548547133371008
"493",0.0957883920003335,-0.320610580369974,1.00429123556842
"494",1.14765464199911,1.40721499751754,0.25408036427916
"495",-1.11911931943849,-2.57141780020495,0.723476051187902
"496",0.616814131627993,0.269693368846246,0.00834542100168061
"497",1.18451562970937,0.74951171521571,0.784572593506753
"498",1.85831272362743,2.34850001739551,1.44748537664248
"499",0.924406540779456,0.74959824067894,0.162167685314429
"500",0.780368074283968,0.563782847863121,0.00039902290108871
"501",1.50337325240923,1.69490815198969,0.908660523649943
"502",1.38466859507197,0.171560809480666,2.38313134770355
"503",1.15994129670985,2.35614180498016,-0.010587248497148
"504",0.2755138416975,-0.29410246944438,1.54562064205833
"505",1.49128801294582,0.522101284308251,1.83268423136301
"506",1.09725174570459,0.28279062147917,1.27826892448755
"507",-0.909189177164464,-1.52609097006727,0.597123143178483
"508",1.28039889451093,2.2823025304015,0.257135327068852
"509",1.3629856739659,1.49454245028368,0.688106381918288
"510",1.62732384011392,2.37707684133662,0.958661263686567
"511",-0.486727618121129,-0.734300109341173,0.771339932232152
"512",1.40808736534009,1.23741076958704,0.92168172742044
"513",-0.470848410672664,-0.711629553937749,0.742358659656895
"514",-0.969543752119386,-1.78042055212928,0.800459326828846
"515",-0.945903886571467,-1.60402884786264,0.344139718725225
"516",-0.212014273684833,-0.463173769632222,0.650169971806343
"517",0.974544056404401,0.89206774064079,0.162431095004112
"518",-0.341232059855663,-0.625236387925266,1.0659654496447
"519",-0.837507117952671,-1.49299380241387,1.62351961309809
"520",1.35935723106862,0.259200407245986,2.04665349088753
"521",0.688511734828585,0.393766883801206,-0.0103601598348504
"522",-0.155027329600259,-0.382327960821134,0.33338442945695
"523",1.18383267932726,0.500580104048642,1.09401669311891
"524",0.0990928041101737,-0.294407591850772,0.782949883892914
"525",1.46192661066675,0.88657601231381,1.30719200665026
"526",-1.23089267964724,-3.68010039617025,0.678007849969821
"527",1.53504012957645,2.03154959482738,0.859410994764033
"528",-0.747679934486678,-1.25736494707063,1.47944460343884
"529",-0.58273444570723,-0.884986637166157,0.942466971827608
"530",1.18554079368439,0.634162593911761,0.915548255207554
"531",-0.673383341955544,-0.893301751172977,0.160173911085035
"532",0.83977967085025,-0.139908771131192,2.26596015118584
"533",-0.893558038033104,-1.51815851494767,0.823054883123435
"534",1.25787354147118,1.29638809004832,0.552697599820147
"535",1.37088441827396,1.47683234285218,0.713503538496613
"536",-0.540760449982819,-0.842193788557778,1.0394112556571
"537",-0.335929571770089,-0.467377083427048,-0.00736821302643125
"538",-0.145792932928899,-0.451745491984293,0.924527556868418
"539",-0.808138320236928,-1.34347811156226,1.16652347221993
"540",-0.943830777336936,-1.91809813082151,2.26805925508216
"541",-0.715526214289106,-1.00939476531764,0.390597744400394
"542",0.836668285883037,0.411518552498702,0.346162622687758
"543",-0.626079492183317,-1.01602830644465,1.36534239848239
"544",-0.820407687217932,-1.20549772856835,0.235918041607467
"545",-0.472806513062363,-0.614272773024694,0.102799957218305
"546",1.81199690360345,1.14974819751231,1.89068690561049
"547",0.682856452428337,0.0098518614108351,0.915315113630176
"548",0.579425169064114,-0.032030980595705,0.766954891945992
"549",-0.501316272943148,-0.720005406857031,0.5664343891648
"550",-0.715914142245676,-0.936515195771307,-0.0077005124452095
"551",0.566562523306487,-0.0715766111150495,0.911415865746873
"552",1.08413481844679,1.52958159226616,0.0632714643455428
"553",1.5669537430778,1.03872325028408,1.4191187158323
"554",1.239971727012,1.4184936383757,0.452548309694105
"555",-0.122883982071828,-0.413741067794514,0.741516495197168
"556",1.19885365434699,2.54579092457638,0.0327866369332089
"557",0.767779379359777,0.381895855519901,0.214208473026856
"558",-0.443108526185669,-0.873164183664998,2.12671054609366
"559",-0.155210801178814,-0.570593761921304,1.85448969081999
"560",0.369535993519765,-0.0758512079384207,0.28364093646963
"561",0.660416021693329,0.0939018240089748,0.553521647630822
"562",1.67957342312642,1.02414043044072,1.68949749800753
"563",0.556707204501352,-0.0552104343248066,0.799444116335504
"564",0.112008264609711,-0.231449245808843,0.289126256942944
"565",1.27003938934932,0.915262166359182,0.833725784516578
"566",0.762235280181659,-0.0766555008073738,1.58279363069623
"567",1.48471916267526,3.46389933376651,0.475887415863835
"568",1.1949720447855,0.755591560395976,0.80340271834848
"569",-0.749910967246692,-1.0892217255974,0.459511422746634
"570",1.35459226826713,0.121969919907383,2.476847058423
"571",0.0415977962869771,-0.314663519356123,0.70784883572538
"572",1.08100889552264,0.502385183144841,0.832123337009438
"573",-0.0807269717536266,-0.365730266536986,0.566247811178209
"574",0.11309035492631,-0.204996125067132,0.0993827793117789
"575",-0.206547192473402,-0.395154858794981,0.172071820715056
"576",1.12350971051767,0.905376569658421,0.500065650114029
"577",1.39241685789716,1.76045192063833,0.644866047421522
"578",-0.858505658799633,-1.32303413287623,0.329658165640473
"579",0.378285542522351,-0.00324343735857597,0.0202358922588922
"580",-0.971073459744302,-1.80408515474836,0.898852853719462
"581",0.962778033075714,0.454834695544855,0.603249547645898
"582",1.35452512246499,0.860176246454637,1.07995545432977
"583",1.35911217443901,1.56296486179528,0.649744017732739
"584",0.530732738511671,-0.144976567073279,1.21633163808559
"585",-0.579354242911324,-0.784073747289322,0.348034159329989
"586",-0.80476376045402,-1.4112707417095,1.63359231304794
"587",-0.943227831893924,-1.58437245590641,0.294218704802241
"588",0.902149682477876,0.674569099029042,0.180360421792741
"589",1.22114876827013,1.1026570423641,0.583382262402628
"590",-0.615098076370985,-0.792324488020921,0.102478750565795
"591",0.0663024054599746,-0.452030820251191,2.08280445308563
"592",-0.946973286293422,-1.67728046717964,0.707724441268532
"593",0.0941799756724014,-0.372805366752157,1.47693431711582
"594",0.856976741414372,-0.146801068277318,2.3806005420303
"595",1.72398438419251,0.893754407889749,1.91313997751154
"596",1.65642244464004,1.20756323592762,1.49828096386387
"597",0.557492075758584,0.173065039815274,0.0467791842209184
"598",-0.694512026694302,-0.980912640851279,0.446349164323269
"599",1.37943628710621,1.97708919942532,0.546039206138643
"600",0.730436906702842,0.276299902864969,0.302794916876728
"601",-0.934487939370641,-1.5065172910134,0.0649844376646807
"602",-0.810159044150267,-1.28678327190856,0.809666461052604
"603",1.42397187067694,0.605349007345139,1.5381962521154
"604",-0.657645173862441,-0.880141211141872,0.230797551251939
"605",-0.914123044131017,-1.50441316654328,0.399453753866043
"606",1.43454020581869,1.28589719002405,0.952469027166647
"607",1.23538767276262,1.56175627440442,0.38058485003932
"608",0.785134445857776,-0.154884188283595,2.19059963443674
"609",1.38783557718947,2.26286470995512,0.48653631102634
"610",-0.639612406995384,-1.08464780854816,1.67455135633969
"611",0.864601195941992,-0.0356835336782319,1.69291520524984
"612",1.38338097190227,1.9409328643195,0.565422147915666
"613",0.635271159731301,0.0919388921620062,0.485709331369411
"614",0.924677195847378,0.106744742457767,1.28466546046804
"615",1.21715609942486,2.26225967330264,0.129398368430265
"616",-0.806562957181159,-1.27605704872915,0.798284080395982
"617",-0.283143337452774,-0.453318160001959,0.187245436898316
"618",1.22419955271164,1.74040123121874,0.290015588022767
"619",0.157576664765587,-0.325506413331722,1.3299493670877
"620",-0.891907893754938,-1.35771590157069,0.0196632941960194
"621",1.50672909682376,0.321801640738016,2.28002307383065
"622",1.5194868806463,2.27052087757178,0.760163330403412
"623",0.328718436516407,-0.0335592808744522,-0.0248786161885123
"624",0.505241611684735,-0.22174412108363,1.73915803477887
"625",-0.570346536300191,-1.04975953244318,2.19402633249904
"626",1.34859614415084,0.305259981372145,1.89935415762088
"627",0.32212099145025,-0.175558628085639,0.675257732662593
"628",-0.139198272028855,-0.540661203825045,1.6984633445995
"629",-1.16426138091645,-2.87752757685503,0.198756252311694
"630",0.164449115498362,-0.381127685062976,1.90184176870091
"631",1.14008265399809,0.447148920724401,1.06836489391076
"632",1.05589233773306,0.318782875701578,1.08844755713314
"633",-1.08547491364225,-2.20813567016312,-0.0433963176134428
"634",-0.958876304988221,-1.60253702261584,0.0956294154185851
"635",0.408798326996106,-0.117304132059705,0.624001734005991
"636",1.58719264426234,0.237527675862809,2.73155290598827
"637",1.08368749087878,1.28701983985529,0.169066474670131
"638",1.534307198097,0.887875828106258,1.47533187440779
"639",-0.992520012725575,-1.94455313366909,1.20275592840316
"640",1.06362650606236,0.723025866205756,0.521466685263394
"641",-1.06793670047664,-2.28066836919042,0.981866408206925
"642",2.45324008261107,2.61739237848618,2.608693373566
"643",0.56593259074076,0.103217133135567,0.249766579095262
"644",0.899101450470362,0.575607798157476,0.281093433440006
"645",1.36793373699681,3.41373833817211,0.246677340890282
"646",-0.42633674319651,-0.605497466559496,0.356920940467012
"647",-0.330594234437914,-0.869934471198456,3.11323406816094
"648",0.701181709035571,0.325586315985729,0.133069989695022
"649",-1.01210963760363,-2.0263734370587,1.17427031433555
"650",-0.814481970548229,-1.33616377061567,1.03180331812984
"651",1.12239513755099,0.510256847180029,0.924771488031563
"652",1.02832870960274,0.858278379193141,0.315094630636605
"653",1.4433998852017,0.713939191520019,1.44514802874707
"654",0.996178335764084,0.525947545514972,0.585800436739033
"655",-0.76258776612191,-1.24346106275213,1.19579071378326
"656",0.0345444816903908,-0.374631235268193,1.20224124645077
"657",1.46834104617252,0.830747773930864,1.37652172829344
"658",-0.927261403397106,-1.59513683770004,0.643069979961721
"659",0.0248864431892081,-0.362949144939227,1.05184323475856
"660",1.00634494110389,0.786857038933229,0.324030089005281
"661",1.28752878647567,0.554589980306589,1.27309764203085
"662",-1.09137739004112,-2.28566275553696,0.160724727457275
"663",1.02692836390845,0.377362217448027,0.89772743988257
"664",-0.339629712384758,-0.67910380594691,1.48018582309632
"665",-1.11494309958506,-2.55281258530386,0.802405904612345
"666",1.13084150553086,0.932696986802005,0.49574433814573
"667",1.11248028134588,1.64931977481968,0.0804712689392768
"668",0.841977801641459,0.483499557715113,0.25497352130432
"669",1.85289496444676,1.86287760470083,1.59339949544558
"670",-0.437088316710852,-0.756996990699233,1.31620327026177
"671",0.465957198565222,0.0779640594282954,0.0279315936301468
"672",0.573571527296357,0.184989730904622,0.0646093973435691
"673",0.85794579260767,0.427355287400797,0.376579244525928
"674",-0.83316711108109,-1.31841351601136,0.664698154672465
"675",1.30836331605529,1.65425691943788,0.502840203599159
"676",1.41682626902641,0.891917295243719,1.19676047989382
"677",0.750379456803234,0.195514996915896,0.534344190726205
"678",0.269357603723894,-0.316967408563712,1.75116095089311
"679",1.52176748349867,1.6606332443658,0.962257452741038
"680",1.68121788985508,2.230888106485,1.10941669078113
"681",-0.139026277795979,-0.518173937480933,1.50895852348304
"682",0.536984817113497,-0.169682220985488,1.41433557036151
"683",-0.3083093427946,-0.472475943184765,0.181508927670749
"684",-0.691458781757841,-0.930970714700108,0.197781937958843
"685",1.62343817966724,1.49428818875553,1.25886631793531
"686",1.28210212542262,1.19701031449183,0.662747457642421
"687",0.566658947143521,-0.0489612879274518,0.802399404621703
"688",-0.00675799553946407,-0.320136976218031,0.537038350682585
"689",-1.23321904577707,-3.711996100207,1.14530112325494
"690",-1.19625241261483,-3.24458395684961,0.515799655484942
"691",1.17332839532043,0.28666096066286,1.47403147742952
"692",-0.676850002560831,-1.05189233302224,1.05130863109059
"693",-0.306164619541479,-0.676272960485417,1.70051107425247
"694",1.20426372812767,1.13120153985019,0.526923094007112
"695",-0.874926205065139,-1.34604231625761,0.210511371888182
"696",1.49851590298439,3.07593761735968,0.557618497986179
"697",-0.301949674894099,-0.439978063946107,-0.00682968629407563
"698",1.05108726135243,1.3646270674348,0.0598130405210918
"699",1.26972503144717,3.06228933630962,0.0940811085136803
"700",1.26822288133913,0.482201856482476,1.33647375389883
"701",1.13155088111471,2.02052995853501,0.00824808094046773
"702",1.2373448317639,0.372496625804238,1.45654367515699
"703",-0.624927268648142,-0.925362211727503,0.801569598782187
"704",1.21099048340157,0.680224883120486,0.923101132200478
"705",-0.232454520144369,-0.421432180196186,0.23056068380489
"706",1.16940061982109,0.278335924239031,1.48329565131343
"707",-0.815135051011829,-1.1824731705961,0.183697590547565
"708",-0.735754493237935,-1.00615660107257,0.162686750423926
"709",0.0816986589413965,-0.266638367074443,0.464197311545047
"710",1.98811828543397,2.11501142869796,1.78974831222238
"711",0.347121501533748,-0.163856025169994,0.687681537024137
"712",1.07372754244916,0.736992795780452,0.531779425952174
"713",1.192727323567,1.20232077142676,0.458497892686944
"714",1.38507579394281,1.97451931061879,0.558783291436337
"715",0.99005538008838,1.18779889422673,0.0101339297912739
"716",-1.17028232834669,-2.99236982846487,0.68897746622354
"717",1.337011294481,1.21370925387169,0.776300868291006
"718",-0.740000995411187,-1.14244792044659,0.877015404077463
"719",-0.585263511287574,-0.816754101905057,0.495647784463301
"720",-0.882627829159555,-1.39484713553131,0.343333041195367
"721",1.40413903650024,1.3106072012185,0.870820785714085
"722",0.636719052750222,-0.0180816222894027,0.88763662553383
"723",-0.623380809042824,-0.863002938300421,0.440573515747856
"724",1.217742327982,0.90225517770399,0.722573411574504
"725",-0.760264438383782,-1.17282427526141,0.808288383761074
"726",0.930101083627817,0.667920630948873,0.254999526082629
"727",-1.22463681483651,-3.60415773160871,1.08302164050384
"728",0.160855430507659,-0.269118803267944,0.816003604049708
"729",0.0648301015863725,-0.241591387116001,0.182852028647287
"730",1.44858118326608,2.11672570348256,0.65206848363961
"731",0.817126432982539,0.250792872805002,0.591083378111516
"732",1.32521240272923,1.46902654383076,0.616844601607981
"733",-0.893558785783697,-1.71739137258509,2.03613392930217
"734",-0.936154845732402,-1.77701442277176,1.51372900382948
"735",1.33002683774575,1.20998745361732,0.762824847059269
"736",1.19448184656617,1.28793484598037,0.415774671605668
"737",1.98754398226409,2.0380089064968,1.81491608381156
"738",-0.929097905787865,-1.53847059041046,0.315389590488987
"739",0.447654199293026,-0.129636820807134,0.82880963303558
"740",1.06113623910617,0.89401132069795,0.363378436416597
"741",-0.110315912826628,-0.40408346696702,0.728536574085246
"742",0.615514498961579,0.104007125937686,0.392152721747108
"743",1.39263205372314,0.166067674130786,2.42448908916825
"744",-0.513313573378817,-0.849557489944965,1.3294157267803
"745",0.827289572997673,0.639237354803481,0.0341265686377243
"746",0.726329494134986,-0.193376322159324,2.30997298265648
"747",-1.1956880786609,-3.26922717677908,0.95056165527472
"748",-0.732722459935257,-1.07027904387051,0.546339240787027
"749",0.855390610445709,0.500515282883114,0.266014687174657
"750",-0.789861576757957,-1.46816902277934,2.24762491494701
"751",0.70209211353504,0.0363989207499216,0.871623972879679
"752",1.68040856151839,1.32432639559578,1.47749937498937
"753",0.692188683694938,0.321784245408141,0.115825295128982
"754",0.834845839676747,-0.0531604921887574,1.68950068246871
"755",-0.839073295268487,-1.19460234611546,-0.0542146651556757
"756",1.15078413004781,1.29419316755288,0.315105781302871
"757",0.59545384788279,0.0994038915649954,0.34691129244471
"758",1.16444675784463,0.588168420195612,0.92170860280793
"759",1.65335888800811,2.94831646315425,0.894119544221567
"760",0.187097012205649,-0.245871998338227,0.709152447063699
"761",1.43822050973211,1.8784135541353,0.702276234559194
"762",1.43802562301585,0.300822239968189,2.14955428863119
"763",0.772165204234451,0.136164363893319,0.752537740845146
"764",-1.00501930254032,-2.001460851242,1.21759660692752
"765",1.42480267979331,2.25955606998678,0.564735891611008
"766",-0.566906067401106,-0.77855374238444,0.416257653419875
"767",-0.0874766639143934,-0.357336371597285,0.466445143798317
"768",0.546255749434009,-0.05533241276423,0.766152851226284
"769",-0.809683085940557,-1.28860893725717,0.826522751384668
"770",-0.680386250548162,-0.882544170631188,0.0371325255981515
"771",-0.615038168316805,-0.832744017596702,0.336127044213208
"772",0.590534837317955,0.239491009479207,-0.00450670789880658
"773",-1.10173331749688,-2.56391180813961,1.53647316070438
"774",1.15187853595953,1.75470688261078,0.129611347487212
"775",0.805468732855227,0.105092533732093,0.942727723124843
"776",0.360399989125103,-0.0817456188609395,0.280600428963886
"777",-0.672683217983934,-1.21580912303474,2.18205489673073
"778",1.13471729242083,1.68577664711822,0.11582770895687
"779",0.889023672706754,0.721148526359589,0.103481081964597
"780",0.213370765078982,-0.133946468078873,0.0387342789152189
"781",1.00419479591503,0.46543803051859,0.692683537130986
"782",-0.0276899186808116,-0.336165649387423,0.574913167895341
"783",-0.204382693209694,-0.515689593398084,1.10053645315872
"784",0.297445799185481,-0.365091605997032,2.38588056694256
"785",1.29033406348271,0.222354119148275,1.96076017907816
"786",1.46634687512329,1.03782879985583,1.18917565574439
"787",0.31363868956304,-0.0878786175096397,0.153652694243473
"788",0.210318376152509,-0.249088066477191,0.832234443445277
"789",-0.804378271680585,-1.17236728805817,0.264148765519117
"790",-0.167386421795384,-0.435462923728793,0.679444622717258
"791",-0.38716993624422,-0.736558570538595,1.5579661211559
"792",0.664597673655613,0.14534884793356,0.419352616846433
"793",1.2211313980723,2.02387865903899,0.197056252967771
"794",1.43569609091511,0.793172752356329,1.3380235406948
"795",-0.527256647863777,-0.684247341623852,0.150559472126971
"796",-0.741783104681499,-1.12916854493808,0.778647145815183
"797",-0.373177573409315,-0.530320672671885,0.196718902385802
"798",-0.636623117772721,-0.864277576283258,0.32978677380701
"799",1.16215836009888,2.14069437073726,0.0425403915660826
"800",1.05882841321337,0.443890669866159,0.865862036505
"801",0.951538443597754,0.26543772113166,0.924040559768708
"802",-1.08913595174918,-2.62234183157588,2.69059947297985
"803",1.39059113178125,1.17307083805318,0.922056232212355
"804",-0.896755891997238,-1.44958418886903,0.403585116499951
"805",0.611586326290848,0.0856704279171246,0.435099751219243
"806",0.250836254189995,-0.186855873931803,0.490647367407239
"807",-1.00465931574166,-1.99739178955253,1.20253081322674
"808",1.95266329001211,1.02088323143147,2.31968939568812
"809",-0.790160757089462,-1.26787257540363,0.973414878861004
"810",-0.565592680851876,-0.728911513949027,0.129841798814682
"811",-0.230841560219962,-0.457355556750977,0.502736022140434
"812",1.60927086330564,1.31001138849571,1.32780350326237
"813",1.32154936895205,1.05190293160048,0.847038775436056
"814",0.752391041724848,0.41272169152417,0.12669300885551
"815",-0.394057217152201,-0.578035039222515,0.385544153110354
"816",-0.967804531800085,-1.84004093555279,1.18200990518859
"817",0.419681249963665,-0.0508527862389635,0.336652150652843
"818",-0.935333120379115,-1.57390085313526,0.3845597015942
"819",1.60229963982374,1.52730068694773,1.19651818523056
"820",-0.159041224085082,-0.361306816848423,0.154767233912738
"821",1.58607950597068,0.724021978350958,1.77618000166693
"822",0.711232285107598,0.379022744293861,0.071336012746295
"823",0.843616579761545,0.510467149656897,0.22332346386288
"824",1.6961308924206,1.22603460909481,1.57505080800772
"825",0.847478846051291,0.668902075219191,0.0533248103806117
"826",1.58999121506656,0.878986341316333,1.61435312914452
"827",-0.647220192218105,-1.03786807092929,1.28295073605698
"828",0.664194918600087,-0.122488789678338,1.53226768574127
"829",1.08813583924333,0.763009082491549,0.540918287717405
"830",0.864793996240324,0.287658561382408,0.641967202808226
"831",1.60891018464703,2.25294491711177,0.951930340813239
"832",0.700287565334685,0.280317999868142,0.213600768367843
"833",0.947847261571867,0.320958934327511,0.796748185957952
"834",1.55885234036734,2.36603450955542,0.818689595688551
"835",1.01123392715118,0.403625236334741,0.810476262348132
"836",1.37658172348393,1.73153900096141,0.621276337766181
"837",-0.94391776875272,-1.74506046182994,1.15298397094093
"838",0.165548485632812,-0.429725896116688,2.39500491028905
"839",1.35870568381819,0.76249304004379,1.18730251719508
"840",0.86425577085404,-0.0569504298189381,1.80556134870184
"841",0.883556283128074,-0.144190243983099,2.45339960072287
"842",1.04733259452988,0.877357691219066,0.344288244225034
"843",0.50325224947735,-0.0898654000915268,0.795733972544623
"844",1.36687499559644,1.98352795033472,0.517458651553639
"845",1.32720790069289,1.79662597350309,0.492190471425456
"846",1.1485438761793,1.0706441285412,0.438713930119005
"847",0.131480678792616,-0.215496315770973,0.243781471658078
"848",1.5282045644761,1.58123694907625,1.01010557438659
"849",-0.428817840101137,-0.720930629215038,1.12433957419683
"850",0.309935202981781,-0.284444433268459,1.5951632180968
"851",1.1394275333524,0.393320911792473,1.16123702917416
"852",1.40569844127863,2.18478720354195,0.54360849359335
"853",-0.886742205928885,-1.57005614619183,1.24006810527782
"854",0.462669822770389,-0.117742929161721,0.811024699964299
"855",1.09822913822192,0.377294153078686,1.08391082259405
"856",1.15204467686651,0.765490541079453,0.69102630201918
"857",1.66581572087088,0.491699637827283,2.32570080456248
"858",1.27271412077273,0.791420420138869,0.952717261566855
"859",0.816165485136032,0.246277989682217,0.598393354534017
"860",1.44423821621009,0.791236376246413,1.36035916429593
"861",-1.21349861329996,-3.43075068560823,0.133187434997981
"862",0.390015527778027,-0.124476344114976,0.599505940742562
"863",-0.72929328595145,-1.02554053336423,0.33514975706368
"864",1.5643834578231,4.96099199647897,0.495610313126698
"865",1.60612072736666,1.10080810718095,1.46053192299714
"866",0.22837283694797,-0.224853923533206,0.691289312176131
"867",-0.942164269336042,-1.58823930570593,0.333173687020428
"868",1.28705758237983,2.22482939850198,0.284608407365286
"869",1.23256894571621,0.589451124308169,1.08823642667795
"870",1.51677864261404,1.42235335650064,1.06082881828899
"871",1.22288842037545,1.86276391729333,0.247442564836291
"872",-0.747515074835691,-1.11563189586042,0.634338708917154
"873",1.14196400031949,0.991901596047146,0.477488508194117
"874",-1.0630523431878,-2.10811724579744,0.155339605562811
"875",1.16266906878686,0.480335074862097,1.07203522498127
"876",1.46859252913987,2.09268010542175,0.701008574009057
"877",-0.955251980155495,-1.72005076212474,0.77274093284606
"878",-1.19400989515122,-3.20951401859808,0.391154070499415
"879",0.905500941102622,0.414132946260677,0.519747817416588
"880",1.01804041527167,1.00534645076602,0.182641396466372
"881",-0.903453241672455,-1.54373930723778,0.792522752822542
"882",0.898204213081033,0.591729194789766,0.260030925012105
"883",0.622475024226323,0.211096719499541,0.142814560870208
"884",-0.698622766807567,-1.35605890743084,2.8497799722211
"885",0.721784352293736,-0.173080848267468,2.11248845281307
"886",-0.819790231106747,-1.29156524517453,0.703825195578202
"887",-0.769803905108039,-1.13888729448732,0.502317942097905
"888",-0.700609203153798,-1.24656395879914,2.03302994107238
"889",0.433215234748114,-0.103108437029986,0.630229762233172
"890",0.978025682478555,1.16644723260638,-0.00554791121954613
"891",0.438105765819307,-0.231770579751891,1.57441046442176
"892",0.657384526896529,0.0209813315290907,0.793400243002465
"893",1.09974296348787,1.17062852239061,0.266986225049255
"894",-0.40119857840739,-0.729775393068678,1.39933472356786
"895",-0.338083353858443,-0.569573264494811,0.684440178680078
"896",-0.40471526277535,-0.548413970186377,0.122977921462071
"897",1.89844444274522,2.62849204111965,1.46107260414797
"898",1.22149956364394,1.53799489704738,0.359943531404864
"899",1.56875923010861,1.7818714032273,1.01584649557773
"900",1.2555897008013,2.52810996201886,0.153596090673207
"901",0.14931326776363,-0.382417372271196,1.83971062773221
"902",1.41079487005025,0.507683570354906,1.65440009278589
"903",1.44689755312695,2.04349303719292,0.669339173748426
"904",-0.000696129283749847,-0.443529294447335,1.64050037059735
"905",-0.477204454716357,-0.791038326994801,1.23182242561804
"906",0.972651334004765,0.840961849475548,0.198166997654618
"907",-0.553708911385406,-0.720822069742317,0.172829827434539
"908",-0.981282260006292,-1.71250741810835,0.194722468566933
"909",0.206145422973856,-0.141470485547428,0.0534237560336117
"910",1.32908829837063,2.07585342439759,0.411203346896751
"911",-0.807824316311949,-1.32345144813435,1.05295414367614
"912",1.16980126962503,0.677476870859504,0.826384687735945
"913",-0.505485860074541,-0.863420289854958,1.49528994725826
"914",-0.22969943442092,-0.683062757005975,2.31130906211589
"915",1.95124298492589,1.77692583742856,1.83915983072465
"916",1.14986500423803,0.840292287602654,0.616362707165502
"917",1.53824966199077,0.939079136098519,1.43710813662804
"918",-0.54474760139492,-0.786997272516326,0.649521374581491
"919",1.57023405666797,1.96271051502594,0.95570785252837
"920",1.17350425410024,1.41936329087396,0.305618027860754
"921",1.37415881558325,1.31621873009928,0.801031698897842
"922",-0.549460456278269,-0.929520272782511,1.55009551317033
"923",0.244128307652635,-0.166972762590727,0.336228619539969
"924",0.815105146325687,0.586663171892472,0.0605911703409197
"925",-0.950693703855296,-1.75768314834015,1.08164413496229
"926",0.320035866171275,-0.0761352600705792,0.121716808204169
"927",-1.04117597108236,-2.02769556961083,0.369635793541808
"928",-0.935834244336624,-1.62309917006622,0.632466598613236
"929",-1.12931983306318,-2.54877587705115,0.0727099762835476
"930",2.04765350464331,1.93410827626097,1.98095789884495
"931",0.408554566852909,-0.027544095022952,0.205639228837391
"932",1.63039937745751,0.895651910991337,1.69250113150459
"933",-0.218468169571836,-0.547360460807494,1.26624376518317
"934",1.75085721672623,0.865982263734539,2.00494580366409
"935",-0.383018873899747,-0.577972580171332,0.455961554113134
"936",-0.540280686672003,-0.707837513723083,0.19651053506141
"937",0.135815398322281,-0.441497837087711,2.3555789792687
"938",-1.15062447942741,-2.73968119819466,0.126123705738139
"939",0.359838305044497,-0.236081099097932,1.30724982959617
"940",-0.839705459979294,-1.44057324373016,1.26568635697954
"941",0.809495923222769,0.0911039123918705,0.99998599652981
"942",-0.899857237541796,-1.43278098865812,0.268565746314757
"943",0.64901260136592,0.281792261747074,0.0725802888957103
"944",0.103976022375585,-0.260971601648388,0.506780268203827
"945",1.07904852728979,1.60379135715964,0.0242623335014428
"946",0.505081296957751,-0.0559009936912376,0.63534012448482
"947",1.09813237375666,0.918500088404971,0.430592716342341
"948",0.449194797690468,0.0381728541337905,0.0986296657772451
"949",0.149118351050766,-0.294444275587572,1.00042822562731
"950",0.510688778599738,-0.284615719878367,2.45514240205459
"951",0.256203950083227,-0.399908931790349,2.55383638289809
"952",0.6879904479849,0.185296369323187,0.384597011559997
"953",-0.246689136085933,-0.626248666983245,1.71712970146426
"954",1.39033666889587,0.805910924690564,1.2172296158081
"955",-0.845234065157728,-1.48671541307263,1.45548780568356
"956",1.12174700295326,0.789277692849901,0.596103269199259
"957",2.48024772607043,2.19805679373375,2.79611208512637
"958",1.3040349597556,1.11239766719339,0.765456521307578
"959",0.576300118599427,0.251946249434646,-0.0678503135413212
"960",0.419751564049733,-0.130950346485922,0.739786035846469
"961",-0.825916053557241,-1.1775563655053,0.0255236185322236
"962",0.973483244009346,0.441237547802436,0.651590709565506
"963",-0.341185611901333,-0.56690568203284,0.645853242800452
"964",-0.962795396625061,-1.66529344710733,0.331173861238335
"965",0.884028537040115,0.42550580002455,0.446502070472158
"966",-1.0911730706744,-2.29496254280286,0.21942706016944
"967",1.85243950887405,1.31042318261259,1.86886694407894
"968",1.88818686551801,1.30069783841623,1.95482840436155
"969",-0.854661899906946,-1.40664439816541,0.835139476198602
"970",0.840248656019007,0.677640158508505,0.0271892824476602
"971",0.00137171688012794,-0.278868186781102,0.230526124672525
"972",1.18180187191207,0.537244634249105,1.03450558444778
"973",0.402643316118356,-0.352677877158301,2.75180916740901
"974",-0.719667866677159,-1.23845378704808,1.72778967773954
"975",1.02949630525211,0.927268888362312,0.264163478244485
"976",-1.06066713930353,-2.08128347376842,0.0887334330098597
"977",1.26549001336456,0.164490066135539,2.07021320743023
"978",0.681859186553742,-0.126329047698425,1.61862532735599
"979",0.962067160177664,0.324777807969153,0.826947645229471
"980",0.652027568642936,0.245170178186702,0.15226715359837
"981",-1.03323709124186,-2.07308207686441,0.849535102654977
"982",1.44835949434759,0.897148536750267,1.26568715664596
"983",-0.477301031734913,-0.731379293552382,0.824705791105819
"984",0.994563998711043,0.633488480996009,0.449234646205352
"985",-1.05141859172225,-2.03624211705347,0.126428414015486
"986",-0.351658201224739,-0.4979321351205,0.107728283957636
"987",1.00855988488961,0.670800102924602,0.442512306384892
"988",1.80106309037612,2.08231273328986,1.40586215129156
"989",1.00320113101637,1.04082435296492,0.125434864148278
"990",1.39975446100664,1.41967731687119,0.804231513900606
"991",1.61601458373368,1.38292512952877,1.30092673171104
"992",0.438699388550021,-0.122344604930277,0.755119204635156
"993",1.3100303642892,1.1698386464454,0.742229270224849
"994",0.572741975207421,-0.0272100589202564,0.724798856300187
"995",1.22134843812033,1.37952116285646,0.429769095104878
"996",1.13305307326128,0.349057714801094,1.23031119398227
"997",0.503437792428453,-0.118671778840342,0.956174436024163
"998",-1.06801524480501,-2.23706248041564,0.711351760287055
"999",1.43311456806645,1.16241939952479,1.02498045584326
"1000",-0.169383964409307,-0.368812247870763,0.1610464406898
