"","x_pa","x_child","noisetmp"
"1",2.08281692404828,-0.869239687326196,0.152717303167425
"2",0.894209539751181,-0.598219327857386,1.66187784621998
"3",0.585005847378833,-0.561536660383749,0.503186728896494
"4",0.101298201770497,-0.295184609363015,0.410983784308034
"5",-1.62577906154271,0.965260777735162,0.608183783243475
"6",1.59211431507938,-0.780722874220028,1.20896994777839
"7",0.556733924585129,-0.567756169763384,0.273977704279878
"8",-0.247057303864617,0.438150085952485,1.94491872450975
"9",0.211683049833336,-0.421111365571939,0.0132357693385988
"10",-0.602871574593788,0.481577996985798,0.323291675313839
"11",-0.33540619748335,0.420613202682313,1.16680950781661
"12",0.432781373235392,-0.441758018847732,1.11479970027961
"13",0.797056732365018,-0.66092584590295,0.0835999805945726
"14",1.84288032775896,-0.815769766320227,1.30155587908179
"15",0.678137840744124,-0.500622321174526,1.90126213378935
"16",0.481027962643068,-0.46894765914298,1.09043728762821
"17",0.340255932782057,-0.46430473054593,0.319047114227575
"18",0.782137002575432,-0.610265498330171,0.83047830299833
"19",1.37672469367071,-0.740588488701821,1.25373304197977
"20",-0.46192447758704,0.351061957658329,0.263912464305594
"21",1.22545347321267,-0.713653768016697,1.13896799033632
"22",0.0714507059396634,-0.16894074582944,1.18887840056311
"23",-0.34004961337508,0.31910892463772,0.690586249587494
"24",0.0395512792028639,0.0324492577288568,2.43678704283996
"25",1.67853625046201,-0.754624805440701,2.59475901661685
"26",-0.311806033703348,0.212197906835205,0.377997512562231
"27",0.37438606161517,-0.199401307727474,3.38677115204638
"28",1.02817709058059,-0.718354362112412,0.0882373773130151
"29",-2.09948974949972,0.998087745050639,0.474809525780947
"30",0.541952439562653,-0.543261232921268,0.513248309648232
"31",0.513281384903841,-0.567270227763362,0.0606933346329411
"32",0.25429062693759,-0.333631330743857,1.09231154846043
"33",-0.46013701893634,0.562246416603059,1.11141362735256
"34",1.11783245671143,-0.713168064776031,0.609880155459515
"35",1.12197925356564,-0.738135370958011,0.0880601787094254
"36",-0.599791353376195,0.531746686625735,0.515352633761688
"37",0.492665231883983,-0.526657140964122,0.455385842744865
"38",2.32689646792646,-0.880041849768124,0.832305268426255
"39",1.70305559521134,-0.827967220878945,0.146598751540165
"40",-0.00597415346282362,-0.24771538488289,0.0582444023156791
"41",-1.85835049653874,1.08834998135342,0.83287249354476
"42",-1.49803649261022,1.59074252945208,2.52818236349377
"43",1.78663679961487,-0.828652188073647,0.506474479247494
"44",0.07577563554277,-0.259649092380845,0.519762727244002
"45",-0.658443067122756,0.563534270326569,0.480053497933555
"46",1.6120347458645,-0.785062213295122,1.17255752596369
"47",0.563138367444427,-0.451029717009931,1.83693568825788
"48",1.26189843827667,-0.71780070334136,1.23081814119289
"49",-0.447609819317116,0.511753643052227,0.963586696470972
"50",-1.31114161591066,1.08586158450476,1.20278701902715
"51",-0.908371470358313,0.931039077271227,1.22934498767185
"52",-0.531493428068024,0.421103823822499,0.301272305453834
"53",0.23067474760851,-0.387416272325085,0.434632954577169
"54",0.0637216280329015,-0.318896552648277,-0.0139884116872067
"55",-0.243784914037738,0.240075229490523,0.997702074537479
"56",-1.468853350935,1.08624801427001,1.06868810020904
"57",1.04464976662288,-0.651072734261534,1.52738912993928
"58",2.73460246709287,-0.90263640259112,1.92330749167072
"59",-0.618019930271805,0.620205646364481,0.788065604126832
"60",0.756000572523458,-0.597275447939258,0.897310089135454
"61",-0.83406586724733,0.679515977398942,0.524604249596822
"62",-0.817252267572435,0.668251365557495,0.51610775101526
"63",0.563778224878318,-0.499577042919858,1.20438811318687
"64",0.973584068298832,-0.664503052457404,0.879486012062768
"65",1.25026387008274,-0.752745109888563,0.323358967627765
"66",1.87084463564527,-0.793402464607282,2.37971488884185
"67",1.01384937778666,-0.690813662238989,0.569650222538812
"68",0.606929639462875,-0.589402673250277,0.238941970907856
"69",0.319639941052169,-0.398434188225101,0.877884794333646
"70",-1.11775762172864,0.674914812913889,0.134768613879078
"71",2.35354378507299,-0.892224781816425,0.202246064952816
"72",0.0858527921914892,-0.254803368222528,0.626581119728096
"73",-1.27638940834897,1.0953391474654,1.26540273040252
"74",-0.0840525192127551,-0.142759376787445,0.210178207297293
"75",0.0297175914713251,-0.219622296420634,0.502388831712035
"76",-0.365005833197199,0.436515481154296,1.05952381151303
"77",-1.3681432721887,0.756350781094863,0.1660345088192
"78",0.414794506736808,-0.531685678195535,-0.0135061574510444
"79",-4.10346902000432,1.46858652455282,1.2868451033797
"80",-0.467854586780205,0.350572909064171,0.240344641465487
"81",-0.265814435445042,0.282941746606844,1.02475619989723
"82",0.281626700678894,-0.451682651949603,0.118163304493818
"83",2.26507590025091,-0.887064450834911,0.0698794343692767
"84",0.361207057057918,-0.491661919685136,0.145188539757806
"85",2.81306063434817,-0.920737745291156,0.674563392953859
"86",-0.322503047347043,0.316706557325656,0.784520585142834
"87",1.81968260400396,-0.81066446028436,1.37579061794563
"88",-0.505565821244355,0.706440222570074,1.48738525761582
"89",-0.897793633528198,0.727498348961271,0.579539403164718
"90",1.0519198772781,-0.725860035974628,0.0407000175234511
"91",-0.582802851846137,0.4865795991053,0.396015962114217
"92",0.659779613458831,-0.603927959768549,0.298831975123609
"93",-0.60659908650677,0.896978124917436,1.83142597131167
"94",-0.310115164479837,0.279179539190458,0.69275436079263
"95",-0.406449240629302,0.419454080244606,0.773418966366247
"96",-0.35550340185621,0.320686016080582,0.611575238161967
"97",0.234535732153018,-0.382633247104664,0.502795820162144
"98",-0.947814553261818,0.644556422785086,0.236924199913281
"99",2.27275482808219,-0.88550336939695,0.201404089782565
"100",1.76677221071802,-0.827969568392532,0.437899370947627
"101",1.61856411357639,-0.814092067655156,0.246196116070199
"102",2.82797495866417,-0.923936389633145,0.431010156047872
"103",-1.33573329862289,1.11518552458311,1.26780912104566
"104",-1.02696862713562,0.714750299055693,0.361054832211097
"105",0.453749997164382,-0.495113825026681,0.618210345919566
"106",-3.73054980087761,1.2913787288479,0.879745905638352
"107",-0.0157170000823667,-0.187625549077458,0.407802127164705
"108",0.274944177228063,-0.40855030578963,0.501635227991464
"109",2.223195907642,-0.87258602010825,0.691865710859134
"110",0.419451437759529,-0.519311803952839,0.150936004679528
"111",1.33194525021403,-0.756037761187322,0.620006124881949
"112",-2.03238550878391,1.16605751560869,0.969935555971736
"113",0.104004080427094,-0.269731822472508,0.632735585636552
"114",-1.2886796989052,0.777303911133477,0.291466560271091
"115",1.57817051237113,-0.786293226924651,0.957502829275954
"116",-1.36676948445283,1.1082607193221,1.21875718452402
"117",1.38219849173105,-0.779740713818585,0.222513789348465
"118",-0.961232312889991,0.622307803502567,0.147339009154229
"119",-1.93704458830125,0.958358969914206,0.429575201717377
"120",-3.4288501972616,0.949954799084219,0.0333145042995927
"121",0.687717156405715,-0.625645949652202,0.118644692957989
"122",-0.99651060118952,0.623279738218054,0.106350046945097
"123",-0.596105179725219,1.07484312217732,2.52033188232983
"124",-1.57629672641474,1.21714300458117,1.37180853132047
"125",-0.163304352775885,0.247719317923801,1.83015326667731
"126",0.677924671263403,-0.590186959075471,0.590505477091548
"127",1.65443842811102,-0.79751691370453,0.97542220586752
"128",1.56014551006233,-0.782929196031671,0.97273210726036
"129",-0.0092157085818641,-0.122477753168927,0.906987185924189
"130",1.2071980420726,-0.751398315208039,0.163179879211652
"131",0.253421226654242,-0.395888066223635,0.493419265961447
"132",0.25877664324461,-0.353629448328046,0.930972439680494
"133",-1.25720936657071,1.38478463635074,2.16462833264339
"134",-0.109546466960038,-0.103386414945346,0.264175345367562
"135",0.403383684399728,-0.478660157556752,0.521101150672103
"136",-2.09444075182296,1.5325077173847,1.96194086359431
"137",0.984761452727317,-0.687589092618476,0.492333639375166
"138",1.01277544858878,-0.688973856274073,0.600780996212927
"139",-0.209378758826707,-0.00363562088367624,0.0514989712290182
"140",-0.0878344258748734,0.121059788237031,1.83032874366694
"141",-1.43239905787651,0.74822538132411,0.0964171241050363
"142",-1.57161576528729,0.908648091672115,0.477040420188918
"143",1.24069189488753,-0.755028680818389,0.225356872467873
"144",0.036725419872702,-0.289612760953591,0.0356188940932967
"145",-0.17268755992972,-0.0474860835280042,0.104901662024252
"146",0.529385113919546,-0.539950633391594,0.487938438881127
"147",1.53236124663446,-0.805451206695249,0.140610253793009
"148",0.940500257755169,-0.688763016685599,0.261520875096566
"149",0.791796224818319,-0.642142497587194,0.364346351318455
"150",1.31781068067278,-0.746407011684335,0.80003811991499
"151",0.168654627292309,-0.274103303977718,1.04374573809382
"152",-0.488751742339691,0.414500593428393,0.417156453941401
"153",-0.797914879518674,0.539177883756288,0.114320268666303
"154",1.41047594145899,-0.738658971042792,1.4885690113236
"155",0.248187500436437,-0.431851076997624,0.121045714304718
"156",1.54548738359893,-0.792268384978709,0.608278198611355
"157",0.652717033239326,-0.607856921355453,0.207683219671578
"158",-1.23770402274046,0.684650197152575,0.0531215407755925
"159",0.531759795461931,-0.488422146364348,1.15586363729228
"160",2.12783240293495,-0.869271935918957,0.371342109301917
"161",-0.364122585454218,0.567519814022996,1.62832960335245
"162",1.0106147218454,-0.647886380552641,1.40012222798684
"163",-0.378554359502725,0.309142022708242,0.444182150694934
"164",-1.57354394318964,0.877070952767807,0.383927021161577
"165",0.213427504717368,-0.412563715499269,0.101006515823206
"166",-0.196896536065774,0.0315892111373206,0.338641090995635
"167",2.08558454988116,-0.863592551463635,0.448190795938236
"168",-0.680590717010026,0.489923474499075,0.168354022644485
"169",-0.00363427718713309,-0.206415731056252,0.362841575634331
"170",0.174175052041264,-0.334474293299874,0.556853650334646
"171",0.768249449322921,-0.572309137854955,1.36035240390705
"172",0.531175093741765,-0.567815728541784,0.143483128556257
"173",-0.429565035402032,0.751938318269403,2.02257571043556
"174",0.969678765197102,-0.621103710213412,1.68481987525467
"175",2.11111583968844,-0.869054903892575,0.2992638962096
"176",-1.15744688126137,0.652926201567807,0.0276104243580681
"177",-1.22464794226911,1.00972720455392,1.05774399909798
"178",-0.820457311008101,0.569146167043603,0.177639815862438
"179",0.109536333702527,-0.295719122298029,0.460860741581499
"180",0.982466979603304,-0.689248342018321,0.449421016915479
"181",-0.642298692626204,0.830715127028598,1.47954693662122
"182",-1.11051770396301,0.764344278630209,0.421308563617816
"183",1.50391905073008,-0.757108516591328,1.46935355695743
"184",-1.53754544573585,1.04255795000497,0.890107093136494
"185",0.647331741120174,-0.543401178175942,1.09699741111961
"186",1.24583242214234,-0.741598525344059,0.572229356770708
"187",-0.718131671110586,0.919268466400808,1.58560537537663
"188",1.75859465919154,-0.794908416490732,1.63382016410868
"189",-0.29382767296075,0.602498849242433,2.29859670011879
"190",0.453434865142443,-0.453074198314178,1.11092673763288
"191",-1.90847325301407,1.06844546791382,0.752372859248567
"192",2.02210439204805,-0.818770819448815,2.25361955726476
"193",-0.0706579928256546,0.0186904882113136,1.34080336543578
"194",-0.228102211456644,0.250147847164227,1.18955308807302
"195",0.844606771071166,-0.671317908535951,0.12915136363797
"196",0.191084104390795,-0.372541615413158,0.328177066809065
"197",-1.35607844340861,1.14904037253652,1.35041967096889
"198",-0.881550745919646,1.11432212913573,1.88051274218854
"199",0.25859004881149,-0.338424061431032,1.07542099116228
"200",0.892683157175657,-0.620508832566805,1.25675761120566
"201",-0.306620942632329,0.15166223921223,0.132959688676255
"202",-0.647924354019504,0.503003702437116,0.288637287281519
"203",0.587321305461949,-0.563742814072893,0.485838126896292
"204",0.37350876761584,-0.377376103910542,1.45037270214525
"205",1.54198928142062,-0.783783230917742,0.854745873209398
"206",-1.23005505357748,0.944000426573069,0.851484597809523
"207",-1.4601035402576,0.730433245569355,0.025501528636961
"208",-1.62007376975525,1.10216917413346,1.00809241253877
"209",1.4271455147748,-0.756473116044836,1.07967787854971
"210",1.65401713142288,-0.814542685585889,0.392367309284293
"211",-2.73074693402263,1.29450497486189,1.08378540644205
"212",-0.424558267407988,0.262477727013853,0.0488758236530852
"213",-0.557536940287894,0.736620705220572,1.40626635323546
"214",0.813749687923522,-0.623417440087643,0.781991888963165
"215",1.53066821115314,-0.800526605485221,0.284468736044362
"216",-1.7582017199871,0.981767975996458,0.581153213027616
"217",-1.85282720267467,1.55339039629503,2.15241866989491
"218",-1.8863139920676,0.889254201966591,0.256957340120532
"219",-1.67500298141231,1.29810254911057,1.53763385970273
"220",-0.31942307374032,0.270981191658698,0.597892264137355
"221",-0.702094032098171,0.592413354479457,0.482234005443598
"222",0.332600921058334,-0.458646178746325,0.334730798573198
"223",-1.29108645840842,1.31961582306849,1.92872382567094
"224",-0.429542580914039,0.628364630227015,1.51947446489932
"225",1.41440547407219,-0.774493648484369,0.512931790072049
"226",0.803146654394688,-0.616696661807543,0.837110450375012
"227",2.24380855885043,-0.873805884694903,0.735702126051504
"228",-2.34241370450397,1.90057643496206,2.86094464771619
"229",-0.0852792303868918,-0.00363441279216919,1.0732600341012
"230",1.47144437870017,-0.784806593127022,0.484640105803871
"231",-0.321591659560206,0.45746573617631,1.4223186644418
"232",-0.302529247322789,0.221254173984186,0.476164135342383
"233",1.28838288362816,-0.747324120878856,0.634119156442724
"234",-0.335702721656588,0.338885880677758,0.803292834596912
"235",-0.216936447284656,0.0348694069517679,0.189682918727442
"236",0.572718998639269,-0.563134336534979,0.41732547716438
"237",1.34836577831314,-0.76019980647568,0.589218707851566
"238",-1.04094444464637,0.606324023218952,0.000877410329389594
"239",0.180382898009695,-0.205606460040575,1.7271711312379
"240",0.0179854810130246,-0.256741062759971,0.153108791194759
"241",0.493744551659475,-0.497595616237329,0.817144550050038
"242",1.49477541359665,-0.788202823269203,0.493040263144386
"243",1.02866850757637,-0.677468924195307,0.909034519752993
"244",0.416598328692289,-0.44974119022652,0.924197691051776
"245",0.0867577933555257,-0.0453657233661627,2.27638417120083
"246",-0.309163400111496,0.352782135110216,1.03390582027575
"247",0.0227166113422653,-0.201515090545197,0.584489611524998
"248",0.645433511624461,-0.591280280345318,0.407150671494577
"249",0.120822388173182,-0.285139067673602,0.621961720981262
"250",1.40822444754745,-0.743752982079481,1.33518556917452
"251",-0.932491443312152,1.10428735850413,1.75249342042599
"252",-1.54742246487541,0.928052344687607,0.548981061246599
"253",-1.61061701010992,1.56691566888348,2.36146377693817
"254",1.47642234312419,-0.803936081354392,-0.0532518549745471
"255",0.598794120151322,-0.559117072947928,0.609242341481332
"256",1.02733430326198,-0.675428414541264,0.943002325314881
"257",-0.40140374534161,0.463479072921533,0.980871576360862
"258",0.746097769551597,-0.584341569153348,1.04547062506188
"259",1.45076310837739,-0.786734886032168,0.334017056277688
"260",-0.470343058159199,0.59051647059192,1.18006685767551
"261",0.731750490528034,-0.540874410187594,1.63429705950878
"262",2.41433558042287,-0.89709186802703,0.201471278560316
"263",-0.75531180267542,0.527657956305986,0.150544803976661
"264",1.12617782944843,-0.741906030350245,0.0243060853230195
"265",0.865196719502753,-0.622303895121457,1.07443690140091
"266",-0.752101712560584,0.925724177611759,1.52470279424791
"267",0.900116801392395,-0.541054037212245,2.71946176128032
"268",-0.743249380958777,0.632896681016383,0.536066258769241
"269",0.34950119007258,-0.447206503010355,0.551985872600654
"270",2.05018263966949,-0.866786910302227,0.118927862275518
"271",-1.16974755570754,1.00857494577664,1.11360452452208
"272",0.259923198002038,-0.333739606665505,1.12931173230272
"273",-0.594073274666306,0.38726839598349,-6.62623666783518e-05
"274",1.53304922466734,-0.800750855265523,0.28826691841655
"275",3.61958662748245,-0.965075958251396,1.6986198227877
"276",1.0929326039651,-0.715164843739497,0.448751375177592
"277",-1.9940728089431,1.18111474539519,1.02915962556115
"278",-1.34350835069392,1.19938812213604,1.51309016092005
"279",0.355727618369234,-0.378063671719354,1.32400175631367
"280",-0.675862735817253,0.640197562955677,0.71071097327278
"281",-1.03780911672009,0.829127548920053,0.710538056426298
"282",-1.76897803959199,1.29889818643315,1.48025783240185
"283",-0.233840998758104,0.228606613022706,1.02802612161268
"284",1.09902645356674,-0.693624509110329,0.935742952703442
"285",1.69022161076617,-0.794356899202911,1.27301250298039
"286",-0.190827483494353,0.0227535093267403,0.341782735467717
"287",0.790743951487527,-0.640238732290357,0.39010550890646
"288",1.01240724990991,-0.70569212744199,0.268944095850047
"289",1.80502809998928,-0.842650909063477,0.0512468578534879
"290",2.88335993651793,-0.923916819184494,0.860545096012779
"291",0.315774512050237,-0.406094245665901,0.775499200598585
"292",1.1997199748044,-0.715128589558546,0.971612448530521
"293",-0.124486745187331,-0.0567844942039306,0.428355091491433
"294",0.0795102535675039,-0.279143927805347,0.393598518842993
"295",-1.27171193286686,0.723182703081847,0.141709808383976
"296",0.577307406705378,-0.548071305332179,0.641519544455127
"297",-0.266925152495343,0.449800986612649,1.81550528826359
"298",-0.174579333664618,0.259951457110306,1.78185817992788
"299",1.83600324994872,-0.825737581999683,0.865519376502192
"300",-0.366998682206383,0.206727809948128,0.0620110633051673
"301",-1.10475252159616,0.817931012820086,0.595046783759536
"302",-0.999218232006162,0.754255066478692,0.521895135831655
"303",1.59737830495434,-0.796163456406144,0.734982787844269
"304",1.19898460231917,-0.726453290456974,0.70536520939437
"305",1.26543552342057,-0.716439719238175,1.28295294068763
"306",-1.12508409579115,0.660243129948789,0.0816932616933533
"307",0.171757070803423,-0.366998140593269,0.258869151534266
"308",0.702706572724202,-0.60129307938383,0.554774861144003
"309",-0.820813932000745,0.587390496189214,0.238315588885595
"310",1.29784221148943,-0.739518989450753,0.876309205356668
"311",1.38345927823423,-0.755815035615556,0.87671267576289
"312",-0.803973381255421,0.650851018478767,0.481147532158094
"313",1.3268445380623,-0.708925386942402,1.81316064604513
"314",-2.14726326962222,0.923753101817567,0.251227330150394
"315",0.0918874240986385,-0.302307472512275,0.293130439281967
"316",-0.437786688159412,0.53095116431027,1.08467894672555
"317",0.39530381138365,-0.481292902702351,0.446090244374989
"318",-0.568262595947801,0.405608557885798,0.135687907311083
"319",0.121116843638757,-0.288700892323272,0.59480533629547
"320",0.477654391599013,-0.502821429732544,0.661712872239111
"321",-0.905045341106905,0.577337074385346,0.0765331416297391
"322",-0.381413808571852,0.274497140629217,0.283597522940899
"323",2.4689867917744,-0.902992938402867,0.078644782317154
"324",-1.15260952815992,0.821919397825189,0.555350107968741
"325",-0.767707350798207,0.689666538806887,0.681677138470048
"326",0.0887033659829036,-0.221052141798917,0.911747868472743
"327",0.96183226371052,-0.612715743179457,1.79745052655548
"328",-0.316081375372157,0.218918432472743,0.383069989770676
"329",1.41677806452823,-0.758866443844869,0.959792975068144
"330",-1.13518017799836,1.09649269514038,1.42673314812707
"331",-1.54166718054464,0.914330028797953,0.512632139877331
"332",-0.063695088733096,-0.0899452519341788,0.700323670182706
"333",0.593142330503988,-0.441956615314022,2.15981272636249
"334",-0.517402552006632,0.794253581436253,1.7772026852141
"335",1.0541965775677,-0.727801040532961,0.0109076761266737
"336",-0.151510702694443,0.185078705206387,1.59493716978759
"337",-0.697934930252272,0.643483189330186,0.670576934674645
"338",-1.00684392171677,0.978245079602315,1.22698161957827
"339",-2.29361858036358,1.03828093999064,0.517372125935405
"340",-2.03162286723938,1.1329090529394,0.8777318775711
"341",0.0324341518198167,-0.223012445497121,0.496607529984995
"342",0.192018093539876,-0.385823884091873,0.215817590194797
"343",-0.536845167137185,0.601282532841361,0.968057778124136
"344",-0.70678323303654,0.558347546132721,0.352921359118077
"345",-0.552070536122798,0.75225028101485,1.48438769097
"346",-2.23311626735704,1.02232569610208,0.493747242640788
"347",-0.177269861365175,0.216877871111166,1.51805975018626
"348",-2.05367537855895,1.3341838517908,1.42930015260538
"349",3.16385541501479,-0.939755076512368,1.23509449814138
"350",1.78909719343252,-0.814513776482681,1.06031829253819
"351",0.850096553766609,-0.606121791518129,1.26986775328298
"352",0.127632110333135,-0.304517865186533,0.508116596772363
"353",-0.803937756640055,0.5786200514252,0.237338661876798
"354",1.11038937411215,-0.73058409978749,0.199901934403237
"355",-0.329383545868115,0.260378131700922,0.491679672054417
"356",-0.0145102130098391,-0.0992762733427636,1.02605192163746
"357",-0.590550461228617,0.420819731775209,0.132428529534989
"358",-1.98529590129983,0.874894624665709,0.175369761178256
"359",0.104702729429173,-0.348823108379765,0.00312356454007849
"360",-1.24918894291008,0.974375495507742,0.925138043973624
"361",0.388833414200115,-0.491848237589993,0.293518804180731
"362",2.29064020551537,-0.864779878890915,1.55352006581909
"363",-1.37019425139884,0.925781913535857,0.670627832216013
"364",-0.496675306752837,0.382243521677832,0.26421188784645
"365",0.542027987301644,-0.579858334721626,0.0436558406073543
"366",-0.0163372534551656,0.033789047032458,1.92750154724029
"367",0.0139355934405443,-0.0580766730731534,1.54894824019001
"368",0.805663903509908,-0.661488939359937,0.114083845679903
"369",3.52274350028269,-0.959777785762934,1.63172354855396
"370",1.74900379298666,-0.806425997854957,1.15247091009566
"371",-0.976477264985738,0.839044808574489,0.824790551920889
"372",-0.827207166459658,0.777785529988569,0.865776787239084
"373",-0.950683922887119,0.768572042221674,0.63439902396102
"374",0.568849206968654,-0.549567973106501,0.575943989983195
"375",-1.5196032264806,0.807852626848127,0.21522032880981
"376",-0.396818207358151,0.25582645964623,0.135736224109676
"377",-1.19360579891714,0.704803661257693,0.153843308928777
"378",0.891257312465317,-0.657745603984185,0.587953196868024
"379",1.13825890146545,-0.684949167742179,1.33008655638349
"380",-2.07565903351446,0.962501045805984,0.384917107412618
"381",-0.79312488788879,0.611322321010963,0.366942764949908
"382",0.975497199090391,-0.594220669510683,2.23284443196512
"383",-0.345050334131374,0.542501404550708,1.64142801344848
"384",-3.80017894623708,0.965736069770591,0.0255350779831271
"385",0.15872589503352,-0.308172022198514,0.682811597115488
"386",-1.51588021074498,1.09706293597968,1.06508873614602
"387",-1.03630483833888,1.25785645869379,2.07176500985608
"388",0.216467077777433,-0.327281204256989,0.898045239768181
"389",0.52343272493614,-0.508060398106064,0.858165312706077
"390",-2.23895451502446,1.00695012485094,0.449430500069158
"391",-0.268412212264097,0.554336698231226,2.30221059752115
"392",-0.0985970695185069,0.256112629278812,2.55827838487512
"393",-2.35124583269616,1.03455591204806,0.488761107025186
"394",-0.56919627768343,0.560241513305969,0.709061157991429
"395",0.467224671316267,-0.504049790116166,0.588272568929416
"396",1.5646590238542,-0.76798039247403,1.46828881180734
"397",-1.13415076695146,1.49684878133893,2.67179948405169
"398",-0.259739670810247,0.457597161913784,1.91852471235219
"399",-0.961270024421154,0.781713154469319,0.661747001017443
"400",0.131504088431562,-0.298926782161268,0.579880599688734
"401",0.591989983659163,-0.45333090423629,1.9986052936544
"402",0.0664918983988925,-0.212169498360606,0.820078664539112
"403",0.900093229378546,-0.646043186458404,0.841256636174796
"404",-1.66954566519826,1.03599184508339,0.786215186137059
"405",-0.95506106531331,0.581580481262354,0.023702953369548
"406",0.263453570830437,-0.249746325551567,1.9622102943827
"407",-0.248066299462876,0.193277284873432,0.731266063443923
"408",-0.17095822459885,0.107648287605523,0.97663572960746
"409",-0.171859257100142,0.0760151517770778,0.793690678406991
"410",-0.934748576781645,1.05221353591633,1.5792926116808
"411",-1.72913048951607,1.06423237210741,0.832810026389249
"412",0.539932759578347,-0.583219455256372,-0.00971956475034321
"413",0.708818247744043,-0.541589083979009,1.48459445632285
"414",0.65245919411572,-0.468320944437248,2.19824295645516
"415",-1.65370977007474,1.39018148318987,1.81771726014244
"416",-1.03478909824874,0.887884595309362,0.90074534628021
"417",2.15697974484777,-0.84951445205603,1.57623013620312
"418",-1.77590888421236,0.934938971318029,0.438430770090744
"419",-0.627490460643848,0.452100441647012,0.154092237030062
"420",0.532457456134863,-0.581582245980693,-0.0252089813970967
"421",-1.54215726355474,0.795650047595463,0.165611516958084
"422",0.789752960796395,-0.659690263227157,0.0700789769563996
"423",0.931332374532055,-0.67118942809358,0.542368604418639
"424",2.11731184524116,-0.865169435471538,0.52998781591093
"425",1.27370257620271,-0.728735302916525,1.02350798539566
"426",0.66901644079749,-0.543148221497404,1.2261090691526
"427",-0.38849708512986,0.327454670347366,0.473960291487008
"428",-1.38815873295152,0.869560687412176,0.488741588525488
"429",-1.18473415130826,0.812788384687156,0.494379757203905
"430",0.0707737452768745,-0.298248044668478,0.188735628195845
"431",1.16534380580426,-0.728964482680832,0.487225999080782
"432",1.73480075233626,-0.823194823305049,0.464032512107307
"433",2.18587253700772,-0.868505908281269,0.715944950878698
"434",2.14329987387507,-0.868403345451319,0.495661217337228
"435",-0.928898440457397,0.857603265591504,0.956091107864759
"436",0.796561073885607,-0.589052204702631,1.25313525337697
"437",0.86168962640905,-0.652299934044193,0.536902703095263
"438",0.151145918807466,-0.227243951797232,1.31861727305402
"439",-0.549235386932866,0.702188063207164,1.30614517671287
"440",-0.302794276269508,0.124047753033055,0.0287489574326981
"441",-2.54314303885581,1.16677276976488,0.791159720875524
"442",-1.05322481157264,0.837508395182904,0.717660044435693
"443",0.830036108837809,-0.657952723384753,0.287095894566644
"444",-0.00656550032944127,-0.051334980035433,1.42362533187553
"445",0.686954509076944,-0.584375830460297,0.723458000895991
"446",0.0225642805757539,-0.260476738204958,0.156454027318116
"447",1.56811651729804,-0.797040063864879,0.565983024960737
"448",0.201048838019539,-0.2949816929909,1.08582033071019
"449",-2.19340145813277,1.02882980739588,0.525504827381723
"450",0.704120730354386,-0.631195516373566,0.114121303534574
"451",0.261395714970561,-0.351843560815407,0.96529783442175
"452",-1.48952838055768,0.8593255448003,0.385773424777983
"453",-1.53894208646273,1.18340735616587,1.30076049998604
"454",-0.178421320253395,0.0375117264350612,0.52543885360693
"455",0.444700274251107,-0.479254548294661,0.751996666178466
"456",-0.273938037055545,0.202579017471231,0.580148310285418
"457",1.01675327321662,-0.710965495804766,0.184401716464428
"458",-0.178528933890385,0.110895369110289,0.925885875908434
"459",-1.03682501354342,0.681021631805582,0.242266551603067
"460",-0.712536299271809,0.581923696423341,0.423078710257984
"461",1.19479347436786,-0.723100110664777,0.762452192721539
"462",-0.212391390514923,0.309486273135273,1.65214424759055
"463",-1.31119728580505,0.894694088385844,0.626688742246632
"464",0.285928451945703,-0.446786355886926,0.190546586087057
"465",2.90101514129305,-0.92770000241976,0.541336240279731
"466",-0.844066521526768,0.857821204713138,1.10203393360532
"467",-0.709220637085447,0.666818482125416,0.726682773617374
"468",0.9064784944969,-0.67690299644986,0.319238113592675
"469",0.419333349903457,-0.403685355084591,1.46410534496208
"470",-1.80605679314038,1.41525045298352,1.78912955565104
"471",-1.78363977912027,0.948711375554429,0.473795535008164
"472",-0.35323829034883,0.538083696712444,1.56918156323506
"473",-0.374618999927189,0.254752814147571,0.231601862668963
"474",-1.97500033106687,1.40191953138341,1.65698295595445
"475",-0.68057663394721,0.509589259744952,0.23788142408949
"476",2.67106055453216,-0.917807642682454,0.0179117787813692
"477",1.29120523752125,-0.668244723025524,2.63022812259834
"478",0.408089465008608,-0.460469433289572,0.752213724493929
"479",-1.02862901014655,0.608282098809024,0.0208961708537865
"480",1.55965868905018,-0.787153258343929,0.837291074865426
"481",-0.701678825201462,0.744516172386938,1.01605017885738
"482",-0.576076826015918,0.661678640101915,1.06474241613355
"483",1.45023602950253,-0.785570064645403,0.365051092838642
"484",2.33461899339089,-0.894738313453029,-0.0557113588321915
"485",0.089995946851915,-0.144018085710445,1.52802246595924
"486",-0.384948808684166,0.408384135739701,0.832690266952364
"487",0.38346565391391,-0.487840000171106,0.308008859994881
"488",0.782737436147452,-0.618882650939745,0.694918472884386
"489",-0.531174548570516,0.386023513278468,0.168798773233434
"490",0.556249710012237,-0.550034707327248,0.50225891487291
"491",1.18803452015507,-0.752705366683822,0.0494512472963983
"492",1.34742797003212,-0.739962002830382,1.11693183386446
"493",0.339588502732211,-0.435814706348898,0.613214413939441
"494",-0.464972506971549,0.456253112463302,0.670177216969548
"495",-0.104334001739404,-0.0528793867239449,0.611641877699396
"496",-0.544133540002742,0.661107412554773,1.16915695420548
"497",0.0490212909284159,-0.193849022184867,0.831567139896439
"498",0.541557152875943,-0.46664837488028,1.49457308584506
"499",-0.940614189751563,0.668625542886056,0.324740385424181
"500",0.59879745280282,-0.59489980741262,0.123823743768106
"501",-0.337899856200109,0.60689802285925,1.97360553131394
"502",-0.953904944893128,0.604324620660809,0.0987151258969454
"503",2.2241339800277,-0.865375557604704,1.10778368957936
"504",0.557681444141946,-0.575513806947635,0.177671425979292
"505",-0.978759983934155,0.754705741982623,0.550525898961746
"506",-0.206970891711149,0.0044101279790087,0.112820618939994
"507",-0.341084631743752,0.310532507889916,0.646913155766885
"508",-0.557032871298233,0.920089840678169,2.09588709067698
"509",-0.269586066405435,0.483012601613825,1.9505149163228
"510",1.50813982013764,-0.80636501118651,0.00843971283951095
"511",0.246353432476487,-0.378936303564208,0.610729619438342
"512",-0.61235863166248,0.581082887037345,0.661263066500743
"513",2.06542787856463,-0.861004525533795,0.474798462261692
"514",-2.41348232706381,1.14810168245586,0.779271594303536
"515",-0.799801058309199,0.846230936470516,1.14924151476075
"516",2.15021652064772,-0.859687872422501,0.994282240426895
"517",-0.989575828543238,0.622954195227267,0.113759511337312
"518",1.61146920967109,-0.797969671878044,0.744927786283705
"519",-1.99445709094177,1.11795384442243,0.852174280786894
"520",-1.61574612503297,0.782444876656279,0.0846168761758499
"521",-1.25068653996285,0.844537962309758,0.528634426757767
"522",-1.34495077249738,0.799445469361926,0.312656535214562
"523",0.195909339431929,-0.238127155828044,1.55785509094858
"524",-2.15098867588731,1.16242562428736,0.910678794952238
"525",1.34024463978027,-0.675338117469096,2.76878764253981
"526",0.701443401878481,-0.560641479022311,1.15572581687201
"527",-0.260066294802387,0.228352576143217,0.807003336421222
"528",2.20731946223858,-0.85938993852913,1.34531708619245
"529",2.07107013936735,-0.85590760915748,0.754691359679785
"530",2.08861095328471,-0.83425662707723,1.93393049635972
"531",0.524124974665216,-0.490762359040253,1.0804405471326
"532",1.45259993213888,-0.775005824385465,0.679471665482478
"533",1.53731212125979,-0.79962518617511,0.342222656815124
"534",-1.83780860163567,0.956026026497341,0.468064980153675
"535",2.55276315394104,-0.908376516186696,0.13307295860902
"536",0.344861716377055,-0.360086465778103,1.44098584995655
"537",0.598601569826814,-0.589320192365439,0.198543824709453
"538",1.95170064961719,-0.852076203290902,0.333051780970856
"539",-0.156532247487547,0.169366462552312,1.45688139562848
"540",-2.14809809748588,1.09518442622453,0.725625349564745
"541",-0.441841908041939,0.461604903546117,0.786552629695103
"542",0.859272100453751,-0.609982670729265,1.25492710989407
"543",-0.243658211955796,0.0539210548354655,0.0779271670806733
"544",-0.01082735983928,-0.0545383134507703,1.3655621140923
"545",-0.793384806832534,0.613152915850335,0.372678386845571
"546",-2.13972963498409,1.89404803938926,2.94210101121868
"547",-1.05144326728647,0.766685772821762,0.496082344636522
"548",0.989864259603791,-0.673373976146948,0.792031578213169
"549",-1.85066309748718,1.12553431286013,0.942033270447784
"550",0.0897922037825432,-0.233576291948907,0.820975271038375
"551",0.0744945458323858,-0.214317092936287,0.861455885511041
"552",1.1765997463976,-0.709630606534681,0.979945157559627
"553",1.35275117684517,-0.761411436002717,0.578018035584066
"554",0.999250923614309,-0.662991533196801,1.04228433868883
"555",1.30687049140255,-0.749021518467248,0.680057283692124
"556",-0.531443312089374,0.414213329090869,0.275217032771562
"557",3.62813043925649,-0.965881595119141,1.37746283289019
"558",-0.818564976445275,0.640709611426055,0.421242828758703
"559",-0.40597998590903,0.587303617267776,1.47205484504958
"560",3.00215551835223,-0.927002875804416,1.54458761373405
"561",-1.01561795183298,0.634997879088789,0.120920765621666
"562",-1.34310916091737,0.783668306874653,0.266785007068562
"563",1.02441803262284,-0.715505515156355,0.128485097624529
"564",-0.0402738928652288,-0.105526383266697,0.780948209699447
"565",-0.856933541405075,0.949709094029886,1.3835256974056
"566",0.322222703358639,-0.373838066815642,1.14664324748557
"567",-1.69773266060888,0.914267860944557,0.420064080753779
"568",0.483668077731605,-0.494423030467563,0.797608311581496
"569",-1.7417716252777,0.832245643179936,0.162192704841769
"570",-0.019583479799061,-0.205651156896655,0.256670003454277
"571",-0.265579595255549,0.144444133978213,0.361821247922895
"572",1.93462387659263,-0.850312236226926,0.329104280618796
"573",-0.976091306262061,1.01597175054426,1.39425257236559
"574",-1.69294345351653,1.72552841738347,2.75415454249145
"575",0.959578718402789,-0.67258982211565,0.655335758809833
"576",0.471341536812946,-0.414554101900433,1.68320026968182
"577",-2.24638761766932,1.63053432720771,2.16279441569947
"578",0.346444140583839,-0.49107519060548,0.0720057649252145
"579",-0.900071006575127,0.770319934173828,0.716459934812357
"580",-0.207114129940016,-0.000641811035360169,0.0852355420209501
"581",-1.22825610374269,0.769867170450726,0.321474152199116
"582",-0.685601736574475,1.10807613812762,2.33756270312574
"583",2.10560559593905,-0.856813809958238,0.89549075614702
"584",-0.0546959077571741,0.164381521085321,2.43380175214528
"585",2.6966580914115,-0.914500602100835,0.487204745426139
"586",-0.48250993350138,0.386475004243735,0.3295141786482
"587",0.307112788421542,-0.424454032441112,0.536543770664499
"588",1.12072931818314,-0.62806168922556,2.46882771896016
"589",0.0260595187498065,-0.198052875407194,0.633628102276067
"590",2.83640139922139,-0.922147066361377,0.694706102601777
"591",-1.46080858836409,1.25463196118029,1.57177972396395
"592",0.786271143268448,-0.616245772594814,0.755817799673902
"593",-0.363380820280646,0.435992009002962,1.06646179848266
"594",0.804530592157426,-0.549612261496808,1.9460688867122
"595",-1.4183797680168,1.27914411550923,1.6813237955307
"596",0.426055560288295,-0.451027774027724,0.96700736876559
"597",0.964701712367581,-0.702442560930604,0.115503872280877
"598",2.96077047008261,-0.922757060025346,1.71323074256372
"599",0.302250207792637,-0.448452688263981,0.266456476749839
"600",-1.87995475247587,1.6617201002065,2.44198961140693
"601",-1.29870794380252,0.853571965602367,0.51341367147622
"602",-0.762329005916346,0.930280942071012,1.51646016517147
"603",-0.412257133106103,0.521977135344925,1.16944797618155
"604",-0.849138742989969,0.663959838962089,0.447357530327449
"605",0.113079033440663,-0.262812730342876,0.750839038674641
"606",0.568195321370756,-0.586435212815804,0.0867737184807091
"607",-1.17350492864991,1.00740057971592,1.10575861996677
"608",-1.314789088301,0.683703937223918,-0.0118320000033704
"609",-1.32340145556954,0.954207176062769,0.795238721607271
"610",-0.718503396772619,0.56474188166979,0.350721086376215
"611",-0.9395861819573,1.03318360401459,1.50924427665079
"612",0.278182073290145,-0.328280041395036,1.30688763459967
"613",-2.04246590775626,1.42431786508329,1.68593572793619
"614",-0.92872690109138,0.661643174215865,0.318609165315004
"615",-0.545785128291414,0.348464437763253,-0.0160996224264702
"616",-0.0126810299717677,-0.115473000949763,0.928570175425759
"617",-2.79998978514732,1.21756089063541,0.860022336445902
"618",0.0538257102884355,-0.235884948490258,0.550158824082114
"619",0.881312344005657,-0.685321262258245,0.0536707706767643
"620",0.742701227625932,-0.621422615388726,0.451067049191191
"621",-0.600553732547759,0.545148350156995,0.562380938317968
"622",-0.911478074678889,0.793794407282597,0.775338608497492
"623",0.121290025080912,-0.318740631421397,0.350163227996411
"624",0.511322986673085,-0.523631413860374,0.594743655663954
"625",0.499944889744078,-0.491432894183097,0.928952279259089
"626",0.716739717298068,-0.628389357493992,0.216724802834965
"627",-0.832226128181756,0.539114003820807,0.0579978440078887
"628",-0.945064260602678,0.726865111580029,0.507358585257938
"629",-0.597136368621443,0.721742241323361,1.22016125991176
"630",1.04374448097558,-0.681995800395028,0.894968449201472
"631",-1.42195604171076,1.1675938198959,1.34727619672416
"632",-0.295487328300892,0.345758570455902,1.09696370317722
"633",-0.829805661576356,0.556451794527773,0.119877515349195
"634",-0.186127608377924,0.325427264169538,2.01691426390069
"635",1.00427716243713,-0.661799637663756,1.09217163460889
"636",-2.32432465383513,1.13605974633285,0.775247006125895
"637",0.509814546667896,-0.435704355778067,1.68050981184729
"638",-2.24546844221749,1.28312763826416,1.20721628752385
"639",-0.224960431876162,0.0602894395914784,0.253819989399961
"640",1.03164406743531,-0.680639880805089,0.860660742999791
"641",-1.33988975936622,0.861587670304877,0.503073282489525
"642",-0.356004804932705,0.195600162878525,0.0663874976177629
"643",-0.712318127470452,0.726933784962832,0.929466846611722
"644",1.06136577063528,-0.710362426128533,0.401267424825076
"645",-1.10666702713329,0.803744231893983,0.548572998291099
"646",0.372848550947846,-0.37317378669599,1.49143920049548
"647",1.15289548727676,-0.731302886584802,0.376981353379607
"648",2.80166183270589,-0.918024819395115,0.882678610327621
"649",0.240104909922559,-0.268422675718286,1.60907560910554
"650",1.28189336759705,-0.76336181456141,0.204255670970027
"651",-1.0627230016459,0.938272737396081,1.02357078385414
"652",-0.331151237227999,0.342234653470109,0.845489494631969
"653",-0.63498674657905,0.697807332460751,1.02203126071407
"654",0.5477814675787,-0.481998747959112,1.33583048051002
"655",0.308009689445488,-0.268448338677222,2.11917927520697
"656",0.37126752772157,-0.464676230609015,0.491430488993867
"657",-1.76509826001749,0.897047497029629,0.335761123712469
"658",1.09516890919028,-0.726778615545626,0.21295919730573
"659",0.807892251588282,-0.562801584291675,1.74995080388644
"660",-0.574154823268564,0.451589617579829,0.290452683241895
"661",0.246716548548328,-0.428210719619004,0.147104553138371
"662",0.585812820348598,-0.520209351907011,1.06117522430202
"663",0.311635798669671,-0.366674050002453,1.15001106119465
"664",0.58261897151821,-0.519153807729947,1.05669643871941
"665",-1.84171317322011,1.15308884139285,1.02473448885775
"666",0.604336771725398,-0.53863135310263,0.918423597764191
"667",-2.19632992917264,1.28956756969174,1.24417552588373
"668",-1.09417859930494,0.745262118855161,0.37953208419596
"669",0.747427428389548,-0.619612765233567,0.502960749443961
"670",1.83389166481576,-0.819917504560296,1.08670514336518
"671",-0.366941025102977,0.427162193956071,1.00850689674383
"672",-1.658442983363,1.14739589856083,1.11415090801881
"673",-0.265392127868277,0.122244279330768,0.256557573951526
"674",-0.59855691469436,0.487195659680284,0.355304368319819
"675",0.0886243493843974,-0.165697975675138,1.34656159715673
"676",-0.605079325517999,0.560407040987028,0.605765831221555
"677",0.878230914027374,-0.605486269973235,1.44045784790365
"678",2.39147072320536,-0.893852770629989,0.297936709167385
"679",-1.14178676939577,0.819351417775179,0.558834107091807
"680",-0.282883064300346,0.178330356841161,0.404080323774794
"681",-0.355051936622587,0.26788012770688,0.384781318174339
"682",-1.43596574549689,0.768441896660372,0.153855560983451
"683",-1.27942270737758,0.91906840165612,0.728557559130282
"684",3.76077010313414,-0.972589643581799,1.35307972132418
"685",0.0595432455764815,-0.240901669300533,0.551925055367896
"686",-0.990558738862564,0.586362089913003,-0.00469575773150675
"687",0.763534230869837,-0.627037656103794,0.467161015064987
"688",0.100427388107783,-0.0364592970067573,2.46973667471304
"689",-1.65502293335563,0.964754959384065,0.589393844464667
"690",1.34673834657716,-0.718953460357507,1.66545494249227
"691",1.60451604438358,-0.790753357436881,0.946945159566771
"692",-1.48770229597091,1.23431335418163,1.48970138934573
"693",1.26703594447565,-0.70740202830496,1.5134824001286
"694",0.316396563917487,-0.311668825968946,1.74267489245216
"695",-1.85589149658591,1.02397180658603,0.651859906883006
"696",-0.837030562657612,0.787369557667739,0.879860699298633
"697",1.55873621432355,-0.802039061183355,0.364494282229215
"698",-0.971829172569042,0.651580495326157,0.228019284507405
"699",-2.09676857268505,1.05165869423988,0.624698433156954
"700",1.0870634848667,-0.708816779269838,0.554957461892795
"701",-1.10785710483318,0.842289913611792,0.667617246581986
"702",-0.622163235358482,0.424227270161776,0.0659217374559112
"703",-0.814314462680634,0.542842596338091,0.0993208999881661
"704",0.859618573008968,-0.650877130283237,0.551220612441334
"705",-1.21823669795958,0.997297532314042,1.02640596834202
"706",1.98176608507928,-0.857666859862661,0.224944955018511
"707",-0.750181984990842,0.868474866429046,1.33233269828693
"708",-2.58794575997812,1.64153888369005,2.06092643887044
"709",0.564756066423321,-0.589849035567532,0.0250653847496785
"710",1.14296965155481,-0.748514039474221,-0.048832543739507
"711",-1.72250796188632,1.23646607310884,1.33010219179473
"712",-2.18235146410374,1.07734651485362,0.66348216044941
"713",0.683478273828029,-0.617684189069013,0.215468297419043
"714",-1.21097234610959,0.83892997180645,0.548913361834076
"715",-2.65623349769948,1.04118682902902,0.421986915981896
"716",-2.89947928290858,1.42288026965362,1.38373710208533
"717",0.506138395471407,-0.515340428112258,0.668978944958716
"718",-0.394891199696077,0.373986568915019,0.63892046462087
"719",2.33134961612466,-0.86968211045102,1.51417903727188
"720",0.487733476528211,-0.4979386547383,0.778324187786524
"721",0.594481934187205,-0.519045143400586,1.12751963992673
"722",-0.868648101860992,0.669580360511968,0.434444432253065
"723",1.8539420768407,-0.831798111279216,0.712735960221741
"724",1.9169668480832,-0.856673274755596,-0.0269921087694704
"725",0.743272407242569,-0.571355264698317,1.2315135030164
"726",-0.194018173059218,0.102358775509675,0.740530830061721
"727",0.142422204296883,-0.290197205212071,0.72579856150897
"728",-0.379857848890363,0.616848477599251,1.74334497841659
"729",0.575285591431158,-0.57125995798328,0.322978786771553
"730",0.115927858877795,-0.314067328558314,0.353865638537039
"731",-0.572913878974746,0.798100771535624,1.58196270208399
"732",-0.854141262077923,0.544226979168572,0.041218634697177
"733",0.22819173759637,-0.231083873773819,1.8673699029644
"734",0.461953611713358,-0.422076677318153,1.53131270505605
"735",-1.46713321200407,0.719699382633437,-0.0106673830371949
"736",0.511107767569185,-0.535344098186951,0.447628464596775
"737",-2.05962445770528,0.864884500851916,0.119109688550692
"738",-0.0580624027998636,-0.158931479411045,0.295509144385865
"739",-1.48198062800635,0.924496181700692,0.582634344042449
"740",0.608970694658503,-0.510822635885126,1.32559217988696
"741",0.960797225167319,-0.62532627096203,1.55330691185802
"742",-1.09235318759211,0.74397661612697,0.377521359456956
"743",0.289313432712689,-0.30124556752554,1.65171715875795
"744",-0.118686925444343,0.264745518786778,2.3959701685965
"745",-3.23206199161104,0.967486332593518,0.109665575841081
"746",-0.494517240627296,0.512610532815474,0.77873000739987
"747",1.79005057278723,-0.825545325131998,0.642071491860147
"748",-1.86286110223757,0.878595628709154,0.237207855623639
"749",0.400956551319754,-0.423007302930632,1.12784116545815
"750",-1.12591605457897,0.74550986539457,0.346187670887376
"751",2.10068775434824,-0.872005096927255,0.0985684413596681
"752",0.204355041847249,-0.397978011819897,0.180246630541504
"753",-0.300172663871206,0.656308058996325,2.49207836363798
"754",-1.37040594372158,0.743640001629854,0.126396574747329
"755",-0.912249560997551,0.791702196296035,0.767288730453581
"756",-0.0411066265066536,-0.213359075422065,0.0563217156031458
"757",-0.498389805757592,0.490035437005238,0.676836329572371
"758",-0.252758280585667,0.195217776456304,0.703326883134464
"759",-1.28142409749378,1.19600822836554,1.56512586822182
"760",-0.18147576911523,0.0363171121388704,0.493157040038534
"761",-1.54909210214541,1.14638257494172,1.18519817906071
"762",-0.117097424474255,-0.0443613752923938,0.561058522264806
"763",0.59165027340068,-0.449032470703656,2.05424195051854
"764",2.00930230262491,-0.818355779538976,2.18906428001534
"765",0.0696409531490152,-0.183543378957912,1.06281853758378
"766",2.47566808021747,-0.89139825307864,0.96713504747987
"767",-0.43180992746377,0.856303621417646,2.43481250535065
"768",-2.01819861634344,1.24621602434769,1.20017912199062
"769",-1.03282180676114,0.660864777492207,0.183005703147067
"770",2.02625784346349,-0.863974996072601,0.141339323251111
"771",-0.0725158710395288,-0.0959884884819933,0.59286265117266
"772",0.953031333485331,-0.61947635349132,1.61844501299632
"773",0.78553963091937,-0.645879595697814,0.273655842741764
"774",0.323030284638555,-0.424295231425949,0.633521945170661
"775",-0.467437559317247,0.740218198203187,1.7854728348929
"776",0.187551443548067,-0.388455863103549,0.165874839110481
"777",1.66818688220761,-0.788063235748311,1.37276529724506
"778",0.937430263475472,-0.632728390064466,1.28327829208043
"779",1.94536247060497,-0.850918753743078,0.353806054998774
"780",1.34001514976502,-0.778055672413116,0.0832346823987657
"781",-1.42507886497441,0.808390703098779,0.279753558643554
"782",-1.12788332114025,1.2355007226305,1.86824092510754
"783",0.553199968152562,-0.42468913062158,2.1133423093646
"784",1.10757934714318,-0.727348911606519,0.256700340734273
"785",0.298409294873859,-0.346688207406964,1.26292419531086
"786",1.76615273268376,-0.815592889217795,0.900105617691434
"787",0.605770095089061,-0.50803200880429,1.34441979235286
"788",-0.352217334231595,0.622591569642252,1.9435225582328
"789",-0.838322959747522,0.916574263646885,1.30900438468034
"790",-0.971179473598871,1.14636196074446,1.82175795012733
"791",-0.221058585462967,0.112535820091132,0.553314151471236
"792",-1.34793591048222,0.799779837852191,0.311328681631525
"793",1.02209493037663,-0.661215235125291,1.1989799786329
"794",0.276081403770021,-0.411942502214711,0.475357994810885
"795",0.765920623479465,-0.512807314390779,2.29031937118568
"796",-0.914567766105321,0.572321105658942,0.0469822459175747
"797",-0.830673471281851,1.07797387403101,1.86429059127706
"798",0.570883475520308,-0.563850236824233,0.398281763409996
"799",-1.2354429890068,0.959619277907079,0.893782962575263
"800",1.26497495986535,-0.755704445113057,0.31777023128583
"801",0.98546231454704,-0.703087061920652,0.196848443692229
"802",2.75639444735047,-0.917324560996563,0.62122293527039
"803",-1.53669834190668,0.932576577257393,0.56919763673104
"804",1.19205835457483,-0.703990752912316,1.18935916272581
"805",-0.379218279171525,0.345831864353824,0.596712045467424
"806",0.153482956073361,-0.362894476587174,0.182847297510548
"807",1.8214399651221,-0.84195275128777,0.151729459013641
"808",0.224442040271102,-0.372927073816411,0.5303519458377
"809",-0.244233375262228,0.233929697639235,0.963475661903198
"810",0.345743044475349,-0.488185071634736,0.0986696358071201
"811",2.0396097824582,-0.861339492035014,0.330649094470492
"812",-0.850115137464048,0.854076447311401,1.07837865767165
"813",0.297983593773661,-0.342192219898737,1.30500802839827
"814",1.60443248652043,-0.795505617048295,0.791109885819333
"815",2.55277246677816,-0.909922361464274,0.00955297275405775
"816",-1.81481613052395,1.36819748931291,1.65013285910698
"817",1.61265175765348,-0.815096488297124,0.186696150064333
"818",-0.11760817290219,-0.087211748557155,0.300438852828327
"819",1.77842034450647,-0.804106326769848,1.39960504090205
"820",-0.345834882325562,0.209297228646574,0.176794842074789
"821",-0.507458046090645,0.558779107621739,0.909893658300521
"822",-0.139939834980229,-0.01799997752872,0.53195862353228
"823",2.01942702571786,-0.847311815460849,0.893340594530119
"824",1.08993122034778,-0.719530095366977,0.342524494991832
"825",-2.1062538703081,1.3902836757388,1.56131611808495
"826",2.67931073754134,-0.918706447691678,-0.0154738162086511
"827",0.390604009045002,-0.440986203435008,0.864315207818978
"828",1.36650508386501,-0.744694010660065,1.09012690461221
"829",-1.50310684197604,0.804114149173938,0.214704395793889
"830",-2.49572389949055,1.12763149833304,0.698766099903679
"831",1.59466700679223,-0.807147835217462,0.365500555901213
"832",-0.0581997798799489,-0.148553180865272,0.362046827244492
"833",-0.905330576257335,0.800158562520696,0.805893648897893
"834",-0.391035737384332,0.414173697116276,0.826342246476637
"835",-0.464266023847323,0.716143543148273,1.70480941658961
"836",-1.49974649899966,0.737662847382661,0.0217379960100948
"837",0.43009730827276,-0.48276669656789,0.62702005178039
"838",1.10987435707324,-0.654442681712241,1.83290436892117
"839",1.98308287939862,-0.8256226920799,1.68976725392145
"840",0.58744441869303,-0.518134902640992,1.09851827447188
"841",-0.65549925028348,0.672070608241263,0.874827285083027
"842",-0.00597078266420277,-0.103584766995825,1.06402892190367
"843",0.00129782781603075,-0.203682617390153,0.416739850448346
"844",1.33591713686571,-0.73263204729828,1.24843316646086
"845",0.0601482392519919,-0.0474226116258646,2.02531360759633
"846",-0.988096267893659,0.612209291792326,0.0811263230138597
"847",-1.41666878328004,0.909163687560916,0.584811444134265
"848",0.769289401144161,-0.642859480473917,0.244295783433807
"849",1.21941551442613,-0.733703742040654,0.634568784281355
"850",-0.8482633223038,0.609838834017854,0.268608379154872
"851",-0.502827419795406,0.506638331147214,0.725202474765015
"852",0.710492325008775,-0.601888420588192,0.586013429398532
"853",-1.64477048805939,1.35310502802882,1.7170282976643
"854",0.939169296353425,-0.65681921187145,0.846836259776397
"855",0.615209456040197,-0.546999227875435,0.864768974880932
"856",0.777532493646568,-0.522651366639853,2.21010475771212
"857",-0.5398730364692,0.818294225599034,1.77915286717841
"858",-1.53834567010714,1.18354453239413,1.30160428438856
"859",1.53002852558258,-0.789574641705001,0.617776491097022
"860",-0.457452413459695,0.437475922778511,0.625253757789455
"861",0.301529694911545,-0.429844542506763,0.449187651516933
"862",2.28042392926622,-0.864203567403415,1.52253793873218
"863",-1.28696889620426,1.15857420879739,1.44612400823901
"864",-0.887332346357082,0.569820906711041,0.0769415348598966
"865",1.29626499492261,-0.74664367279887,0.689060218627039
"866",-0.916031739443528,0.660999774758566,0.334571031903577
"867",1.66577821038065,-0.826210061732908,0.0448996388512054
"868",0.512199473084645,-0.468343758274285,1.28914927239568
"869",-0.126539906922874,0.11266517212842,1.41361150188018
"870",-1.001618369282,0.676882249117889,0.271497514423374
"871",1.15379834430461,-0.72619785481895,0.494990377706611
"872",0.271989098679567,-0.463601614881224,-0.0513817234280449
"873",1.4386209815258,-0.780485270249455,0.456961840481311
"874",2.9897404856414,-0.928238749009572,1.24502308686902
"875",2.61625955005781,-0.897874485115161,1.41779304669733
"876",-1.35498995385019,0.670454911430951,-0.0812945138888873
"877",-1.42091055900274,0.804162949367669,0.27016709517763
"878",1.43789618099658,-0.741911953865317,1.54866286715508
"879",-0.513714702390928,0.345017657973449,0.0653848724657589
"880",0.392072298073278,-0.446523016332305,0.812063978480335
"881",1.1343422589063,-0.713110992705094,0.691187218707859
"882",-0.581994073855579,0.540514177098787,0.597807737552531
"883",0.529139764577369,-0.544064573873648,0.43444762809322
"884",2.42258908676229,-0.886565691626935,0.977806684093112
"885",-1.46873433388216,0.95954618115936,0.695304500130776
"886",-1.02065413027962,0.977404276459627,1.20447153073216
"887",0.789374192350875,-0.578179937603673,1.38863956604506
"888",-0.26875992090911,0.152328373662953,0.377256304851204
"889",0.286076090058435,-0.407195521241584,0.582270491612179
"890",-2.33634338206825,1.05316254410815,0.544359442733264
"891",-1.15296170563663,0.719004213514355,0.236402349380634
"892",0.565039953550257,-0.574234229893384,0.231511364723123
"893",2.56875526205097,-0.906409604332286,0.385666247671655
"894",0.398918974157471,-0.418202526320819,1.16843879102637
"895",-0.0525859173104066,-0.11036502343383,0.653663495263989
"896",1.18559351004068,-0.727990856569684,0.605305747854132
"897",-0.851778660601068,0.982283470245666,1.50173583501089
"898",-0.736264042170279,0.820957115619557,1.20055804184551
"899",1.34979979152669,-0.729026861973914,1.41735260212421
"900",-0.976916328519775,0.862481453501008,0.899510525519648
"901",0.335493330387107,-0.481875156022054,0.109296978611297
"902",-0.165896563542239,0.0958164296407158,0.95662173639245
"903",-0.961289721764202,0.64553815274592,0.222236982910397
"904",1.04360557497628,-0.708951133049783,0.347510666218373
"905",-0.260568466869029,0.525028743011572,2.23666220587436
"906",-1.01780984962238,0.999276342715999,1.27815326247506
"907",-0.594243523099578,0.661817649133106,1.0088829388686
"908",-2.25759788725749,0.85879987716619,0.0358181636477822
"909",-0.35650393060777,0.680533421138889,2.1660983413646
"910",-0.202089909569759,0.328532880531278,1.86141937909965
"911",1.09611457822393,-0.676628728899924,1.28160944978915
"912",-0.586142312399503,0.70887227100198,1.20737499502176
"913",-0.146629033637695,0.261190802133406,2.07964716461914
"914",0.0947705832329978,-0.289656939608454,0.412023966385511
"915",-0.161644812182826,0.0828661690644589,0.922223781877956
"916",-0.00717920958992267,-0.218951483371012,0.250659552424783
"917",-1.09703907387441,1.04981031101816,1.32953317444595
"918",-1.11121321178264,0.710562725563901,0.25271445408221
"919",0.566294204356699,-0.496581039757609,1.2589010524776
"920",2.19381133444752,-0.870663378306791,0.640006352497679
"921",0.110509731667867,-0.310978885798069,0.344017285662225
"922",0.431187324958618,-0.463011666087412,0.860461731813641
"923",0.290000683264632,-0.409347331103106,0.584806816000323
"924",1.11369388504375,-0.680963283341489,1.28391171038442
"925",-0.556225671884091,0.630741476448922,1.01375237153598
"926",-0.760368141560474,0.507068783534188,0.0706828683831748
"927",-1.85716980482585,0.847804338924045,0.152600952650249
"928",-1.31499377351988,0.850089863291202,0.489091699704276
"929",-0.198215229149129,0.0394985309882242,0.369638582100167
"930",-0.0246082965462325,-0.0972821191779919,0.959563765190272
"931",-0.143828571417783,0.158124987777728,1.51516611750864
"932",-1.64264630714759,0.982058659206294,0.646643957870117
"933",-0.752145044451698,0.646741149399429,0.565721805714854
"934",-0.990407697752194,0.713823272470091,0.403919891521919
"935",-1.84158220951507,1.17647399627645,1.09108352766802
"936",0.76220717593943,-0.628970182998897,0.430002435325385
"937",0.0203892684287756,-0.252142560498556,0.202261832964959
"938",0.736716477454955,-0.50516079471381,2.21599827304295
"939",0.967890704369677,-0.707129703223205,0.0408134007866069
"940",0.794289272510191,-0.614998744004714,0.818120142854717
"941",-0.0386778537287672,-0.116254719703212,0.721698318814546
"942",-0.368709163809682,0.687884045508719,2.1160565210902
"943",-1.00911824855366,0.620934993065682,0.0837675806321846
"944",2.06642150555481,-0.863648626086037,0.3499579665819
"945",-0.777413306351781,0.660726422286126,0.563948002143989
"946",0.236519397239971,-0.269032469777837,1.5769735727801
"947",0.38761473176332,-0.43213598241186,0.943506536233348
"948",-1.41607456463912,0.987044432644833,0.816419196542923
"949",-0.652218246189989,0.785162276016414,1.28789366127155
"950",0.725044247799894,-0.647014781981865,-0.0276015152532885
"951",-2.16015158134465,1.12322804135057,0.798645773280378
"952",1.11175352823448,-0.7326848788811,0.160811001390698
"953",2.16249956225169,-0.869475309912766,0.538478977349876
"954",0.34134513121838,-0.422232760679425,0.765967180630488
"955",-0.325227318069561,0.249793952758735,0.468417556634247
"956",2.40827331707523,-0.897703822960706,0.126965204785966
"957",2.47502575487156,-0.893745529262325,0.790646007417977
"958",-0.093576837178636,-0.00495265724385133,0.994723572426445
"959",0.0823560636435967,-0.187469367307522,1.12804847514568
"960",0.534274593149542,-0.450349046917213,1.65629309852989
"961",-2.56599118807455,1.03509163441319,0.428622132460163
"962",-1.71321363382614,1.23890970612878,1.34287190997198
"963",-0.91317139308738,0.761422139333847,0.666888583870743
"964",0.533128947532612,-0.390774155341782,2.40730899548669
"965",1.02077939286422,-0.677697588616828,0.864134305003923
"966",1.79986806851885,-0.842970242867481,0.0162048879702372
"967",0.631992698288318,-0.471133895144043,2.0211677205551
"968",0.237176231925511,-0.315183818557902,1.15005442879108
"969",-0.834067275084761,0.529161368740551,0.0218196044292447
"970",0.18226859245773,-0.262168335786354,1.24463571001482
"971",-0.17352944213579,0.0856718262863672,0.832223356586303
"972",0.0293905402498771,-0.0899348339229974,1.44740343504714
"973",0.457561282500265,-0.466487686824536,0.977949585450452
"974",0.70389767455432,-0.531883340160196,1.60046354220824
"975",-1.10531216832193,0.892056546655521,0.826017182886467
"976",2.79770219737485,-0.916710381693896,0.993309595448043
"977",-1.05534049207191,0.955450988667965,1.08741237475679
"978",-0.132056349746536,0.0422105831026514,0.949243106134599
"979",1.98088494619941,-0.832620173404025,1.35863469758697
"980",-0.432715647322128,0.765267883936427,2.05987138419958
"981",1.86421434119425,-0.838143950056539,0.504796652511525
"982",0.367445728983653,-0.355274356289679,1.64764183041336
"983",-3.08110482819831,1.31803038665446,1.06348461238082
"984",-0.502205503568794,0.434648438407447,0.448702866481356
"985",1.86344592767134,-0.833210170997498,0.702945493948974
"986",3.13977993545297,-0.942615755884638,0.439278398186328
"987",-0.647815068836021,0.811520504316519,1.39469697460647
"988",0.656364564041097,-0.528843429907809,1.35760935003646
"989",-1.2924681474815,1.65879990641355,2.95225898922317
"990",1.77315037446988,-0.831524442189242,0.333686105748016
"991",0.201542269874506,-0.306992521167395,0.981310391022482
"992",1.03645620660968,-0.715036428809282,0.191805353175267
"993",1.72642401441589,-0.803067168171109,1.15548707359655
"994",-0.481179588870244,0.533914946801259,0.91291084663694
"995",-0.48514819205142,0.401144273597945,0.377666132438209
"996",-0.499969070416753,0.586582321487288,1.04550309652444
"997",0.743215610537029,-0.595808548729029,0.851428128176468
"998",-0.913424410038079,0.71135815107275,0.502898014346777
"999",-0.254008868111617,0.139670725782842,0.422682722920776
"1000",-0.134277471451294,-0.0618635917998223,0.321801446134202
