"","x_pa","x_child","noisetmp"
"1",-2.03041805234865,-0.532336903782058,1.36488887723859
"2",-0.452424657825347,-0.150171446363342,0.551778081048858
"3",1.16594004246599,0.499660571079885,0.108446980226531
"4",0.884918034156404,0.67625076962338,1.10407049887463
"5",-0.857961110936159,-0.352017607430211,0.124964524286367
"6",-0.996016719769294,-0.22439156838488,2.13112567438239
"7",0.201217207461403,0.497135279325013,1.7418184824067
"8",-0.972569262481336,-0.359612530301284,0.428369909496198
"9",1.15098215845219,0.77777234033842,1.20088709853243
"10",0.171647313001809,0.352915348395427,1.09821679834442
"11",-0.903278509091212,-0.301769004182459,0.845794985338603
"12",-1.17403301442041,-0.425630071402199,0.273068423012711
"13",0.703896502908357,0.628757377167697,1.16778496376163
"14",1.08851749915703,0.647194949052228,0.754599779051833
"15",0.731572840637848,0.430532916725056,0.285816525558863
"16",-2.18403099963201,-0.606056415701201,0.166909991606321
"17",0.242750811241784,0.412991193786627,1.18089911278786
"18",-1.90725791906345,-0.539896392103052,0.772384680113426
"19",1.12116788026507,0.695444490645533,0.910624062952036
"20",0.66173759442435,0.465657079922331,0.534874671604885
"21",0.490470374100547,0.348398328499846,0.298450510644138
"22",0.335667630831175,0.529693343731836,1.48871882463675
"23",-2.03476148616179,-0.537997888865271,1.2549067563741
"24",1.13552256900668,0.485725001216347,0.079916813873863
"25",-0.851650385986183,-0.29863948696395,0.687054394978974
"26",1.61986963840813,1.10641118010873,2.01442686973924
"27",-1.18285924492029,-0.437466235689028,0.142301091277893
"28",1.53298706559485,0.720000898946749,0.663706975516576
"29",-1.21541260688774,-0.411472580243932,0.603144075952349
"30",-0.936554676248073,-0.346068970187823,0.461094348798129
"31",0.287290456230235,0.425530844207163,1.11509561225123
"32",-0.352178034601512,-0.129534706122267,0.31212208533308
"33",0.45960428355427,0.415107272984259,0.66116882093728
"34",0.264723485268961,0.214450367027634,0.131022893850819
"35",0.287159508147786,0.632411346661173,2.13189626699471
"36",0.473045584007445,0.382593641429665,0.486231894720988
"37",0.585181337903189,0.433123231390154,0.514178224261579
"38",-1.57074722905955,-0.497136845270131,0.473716748556171
"39",-0.702396899707695,-0.26717280965453,0.460610245110922
"40",1.25523618478923,0.615277869813931,0.479144942687656
"41",-1.84880454390605,-0.517833235109876,1.0216447912636
"42",-2.50196990715785,-0.641423252074094,0.183434001062107
"43",-1.56656636302434,-0.510816674548088,0.22834575275583
"44",-0.649206144072719,-0.216583881722708,0.748434424435288
"45",0.63701405539627,0.366251466765789,0.141768685605398
"46",-1.69531013931235,-0.536962501952076,0.159106448174893
"47",-0.851428893901937,-0.353335871030959,0.0887395175385354
"48",2.4269043831688,0.748978950567125,0.327216085664459
"49",-3.68955096780856,-0.709839673227827,1.84887989899666
"50",0.8589257629417,0.637448426244263,0.979230916990599
"51",-1.24950950988519,-0.465003681999502,-0.030280082240752
"52",-0.970734509277712,-0.353767548418523,0.490985608672817
"53",-1.24148883823724,-0.356619413431502,1.45895018134335
"54",0.652782418174351,0.53659244564514,0.854834717300911
"55",0.164637807574698,0.268112088694261,0.678768752973589
"56",-1.75921712311634,-0.550755146381624,0.0926253819755788
"57",-1.23527653632494,-0.345728848968965,1.58604630850948
"58",-0.290050843012747,-0.0324586304012643,0.778387754600105
"59",-0.634628055725328,-0.279041210052633,0.101113990944431
"60",-1.30628767460663,-0.401891596037817,1.06026491971335
"61",1.44672294821,0.724709531070263,0.742209887563628
"62",0.337860541899571,0.227063010122274,0.0282966633206269
"63",-1.6760267556433,-0.496233495173094,0.837725789493728
"64",-0.70718999947872,-0.277739366515717,0.373504632208971
"65",0.874263692497476,0.491077846068131,0.360476343065829
"66",-0.0537445939444339,0.0757677477571877,0.422339799620074
"67",-2.31295785760251,-0.594635335133806,0.865094001088889
"68",-0.170334649366196,0.195493064603131,1.77689039912966
"69",-2.88505347291543,-0.667634328232149,0.555799474980407
"70",0.342832005365349,0.573873833477826,1.68123218538492
"71",0.318695942273121,0.454101254117059,1.16943442553075
"72",0.684007655388687,0.54238761162597,0.830303740999904
"73",0.148364329884139,0.288469944541333,0.837971087353448
"74",0.814352570717811,0.525208465938049,0.574041892752289
"75",0.774439600370194,0.558195353660785,0.764651521441789
"76",-0.224139188237691,0.0726689947230714,1.22019239388989
"77",1.11454843138141,0.448510203078606,-0.047432686250086
"78",0.865151585574434,0.475961782894901,0.309118564035427
"79",-1.64839756282165,-0.515461677685653,0.402366367049081
"80",0.148169730505705,0.193659374272764,0.338850750408913
"81",-1.61015498343906,-0.502067717573301,0.515896055446078
"82",0.113954503177386,0.230952559956043,0.647287948452949
"83",-2.7071024302254,-0.633144991272158,1.12475408940943
"84",0.311257942925166,0.265814136354106,0.274079566101125
"85",-0.90132715600227,-0.368380049220088,0.0867853135456553
"86",-2.24146428033285,-0.575807151518361,1.09924987266497
"87",-0.0457677291404457,0.24359299828647,1.39653510094829
"88",-0.217218313522227,0.110604148329841,1.4491056319932
"89",2.25832446064225,0.801159976174067,0.569774358903671
"90",0.0977075651253977,0.323522845594592,1.20648372809359
"91",-0.394944007426098,-0.142424187281292,0.382929700224037
"92",1.60764355706123,0.731577695849827,0.656808099657785
"93",-0.23790030004885,0.23244797029205,2.41509838561795
"94",-0.0635454273937985,0.078174369787974,0.482347325425953
"95",0.550735350831792,0.328729910678253,0.108092245600392
"96",0.0288304545442449,0.0754753665563394,0.0862302553557413
"97",0.0893542460481548,0.176779965792576,0.437806192884629
"98",-1.07286061686432,-0.344046352025735,0.979027739183034
"99",1.35033530829984,0.603007962580671,0.358094837071078
"100",0.71060601018413,0.927276824398906,2.42647101036898
"101",-0.0930397513100365,0.0154143300971419,0.228304671955823
"102",-1.10018889405518,-0.391810566547067,0.470458766050726
"103",2.20873138380994,0.720310059946081,0.311470019239793
"104",-1.36473358096857,-0.408799121253086,1.17319082615182
"105",0.507963348554444,0.492080761649055,0.915786828324096
"106",0.094861950766531,0.301674986141041,1.09861186161375
"107",-0.446905279086155,-0.196480486875519,0.146670351461388
"108",-1.01229005655772,-0.363451550476526,0.520486277735814
"109",0.0512782188645565,0.222924859810729,0.833117529713914
"110",0.0789090799711849,0.122073994102797,0.173406330117069
"111",-0.337029941304962,0.121242061519501,2.16100219922519
"112",1.01630406398625,0.783981429143739,1.37413814945007
"113",-0.131170366542209,-0.0260505409531175,0.129507159421475
"114",-0.319990631434125,-0.136640849278946,0.130134839512585
"115",0.395823585051733,0.360210303176071,0.537912581131272
"116",-0.624631110234929,-0.265488733350213,0.1930791900257
"117",2.60370698917942,0.753610210647194,0.283395367120918
"118",1.30781521364547,0.843705020398053,1.30269810989196
"119",1.13671223292347,0.729259997888294,1.02678691921843
"120",-1.7219303264516,-0.494298153505838,1.03172960920447
"121",-2.06141061813391,-0.596172614541428,0.0375471650218891
"122",0.726227388734855,0.618214597760817,1.08786293093813
"123",-1.29504828903029,-0.452546943860953,0.288560753877886
"124",0.455595302245422,0.378557163913368,0.501314343276244
"125",-1.03140281109952,-0.406383534520517,0.0611219857260655
"126",-2.23767665418224,-0.60552543966901,0.342750497240751
"127",-1.26161807917975,-0.426542624617021,0.550098802825531
"128",2.38387885591615,0.765918649879487,0.400403980960219
"129",-1.62657505493787,-0.533339081603315,0.0199491800997732
"130",-2.26767308732981,-0.594731377787067,0.710867980792429
"131",1.52858723283351,0.700739804530326,0.595791772762128
"132",-0.080990007594224,0.501139073897468,3.18724020053233
"133",-0.0167924249045245,0.13481053461159,0.610129880718319
"134",1.6609927334647,0.653345952537368,0.339657707067008
"135",0.67414096560346,0.44944984204933,0.446704585989934
"136",-0.242551292177777,-0.0321941301242892,0.569520764525201
"137",-1.0009020588421,-0.383488067906118,0.239856770693337
"138",-1.03237995549377,-0.363357312965287,0.592094960300154
"139",0.41836379200652,0.600799103512996,1.61094013075586
"140",0.0547632109893064,0.262841036256025,1.04231108383593
"141",-0.184199727484097,0.0769441600843905,1.05286357485165
"142",0.827373102251627,0.432177535555085,0.172910313649957
"143",-0.703340285706621,-0.24424300933518,0.691078145875877
"144",0.846890936727804,0.792193801541445,1.63203771016325
"145",-0.109811232463959,0.0473388807471228,0.505339030254991
"146",-1.06019419696393,-0.294907293213285,1.54527319103665
"147",0.712067442109828,0.707878386870522,1.49107256250442
"148",-1.02514503024112,-0.409257843411006,0.00608942127479481
"149",-0.903048257801887,-0.281695594150347,1.07168554587488
"150",0.872594883284296,0.561097223325217,0.648974545108272
"151",-0.421366981268143,-0.172718053180802,0.243719919769803
"152",1.42463428734068,0.583303871297773,0.231226749732449
"153",0.607165416187992,0.510638192710037,0.817567359673616
"154",-1.50771587725886,-0.465505912739009,0.792338472585423
"155",-2.12265434816379,-0.574429849724289,0.727312779596708
"156",-0.173387897481667,0.000820313715283377,0.490312224181566
"157",-0.287653714561531,-0.110766355840946,0.193563645038257
"158",0.544643017786295,0.352313944094857,0.223021998155991
"159",1.38884916186755,0.510684239963305,-0.0160457066577656
"160",0.341864753193189,0.232585411794079,0.0464011438337496
"161",-0.273296592473196,0.0547836554350907,1.3361166273818
"162",3.53555860269522,1.00625626552738,0.862783238576708
"163",-0.107561344054013,0.126092500288658,0.994389424295847
"164",-0.467313085742544,-0.170042136086151,0.445632307267956
"165",-2.64917336002586,-0.655656732521396,0.200945164925642
"166",-0.909345181722861,-0.268050141545479,1.25120953794851
"167",0.553755215503162,0.693099407809859,1.72316598691166
"168",-0.39812505323821,0.125020272943688,2.52801025372173
"169",-1.01960683275868,-0.234557154302312,2.1146895495019
"170",-0.274414183090967,0.220454047311013,2.54378046204796
"171",2.45197234784102,0.949695426938682,0.999123292544579
"172",-0.466291066926193,-0.215220446004235,0.062865597984698
"173",-1.81507424235977,-0.480269784287035,1.64142122205229
"174",-0.130833163217464,0.189666997208936,1.52282791812792
"175",0.221967378478138,0.163754522680747,-0.0186138584032844
"176",-0.585593306830925,-0.255780413555403,0.142408459160374
"177",-1.20204945037331,-0.320753030340605,1.79413665144177
"178",3.44160956194498,0.934492624381057,0.653126718970484
"179",1.10810652239913,0.620242327165962,0.629690149939374
"180",-1.11664060139108,-0.381979666881395,0.653828120024456
"181",0.0524060455163075,0.223407227682018,0.831364882826418
"182",2.89295573453145,1.01072867070289,1.0484020496318
"183",1.52365961675405,0.57421195236492,0.133012667303158
"184",0.624317182042405,0.541121784147422,0.921538721465811
"185",0.0819566901616836,0.316103988502009,1.22767740787089
"186",-0.163920614269576,0.19558169879617,1.74212544951951
"187",-1.44674320031744,-0.478004722127221,0.389488821437009
"188",0.43947314756494,0.354894532142872,0.423858303563976
"189",-0.326953033109216,-0.111431299219903,0.348020477925559
"190",-0.959425280284976,-0.30736045959677,0.995077567607856
"191",-1.0141985135257,-0.378088850941792,0.349626855910587
"192",0.838122413075229,0.904759144689013,2.10923384967684
"193",-0.0390335035840778,0.0589829766461158,0.256320223457474
"194",0.645570637000288,0.427506547116925,0.394527250441318
"195",-1.62694299072127,-0.537022898471163,-0.0436807499485259
"196",1.72052902709208,0.796058247031718,0.820062010251863
"197",-0.0136560510653075,0.0812435738756221,0.282279992875471
"198",0.749572543021516,0.689920856112435,1.35433276190121
"199",0.388685292943336,0.398634860354438,0.734145842755793
"200",-1.22637798640292,-0.422948831069386,0.482018042794506
"201",-0.828738473985111,-0.339360401340809,0.164025414729962
"202",0.59690037986664,0.473588718222944,0.67254896537148
"203",1.23448816822416,0.797847384401065,1.19599542244166
"204",-0.305317136037859,0.0130605909999526,1.18523603407212
"205",-0.203629914451665,-0.0166004302975825,0.506581218767733
"206",1.70258708601069,0.849162256206558,1.02275713512048
"207",-0.365256759823072,0.11344963459429,2.25503662895854
"208",-1.30429073768417,-0.417705074470438,0.82357864076131
"209",-0.951543417776303,-0.356853026761463,0.388128657816518
"210",0.0780564848104376,0.311959926360034,1.22049015962101
"211",-1.70086629931786,-0.507949615046512,0.707916161777559
"212",-1.27941372083095,-0.358277717549919,1.58576673480514
"213",0.736230245522573,0.588841789852675,0.948437494480008
"214",0.0371788923336623,0.491664461465989,2.40877721179759
"215",2.12687978261895,0.682495988090889,0.214036783597393
"216",-0.934001970056969,-0.367121755375893,0.209535563180114
"217",2.94820139838829,0.833983628229332,0.448772149945611
"218",-0.216487225620316,0.0325676583566084,0.904385659142881
"219",0.382396647697102,0.622329862308941,1.80411414877915
"220",3.63758866535946,0.924761893178776,0.579563970799763
"221",-1.42993747537967,-0.413524467589735,1.34438228242651
"222",-0.567641914417456,-0.19289084997599,0.644821224959538
"223",1.55679118408184,0.819347127278711,1.01222242638933
"224",-1.82267082186816,-0.536343650850683,0.566981330271832
"225",0.894820662667719,0.643978445006071,0.959789227962069
"226",-0.825487462394951,-0.306871146818964,0.501919583461627
"227",3.87064758625493,0.874221102883468,0.373696840027723
"228",1.18210639995823,0.749618727848554,1.06078532329488
"229",-0.913044630504842,-0.346662314036753,0.37235251184474
"230",-0.893745791280575,-0.35664912970943,0.193611158908636
"231",1.56352353186138,0.586123092411491,0.15237507620379
"232",-0.132971163460253,0.118223780957849,1.07164627583439
"233",-0.472034593123503,-0.199915749717326,0.212863965207368
"234",1.09003464250977,0.480845822058737,0.100430373796547
"235",1.55490587308846,0.773062395414258,0.84368965226491
"236",1.76049769273523,0.633748334621286,0.213719065634976
"237",-0.129332670301056,0.0115559540633917,0.364545616636336
"238",0.251992705932425,0.386425713993801,1.0208291478652
"239",-1.6026293376871,-0.521567714150855,0.153942026912729
"240",-1.51790244157006,-0.457606189860774,0.957425629193202
"241",0.416231394900098,0.317451506858613,0.295981270263543
"242",-0.0417110297950672,0.120489095994449,0.636775771684883
"243",0.74215080419516,0.465221054416071,0.418156749071658
"244",2.37017604101437,0.802478138407229,0.530151960110554
"245",0.877676880701481,0.553847452008894,0.613146885443136
"246",-0.98321842724577,-0.381165302228584,0.208982784875919
"247",-1.12933149485577,-0.29128032405981,1.8806933227207
"248",0.601403684152633,0.33591799265275,0.0617433242796802
"249",-0.198084125333145,-0.0620935415317677,0.171348601320643
"250",-0.695878914520104,-0.217531120814511,0.925418003156412
"251",1.42371479987952,0.588870178370271,0.25262049860362
"252",-0.594059918189626,-0.169218892356918,0.967741027659306
"253",-2.1466991025706,-0.597306001684339,0.264461979285613
"254",0.786916648894195,0.57836402920048,0.83167356677252
"255",1.28431791655838,0.822504835857559,1.2436332483516
"256",0.77150332022039,0.523572993746218,0.623720641880806
"257",0.303641543400174,0.377389531977742,0.835872376056241
"258",-0.928806192721449,-0.355833890904984,0.321820140284574
"259",-0.872213105654738,-0.302807636165869,0.717690751499085
"260",-3.75396957943443,-0.738802327336723,0.284155425001928
"261",-0.326294935695577,0.0704353353554143,1.71890297814314
"262",-1.74482974571617,-0.494606922748202,1.1066946312578
"263",-1.63918951621009,-0.475795201561688,1.07517868044357
"264",-0.631693213084311,-0.289489661462541,-0.00769525903638238
"265",-0.498583201456115,-0.179754603373862,0.48682243832289
"266",-0.304370046989093,-0.153861967554122,-0.0589488954196828
"267",0.0265101548339791,0.221485359659052,0.926066624692691
"268",-0.397546407075501,-0.171879145073367,0.158630725348131
"269",2.32838795693626,0.765966568690602,0.421393948586685
"270",1.8467542068434,0.907542767741553,1.14377684417228
"271",-1.38175407335857,-0.40073917172709,1.35890976749935
"272",0.433457856304172,0.443524121533934,0.846073220633713
"273",0.0365455772771209,0.0751198618427868,0.0567280914270047
"274",0.297772887091525,0.438106920601835,1.14794323454042
"275",0.187588690471291,0.22626839152995,0.392893969810485
"276",-1.35989693800179,-0.470645795108466,0.227667769349623
"277",-0.870529380491461,-0.212868436892769,1.70622363448977
"278",0.0339691490810605,0.17171666363072,0.61302600381219
"279",0.0332280259752754,0.323640520998203,1.47698119143671
"280",-0.488227644581207,-0.194940577285445,0.316689277390288
"281",-0.824763027605585,-0.302663202135917,0.544468475190723
"282",0.969225930969882,0.497164749251585,0.281180509153121
"283",0.343320412709343,0.586949734261385,1.74257833802797
"284",0.0425397354722038,0.133991193378276,0.367265944934073
"285",-0.0770721363129814,0.346322096715282,2.20321600191754
"286",-0.666434779104984,-0.247212858238034,0.521132096586502
"287",0.103784099268573,0.163099366523764,0.315177281125881
"288",-1.81496088572367,-0.539615082305683,0.478094694822392
"289",-1.29927964043906,-0.407595091100913,0.952185924056864
"290",-1.31839079738129,-0.392363189531052,1.24406797817416
"291",-0.759392697380203,-0.300500184110187,0.331565956617323
"292",-2.62390715722308,-0.601001638152601,1.83608283599078
"293",0.0676037923238886,0.2334103612526,0.827998971781972
"294",-2.70304573962159,-0.655006579309891,0.391912445939856
"295",-3.05964288305065,-0.692806730924093,0.162893462200901
"296",0.885625717591973,0.500549648633199,0.386075708780422
"297",1.04454841095491,0.549510279549062,0.413566367791917
"298",0.0693005067265212,0.202745094107373,0.651919488884456
"299",-1.9560470007266,-0.582037389723745,0.0412741444219149
"300",-0.89293768888409,-0.188592921946301,2.07697010615493
"301",0.0258902652726926,0.246311790695059,1.07011798759902
"302",-0.175002709590194,0.0103618984307755,0.561494228542258
"303",0.341387807380951,0.321447968222351,0.473853942856758
"304",2.58113144662616,0.973679272736987,1.03092696548492
"305",-0.725717458334923,-0.217229303286103,1.04927446589527
"306",-0.142535192654529,0.165150628367158,1.42618002734156
"307",0.936851032478882,0.609464347565029,0.768823022724937
"308",0.568669449021208,0.658298685557028,1.53827871061869
"309",-0.255414968671906,-0.0906587666618781,0.208264750736333
"310",0.684036439781204,0.489421054472488,0.603454627840844
"311",-1.30180980772168,-0.30820904668453,2.40078642117638
"312",0.0236329028111974,0.195764076121568,0.791467501021104
"313",1.76533109752903,0.605780280669318,0.110853393131062
"314",-0.452268820734665,-0.0697121965149777,1.21876624396475
"315",-0.772308845301337,-0.135172930071337,2.09183963534289
"316",0.979387349725069,0.84064100369971,1.64602498927111
"317",-1.17259045191726,-0.37455407599319,0.952143734252311
"318",-0.27071190075047,0.0366592288282142,1.19221473369409
"319",-1.49407880026306,-0.398729967367134,1.83072357479742
"320",-0.068704126646414,0.154185506196185,0.973011721323665
"321",-0.963951801880966,-0.285831388937834,1.26534142164807
"322",1.16308868022605,0.847837898980601,1.4600968884052
"323",0.776379696367725,0.592859568970082,0.906978901227401
"324",-1.49885234173011,-0.489851084337258,0.365453769628825
"325",-2.03326435281967,-0.59458094309569,-0.00810989536577317
"326",-0.0700517942104001,0.062528955743662,0.416788829601153
"327",-1.15661122543345,-0.387879991590632,0.71719493338884
"328",0.294205769957553,0.526084053051756,1.58860350341189
"329",-0.739618372098179,-0.291825183526731,0.349411047956669
"330",-0.0501997096539847,0.0376294145380591,0.175888734741081
"331",1.65809956084672,0.821730422753708,0.952132818265432
"332",0.600269611947509,0.482882717320513,0.707660087068686
"333",-1.97095017695756,-0.542153741745048,0.939965569448021
"334",0.254652437506638,0.249781078087925,0.331662529857485
"335",3.09567708303521,0.809766310393563,0.330517445977342
"336",-0.325245097430967,-0.0265315248474273,0.981747793337408
"337",0.646943960264537,0.390554502363476,0.232632173066444
"338",1.06995541285361,0.941802199389855,1.9334098149443
"339",-2.46691693993709,-0.605418575804519,1.10674964646471
"340",-0.546807711460551,-0.236508997408367,0.17496137962108
"341",-0.918166861324229,-0.369763185441664,0.126604236880662
"342",1.52863731709777,0.589535082644874,0.186344155872656
"343",1.16591330333587,0.599211240329989,0.494075319260102
"344",-0.3600454386134,-0.061888277767129,0.86796181147633
"345",0.313334474006843,0.495469618958615,1.3846567844239
"346",-1.99701558910526,-0.576227512135597,0.28820008988791
"347",-1.440108541444,-0.466178149742129,0.554374531079972
"348",-0.867102997048486,-0.342888144818347,0.256364789367953
"349",0.409225101638023,0.235199286933872,-0.0743129297602149
"350",0.0621550199430527,0.411625336882862,1.83930118703015
"351",-0.0713656679680062,0.0172631345779332,0.144457068581916
"352",1.19245825965688,0.512919396114394,0.137831260232053
"353",0.196431212449405,0.222800796087932,0.350051914239688
"354",0.00694198855246725,0.226735704541755,1.04108412718298
"355",-1.00205895211084,-0.386706509088543,0.204964358572193
"356",0.770113949216661,0.504092405544726,0.543989594339472
"357",1.07467257057785,0.47396438383045,0.0871549444180528
"358",-1.47557109993626,-0.421718148119462,1.3869202750459
"359",1.29149190788451,0.525466999315734,0.108573540936446
"360",-0.238773949579105,0.0802397212531398,1.34624859665706
"361",-2.90978768695208,-0.671865084116299,0.483187309225609
"362",-1.21709356140092,-0.389861713618685,0.906211108372801
"363",0.131490900949384,0.185258812211116,0.345645569021555
"364",-1.61764887007752,-0.476680847967524,0.983671700969419
"365",0.292841201331566,0.557494830790729,1.7465586775972
"366",0.519259163241101,0.289067839386151,-0.0186073632115076
"367",0.540209771633224,0.448400761181769,0.659345352031717
"368",-0.186158029106168,-0.0218741522371024,0.393932510351008
"369",-0.146953249771816,0.120334735413932,1.15596025667184
"370",0.199635593824949,0.205755834870164,0.253756014870457
"371",-0.83659195129605,-0.345445300491933,0.124895175817066
"372",-0.205839548015107,-0.0691878511382764,0.15490203731551
"373",-0.56788569234465,-0.207730157106543,0.512017990142381
"374",-2.35588636648111,-0.614725032932792,0.475008676829926
"375",-1.45184000260154,-0.493401132392633,0.161870296794593
"376",1.09023694954024,0.651806017851038,0.77096176038577
"377",-0.131427631315849,0.0225904514677931,0.445251515561301
"378",-0.248358847780716,0.0716502073225916,1.33337848519088
"379",1.06667651093813,0.647344039158014,0.777429006474803
"380",-0.257626486118629,-0.0888624645892176,0.230181008923642
"381",-0.616314673378392,-0.193719996359388,0.832475314869595
"382",-1.40938555652933,-0.498397913917265,-0.0440780217899776
"383",-1.65330475866097,-0.508831954302937,0.536130382919639
"384",-2.23470984175129,-0.597384393995324,0.536832473731164
"385",-0.09030165263793,0.000359557946213975,0.122140613828029
"386",0.632067512785901,0.573079791872456,1.04731621084932
"387",-0.404628065220432,-0.143884955297389,0.410137781076914
"388",0.0386973899755469,0.0608594009875405,-0.0313505009049783
"389",-1.1418646706288,-0.42740930920542,0.146124562490977
"390",-1.48822824313668,-0.399999438624427,1.78657878373392
"391",-1.92392768063339,-0.529184608968485,1.05171285732437
"392",1.55049971111228,0.744718765556379,0.742656639946945
"393",-0.744908378746776,-0.0890682450088229,2.43250013309684
"394",1.60705619699115,0.80084461061553,0.909872360318055
"395",-0.434134308667702,0.0163842258802182,1.84165122693189
"396",-1.82565199789078,-0.502671632723171,1.24050021844231
"397",0.909220341894334,0.783503159200111,1.50841496371535
"398",-1.83246989063824,-0.548465879868845,0.358670195164129
"399",0.21542075305881,0.207373645938141,0.219620695283006
"400",-0.391518677036968,-0.122899038766071,0.524109926581362
"401",0.629414991239554,0.68077882874955,1.52001091893817
"402",0.00983453692625308,0.128818768488655,0.463859420703517
"403",-0.928578538806098,-0.299302957392564,0.970244558872279
"404",-1.48665929573359,-0.492258910156826,0.287964508373008
"405",-1.47366641007737,-0.441563167894838,1.06118068208288
"406",2.12403187404273,0.838783436286821,0.757997531040162
"407",3.50565593753427,1.00341810707284,0.860453290856009
"408",0.373923002445942,0.417134589149571,0.855106626660685
"409",-0.0599541001308713,0.0357619868923855,0.207225500314058
"410",0.95156810306903,0.510328891537247,0.352657329353423
"411",-0.0544907943676481,0.0560741493911286,0.306346890801804
"412",0.565346359059753,0.301748435428947,-0.034510842590133
"413",0.0196546610313454,0.155602216548942,0.578206371554548
"414",-0.129901938184582,0.124570944573804,1.09723042559441
"415",0.028547538445611,0.156243364364689,0.546519518729202
"416",1.14055749708407,0.495680052111734,0.114368750722667
"417",-1.88304410014688,-0.505650561779143,1.39025541131013
"418",-1.78801949001046,-0.524150821579799,0.691630774392289
"419",0.212217067933556,0.346918633853022,0.938803576513569
"420",0.828457774688743,0.541304802130686,0.62264325070287
"421",-2.21196088172896,-0.563098848937052,1.30928441710256
"422",1.10148799144846,0.803597588816504,1.35404588802764
"423",1.65300496996564,0.596065225563148,0.136431832971616
"424",-1.46734242950766,-0.459849409759443,0.746090754064554
"425",1.6735375192552,1.01262833707385,1.63344746651079
"426",1.01575243513351,0.763455554781914,1.29317761726025
"427",-0.467095314917239,-0.150716696059565,0.606867273833372
"428",-0.213967798383406,-0.0498843851962957,0.32209822979509
"429",-0.0944695570933891,0.107167737669804,0.810096867436456
"430",-1.21004615330616,-0.260941356069864,2.64678516596486
"431",0.913086557186579,0.45581758667795,0.173538246051926
"432",4.2488668004669,1.08201485663378,0.962529293575622
"433",0.548567185050719,0.419162938855592,0.514255853099674
"434",1.6511629922642,0.82860640726205,0.981618572681342
"435",1.08747719692784,0.757007397324302,1.18667129281568
"436",-1.58165097190275,-0.48400353734885,0.733523231316408
"437",0.471724625229457,0.297447642518028,0.0998623630842483
"438",0.0795210072424398,0.14419411053109,0.292904031308336
"439",2.45162972889158,0.679274921620747,0.0821072518047203
"440",0.165931343436799,0.297717403160603,0.829239865682484
"441",0.0539239845584986,0.366332203276111,1.62398004925079
"442",-0.138627609057337,-0.026210648236565,0.160211051068888
"443",-1.28325938181822,-0.413081460927116,0.81620896668477
"444",3.27700782858233,1.14078572736856,1.36155845286835
"445",-0.352128709236801,-0.134290124887188,0.275295491234047
"446",-0.382858529322601,-0.115554243390996,0.546380752723967
"447",-1.38370040589735,-0.410940870054469,1.21110262775985
"448",-0.190046255984781,-0.063831771641194,0.126159633684539
"449",0.721375446232243,0.482838877321531,0.521305640246999
"450",1.18351326888712,0.536909168385131,0.237834244544919
"451",-0.829203179156446,-0.19538181692778,1.71564752055955
"452",-1.94333039009979,-0.492436285953998,1.89533412086635
"453",-1.77538113883489,-0.549666921009016,0.161429711903416
"454",-0.141242663295485,-0.0262942170753736,0.170817045541393
"455",1.35097396387347,0.918723920768218,1.54697759495362
"456",-2.33103877334614,-0.618886813155052,0.286767783933435
"457",-0.0957315611038229,0.19767967916467,1.3845814948628
"458",-0.402957895365417,0.0397109219410018,1.87249709161168
"459",0.426262139763509,0.371475171500794,0.527073446394703
"460",-1.81968514219617,-0.549149786575088,0.305744801598049
"461",1.21772448786173,0.485683345674147,0.012824498317632
"462",-1.74573586169963,-0.472401629490735,1.52791502892133
"463",-0.67230492896245,-0.29509645663485,0.0792670712543556
"464",1.12104470437429,0.540522352625221,0.306170056208673
"465",1.97404594916949,0.955295651945324,1.24047687199929
"466",-1.22571494774836,-0.406556294538616,0.706507729394687
"467",0.32608474618748,0.397461625349628,0.876378356323382
"468",0.731661344435652,0.399108310093976,0.152786908389244
"469",1.43376762431939,0.526384023660998,0.0129501759346257
"470",-0.333662457516823,-0.0573104252208309,0.786522749714115
"471",-0.237834815933633,-0.004911565105006,0.741157225602619
"472",1.07916473986331,0.475316667174413,0.0884334353840545
"473",-0.622065307676955,-0.0709331845014718,2.00536754678188
"474",-0.850855198034652,-0.312034618022601,0.537827792576997
"475",1.93969438727771,0.728244997846705,0.458608833472126
"476",0.683662217423044,0.368111695080596,0.0845106383920223
"477",0.061333442641471,0.528546561378092,2.49309430242361
"478",-0.531839630633264,-0.19336962578013,0.499328065742001
"479",-1.25443152095714,-0.433033283989187,0.434567693956467
"480",1.69133064145619,0.758793986091113,0.703340938952292
"481",0.464552647062659,0.481853882484358,0.956948471971713
"482",2.56465141025464,1.00808961520663,1.15289957493729
"483",-0.286771099692484,0.265076463142126,2.94353905305213
"484",-0.346152782552466,-0.102849795339262,0.492542577544307
"485",-1.25771358723308,-0.327849444979237,1.92872957612142
"486",1.16863114386649,1.00096605245721,2.04714273520592
"487",0.191984640507227,0.365088528571786,1.09482438133291
"488",-1.36794174566506,-0.431966220776654,0.835903010931757
"489",-1.97767173561413,-0.527371391308743,1.2812201679344
"490",-0.11710694232293,0.268131781557499,1.95037111506212
"491",-0.242857656340494,0.110772628061553,1.58289756020664
"492",-1.71846184473169,-0.506756719532463,0.788738487054643
"493",0.262624981116283,0.257778852410944,0.351368187062182
"494",1.12042193766566,0.751468023830579,1.13002492340969
"495",-0.190912655180732,0.0551918185977117,0.938066813547531
"496",-0.00243832913789865,0.162443021078299,0.709583741863069
"497",-0.784778939588799,-0.329984252534898,0.114247459979643
"498",0.076268774982431,0.141607677478616,0.28976283978542
"499",-1.58029994319418,-0.468959414577359,0.986123345995971
"500",-2.16962879781858,-0.584297091427566,0.647324633782832
"501",1.34586675274375,1.21875889215085,2.6827186760552
"502",-1.43140686350406,-0.471596926916688,0.440885172347338
"503",-1.32860495854171,-0.430973254624322,0.714271760885198
"504",-0.00154516318352816,0.315282645516016,1.59413763571107
"505",-0.319172490951361,-0.12358384884938,0.224999640887014
"506",-5.51889594724945,-0.819176288671347,0.526009918382109
"507",2.21531772574372,1.05913100313881,1.47723129085422
"508",1.34668810801316,0.656840940938902,0.563733018894028
"509",0.13780798296764,0.306936906951058,0.97127006195471
"510",0.358609404372933,0.433737821496512,0.970323847736363
"511",-2.05298633552814,-0.592759504209624,0.0898826606487687
"512",1.73345986634548,0.682698761988875,0.404331207387823
"513",1.5268125416421,0.844546996419864,1.12654923213376
"514",-0.72892840303277,-0.291381326830659,0.315567322644918
"515",-0.434705075383262,-0.129429581198664,0.650082871007014
"516",0.798001124503147,0.513170725775943,0.545135706557018
"517",-1.15559072388547,-0.41379347176505,0.37030835439095
"518",0.169848392084202,0.222047912173703,0.422652219198697
"519",-0.158648714099603,-0.0162754421716954,0.311587662401059
"520",-2.86731937776876,-0.674785739592837,0.236569433845276
"521",0.045000314825996,0.160626858320716,0.50792643280921
"522",1.23096409698649,0.736258098457482,0.963226793774291
"523",1.59462628299109,0.877008406152297,1.19649540193387
"524",2.36074759495926,0.91612173984491,0.921548536906253
"525",-0.555941748865132,-0.264161543705733,-0.0386706295382169
"526",-3.8157502334199,-0.743740615286614,0.200716649975407
"527",0.482168795422629,0.334803481434685,0.251558816509548
"528",-1.84447270001829,-0.553961610270583,0.286447681669626
"529",0.198035925489554,0.391160310824419,1.20929685675042
"530",-2.50003795857512,-0.634902688668123,0.367497611081304
"531",-0.631504348864594,-0.266555349263578,0.207781139389916
"532",-1.8095748408749,-0.552678509788076,0.205857719640089
"533",0.363440576520262,0.317257466761016,0.404706902816324
"534",0.728211828359317,0.425394959748365,0.268554317866105
"535",-0.373551678297853,-0.0498398689480608,1.02222653326992
"536",1.3499755302371,1.02364183051381,1.94318455170585
"537",1.04730803224703,0.651527029070691,0.814152568430736
"538",-1.49012293543476,-0.433059155470687,1.25834307829467
"539",-0.659852749235144,-0.280151224067124,0.179768226593174
"540",-0.697435926752274,-0.107307737514811,2.01839016479858
"541",0.0509287250882368,0.0842195723667795,0.0579183947508299
"542",0.334569526084985,0.487721489378095,1.28971464150589
"543",1.73335841670673,0.612330447941466,0.151172698210436
"544",-0.911937466749516,-0.238450863042381,1.5979721433979
"545",1.92284753393849,0.865565091237969,0.952061892922771
"546",-2.99263216037147,-0.68982647992229,0.0675813761838535
"547",1.42632088836615,0.965583130819895,1.65565525985698
"548",1.89219819053894,1.09669315210829,1.78768237951778
"549",-0.385972519927439,-0.11081934417988,0.596722356108326
"550",0.199581551322239,0.340832758867751,0.946321239329398
"551",-1.31982475450942,-0.461983314758969,0.230077557291323
"552",-0.623251716846693,-0.258935584290027,0.249523575471058
"553",0.675640862167553,0.725801051649402,1.63051200430694
"554",2.63407724520136,0.717697065380622,0.15337571292468
"555",2.14243520439752,0.778436185921835,0.540322559063685
"556",1.97691702736835,0.786532828510366,0.645548487944253
"557",-1.09374692727048,-0.366121710322236,0.776063648969837
"558",0.76095730479293,0.404672876360739,0.138864647721264
"559",-0.942096515935368,-0.323512067563094,0.741847740352756
"560",1.05428036176468,0.727670348352858,1.10745240880251
"561",0.546466208516127,0.528597862419477,1.00552516690112
"562",2.23987966512439,0.750467153476872,0.402880079642295
"563",-0.940578144698144,-0.350790346137853,0.420571449700043
"564",0.662656999906362,0.692929826392295,1.51229759323219
"565",4.11763360471979,0.892407549209898,0.388797605795194
"566",-0.128977024211102,0.0325269269260831,0.498345646052417
"567",-0.783060087706077,-0.29848941876629,0.437298610433875
"568",-0.271406501386128,-0.0673249715469542,0.442809710464522
"569",-1.85623834200728,-0.522003880435515,0.963873519963627
"570",-0.0446488190352592,0.283697601922122,1.63179247553554
"571",1.22941638456178,0.558463064193303,0.282853564407842
"572",-0.750748625680737,-0.250419208866547,0.812651260184174
"573",-1.76538527784645,-0.505361159498402,0.975204744578083
"574",-0.795424995494332,-0.33737289680637,0.0726919714297539
"575",1.31955295344754,0.640613066584051,0.523640905131937
"576",1.41503089039638,0.731958853591696,0.793002921023648
"577",-0.0327523734174749,0.216448428704412,1.16745340930316
"578",0.535844688102964,0.471228166911104,0.769263050051474
"579",-0.924394338511389,-0.381005871032648,0.0184398942959161
"580",1.9984060205376,0.603924407829902,-0.00583639898335128
"581",1.12777789942183,0.710207704320804,0.961568323211864
"582",-0.234933976084071,0.121120831531531,1.61456869804989
"583",-2.08422826650942,-0.597873884808887,0.0652750031070367
"584",1.47406458705036,0.784734327424706,0.944775689927184
"585",-0.243733496649625,-0.0673841845123429,0.325446773205164
"586",1.67813527265083,0.578828964101273,0.0600352339736398
"587",1.83964535559406,0.607432541880247,0.0794252394235208
"588",-0.271059803211779,-0.0874450130727587,0.295723169893499
"589",-0.27519020517872,0.243707749650395,2.71718084057334
"590",-0.0881749212143098,0.172387552221333,1.18619511240657
"591",1.27690107793841,1.04330388133597,2.09111673664809
"592",0.551353829247965,0.402892514415853,0.437058423110076
"593",0.448581700901453,0.355300547719056,0.407978195943534
"594",0.372779472722915,0.259805595144827,0.112326460795987
"595",0.0449334142275321,0.0705773120094311,0.00194580128254652
"596",-1.14980740691528,-0.361105578261863,1.04667003294372
"597",1.42973211559225,0.813670388668162,1.08644099255996
"598",-0.968473980012157,-0.352660893875322,0.496114138649941
"599",-2.05255277827958,-0.556343389037401,0.907046543697129
"600",0.836740329353618,0.638125062366842,1.01154203786692
"601",0.459574563296199,0.263492312500479,-0.0341768265460902
"602",-0.447545051538367,-0.149185695927145,0.540161389970443
"603",0.996939809462692,0.540959275609374,0.427713465743814
"604",0.780782597684795,0.794045135595759,1.74149679869565
"605",0.0495531619747834,0.15308549924584,0.44856947753936
"606",-0.316587305731654,-0.117075617927563,0.263447006306513
"607",0.75424542438517,0.651031292770011,1.18345894141653
"608",1.68747642775605,0.722509265293717,0.574489715159552
"609",-0.429025624016743,0.0448134053647049,2.04789734714831
"610",-2.14267718031387,-0.588209595907302,0.467603897619758
"611",1.15721515394193,0.560487785800037,0.351686558307916
"612",-1.51461004760286,-0.50700358407174,0.133545948562256
"613",-0.681711313624386,-0.24726162562282,0.578574410290451
"614",2.45259565855916,1.02587755954766,1.25723877174649
"615",-2.77374248564309,-0.667822378619092,0.186369791550697
"616",-0.273316526514739,-0.0996613471012256,0.2164878882361
"617",0.893175392903862,0.66437571429394,1.04497588283667
"618",0.584403920911028,0.80055796809386,2.13374463462163
"619",-0.723662943892277,-0.193784954578687,1.2761810989341
"620",0.391875161861663,0.276559544065959,0.152967625631488
"621",-1.89161804383735,-0.53255389419284,0.870905967273767
"622",-0.0943780937417704,0.142104070350156,1.02875518021269
"623",-0.0600248812395681,0.160813127275986,0.969242013285143
"624",0.153052826069056,0.235887559074969,0.546125816605648
"625",0.434963339159396,0.382051308977066,0.558412331231407
"626",-2.73488626437574,-0.643612621022907,0.877075751501183
"627",0.395549971494994,0.247268843100148,0.00811342567477616
"628",1.22722618085237,0.65886121192289,0.669764900499617
"629",-2.64425378769039,-0.630451724472367,0.985111298366413
"630",-0.298647350082318,-0.0952187019091887,0.352893555413367
"631",-0.772082641453986,-0.202459754669117,1.39323737306295
"632",0.527811142106388,0.593144038561691,1.33061161330407
"633",0.19555912812876,0.196427999505266,0.217018130984565
"634",-1.60469428589547,-0.526170045393561,0.0803806180304607
"635",0.978553120757879,0.549845773250779,0.482548539754186
"636",0.705678931402962,0.946129779009927,2.51621915319501
"637",-0.0948142691365305,-0.00424291472072038,0.112806685061873
"638",-0.314878353818271,-0.115235396941863,0.270328980795644
"639",-0.879995258109391,-0.207513951999631,1.80722481964511
"640",0.289963256213017,0.300850478186109,0.495932176760642
"641",2.45536588756033,0.72982319299968,0.252258138849965
"642",1.25902038243471,0.521286298178244,0.11721704003079
"643",0.636839427173327,0.491700271373006,0.686179664473413
"644",-0.654231369133541,-0.182937231733804,1.09040578808576
"645",2.61393249623821,0.903497269298139,0.783343929205717
"646",1.31458749258419,0.868115142179681,1.38900582305661
"647",1.26265974392587,0.72171923433451,0.879163938246498
"648",0.10967022056576,0.174199101318623,0.355951176762009
"649",-1.32254837193403,-0.45352996927945,0.362646235041208
"650",-0.723968159901021,-0.253360446138029,0.679473531143103
"651",-1.85843639177169,-0.563327701113543,0.141083074866933
"652",-1.10233381511104,-0.412253449536869,0.21573992621101
"653",-0.339263907917619,-0.0340346093331836,0.988784681590992
"654",-0.341436593811854,-0.113598558678108,0.390792937293515
"655",-0.629873167691702,-0.155656837875026,1.24581746417864
"656",-1.81930819345473,-0.460693899324788,2.04227633142245
"657",1.87853392450024,0.642250748210593,0.184244105476791
"658",1.08346477761309,0.885792973468613,1.69687628704398
"659",-1.77409959759188,-0.495982587822115,1.18495261686469
"660",0.843750025901669,0.422070778100437,0.112267030564079
"661",1.30225384116689,1.03179999172285,2.02125132157709
"662",0.42896496446968,0.279986733511141,0.0973054571977597
"663",-0.554906207929438,-0.194294073981252,0.581794630275227
"664",1.40786162398212,0.672303224779095,0.575486212431654
"665",0.467782658367098,0.442018929125611,0.768048124985104
"666",-0.0085139607916794,0.114884270049242,0.458053670507671
"667",-0.855127088409268,-0.198466712213327,1.79690378671544
"668",1.0765678406645,0.778490321284814,1.28303830923795
"669",0.135613238136918,0.435439781645354,1.66111856936852
"670",-1.73478610434976,-0.478351111738187,1.375251025402
"671",1.05540782473288,0.832058908496007,1.5182860288667
"672",-1.50544228811649,-0.50545008118014,0.131247722673473
"673",0.115966277684922,0.249376297490838,0.739414190969797
"674",-1.28884225002671,-0.355301117131594,1.66624490706489
"675",-3.26409385083255,-0.709999476048049,0.0867760125555653
"676",-3.47565472437389,-0.720191054881206,0.319146350846662
"677",-0.331839888614064,-0.0906234713056794,0.525822306739423
"678",1.00390537375956,0.882189261094601,1.78042850487862
"679",0.0349349812653102,0.372532988099775,1.74601019545787
"680",-0.47187020152311,-0.0252504847357195,1.6823788495955
"681",1.20237903176142,0.525882327463143,0.179685927684375
"682",1.01729348797655,0.490358242803358,0.205731445302002
"683",1.49296487259482,0.735665301066147,0.749333231337133
"684",0.0533023257207198,0.260779967868475,1.036741882895
"685",-1.38395970588866,-0.335442268755608,2.36091834600457
"686",-1.86816922807267,-0.55826585117963,0.272363006653456
"687",0.156854089646956,0.509788921250338,1.97106534229851
"688",-1.26359455455372,-0.462738313468231,0.0445027368474996
"689",1.85168476486251,0.658610499957232,0.255585852215071
"690",0.506688417388986,0.42909492709813,0.633999022535385
"691",-0.822767208710548,-0.228069759536999,1.33685924648742
"692",2.34779032654799,1.16768708043736,1.78609511884311
"693",2.66412321554965,0.76321805549215,0.296632597824819
"694",-0.840373461064536,-0.229594587769431,1.39402105034599
"695",0.596191771883939,0.5642666844413,1.07170761077493
"696",0.722733277474972,0.49831138134188,0.584985782607372
"697",1.17172812338545,0.669361875978274,0.760358170949352
"698",-2.02715313839243,-0.560274448827835,0.734165241030014
"699",-0.0963454118704637,0.0745776369514745,0.614557582771267
"700",1.74813955314621,0.928996826797021,1.28110783111805
"701",-0.0705233497248963,0.130339059690438,0.835729313717144
"702",-0.482051406131102,-0.19318514635486,0.307900354006085
"703",1.43011243652813,0.683619074080076,0.601397022046927
"704",2.29449763297398,1.28613972170943,2.21784867566799
"705",0.151564524918441,0.342361430400031,1.11094385507175
"706",-0.953305286992652,-0.345296500242854,0.529043284899774
"707",-2.56981472325816,-0.647739910389512,0.202631205559779
"708",1.64849188217314,1.22083936327724,2.4076392429714
"709",-1.22359383044512,-0.423598020728455,0.463742314804755
"710",-0.807470880646856,-0.171178391947893,1.87705194028412
"711",-1.02882082284096,-0.370074667618537,0.497339579182782
"712",0.234477204895028,0.440903659231518,1.34646362505124
"713",-1.17553979603823,-0.388810714249886,0.771752025360948
"714",0.478374601539939,0.421185168014809,0.652011715375413
"715",2.80977952844331,0.775682032408523,0.294795927811301
"716",0.0152864401446704,0.361177444855165,1.77601487713422
"717",-0.0236435976188299,0.262102447782079,1.39285888972633
"718",1.33766194395954,0.949681091813129,1.67599208168368
"719",1.2732514685436,0.778514053078142,1.08625481873025
"720",-1.20596220090497,-0.319093246807538,1.83311318460928
"721",-1.7125119850651,-0.545380215571686,0.055572898768817
"722",0.50908861182649,0.37831702667643,0.400530175192445
"723",1.00942229243754,0.700359250786436,1.04947303910737
"724",0.93654163419709,0.561557906009783,0.575727138277012
"725",4.18215248462652,1.36965560885627,1.87804904179
"726",0.961672826228232,0.853691673457884,1.72155584036278
"727",0.281452394628245,0.199201666398155,0.0164350575382988
"728",-1.18754629309553,-0.446591989611117,0.0338283965591067
"729",-2.67249256944391,-0.652395138577489,0.378764030847384
"730",1.16082131081108,0.709138610064781,0.924797600628907
"731",0.363920824628979,0.492621142133882,1.23750303353847
"732",-0.50495306323441,-0.116631411824835,1.05613818992781
"733",-0.468628904844612,-0.180335361768683,0.364408224759604
"734",1.58483621961524,0.581749849992892,0.123621931579637
"735",1.55030775970871,0.831944488675062,1.0630892482817
"736",0.181079732231864,0.28612318533926,0.721471662821831
"737",-0.234232461262654,0.0954629644890766,1.4305020335206
"738",1.29259853793057,1.37226252387791,3.32437841605208
"739",2.27302814044403,0.768229565273533,0.450712405456126
"740",1.19316825750245,0.601943036729587,0.480572637889467
"741",1.11757935849523,0.741978503857869,1.09593281995175
"742",1.20511303719987,0.483486654286978,0.0142654690886735
"743",0.667605421945634,0.77918160652112,1.87450253712728
"744",0.44597059821633,0.513775314110547,1.14343316546325
"745",-0.115310710052804,0.0504965852123231,0.55086058598706
"746",2.24920847179928,0.638776217537184,0.0149606163715431
"747",0.810692828731581,0.677285642214209,1.20981537462759
"748",3.07438946183123,1.14258039904914,1.4260703399616
"749",-0.733033270737414,-0.292080484348104,0.323210820091294
"750",-0.436234996344235,-0.191988404223401,0.143407564205164
"751",-0.025125455921623,0.0315441391585518,0.0356092160635694
"752",0.249822154623845,0.292069264175297,0.555370236221436
"753",0.453374715347473,0.362904357574427,0.433698570820261
"754",0.721551624877224,0.536175526491772,0.747226084276711
"755",-2.02331835140292,-0.565998577506039,0.595011066216787
"756",-0.687971149289593,-0.212560007874726,0.942344234403845
"757",0.495119831691614,0.292206809577031,0.0355549324930819
"758",0.306145231632014,0.216264917147804,0.0444829712559215
"759",0.290629747029123,0.355216103311927,0.760976233271842
"760",-0.701580689543041,-0.281768820474066,0.313280099757733
"761",-0.94125524420148,-0.345177031297977,0.487916270548259
"762",-0.285568198433509,-0.0968225969653002,0.287227864713745
"763",-0.336609607369385,0.186907860587705,2.65857728996733
"764",0.89637258520181,0.434481650660678,0.104783830944228
"765",-0.841454606010203,-0.348978532042357,0.102914941856082
"766",-0.108492899420441,0.0564078295276081,0.556821075024333
"767",2.3553964901486,0.869677490624402,0.765198605551599
"768",0.163378670848149,0.571663821533984,2.26923032835919
"769",2.13158552407746,0.658262512268791,0.127975465107845
"770",-0.562431813515018,-0.220898837452105,0.372618021416909
"771",-0.935829777994603,-0.349633825440115,0.417423457007215
"772",0.773983570283346,0.627117701251368,1.05377255862251
"773",0.535587490109359,0.334880881367873,0.160091767802803
"774",-0.717649009875133,-0.211489514599984,1.07380778549552
"775",-0.00702446388786878,0.192912431644993,0.907291091480495
"776",-0.351070826418051,-0.0152052292816973,1.18758396757613
"777",-2.31386668123142,-0.582398055806262,1.18799476896405
"778",0.331323640756995,0.552314978916796,1.60961981901897
"779",-0.894805927037334,-0.3268638757276,0.531859796524846
"780",0.631017636172123,0.779713719992691,1.94690325181426
"781",1.08313690103293,0.684498968597187,0.906562331774639
"782",-0.0233561141330368,0.23964454373289,1.25866376850866
"783",0.293720634833989,0.587395673637279,1.89037983861534
"784",1.6608601950577,0.578405150651987,0.0679807489492523
"785",-0.729131537241896,-0.312790624002754,0.100646017288579
"786",-0.987042758524138,-0.176500555218716,2.6615328370561
"787",-0.497609197711556,-0.19976143110883,0.311421897901959
"788",-0.950598898865905,-0.305759840418635,0.979976161728179
"789",-1.3245374215827,-0.432556974537418,0.677038394518679
"790",0.286307790191793,0.439346609891925,1.18571720411093
"791",0.624636994033785,0.346577346254141,0.0742002790304196
"792",-1.20459394972199,-0.348427268754525,1.42690860835595
"793",1.52358858485226,0.864700574421166,1.20317815960969
"794",-0.561101061100425,-0.245744114291057,0.14467220931975
"795",0.722744382791018,0.523403483003857,0.691338074469839
"796",1.14433579482953,0.525076591671991,0.225426556747848
"797",0.289732222058045,0.242314397510327,0.209238996416966
"798",0.0753009095470751,0.0862971767811734,-0.0116376518314533
"799",-1.71707913728815,-0.539010157700165,0.186951630171841
"800",-0.335223150145912,-0.0473777566241428,0.868935876718131
"801",0.611806540117667,0.438105036021393,0.49283642736405
"802",0.454517081589957,0.511707673526942,1.1152255521062
"803",0.289234795942645,0.264781269250816,0.320685623124911
"804",-1.346496513152,-0.446675580611031,0.5424455928994
"805",-0.583408158045764,-0.232873640742298,0.343303815400912
"806",-2.69353282414421,-0.639232007328162,0.876528310517196
"807",-1.46600022728185,-0.480759806376311,0.40740323964816
"808",1.19329943626501,0.655976069662453,0.688833416701487
"809",0.240837032025053,0.386901570634587,1.05564485884379
"810",1.67093695567823,0.596499907757818,0.127978892732984
"811",0.671925690315485,0.393128253154078,0.208003294086606
"812",-0.673186562381505,-0.252129649630641,0.499003948592597
"813",-2.09730498344813,-0.491484248784276,2.55710360670065
"814",0.491455243413749,0.42989661253407,0.666403397817578
"815",-1.00548977732693,-0.322789351878485,0.987232873962325
"816",-0.990429681554747,-0.342760107844892,0.691735354881014
"817",1.03851873132204,0.831080492309757,1.53445766102994
"818",-1.41987315770103,-0.415165634167398,1.28096949682171
"819",-0.787145987292223,-0.321280593019864,0.213425453194383
"820",0.565515654197534,0.520482105043456,0.934130348931976
"821",0.265680995972312,0.473932805646866,1.41624690227872
"822",-0.00263724071467456,0.277748573070235,1.38121480864194
"823",-1.23009250088093,-0.360444117497265,1.36120491825841
"824",0.843053624705732,0.78980571806728,1.62786928758659
"825",-0.635813786472731,-0.164308470422131,1.18973210730666
"826",1.08933680945779,0.489055617258974,0.133265723494332
"827",-0.635178218657529,-0.212209571362479,0.734459793732973
"828",0.717960042371031,0.369988783849052,0.0471568927306022
"829",0.511786626729017,0.308547484974493,0.0813611002964041
"830",-1.03392061485413,-0.390812069694688,0.260376515620875
"831",-1.47155739408973,-0.497786902690479,0.152275462041084
"832",1.23160713008963,0.760013877494395,1.05370344396633
"833",1.29264432349172,0.679033380467524,0.691046867713049
"834",0.647331048625942,0.499766714696757,0.704410594445125
"835",0.213505446272485,0.273117689829697,0.559300513987325
"836",0.896840790817233,0.797292614177505,1.58146771580443
"837",-0.808816128484939,-0.184317856210519,1.74359373250558
"838",-1.25734183892987,-0.463233229164703,0.0184031412258004
"839",-1.07265788307328,-0.320600504811264,1.27327436726186
"840",-0.166535587191362,0.0532150771846214,0.80861503476446
"841",0.520763561920835,0.444360128633531,0.676629313950441
"842",-1.27090873881194,-0.446279094655442,0.300918089685356
"843",0.93761334344936,0.794207189047098,1.51380576468404
"844",1.282393765614,0.518589420824533,0.0892223285830896
"845",-0.239241722601791,-0.0132257217137927,0.688863742870108
"846",1.32656041484567,1.05997223712301,2.10336212670372
"847",0.494906015253843,0.441020169123652,0.71022230982771
"848",-1.34395266729939,-0.479541596768563,0.0457145948679436
"849",-0.342883340778476,0.02941597993276,1.49058809897686
"850",-0.366836401741264,-0.136918016252844,0.313704413856612
"851",0.409677837294176,0.454762627762315,0.95039598033556
"852",-0.676987657368495,-0.177772610220574,1.23625785464714
"853",0.924480768507124,0.549999075211092,0.542657569696711
"854",1.20251973027314,0.636098045867313,0.60399132336231
"855",0.041735415080718,0.144849147297202,0.431418663158201
"856",-0.716793749922762,-0.223541566479401,0.949910254449154
"857",0.406127182168221,0.288659370485563,0.181505117110187
"858",0.115606461105148,0.465556884888719,1.90205611195933
"859",-0.623853999610439,-0.213980065265054,0.673128754206297
"860",0.902374393253852,0.627824750399519,0.884624911983642
"861",1.07709467338004,0.493206496928845,0.160640837054355
"862",-0.271255484565296,-0.124404349502849,0.0290072705156384
"863",1.27497914409043,0.538725279895236,0.17147810377141
"864",-1.17960426404223,-0.300475997240573,1.97383748478727
"865",1.58626191577657,0.574577857936393,0.0965536071561704
"866",-1.80869969008965,-0.529499942869153,0.655769659042398
"867",1.29924936344436,0.922766730217866,1.61053362553332
"868",-0.757195335538428,-0.302124801330115,0.307066360238607
"869",0.231494032224592,0.271195395710058,0.499784044394791
"870",-1.06064494050209,-0.27526980660221,1.79235769156831
"871",0.636793466895403,0.447648424849284,0.495167354957339
"872",0.749268110934992,0.684543368825909,1.33216604129277
"873",-0.266834866388169,-0.0916937763613524,0.247623464343011
"874",-0.16878462423925,0.0339797284219661,0.690966322967232
"875",1.67937541599857,0.756963873731057,0.704027306491052
"876",-0.783719690622146,-0.336971921732925,0.0376499188112134
"877",-0.499167277367927,-0.11619531436413,1.03475422056005
"878",-2.23250998602568,-0.605875908433926,0.318085383542945
"879",-0.130452288208968,0.195253264473626,1.55687622916542
"880",0.0681944230629,0.224395375536695,0.775845037442464
"881",0.109403403899608,0.155563423268478,0.256325839979379
"882",0.0345222988831117,0.207986382921982,0.816226366528171
"883",0.832421572119896,0.561137872768025,0.69949935564049
"884",-2.44616037396532,-0.581389671688358,1.71133446750696
"885",-1.92251636719907,-0.555816960759429,0.491460775176195
"886",-0.214609794020052,0.084979805420576,1.25832224071369
"887",-0.249946099551244,-0.116585617444212,0.00135389882891704
"888",0.910950313999601,0.457870745332917,0.184168700791454
"889",-2.93632339503299,-0.668804609993806,0.689239207999943
"890",-0.103854908513147,0.0520341079988635,0.507605247158724
"891",0.634313497231786,0.740913482228257,1.77200847805711
"892",-0.321255132076981,-0.10233280469167,0.393223236815069
"893",0.972237568289664,0.912340237442121,1.9427763413167
"894",-0.614812395054712,-0.180593593695452,0.948672902077132
"895",-3.0490923868525,-0.694883323727532,0.0444617237583116
"896",1.81051310279931,0.795626366163566,0.765766064344552
"897",0.98348905170009,0.627985292069491,0.78993432916824
"898",-2.32213749041889,-0.611539466592255,0.452487836165617
"899",-1.7246744976672,-0.54229597738074,0.148801549599687
"900",0.622040925666302,0.544707775903227,0.941015666236486
"901",0.760675343465764,0.380841323599067,0.0391440286565036
"902",-0.361164178937693,-0.0889132401382323,0.663331948637951
"903",-0.719112755073241,-0.299442411837489,0.199857941050464
"904",-0.838751336049542,-0.283149729049301,0.807036435865406
"905",-1.68765296004762,-0.456982145004763,1.59175886835527
"906",1.11423786608005,0.587823125685112,0.497123087263057
"907",-2.19208462390255,-0.56853323965938,1.10493589973035
"908",-1.06855605402287,-0.393467835915494,0.342699003753387
"909",0.947009872320164,0.478571130391629,0.229564122169919
"910",0.0499229822633261,0.205125639856393,0.738760852952442
"911",0.479299356129671,0.335173934604878,0.258410339471307
"912",0.699457159090856,0.496168596897676,0.609484442584758
"913",4.704903417432,1.30819605393204,1.59132613635575
"914",-1.16217763868448,-0.377102574866012,0.880203862532225
"915",-0.675204231874964,-0.273811513364797,0.296035643357452
"916",0.94390874482137,0.719000254346315,1.2022874540574
"917",0.221225311709861,0.158730712403972,-0.0422306281676382
"918",-2.35249314357315,-0.613402080638281,0.499589016154783
"919",1.53277537227602,0.605847758928693,0.243791180955384
"920",-2.43196711501942,-0.613178718276567,0.76615567937618
"921",0.848821766254982,0.468928376808119,0.299278013500751
"922",0.6418450200608,0.571973239791588,1.02591164097843
"923",-0.442782924682324,-0.202120081535718,0.08468610881676
"924",0.447049801448968,0.377595114278475,0.513658500367683
"925",-0.0660181631974403,0.081391335966206,0.513648501711207
"926",-0.10874292280166,-0.0107720433243169,0.131544002321639
"927",-1.10493198140388,-0.395499547464018,0.439268773238459
"928",1.2073010668181,0.78431244856128,1.17009548396704
"929",0.861267196895254,0.920015221701542,2.13546413875103
"930",0.555483020040205,0.347011601357779,0.181766194992964
"931",2.27854519817796,0.974067327554761,1.15503253993666
"932",-1.19826541838177,-0.411738086132129,0.541034671330075
"933",-0.249054596290128,0.0569172512832114,1.23204823601737
"934",-1.36832041962121,-0.450208090298208,0.562229292797653
"935",-0.639154656793478,-0.199033313646512,0.875045121129649
"936",-0.418923954402416,-0.166733496163982,0.282724071736449
"937",-0.528723051743451,-0.149569254084964,0.871180388695829
"938",0.218707445096736,0.344021152650614,0.904615997071947
"939",1.59447325261056,0.537495072709453,-0.0437265142648528
"940",-0.660393990075225,-0.122470505773918,1.69748830207612
"941",-0.0652277605243542,0.196119086003075,1.21186079871897
"942",-0.00725928935070908,0.0939057874547717,0.330368391625899
"943",1.52147779050575,0.628088992612002,0.332894659519015
"944",-0.133576865993993,-0.0567715696223485,-0.0593412748653361
"945",0.95928770714714,0.640489060510003,0.867678466770857
"946",1.43745809823891,0.95686130244194,1.61355092477556
"947",0.269049775375457,0.488876122849304,1.48021754998813
"948",-2.93125611671514,-0.681510180943387,0.192288826962722
"949",0.836909857141841,0.527565429470444,0.555258841232568
"950",1.23513484643339,0.581999798905961,0.368394181787986
"951",-0.853777928474081,-0.265187258967065,1.0609544973255
"952",-0.338577956908102,0.0645701837509172,1.73739225069372
"953",-1.42531251458165,-0.463786415240554,0.543008741285566
"954",0.177054552062553,0.144663995391937,3.57782180699685e-05
"955",-1.92787050744281,-0.556047954930604,0.503616785864003
"956",-1.10009139321726,-0.378890688989935,0.635496493167813
"957",-0.416351622090629,-0.0376978659810845,1.31548586107585
"958",0.229482384320738,0.426631870006473,1.29004546201373
"959",0.657930272243321,0.947084547463719,2.6167293603251
"960",0.424463857268057,0.467145904073783,0.975148360960874
"961",-0.543811641432356,-0.234857982236927,0.178613607124302
"962",2.05747321820521,0.678192222770008,0.228545163364764
"963",-1.92204766655028,-0.561383386627009,0.373938648301795
"964",1.8849357553818,1.06487739303065,1.67946988280854
"965",-0.762514329405169,-0.229284677687884,1.07625892648577
"966",1.06894898026834,0.595913066945397,0.572556433796338
"967",0.0996947089441029,0.277591279583705,0.949678494972736
"968",0.910225076040785,0.702138397950539,1.17670408550347
"969",-1.71136310547481,-0.515174512121687,0.609563847605284
"970",1.30157950632234,0.616506643834737,0.446463031928127
"971",-1.75156777874376,-0.497462379208814,1.0766910243394
"972",-0.14936291109879,0.188358642398494,1.61476899998037
"973",-0.883821322819527,-0.333880220802004,0.414323217578551
"974",-1.61902482170413,-0.450968554114161,1.43806726846993
"975",-0.0970014002620929,0.149524192007957,1.08873429757999
"976",-0.694950199036435,-0.240117723898634,0.699373177279491
"977",-0.158254034497258,0.0727104796967991,0.898367686207451
"978",0.209074839901009,0.46240772579436,1.53745042010405
"979",-0.836313833940185,-0.235779516887542,1.31012521234528
"980",-2.06701796182422,-0.557010447661948,0.941366217082491
"981",-0.596225413140957,-0.0747688620834872,1.8453023004408
"982",-0.988302479590358,-0.389293802878671,0.128863459584902
"983",-2.4601502033953,-0.591350901507439,1.4829488213534
"984",1.37817492826932,0.648263148821637,0.507501790913355
"985",0.250681774749227,0.322831066558733,0.706807465984491
"986",0.743452281656799,0.644974493852871,1.17443616399105
"987",-0.189014772683043,-0.0497270030867024,0.217534139871399
"988",-1.95429489665601,-0.553041679450777,0.651973879002481
"989",-0.949177870163286,-0.254197156099363,1.57456466019094
"990",-0.722764067593395,-0.305486137664504,0.152068277850263
"991",-2.26312145069971,-0.561298387693916,1.54429798429308
"992",1.31829876641891,0.602621767427057,0.380849178559799
"993",0.370911398723997,0.460210134971085,1.06637406771864
"994",2.48653050415838,0.940760371293253,0.955424777342149
"995",0.627516033900664,0.546314704616453,0.93872596169873
"996",-0.362202828443388,-0.166212125304944,0.0678314399910444
"997",-1.15619496144832,-0.411956041879322,0.396660839503134
"998",0.0930258592389193,0.101128212351721,0.0131772535506484
"999",0.789087613487262,0.393944015058108,0.059522633272827
"1000",-0.623479108507659,-0.232056029743601,0.502254989424303
