"","x_pa","x_child","noisetmp"
"1",0.884676086012704,-0.434963268517993,1.31209576062439
"2",0.895853067375934,-0.427474776795829,1.29556359221959
"3",-0.310014843141797,-1.02204830965658,0.168556113435358
"4",1.35008186909172,0.0778668133515106,0.774189837961368
"5",2.05623356145008,1.15015678074563,1.15851985885782
"6",-1.21939839082924,-1.1482308985415,0.0494956961246109
"7",0.419899004204478,-0.731687002517786,1.26954486644112
"8",0.692792611936903,-0.672452198118109,0.47724084177969
"9",-1.62527081470856,-1.15606527841976,1.36083603930105
"10",0.74716284226361,-0.680520817250853,0.139003658623775
"11",-0.770690090812507,-1.06524868715466,0.935410533666071
"12",-1.00976774816398,-1.12431465806,0.124750049009148
"13",0.938027699404706,-0.484267789806959,0.628813304657595
"14",0.997666713290743,-0.505833105439824,0.139837006183436
"15",-0.509427117582447,-1.01517769102293,1.08740603703029
"16",0.00650455311014479,-0.925058467088928,0.628666665110878
"17",-0.486954275295741,-1.05652761358826,0.0828098075432579
"18",-0.936677848207474,-1.10306711481109,0.511920724442788
"19",0.16556266506481,-0.890968742681072,0.467392259555068
"20",1.60216182147677,0.462381025551484,0.475468362607594
"21",-2.12270100337792,-1.2017200342327,1.12769192561528
"22",1.25735771861194,0.455095671845987,3.39057256013945
"23",1.41701624900386,0.389934292385409,1.41000460453584
"24",0.228176931015491,-0.870822727518651,0.475413371082494
"25",-1.22806551431452,-1.12863655945703,0.796462979528238
"26",1.26655259485585,-0.0420864320667132,0.922629071192219
"27",1.3617504699916,0.268123384967247,1.46668467155214
"28",0.257103462030969,-0.803411149891079,1.2203760981925
"29",-0.23675147829402,-1.009848398294,0.1352130143518
"30",0.488405595568331,-0.712754213765207,1.12402330990305
"31",-0.809371769241466,-1.09944708534392,0.154353574848375
"32",-0.26007753260482,-1.01138324801159,0.191430015286534
"33",0.134492211022067,-0.87313336317848,0.84997589878259
"34",-1.26323813628551,-1.12321385906029,1.14307525403581
"35",-0.351320915329908,-1.01757944436425,0.409335740518095
"36",0.812742219176826,-0.628472848460246,0.240280051505483
"37",-0.204685084638863,-1.00952549234526,0.0258833936212233
"38",0.694990097206304,-0.643366165176287,0.724854098873307
"39",0.139901096002776,-0.925929397410508,0.0831106342138425
"40",-0.551798122570365,-1.06776145577331,0.055135889587447
"41",-0.464656457813256,-1.02189452925846,0.757109175524976
"42",0.16829898485162,-0.927631221378458,-0.0489077114541359
"43",1.26196974908317,-0.18448514475462,0.277680788414127
"44",3.21106591673724,1.74267503807729,1.49308717459856
"45",1.05611462823761,-0.457006710374804,0.117952611460848
"46",0.127311069217455,-0.835103591004812,1.42210698559369
"47",0.0185983709182894,-0.885633808174772,1.18618456033303
"48",0.912914828715656,-0.514042705360546,0.56336647872192
"49",1.28343966561514,-0.209053234346405,0.0120513791897414
"50",-1.01229277497147,-1.12955702148955,-0.0316841742566108
"51",-0.712586158813639,-1.07901344557488,0.351633895845303
"52",-1.5348327842774,-1.16224003328383,0.674054192277422
"53",-0.51062926272512,-1.05620150398452,0.173447942821615
"54",-0.11647281100222,-0.953742524252042,0.667407874058266
"55",-0.939173585251721,-1.10806913995107,0.371261909033909
"56",0.691921835291334,-0.724606617731693,0.0165231733314177
"57",0.233040817324771,-0.854789426300475,0.664867855300233
"58",0.482080934790759,-0.738944022252802,0.875980943787789
"59",-0.801406254378737,-1.070883662097,0.906673142642473
"60",0.18259294765165,-0.884808057219615,0.480619445338491
"61",-2.09855018523414,-1.17614728396427,2.80115800201378
"62",0.30622249466164,-0.840081215154475,0.53085753334862
"63",0.539272178975986,-0.703255563117498,0.961707670038775
"64",-1.1150027822446,-1.11762005635388,0.734029066308547
"65",-0.456135341196976,-1.04427873222427,0.240422849836609
"66",1.78927924917818,0.796398632534447,0.812338826166612
"67",1.26030641646354,-0.0539406517698247,0.915687009614284
"68",0.821515464715634,-0.485341668198865,1.32459159867303
"69",0.754521756319177,-0.479147338167408,1.79757264021795
"70",0.0103387025298966,-0.82049324167987,2.23369950378489
"71",-0.545770311727014,-1.0203837618632,1.12151196377812
"72",1.45881120524303,0.149627650237057,0.185156147798997
"73",0.771417066107637,-0.675804628235243,0.0613014835181006
"74",-0.435415137301748,-1.03019243608514,0.465692310519053
"75",0.937940688227066,-0.390687719101696,1.28545601659539
"76",-1.65262046597485,-1.18218775577213,0.197124225363344
"77",0.806492038442969,-0.41430320417306,1.98650961015976
"78",1.79837857029927,0.741515934933251,0.634667150780485
"79",-1.75242499741727,-1.18690866698057,0.348522689414716
"80",-1.75859948900757,-1.18563866715984,0.441701568913651
"81",-2.40119160694224,-1.23010537173194,0.258774300018359
"82",-2.45893192985105,-1.2359048945846,-0.00191519477710465
"83",0.910832866430946,-0.520149598256121,0.531275392643895
"84",1.34916045512257,-0.0490003109635249,0.244602948535757
"85",0.13880571619509,-0.814052710602085,1.66298571141984
"86",0.548071668970216,-0.73340912417015,0.611187094343745
"87",-2.73018867805503,-1.24529746091548,0.472106036670245
"88",1.40953605149093,0.226199282022521,0.850207401546433
"89",-1.94777602767961,-1.19159860769689,0.934543686454085
"90",-3.21377215347836,-1.26544667646357,0.929819473624605
"91",1.32080433256126,-0.091738901755669,0.275088348491951
"92",0.58931542989365,-0.671182317329925,1.02198048617955
"93",0.23641373175528,-0.795147284665563,1.42945419507296
"94",-1.70630054110616,-1.17824202707622,0.61249113215741
"95",0.123998433266724,-0.862234168956894,1.05178583518228
"96",0.189424580707645,-0.867536053624155,0.686043457451786
"97",-0.568205405981426,-1.03532422104091,0.868067749419523
"98",0.420855253528648,-0.718845099014624,1.40945178858584
"99",-0.447954209289137,-1.04568430842899,0.180792777384869
"100",-0.381541086814403,-1.03325370991945,0.202929364091656
"101",1.56281678039409,0.711546236865176,1.4632167476821
"102",-0.564148346423189,-1.06182441242267,0.236000568020584
"103",2.07553979324199,0.963861312359877,0.657124440305861
"104",1.2483546688041,-0.188840397305452,0.353144937620945
"105",1.89623204292983,0.769984774478981,0.480300673116867
"106",-1.92851864959017,-1.20161806589192,0.231303726177051
"107",0.188786705719841,-0.784252910984983,1.81792913333321
"108",-2.3244053497195,-1.22897967211822,-0.0120289430353634
"109",-0.768965679368533,-1.08337395251506,0.44420622337519
"110",1.6186061668035,0.631483702212254,0.929688439585424
"111",-0.120701906919271,-0.915445909724883,1.33762909960108
"112",-0.594333710446276,-1.00910052467989,1.59587148661331
"113",-0.898800677236152,-1.11273134384676,0.0896781693838688
"114",0.239419589910314,-0.899155346410383,0.0584438587147318
"115",1.27598965492646,0.267842312389826,2.30302239367477
"116",-2.7062280196631,-1.24684022455764,0.124100457396564
"117",-0.889068241180925,-1.08915637373184,0.739519420114948
"118",-1.0597756030103,-1.11899698468069,0.476123754617311
"119",-0.439810377679175,-0.996627673096452,1.19842661131432
"120",-0.442701249377436,-0.997775708523895,1.18625996647146
"121",0.159574982397977,-0.901402077339711,0.34775153432773
"122",-0.504220667221944,-1.02680203065901,0.806431120104095
"123",-2.49241900713405,-1.22866755173141,0.8985026979298
"124",0.594666152019266,-0.620949010792761,1.48258077370426
"125",-1.08444766312661,-1.08183556246692,1.80031260498007
"126",-1.47074289255933,-1.15102110053117,0.904958919266931
"127",0.870913632045265,-0.480653078722991,1.05729165940659
"128",0.626512164051543,-0.735699807818804,0.216960387278064
"129",1.25318421987815,-0.0503414422669882,0.989650261032234
"130",-1.29087216583446,-1.14518292537286,0.423310775076813
"131",-0.629459911805807,-1.02578059455662,1.35059081619875
"132",-2.98367460046478,-1.25431559130547,1.00947400066015
"133",1.57789713083308,0.652005616379537,1.1896936078661
"134",0.312645322903467,-0.811475314217799,0.854842746287178
"135",0.0802119157307909,-0.86711501491641,1.18224600278414
"136",-1.69392221113386,-1.18082533654841,0.428838080663553
"137",-0.741722548499476,-1.065351175465,0.817022064156575
"138",0.389740017379628,-0.808981284873425,0.531898921594297
"139",0.809609094744539,-0.628582642764722,0.255408603330086
"140",-0.171175850199707,-0.967398566098401,0.65228373296713
"141",0.474789285801643,-0.775278046426908,0.520209901604614
"142",-0.0165221230361239,-0.959022432148183,0.187613243418299
"143",2.01774952238372,0.840855696601166,0.438283711866726
"144",-0.407877871754137,-1.01001850833811,0.783674034008878
"145",-0.136396474159698,-0.978311446729759,0.325376161893343
"146",-0.475671615710952,-1.05507412707671,0.0753072492191563
"147",-0.477526006248341,-1.02986852177409,0.633724327880431
"148",-1.43777367248454,-1.15814824257096,0.465616652159221
"149",1.24923925974841,-0.0259813896766914,1.13971628818563
"150",-1.23036084431585,-1.12183150353295,1.05494620216121
"151",-0.58729944754739,-1.06686451738912,0.200533785590527
"152",-0.381484730616823,-1.0120436038016,0.637359483492305
"153",1.46197576896827,0.464187839938929,1.29529633469694
"154",-2.30138646465917,-1.22255477275993,0.422815978528008
"155",1.97210389615499,0.660665848756359,0.0505162634647876
"156",-1.57898523672433,-1.13886510840902,1.95548826582973
"157",0.486103926949595,-0.763026834891514,0.598870131992316
"158",-0.341618796148287,-1.00683253388476,0.587114359509425
"159",0.6360685708263,-0.674720613092824,0.744661847190501
"160",-1.11475781131622,-1.0918070840378,1.60600977313412
"161",-0.182848095478744,-0.909203991476673,1.73675714368614
"162",1.14788990235283,-0.389285667027408,-0.0293308892788995
"163",0.773417609586019,-0.611117749322104,0.586175268878646
"164",0.654937474149239,-0.726417240237781,0.171382761198117
"165",-1.04788812127374,-1.132199075678,0.00529540093452209
"166",1.69370064878245,0.590412908874669,0.516337313327067
"167",0.967134993046969,-0.4079555092747,0.977110147246119
"168",1.25228993430362,-0.111227489546779,0.701568378792267
"169",-0.626911788944807,-1.0806212966335,0.00937684430321166
"170",0.0805772896327862,-0.844426118945761,1.51441436989945
"171",1.39246353195716,0.233070116198284,1.03435208786687
"172",0.753578462743901,-0.546714679476189,1.23469398251547
"173",0.549472649283453,-0.742070494117581,0.516751574383219
"174",-1.27511987551347,-1.14365608658066,0.421728482107496
"175",0.738408764299109,-0.590119612803532,0.953606692162767
"176",-0.272271985100382,-1.00147521242258,0.424261935264077
"177",1.17233904672903,-0.234580679773807,0.654911376952866
"178",1.55189484409385,0.343066952841174,0.323600515395378
"179",-2.39162603778598,-1.23019951461946,0.202150231350727
"180",0.564788746376862,-0.787121869835542,-0.00582234141196514
"181",-0.0856043084253684,-0.981672992584877,0.0783700844791105
"182",0.125264397811176,-0.884877459265696,0.723817478963139
"183",-2.72252389511831,-1.24627051146229,0.296665711034933
"184",0.0211906578081842,-0.945195307908913,0.258446212722158
"185",-1.34830495553255,-1.15396025882938,0.296923493540293
"186",0.777825981358156,-0.452746056190664,1.86585873097528
"187",-0.931884541573106,-1.1185882839147,0.0307279178044783
"188",-1.06099927068864,-1.10576848573593,0.911885364473992
"189",-0.622620435096786,-1.0350184860543,1.09762487155122
"190",1.3623779465925,0.071174287349496,0.642524273639988
"191",-0.0971654182992743,-0.959164278191041,0.49827132020797
"192",-1.06289029771053,-1.11704235556841,0.551603559898715
"193",0.338589441653595,-0.802552338472707,0.842554710158444
"194",-1.57067641142112,-1.16678251833126,0.611861312855539
"195",-1.2740937677604,-1.13351227382543,0.800858003333665
"196",-0.387990817998953,-1.01442214085747,0.61389600026335
"197",-0.803203504837053,-1.0991010533501,0.142261635425159
"198",0.00389132161661663,-0.906024893305044,0.93593878989345
"199",1.96356561330229,0.790947486691506,0.403714072592442
"200",0.0967078780084118,-0.7369015596851,2.99940280615089
"201",0.848338032596821,-0.607944406807459,0.217680705452023
"202",-0.0269393194931009,-0.900398781507356,1.16121031849142
"203",-0.165399386690979,-0.985779776773462,0.305460509168197
"204",-2.45517708560981,-1.22435428055635,1.10198153664799
"205",-1.58185017606445,-1.1645728906142,0.761638893825387
"206",-0.379592345607718,-0.989596606466416,1.08933774310506
"207",0.499699121041272,-0.681905174483943,1.39170065147465
"208",-0.872270261730688,-1.09582101391254,0.483343499846298
"209",1.78111011200274,0.694225088924113,0.549374169134574
"210",0.00466194636147615,-0.935967457054219,0.466488057490885
"211",-0.801675922625035,-1.07290611226042,0.852507168164587
"212",0.814071278964317,-0.474411338320566,1.45759451193472
"213",-2.29557784675093,-1.2092199436408,1.50769648987246
"214",0.562055747495711,-0.575270492207267,2.12699114665946
"215",1.85310917005269,1.22116645295897,1.79899534668548
"216",-0.832990353477026,-1.09528076868521,0.353989834047096
"217",0.440613960347164,-0.777248921915371,0.657758128038422
"218",-0.365550538513611,-1.00738067161408,0.669827502938257
"219",-0.19804839190809,-0.996795380210125,0.231653922727985
"220",0.462359974935808,-0.775753618099929,0.572706969942295
"221",0.781202264739472,-0.63290378487453,0.366061062716603
"222",1.867051270179,0.592542365000141,0.0657468989691943
"223",-1.6079380587171,-1.12977838250775,2.53976009341022
"224",0.971436903003855,-0.432514494400735,0.783513334509676
"225",-1.02439654899542,-1.12625981651847,0.114366537071404
"226",0.213489530058534,-0.872601935145541,0.514314425051486
"227",0.70290605066769,-0.553777365197056,1.47420562450337
"228",1.24331707021192,0.00190689329703608,1.3248271100633
"229",1.5146761285278,0.51276795715146,1.09413662284121
"230",-0.457738039797986,-0.97794702156457,1.67905175341853
"231",-0.132180976642569,-0.874029336308809,2.10206571461684
"232",-0.671524898349158,-1.04433207465824,1.0713621860426
"233",-1.00753226729811,-1.1144303692769,0.427546350870056
"234",-1.47422550087632,-1.15197935243497,0.87803013551281
"235",-0.592141865590547,-1.04615201585115,0.708376118591161
"236",-1.69631936309243,-1.14643951225153,2.19748719125885
"237",-3.4042450260559,-1.27406365144103,0.739021068217383
"238",-2.36098263013202,-1.22483237338542,0.529237878558862
"239",-2.29298170391484,-1.21730912892036,0.818366385933452
"240",0.0263258864003575,-0.907146898198987,0.821438724621543
"241",1.67437800082864,0.741567999102681,1.03277822602863
"242",-1.25787408013273,-1.11176163333755,1.54773801300124
"243",-1.10558958242425,-1.13312535193756,0.176015764554376
"244",-2.47162372956847,-1.23129585488573,0.516903557755511
"245",-1.98985913837748,-1.1987770580822,0.677771930709157
"246",-0.39524787553038,-0.995043944345238,1.04310835035662
"247",-2.98576943683498,-1.25738557680665,0.464692783419945
"248",0.117884057302069,-0.866412546614106,1.01997455326157
"249",-0.745351714544074,-1.03376999354281,1.66171299778446
"250",0.159640641253021,-0.909054813329397,0.241396141068561
"251",1.5099050882853,0.371009605552844,0.642135682852205
"252",1.01012732764816,-0.495052473361355,0.140291681809953
"253",0.238445675403444,-0.837121036129302,0.871661560624345
"254",-1.40950710713383,-1.13182340886503,1.45012276121635
"255",-2.48481428545598,-1.22808539940991,0.911701787055607
"256",-1.96172742694513,-1.20504615732764,0.156631095865987
"257",-3.18339655544458,-1.2657047463103,0.513978084515222
"258",1.56842065070947,0.256247311810863,-0.0334967126134552
"259",0.0744999228020855,-0.916933819602962,0.472277005206131
"260",-0.0791254052444785,-0.981684959053184,0.0544346400975848
"261",-2.07504358132575,-1.21445886221108,0.00895115204437175
"262",0.188906374770485,-0.894455051554821,0.323386313059851
"263",0.525638984334631,-0.674045551345081,1.33348564609399
"264",1.03717408370789,-0.487154990481731,0.0383416756766235
"265",-0.581588516153099,-0.995420050670912,1.86040965238971
"266",-1.12174805411374,-1.10804759853786,1.08594616880039
"267",-0.623296198269945,-1.02318662800329,1.38671687323558
"268",-0.819575937408711,-1.07360503045754,0.904787080327188
"269",-1.61212041945943,-1.16622424778396,0.811394912084075
"270",0.617284173315647,-0.670244911405462,0.884250596030978
"271",2.32441923568785,1.15344687705333,0.796222124437534
"272",-0.511519524289562,-1.03707774685571,0.605266772337086
"273",-0.187610564879247,-0.983784179058251,0.425721548206553
"274",-2.17144313446751,-1.20825292508841,0.900517769657552
"275",0.843983485367106,-0.424227331266856,1.65770836129537
"276",1.86180157728489,0.960524357753261,1.07050804281534
"277",-0.91053979563059,-1.07191472447811,1.33111073697807
"278",4.11242374400508,1.66417258608036,1.03737589145078
"279",1.4136815114222,0.20785707703151,0.742812334078757
"280",-1.71514835283747,-1.13265948677027,3.01464373488719
"281",-0.898717804406186,-1.06232575652494,1.56021317618358
"282",0.89898314174764,-0.56272564331248,0.288153491096955
"283",-3.46711013312171,-1.2723879465513,3.00000338684034
"284",0.610864591217303,-0.714060478245927,0.497487290400077
"285",-0.390127657809096,-1.0057515709706,0.8009632201021
"286",-2.93039482150971,-1.25177602348738,0.990720445113086
"287",-1.30838677479531,-1.15890825014017,-0.0406817499646941
"288",0.928311713763291,-0.457828833574166,0.873448015692567
"289",2.2852921526314,1.21253995282844,0.981546752008259
"290",-0.895859511407958,-1.08704086298316,0.82769455204067
"291",0.687256779786052,-0.701754827395838,0.242661685681704
"292",-1.1598109065845,-1.14063495847525,0.110745258369284
"293",1.65526357709931,0.933709795504403,1.68759205987344
"294",-0.526879439981343,-0.979632965867514,1.96589001886076
"295",-2.43990019619925,-1.23284975800994,0.197563102725646
"296",0.374428976052003,-0.81612096030538,0.517448433577192
"297",-1.22583965032393,-1.14663216672778,0.13046604146721
"298",-0.755632103331275,-1.09171624273013,0.174230238697616
"299",0.0069192146822898,-0.941175655824599,0.376484639969121
"300",-2.04782254560519,-1.20195164984026,0.73963946355951
"301",-2.03596580226709,-1.19929881348939,0.860783400702649
"302",2.12509431153359,0.873967539564247,0.360542527569023
"303",-1.19157219406946,-1.14699950281538,-0.00291101459518442
"304",-0.538691346763811,-1.03841322209596,0.680176300171097
"305",-1.0752301255648,-1.07300399760845,2.04817047794717
"306",-0.158296959510742,-0.884615762886323,2.05059309204918
"307",-1.4526200538839,-1.1211226014734,2.10923010376561
"308",-0.926192512476827,-1.1148336571402,0.122903896417722
"309",0.419781168249369,-0.843983997837633,0.00251859212452768
"310",0.531148481183063,-0.732733993020335,0.700296030789824
"311",1.00768907515928,-0.49130565341764,0.17843110776028
"312",-0.0450555722974546,-0.979425040753978,-0.0325385593838484
"313",1.82457205690813,1.2032625634258,1.8343945594915
"314",-0.639256442966214,-1.04951193485829,0.812663911663558
"315",0.883623207040223,-0.450849671905928,1.20104102611151
"316",0.934674657099572,-0.387188548797598,1.33158440043767
"317",0.667812057791493,-0.556168505020908,1.66349251129824
"318",0.158492248797054,-0.923231399742653,0.0492819816356834
"319",1.02771727921515,-0.480421711716354,0.134565907225099
"320",-2.44407095782468,-1.2322112003358,0.280284422118902
"321",1.83533108276184,0.938308801190857,1.07835657951702
"322",1.25861413837261,-0.178881584996087,0.328404111078105
"323",-2.19239416994914,-1.22116125862691,0.0257728492374921
"324",0.886912610557477,-0.555058080388443,0.410264560437328
"325",0.385585746095958,-0.847278351093308,0.106060526684377
"326",0.118148203999529,-0.929190160728707,0.120716156304657
"327",0.241038698961015,-0.848417633189869,0.712739752930292
"328",1.24689610202005,0.152484260772763,2.03032624418018
"329",-1.55933171302325,-1.16113215173479,0.827002281989159
"330",-2.66671445854098,-1.24272914078961,0.396476846124623
"331",-0.296880228151404,-0.997607692377871,0.593417785182404
"332",-0.712238660917064,-1.0866166170345,0.154918601229098
"333",1.11235955386929,-0.366728644613627,0.317106034436108
"334",-2.11969891432573,-1.21459353927538,0.191027476731927
"335",1.60961695838397,0.649491922707809,1.02617055608102
"336",2.19452349398856,0.899228891257876,0.333590886236659
"337",-0.105849699253726,-0.957697127567422,0.557542311801436
"338",1.42534996781524,0.312048801199721,1.03800631236359
"339",1.43299741253643,0.351646897259771,1.12067129366161
"340",0.0699199081261516,-0.878119701898565,1.06669377761831
"341",-0.669257327535732,-1.04860520080232,0.95531530996726
"342",0.412568936221763,-0.804250728278969,0.483410393899829
"343",1.16057948925278,-0.299187711815249,0.385360805758923
"344",-2.56453447994295,-1.22801974242373,1.42503668781498
"345",-1.72020349203739,-1.18496039665739,0.321495679885351
"346",0.912401773848688,-0.299243952478553,2.11285066190137
"347",0.0934789951843294,-0.899395683924038,0.650743214821143
"348",0.253915528380266,-0.849808409751327,0.637771741765056
"349",2.01777839109818,0.797991994892376,0.328695144704515
"350",0.806693993247307,-0.632386752765126,0.239873583339937
"351",-0.114378698659528,-0.920156756072634,1.22893355019062
"352",-0.38409820589898,-0.977651954453165,1.3536161570278
"353",-0.384952141259394,-1.04527596621348,-0.0316953804242073
"354",-0.625466801548264,-1.06182400357572,0.459931997329751
"355",0.616692881170074,-0.672675912986848,0.864136640156832
"356",-0.65971507684001,-1.03682409003652,1.20896043506098
"357",-1.50342522917665,-1.14498314318917,1.31324552120063
"358",-0.970401509144587,-1.10069737689827,0.712592362271516
"359",-0.783784324773142,-1.09864655661265,0.0871299169380623
"360",-2.3558627812255,-1.22438817644991,0.541894174039974
"361",-1.02802194175955,-1.11721053931937,0.41542669394339
"362",1.28159060713388,-0.133398211521345,0.377362339535041
"363",-2.22987633025614,-1.2190047282407,0.363993002300192
"364",1.24903525814672,-0.0466618066713554,1.04067184073247
"365",1.15135912130258,-0.160777432096147,1.20945578285343
"366",0.471845348307121,-0.604512937867076,2.37999242509403
"367",1.56538413228638,0.464693438694194,0.652196330584954
"368",-0.32601311483168,-0.972067316111867,1.21206738243989
"369",1.14066101195242,-0.123094972893472,1.50101339248919
"370",0.39688559924241,-0.822302713829068,0.346566003613387
"371",0.609864115293251,-0.716144063402167,0.482347764379864
"372",-0.499601052364227,-1.04076806467561,0.477543700836873
"373",1.0489897167487,0.10328887610431,3.64157139367775
"374",0.772758130307217,-0.454431721039554,1.88523735798517
"375",-0.402492277803808,-1.01171419065226,0.726894431459289
"376",0.596952420867868,-0.697872939290692,0.72254634148336
"377",-0.317528075439204,-0.922346039298407,2.14987587440112
"378",1.25791401492689,-0.136988174464303,0.535002445036254
"379",-0.450750649725166,-1.02746511777107,0.582455963578592
"380",1.82728558817963,0.575191511809782,0.104617898329811
"381",-0.0170727392724384,-0.913547229605676,0.90895342839249
"382",-0.141937572915325,-0.948208016366238,0.867702178244556
"383",2.70678108918411,1.45296145610218,1.14939810861925
"384",-0.284348008148868,-1.01561090143494,0.19974964282221
"385",-1.16369047575426,-1.14100336778725,0.111547196241692
"386",-2.5681381670456,-1.23322934243497,0.881295539874596
"387",0.54914264397032,-0.770504694927238,0.230455331520159
"388",-0.419085633643239,-0.996792427438641,1.10686353727611
"389",1.36800714243622,-0.0716782648626103,0.00691653140942322
"390",1.82589578777599,0.658915691266955,0.337400117316428
"391",-1.08089260710946,-1.0771897471592,1.93726705935709
"392",-0.940247533230098,-1.10278579788289,0.533775155384567
"393",-1.40686114697466,-1.15413436669322,0.513260983615909
"394",-0.639576697499257,-1.06164661914933,0.517047512964902
"395",1.17744365341628,-0.290683214724948,0.319663511508918
"396",-1.55191225829181,-1.16234466381371,0.739916158635442
"397",-2.07541304877325,-1.19889050760067,1.0836499253737
"398",0.256303915893718,-0.819764379317823,1.01384479817516
"399",2.43227552281743,1.27762380103934,0.977584105731105
"400",-2.83534549898898,-1.24280890830398,1.60331538456536
"401",1.17563546485757,-0.11634576430353,1.26444519175649
"402",0.307504704419417,-0.861057941607231,0.265988768196389
"403",-0.318204798526228,-0.904592237582483,2.5013855936513
"404",0.462302512198659,-0.809108404289861,0.209485876498934
"405",-0.260691456831031,-0.917302801793871,1.9655657070544
"406",-0.760706265381209,-1.08722308385519,0.311474945140307
"407",0.0105029232634763,-0.932758830576368,0.492781139142299
"408",-1.6893432037429,-1.17320068084806,0.798294514717509
"409",-0.651562209926042,-0.960319865403566,3.06166458917326
"410",1.26006835619941,-0.0317043084103867,1.02427576111443
"411",1.58513646025154,0.80213667479497,1.62881675666359
"412",-0.013022437940048,-0.836884016133807,2.10038863047117
"413",-1.01873569837535,-1.1199098435866,0.295708073660315
"414",-0.0420040779322217,-0.951338381966673,0.408822246734272
"415",0.469661787581029,-0.718883057322512,1.15476816369949
"416",-0.244220472363366,-0.955618101664332,1.17192480427521
"417",-1.18534278169402,-1.13799776220024,0.295212802182972
"418",0.379046087743092,-0.846458146317924,0.142811352951774
"419",-0.730590253412948,-1.08272005844293,0.32106973773674
"420",1.92847447530582,0.742269227001515,0.34201856548832
"421",0.934081719257708,-0.388773912085312,1.32434738009558
"422",-1.58779728172994,-1.14933364302122,1.50616804797683
"423",0.511821571799667,-0.667003674490876,1.48209985832463
"424",1.36379444587198,0.366226809040404,1.85373143773323
"425",0.533317667529859,-0.67878709435619,1.24335022729178
"426",1.54603638580301,0.538196074486319,0.993096851279592
"427",-0.528973012383278,-1.00294256676906,1.44712018137148
"428",-0.457530579176098,-1.04991560680104,0.12371844660921
"429",0.817859457718387,-0.56708403097186,0.700152834648047
"430",-0.0761692835389059,-0.932052255666563,0.863142997790275
"431",1.15340400195376,-0.0480189412228905,1.81406056881672
"432",2.64251769512555,1.11619880707761,0.435778328891969
"433",-1.81106434767695,-1.19538029452726,0.120587481057715
"434",-2.58305607415758,-1.22924555004139,1.41683291786819
"435",-0.553909595231131,-1.05077121366851,0.454507241840518
"436",0.582814523686889,-0.606564621379718,1.69168347166634
"437",-2.731288187848,-1.24646688975761,0.3261350657763
"438",0.747500361461528,-0.608862420299918,0.744228406375585
"439",-0.736964218672196,-1.03873181455691,1.49412878378089
"440",-0.258923793102822,-0.867627133977986,2.8913260302283
"441",0.381374039211514,-0.840141941826069,0.206679083711411
"442",1.24097466586459,-0.212534614415933,0.288952263481661
"443",0.0374807829752242,-0.949308341541454,0.133033036422296
"444",0.0860177258785785,-0.896690289313666,0.722049095535159
"445",1.03774465033014,-0.404661880921057,0.554338164703601
"446",0.0214702999377096,-0.897936905801808,0.983940158038855
"447",-1.51142790313091,-1.16222079070607,0.579816339506618
"448",0.411037165047306,-0.785763856955593,0.700487643594742
"449",0.286248335643613,-0.870357651382953,0.23833358944156
"450",1.01032636879839,-0.406823685924721,0.711604416551035
"451",1.65866476137194,0.809793375712256,1.30005624765199
"452",1.83150217549271,0.599282871891485,0.161027549169551
"453",-0.620669888602883,-0.993134092119558,2.1011297495207
"454",1.71402999592752,0.633558002679329,0.575443988506337
"455",-0.495076942497751,-1.02961131897883,0.707816267923454
"456",0.715715095230444,-0.683734570374752,0.264227938613827
"457",-1.70447768741987,-1.16757197075111,1.15397151606923
"458",1.14292583984195,-0.369375820559947,0.111565321059347
"459",-0.652297290951402,-1.07506898488111,0.23382819748139
"460",-0.230309314799929,-1.00580142394006,0.186510481723364
"461",-0.72582045726076,-1.05630011939346,0.989307431867162
"462",-0.0375425118034446,-0.902449067520981,1.17616069126185
"463",1.82352847656665,0.666428745970009,0.363670656131334
"464",0.285050907935652,-0.765163771712895,1.56663496126984
"465",-0.146235931626801,-0.947915893734215,0.890851793427838
"466",0.122070861537396,-0.860698988107847,1.08249172377987
"467",-1.05073573614128,-1.1092745657772,0.757032495405269
"468",0.252510001507747,-0.889693878491419,0.129228073285487
"469",0.759483988268331,-0.641250454136549,0.408366665930457
"470",-0.634109215468855,-1.0753197751038,0.16324356660331
"471",-0.883431068601932,-1.10939512757669,0.133109435619205
"472",-0.164316736939851,-1.00016732495048,0.0482727066721918
"473",-1.96797222225744,-1.20334812916695,0.289767976682868
"474",-0.5096099385621,-1.02548475622923,0.857440756030461
"475",0.954011549203732,-0.478534340534757,0.574446669580483
"476",-0.337653876482903,-1.03051966122179,0.100877227003731
"477",-1.0017794516011,-1.10816977935236,0.602245031924064
"478",-0.642319803684223,-1.03024364699319,1.29710934017201
"479",1.02593013671204,-0.326357395439603,1.12728117983291
"480",-0.151031467335541,-0.976193898236226,0.418344230585615
"481",1.6539521350432,0.493315232168477,0.366195315100433
"482",0.41466319761661,-0.819058955453102,0.306135556936874
"483",-0.497033751039692,-1.00240130132666,1.31936828783637
"484",0.582538245137768,-0.768605946397598,0.099676492196454
"485",-0.650490063860949,-0.974845556379448,2.69774222616274
"486",0.725910849611013,-0.582801595178637,1.08681005167643
"487",0.918426431370263,-0.540114840121781,0.345230451709445
"488",-1.00549286333259,-1.0577683581253,2.19810373720602
"489",2.5871544626615,1.09296395572709,0.422013581995408
"490",-0.0156054420415399,-0.949269919041946,0.33821553066796
"491",-0.857304807812622,-1.11023225846774,0.0190111996573449
"492",-0.20823853782493,-0.971017507784929,0.737441855943609
"493",-0.101189075484026,-0.926841672704441,1.05767358310562
"494",-0.996633713413164,-1.10716591169028,0.613922967597663
"495",-0.389964954316234,-0.997576987170741,0.968809113506979
"496",0.689678330825602,-0.659773478341511,0.606196565399269
"497",2.02394871405048,1.37467886922456,1.78974528444112
"498",-0.314446853660192,-0.988882224034417,0.833232745104268
"499",-0.447299081575027,-1.05433212338696,-0.00701027338817309
"500",-0.0291175014909437,-0.868729409756929,1.67634368626134
"501",1.02889686291533,-0.475418572458597,0.159643144908856
"502",-0.102282888456139,-0.929969702735135,1.00981886575017
"503",-2.28159248979313,-1.22317970169267,0.274356671103029
"504",-0.374737515183665,-1.01013780219896,0.649891671938076
"505",-1.47503147064264,-1.12299207215951,2.14272479040991
"506",-0.711414163545371,-1.02580462376009,1.71441451746376
"507",1.4271974768485,0.295236909851739,0.958688070984998
"508",3.12374022935393,1.32975799712213,0.64473762449906
"509",-0.969100579311454,-1.11851162830069,0.162205382617768
"510",1.36348553306599,-0.0138437567131138,0.280651316484134
"511",-2.19732271478278,-1.21539824626357,0.48829365767221
"512",-0.383813968170101,-1.03650095740064,0.144490413749569
"513",-0.616260156734672,-1.0498781749095,0.713407015954182
"514",0.793700840509466,-0.536393083195639,1.08410221317433
"515",1.1702204734076,-0.246577405343899,0.605145480555651
"516",-0.00708622652793914,-0.946091138878666,0.354900792680901
"517",-1.30922426630909,-1.14343307137882,0.561042571050495
"518",-0.870780248802741,-1.044070977192,1.95943478763783
"519",1.05923764739545,-0.340801856824095,0.813744546533534
"520",0.11675588787977,-0.940484114021753,-0.035642230847729
"521",-0.457483076693466,-1.04223520898189,0.289426656292011
"522",1.3837662831306,0.00520861158882685,0.198572367449601
"523",0.0142343731576567,-0.918199312782989,0.702753167234225
"524",-2.1399968137413,-1.21458567505409,0.282088512812477
"525",1.27474779847009,-0.0177885359071668,0.971625214423527
"526",-0.994608253358308,-1.09758611139047,0.904570026155495
"527",-1.19547620520503,-1.12457208020018,0.81242790689205
"528",-1.99591085523439,-1.19799141408651,0.756435486202003
"529",0.471622932119457,-0.772271862834795,0.567377516608321
"530",-0.600447389731458,-1.03995855623602,0.888380532740535
"531",1.71244441800337,0.704121548440329,0.785588858974376
"532",0.309369214087713,-0.645106825146466,2.92318186333413
"533",0.028769534498051,-0.918272889666596,0.640801800083442
"534",-1.64282779228981,-1.1755626068655,0.485292732504054
"535",-1.50466757559109,-1.14656020356336,1.24879607919088
"536",-0.535349276072464,-1.05673434340467,0.249753478936565
"537",-0.997837671857675,-1.12307462397267,0.121906784303273
"538",-1.27296882794076,-1.09248055634845,2.34435571562608
"539",0.165913865679457,-0.824238607585116,1.38658070360211
"540",-0.134877121316046,-0.965365026906177,0.542578912042289
"541",0.320517144690898,-0.86203935478584,0.199822643246783
"542",-0.393123529573701,-0.932689565702657,2.32232737821944
"543",1.24365241730991,0.114005591835489,1.87180644309787
"544",0.334284926590283,-0.838069905310844,0.433010538034331
"545",1.08485449610759,-0.259208058251782,1.13228283297611
"546",2.02392379594513,1.28301201844533,1.55597206041915
"547",0.377523488013612,-0.788462926520079,0.826800682749893
"548",1.42934792058911,0.0968394240612934,0.195643378685773
"549",0.951215582387015,-0.381577283032135,1.26132624674169
"550",-0.739721188674801,-1.09315341071703,0.080937055558034
"551",1.14945688948742,-0.28321477433198,0.547313434494
"552",0.316995013101316,-0.802797752962679,0.941079307884644
"553",0.696561896978581,-0.712708652335148,0.100851595416532
"554",-0.550807497270443,-1.01049773464479,1.37030192283825
"555",1.32615366664184,0.147512434805294,1.28274921150302
"556",2.10875129435146,1.17463688067882,1.13204160204244
"557",-1.20151762133476,-1.11931487494716,1.02551023153225
"558",0.728535960777085,-0.672710728810662,0.296850607496023
"559",1.3789373013802,0.293362828270776,1.40445759810756
"560",-0.163045037069105,-0.989174432922677,0.236896204143928
"561",-0.183809261101332,-0.930183892188107,1.3671456166708
"562",-0.760987398761761,-1.09914602861839,-0.00433402476976145
"563",-0.590931035041695,-1.07003989891058,0.138298776872718
"564",1.72177126521941,0.576056054792383,0.384603731335606
"565",0.652769105958706,-0.735980150107819,0.0931304753710217
"566",0.555768003899687,-0.719946711328364,0.709547934679373
"567",1.11095945735908,-0.293674807067745,0.748621467529767
"568",-1.41651212046498,-1.13193492642501,1.47760497697988
"569",1.56918049543724,0.432962949680252,0.53151714959756
"570",0.75703833889296,-0.595452524540703,0.805281432421026
"571",-0.989631006701581,-1.12576817353972,0.0096980072386047
"572",1.33705634917957,0.117310964152709,1.05481279444244
"573",-0.724087431294078,-1.04440556398823,1.29049510393996
"574",-2.77426155238366,-1.24524206146049,0.77857211790367
"575",-0.288529995704611,-0.996067619985497,0.590362913434507
"576",-1.33733646126863,-1.14738823354995,0.515622484643929
"577",1.69369419790969,0.983755494601598,1.67201817329416
"578",0.00863406893335604,-0.908525156892546,0.876464185428928
"579",-1.80604762953867,-1.14624222540515,2.83225701905483
"580",-0.438312096178856,-0.968067223054139,1.80074830117154
"581",-0.573849023717159,-1.06203231696325,0.265986281019108
"582",1.036878582837,-0.457476799110972,0.226980920690069
"583",-0.253676085921286,-0.946658239727451,1.38110280743134
"584",-0.138465370484991,-0.921584984649803,1.31288439872332
"585",-1.21818406122574,-1.1418958070011,0.275331217123716
"586",-1.24827752918254,-1.13240759798667,0.73852937523932
"587",-0.049776627587702,-0.941104271546791,0.605288770634909
"588",0.95947451332994,-0.467754688011682,0.616158545430472
"589",2.30449006572279,0.842747864478246,0.0775558336997299
"590",-0.0156649040051427,-0.853760770339383,1.8474915203334
"591",2.71471979702884,2.00438826827673,2.38010081947561
"592",0.432038922046963,-0.80968062019224,0.335592991198639
"593",-0.761349603762824,-1.03291063691574,1.75737629782472
"594",0.338470660427744,-0.719503168229089,1.8444953587412
"595",-2.7102547774992,-1.23693035270163,1.41397060164713
"596",-0.31664428547768,-1.02314728425568,0.17103678387701
"597",-0.0836717320680058,-0.919798735231519,1.09847825018624
"598",-0.599990396040335,-0.935863497597588,3.36546658142057
"599",-1.88436878336628,-1.18936454723576,0.775878591221398
"600",1.71009555144981,0.714444563912808,0.823540651445822
"601",-1.66185652551269,-1.16983640514724,0.848616584898804
"602",-0.799135383360069,-1.09328383592293,0.286706720466872
"603",0.179422306141174,-0.89132173853192,0.404993971584794
"604",-1.44130321669863,-1.16422108504155,0.221423028198424
"605",0.546972417625574,-0.769870624723467,0.246679245128419
"606",-0.978537487137837,-1.11103693484177,0.425805104478206
"607",0.0246145366665456,-0.962228074128081,-0.0160885016264086
"608",-1.46159179197428,-1.11687851244325,2.33783501264901
"609",1.04997489663288,-0.4075786554406,0.460454672106753
"610",-0.156755320945227,-0.978681899406391,0.397017963660538
"611",-0.0654224507170662,-0.957396630017569,0.402432521868998
"612",0.384220794407209,-0.796180174693737,0.705540145246761
"613",-1.88681459197238,-1.19485741256823,0.461894928937144
"614",1.05683013169654,-0.340254550215056,0.833017693583917
"615",-1.71277039957425,-1.18758569169487,0.155912604694228
"616",-0.383145654954255,-1.00337366249254,0.821726992785556
"617",-2.07062668202832,-1.19994619648107,0.986942940041947
"618",-1.81073512567179,-1.19571051149031,0.100869961621718
"619",-0.695425831128408,-1.07833705362723,0.306719962313501
"620",-0.915582559059732,-1.11046764400655,0.214923614848179
"621",1.70779115665338,0.569031035697629,0.407759445895854
"622",0.319093632854126,-0.826485062968012,0.641102891543588
"623",-0.594493395340027,-1.07126100957014,0.121844985278651
"624",-1.25455075587586,-1.13347335275632,0.723915798470749
"625",-0.0311845416596663,-0.906477780019618,1.08319795917911
"626",-0.637603167967205,-1.07282030173044,0.23662514150979
"627",-0.291518596546378,-1.01315311839743,0.273260029978391
"628",-0.861156343995939,-1.08456195760059,0.762333635376981
"629",-0.394026189463697,-0.994730106828768,1.04448191675732
"630",-1.23827502148824,-1.11908441023942,1.18946645448401
"631",-1.43665073501051,-1.16042934182675,0.364676022115683
"632",2.31919580501647,0.885367183302667,0.164631538954135
"633",-3.75049837618599,-1.28714659455864,0.79516534612403
"634",1.46902686569089,0.360612928567673,0.87175818464294
"635",0.290702929071521,-0.857173660921466,0.385086429859192
"636",-0.461154048129896,-1.02162731436906,0.749023576397717
"637",1.1752415910707,-0.0879806578412268,1.41935580373132
"638",1.37851906014817,0.332538542442239,1.56735867634931
"639",-1.23916532613476,-1.13292949009451,0.683085916737438
"640",1.45843070702713,0.222261725328627,0.449905912662802
"641",1.11197685154947,-0.22508746252224,1.13811831552239
"642",0.0149870215215675,-0.859618047152584,1.60457035840177
"643",0.176189620016403,-0.90453463845297,0.237506459981902
"644",-1.03946615153916,-1.12214107583896,0.299592097290502
"645",1.59375640016257,0.383252573143549,0.262774573738316
"646",-0.525699774584938,-1.01846492106055,1.08133665458091
"647",-0.508712681634911,-0.953932482915554,2.45458440839744
"648",-0.464465015417969,-1.05236338166958,0.0951324104661094
"649",1.80204405951203,0.769746608017241,0.703217678341517
"650",-1.15637766220916,-1.10814711851435,1.22925705297165
"651",-1.15790971380145,-1.13977716865568,0.133935587385379
"652",-0.816372806674016,-1.05545596854432,1.39271276484824
"653",0.788168011354701,-0.496702052978584,1.43997822483287
"654",-1.69280635834347,-1.15891560368656,1.54210780816141
"655",2.52836180009877,1.32589634649951,1.00139394590756
"656",1.14630134474405,-0.315289139666882,0.390709998075761
"657",-0.675307341388386,-1.01943568210759,1.71113318574223
"658",-1.09464315621837,-1.11521480084475,0.734677528266375
"659",-2.93922192223906,-1.24870864010689,1.59254177521513
"660",-0.659661371574319,-1.05536942554444,0.748754543191093
"661",0.621381757682896,-0.693105054104379,0.645630165500077
"662",0.798176406688257,-0.582723371169802,0.684027493688072
"663",1.08468518333857,-0.0344847592362893,2.47435888819051
"664",1.00231480090001,-0.518158283413748,0.0331960487286083
"665",0.340549938352957,-0.784948431016593,1.04529989536018
"666",1.04454060032139,-0.390977147662857,0.597661987712648
"667",1.42429914675634,0.285278512280533,0.945957338751907
"668",0.551357746200945,-0.729501547239438,0.634791681844082
"669",-0.32642106523853,-1.02201330379561,0.228826555278141
"670",-0.0812696760095313,-0.956770603380401,0.47517589233219
"671",0.355460774232675,-0.819272669200013,0.565091786583068
"672",0.911257664463739,-0.55252798967004,0.295457817927555
"673",0.461965229233495,-0.761442939344273,0.73053914703222
"674",0.266257022122715,-0.897027685083909,-0.019242581378472
"675",1.46918739417587,0.25945137832295,0.510195822005206
"676",-0.475447359599711,-1.01836727250997,0.877160607659674
"677",1.34811420442539,0.368209571931427,2.0225911335069
"678",-0.908392778240141,-1.10279308793615,0.414900542422062
"679",-0.0616248273745581,-0.887392221542027,1.53132178823001
"680",0.868816878674494,-0.43240633321146,1.43320422786021
"681",-0.245978419949281,-0.945746461517243,1.36358305096605
"682",1.55048680373574,0.366297693160847,0.406426897870826
"683",-0.186609366717096,-0.933292469928665,1.3242772381367
"684",-0.768164814189148,-1.07237085990965,0.735054781063179
"685",0.373076202478245,-0.81384353839685,0.550200120722122
"686",2.19174285717466,0.834821864250764,0.1797492060748
"687",-1.71615737422323,-1.17348742007393,0.900999340265131
"688",0.0459081734873919,-0.886431741306679,1.05046865160648
"689",2.14501058839394,0.841310931600843,0.25336721880862
"690",0.237376549468412,-0.809986632002894,1.23087024650728
"691",-0.674082167185419,-1.06770204995862,0.496577534054778
"692",-0.0536650091159513,-0.887518541335675,1.49161494799869
"693",0.265292695735712,-0.823640852363781,0.922179461534244
"694",-0.369883699836465,-0.972850745064267,1.38882859592477
"695",-1.3081413137614,-1.14213885648567,0.606872308600579
"696",0.049972252599544,-0.925708784244587,0.440987347447509
"697",-0.492484648549249,-1.02973891335266,0.694835367540755
"698",-1.5663380967947,-1.1651283746105,0.671041460132351
"699",0.694099896529081,-0.626753034039456,0.87738892768015
"700",2.59609671537169,1.5238887951455,1.39605896005147
"701",-1.5403334716946,-1.15967944738233,0.813478906561299
"702",1.31501773069022,-0.0415261645250221,0.541947693259928
"703",0.295419001545833,-0.811355198477437,0.936780921209977
"704",1.09452276684453,-0.139738639582399,1.76857382623797
"705",0.709248005708862,-0.507497040387078,1.84259352312279
"706",-0.0850299374729065,-0.931117996742231,0.916369012754379
"707",-0.858588571074059,-1.0760347894042,0.994411395796349
"708",2.69663451258321,1.19002477978225,0.56594284292232
"709",-1.68255806893022,-1.18553839098834,0.144370364801276
"710",-0.536922365744918,-1.04810433720161,0.452254432208644
"711",-0.280652291897249,-0.979705849919349,0.872064542843191
"712",0.685233189908084,-0.684434424241469,0.407778956027436
"713",-0.388840300074346,-0.975154442661557,1.42598567229248
"714",-1.73868073335117,-1.17690233005857,0.821612395193521
"715",0.696496640714188,-0.561153863748511,1.44700321044237
"716",-2.3019094451077,-1.22311640785355,0.378238195359217
"717",0.747556843012976,-0.54150802770763,1.31430091992806
"718",-0.590123431497625,-1.06896803031542,0.160819172207459
"719",0.369639563142992,-0.77709976804847,0.997726583825175
"720",1.14291780138305,-0.12363491013673,1.48029333136661
"721",-1.42955516357038,-1.13924825838793,1.2298585752268
"722",2.12151531595832,0.838900847609732,0.278363585120122
"723",0.450501827838873,-0.763435233598583,0.763569355476973
"724",1.33902597831376,0.0600699918252193,0.791500918973945
"725",-0.0311950590616405,-0.943089232804177,0.498178549801364
"726",-2.11267794386572,-1.20259759307541,1.0134473148869
"727",0.264761335121935,-0.889493457626485,0.0829002133350476
"728",1.77512697492258,0.504775349658884,0.0336733884513513
"729",0.806318534069132,-0.425821727772717,1.89547318146907
"730",0.0371470782856387,-0.839827315328342,1.79814037995243
"731",-0.494956485959042,-1.05291814306825,0.190831895140315
"732",0.584529325221754,-0.778347511560804,-0.00483220210294977
"733",0.107247665172065,-0.867272992394056,1.05595765284657
"734",1.04567529858312,-0.427617095188026,0.361957319404097
"735",1.03112385225516,-0.31362015139953,1.17278398917922
"736",1.14395863408043,-0.345559417273313,0.237659365566678
"737",1.06310063447681,-0.364610786173938,0.642636812713734
"738",1.6194201442036,0.622480741741688,0.898283234790181
"739",-0.90954786712022,-1.05161952386121,1.92342723655485
"740",1.29144999382588,-0.0162921025654681,0.843469605176644
"741",0.758343828103671,-0.671699285215694,0.158974333471332
"742",-3.11117931804742,-1.2642129281846,0.160415338772255
"743",1.83661895723518,0.624114070162877,0.217273178312435
"744",0.494053595574467,-0.773994423337192,0.445100153088068
"745",0.14677798519958,-0.801878347892939,1.79325885729436
"746",3.41531536967674,1.88052554664175,1.69785172275572
"747",-0.0847308344117698,-0.899519072769389,1.440077311214
"748",-1.45980949133438,-1.14244801823672,1.2279595453878
"749",-0.913072085110419,-1.10697396717608,0.308969701087331
"750",-0.0442045481676389,-0.899514251327554,1.25356214817974
"751",1.03735330234784,-0.445313860992613,0.300794658202787
"752",0.306727514371927,-0.835899894172958,0.58035220606902
"753",2.26982022343587,0.970590754357014,0.419376012780986
"754",-0.730394113078929,-1.05690958579915,0.992097971685153
"755",-0.705521239666327,-1.06802322187185,0.607213014852792
"756",-0.572859622766575,-1.07100161931321,0.0527529081825414
"757",1.40309863656623,0.0829352264299901,0.34968799969508
"758",0.961961048799743,-0.503109653967599,0.359658910703663
"759",2.03929835279314,0.950096614837449,0.680744896077008
"760",1.81631594426239,0.550962386537256,0.0630959762183499
"761",-1.51574356412386,-1.15537449694005,0.903947286857526
"762",1.44195061304767,0.103081519371766,0.128851056564068
"763",-0.117603309033272,-0.987125550857706,0.104088612611414
"764",0.994887384194879,-0.330816883368018,1.31021067145799
"765",-0.664022336828169,-1.0719453782541,0.353498078107827
"766",-0.281466023668118,-0.998471856231838,0.516786442631424
"767",0.565207335710666,-0.650090971238912,1.36051253652569
"768",1.35937969429847,0.220690305105183,1.29154547793515
"769",0.0226696673594405,-0.902559665202934,0.907636884432899
"770",1.08748468001006,-0.429077698335959,0.103337279574897
"771",-1.16924710595056,-1.12101209821265,0.833078873119969
"772",0.811980289849989,-0.484739860340044,1.38853068019264
"773",-1.3733277871309,-1.14537058723633,0.738799466052601
"774",-1.05726614277149,-1.11141491661935,0.71322819953616
"775",-0.58404591703804,-1.07269966369009,0.0515331300119554
"776",-0.0168797649579175,-0.958002878568058,0.205094932807501
"777",0.610186766928634,-0.688661522372235,0.744576056287229
"778",-0.823212705506835,-1.07507540985547,0.878635551694752
"779",0.299445291317277,-0.827341478165774,0.719075827850667
"780",-1.15680572726963,-1.08955653305862,1.8782459316474
"781",-0.423846493148608,-0.992974206376137,1.20756402285532
"782",-1.50839186721791,-1.15556690259002,0.8641708993802
"783",-0.592062769335458,-1.07863090810674,-0.0612097984258243
"784",-0.752893295320349,-1.0612575156901,0.969536778837592
"785",-1.86697416225933,-1.19180345487265,0.55567022980723
"786",-0.127840337616158,-0.956332376871875,0.669482103204377
"787",0.346822242060564,-0.843550210163803,0.313083225332795
"788",-0.494644370348432,-0.992992032544249,1.51748096155864
"789",0.120940810114532,-0.911421919570354,0.363592585931875
"790",0.335579126828558,-0.840332733315164,0.400043288918472
"791",0.366550019110885,-0.772343031220373,1.06879352101835
"792",1.16179745580627,-0.121116358178648,1.34652700937176
"793",1.06885405953666,-0.385844293893575,0.476689906178561
"794",-0.0634758664713082,-0.933712122587477,0.782294154735322
"795",0.613554204751596,-0.717478371485474,0.451709033460603
"796",-0.479672492469798,-1.0506362476206,0.186617766928896
"797",1.81382603587844,0.656297860415191,0.359324544941479
"798",-1.07810354758722,-1.12892253088523,0.217961422706917
"799",0.435575668155648,-0.751134079432353,0.972366107154384
"800",-1.90063388135407,-1.19907494960273,0.26926255994022
"801",0.695394968167666,-0.40886090122394,2.80730199734733
"802",-0.0688911040951672,-0.952077924951804,0.503395923932835
"803",1.45773632361289,0.220518751897395,0.448404460969037
"804",-0.277723378962517,-0.917887166540517,2.03830622622072
"805",-0.698178455731245,-1.05441945008034,0.92565227874296
"806",1.61039804479231,0.505089633237988,0.573506622205959
"807",1.98532533735009,0.668302690337025,0.048425864769652
"808",-0.701274368183961,-1.07616105700819,0.383397649529998
"809",0.91027498471183,-0.309314392251214,2.05578668889757
"810",1.55813833032131,1.04408281112104,2.56996253758718
"811",-1.63462954921314,-1.18237106800961,0.119515467301706
"812",-1.14157095338766,-1.11527001072367,0.920693764903711
"813",0.166176499838567,-0.904425442581771,0.279213304171592
"814",1.44470759647704,0.571374725039391,1.8311668171791
"815",0.764603039872783,-0.665507345257703,0.180033899903858
"816",0.647384683621771,-0.738234890245965,0.0969256329599692
"817",0.253012407543972,-0.882363390647441,0.221782026275182
"818",-1.62699976510549,-1.16214157501607,1.07370701361819
"819",-0.50057279255128,-1.02149957832654,0.909868088633841
"820",-0.371297901023506,-1.00531639988697,0.734515472310413
"821",-0.206713154847698,-0.953130049365408,1.05553209525289
"822",0.192184703858138,-0.863813641282933,0.724346083944736
"823",1.54985764029638,0.543021363330222,0.987736445807424
"824",-1.25965121551727,-1.14160687803238,0.440232709972835
"825",-2.45851836343701,-1.23215019021791,0.362116766054359
"826",-3.12381868098022,-1.25802926308123,1.70007062826373
"827",0.113025186192391,-0.82754889457149,1.60015887945656
"828",1.15244511418878,-0.316262890214635,0.345214595135624
"829",-1.16738679584911,-1.12149793966026,0.808562250464874
"830",1.12142033711643,-0.0568949789868656,2.03103457719136
"831",-3.68664029674115,-1.28470412611021,1.10556195539636
"832",-2.40944916172788,-1.22915964992589,0.388667399267776
"833",2.39033144721962,1.20068186313939,0.83896193039934
"834",1.49849266560563,0.234729179315826,0.242104473784388
"835",1.27146620968226,0.0481936144988008,1.3100562623137
"836",1.07130764780415,-0.211947150259096,1.51504106403531
"837",-0.896575304696627,-1.07175835089429,1.27582229243152
"838",0.587629448900447,-0.734856364404418,0.407452268420491
"839",-1.86883252833595,-1.19242371451353,0.52754285780815
"840",0.958454440930187,-0.389356015741922,1.16017113169012
"841",0.814261266456793,-0.513528660247141,1.14564914893373
"842",-0.258796269083929,-0.976666340726307,0.839731569173449
"843",0.0553476327338494,-0.921991453809912,0.475046912965223
"844",-2.7159898110648,-1.24769814372569,0.0725598037464942
"845",0.564162385069411,-0.743196578431893,0.435850468403275
"846",0.41733511583445,-0.754795670931996,1.02138668355645
"847",0.414781762675936,-0.844870123211226,0.0130582208775172
"848",1.17684419616002,-0.355776844362856,-0.0241310337912669
"849",-0.514077880298999,-1.05037139328882,0.316616606204734
"850",0.30303986267637,-0.848613725116114,0.438994884084948
"851",-0.0209711645719838,-0.920985025852676,0.807859468402769
"852",-0.830319429842004,-1.09510853764619,0.349080179102001
"853",1.06854833672351,-0.45929446325574,0.0321345935747672
"854",0.209953954901581,-0.841127238691402,0.949204061269605
"855",1.38994159181993,0.294459816420909,1.3023807937711
"856",-2.35226800068166,-1.22638153771815,0.347792648146018
"857",-0.740653404594234,-1.04730237700691,1.28581776166181
"858",0.0710294659152153,-0.94298968768441,0.100320133913961
"859",1.4435857194127,0.322047950979294,0.923625295227803
"860",0.0756470366976128,-0.83079968316,1.73969094750896
"861",-0.678047648324201,-1.02560483726817,1.5687226285216
"862",0.809730383515773,-0.643828911245525,0.133136274172621
"863",0.582373803933536,-0.606425602051633,1.6956289528317
"864",0.96545962124125,-0.555050186632506,-0.0140044283522047
"865",0.408768871828748,-0.753222411313874,1.08176032530906
"866",-1.41173414178709,-1.12445393344769,1.76683542166101
"867",-0.063833728341,-0.863824561659968,1.92747421216369
"868",-1.33137808378494,-1.15064400047674,0.364648274263721
"869",-0.569596928944668,-1.06191252303472,0.253492975214826
"870",-0.999693695090702,-1.09628910250136,0.965631858989901
"871",-0.588463377983906,-1.02150573475899,1.27637608862254
"872",1.46025107719107,0.100177603221451,-0.00237961648562279
"873",0.651430319719999,-0.670829392992825,0.70203497254438
"874",-2.02001139496496,-1.20017111220724,0.727111259553056
"875",-0.39070741811142,-1.0057183460102,0.803980350544085
"876",-2.62568194583216,-1.23791009984522,0.714515804721119
"877",1.83383491726055,0.940582969301396,1.08854649345357
"878",0.438712973838207,-0.685933877332979,1.68148291797297
"879",-0.0999164357257396,-0.904190082052206,1.43260262311714
"880",-1.46467128694847,-1.15710463949737,0.616610959525415
"881",-0.884228155384965,-1.04860452366139,1.89235528775912
"882",2.01406523128916,1.02973504795756,0.927653576507968
"883",0.722857037211177,-0.438681027959542,2.35315297647571
"884",-1.80922772455907,-1.181661499894,0.877796182754691
"885",1.69987094634223,0.57386798594684,0.447387568522545
"886",-0.0299287006776843,-0.96409496729568,0.157727285086365
"887",-2.41694515017437,-1.2249017566507,0.826453294751114
"888",1.42688214940077,0.454547522523931,1.56155818268046
"889",-0.36926724245881,-1.03016856099358,0.221467849694314
"890",-0.828598805963503,-1.08317631624822,0.67480567555167
"891",-1.58179831294294,-1.12307636139302,2.71191224236763
"892",-0.344674807692428,-1.01440971112478,0.447674383883212
"893",3.54469947534731,1.13686566751483,0.0873950803803363
"894",-1.58640678237923,-1.16207041737935,0.898866379702673
"895",-0.73758797800449,-1.04596352580619,1.30774929250444
"896",-0.492889527585781,-1.00216909794835,1.30653879172747
"897",0.448316775627496,-0.746745735897415,0.958044352009742
"898",-0.572213898251172,-0.990248607546314,1.93742717765217
"899",0.265977736408367,-0.726109638394934,2.16448336553364
"900",-0.721541621548623,-1.05289874252933,1.05990068880001
"901",1.94901790113057,0.799790810329492,0.453727829583168
"902",1.49661919284777,0.280178570626423,0.409753210711388
"903",-1.47798070191837,-1.16555408111715,0.301949497860875
"904",-2.7052394943538,-1.24581871459461,0.247923713492194
"905",-0.988296852874197,-1.09621730250816,0.921660302059842
"906",1.99439787812206,0.929346924007556,0.705750198678744
"907",-0.620398105837292,-1.04232122255615,0.912042693980676
"908",0.891902175703631,-0.536975330529978,0.515841511065534
"909",-3.55645961786637,-1.28045201396193,0.384304017162897
"910",3.04793459785523,1.13615416509374,0.258932254491535
"911",-0.292661623639943,-0.956459614293131,1.36947939447487
"912",-0.567375115681296,-1.06998474655145,0.0575214787970459
"913",-0.738036156289735,-1.04324937180558,1.38067712004747
"914",0.640354312845287,-0.374975835873986,3.52356484353584
"915",-2.69148586384902,-1.24197159775114,0.645859389452688
"916",1.15845157942396,-0.105863183110521,1.45599858384666
"917",-1.04363751610386,-1.10403465337715,0.897925549507957
"918",2.43004936536596,0.859892043275419,0.00580735737668865
"919",2.23053589393697,1.12584509479809,0.839756669833376
"920",-2.39090317403677,-1.2229422222304,0.8610543074418
"921",-0.393237865191048,-1.03489168724903,0.211462130763085
"922",-2.53873997748707,-1.2271057674459,1.35043990677803
"923",1.00287535364941,-0.262249605816589,1.70407024231293
"924",0.652652949126218,-0.735428235710767,0.0987639408447112
"925",0.622447965664046,-0.55946789996675,1.90913684807423
"926",-0.245152233873177,-1.00547850461199,0.247140898512574
"927",-1.21347596785515,-1.13644983724934,0.455300220506028
"928",-1.35904236143394,-1.15679727676918,0.223410637969779
"929",0.65388039577494,-0.748586669483101,-0.0283420662105561
"930",0.516221396397391,-0.690844008600735,1.20962514010535
"931",-0.419497824354697,-1.01578337727042,0.709063722417106
"932",-1.20905108375866,-1.14442578358482,0.150760477433857
"933",0.134931052591162,-0.868102889883372,0.919090094792426
"934",-0.58421496796724,-1.0219062687201,1.24874911316655
"935",0.291031937484162,-0.865556726087367,0.278724333833265
"936",-1.1193155500935,-1.14025777832502,-0.0169215561220306
"937",0.760781870263431,-0.636321635797338,0.442937808109363
"938",0.208639063294962,-0.902662017574953,0.133629097132547
"939",1.14862289894615,-0.377829831938234,0.0296077982188919
"940",0.365559884902659,-0.800179717830407,0.74523073737478
"941",-0.223342296278205,-1.01415297409421,0.00783175210877902
"942",-0.99780844318277,-1.12456770569562,0.0751953889226201
"943",-1.30331007270496,-1.15683138636928,0.021771536573944
"944",-1.71380128420562,-1.1106724773058,4.14605428786854
"945",-0.215600322204159,-0.953232518593082,1.09190421665146
"946",0.507009434733466,-0.809507735942836,0.0130034708725149
"947",0.224312175289558,-0.820010586272207,1.16210806154597
"948",-2.00950708502125,-1.19872622504146,0.772502161446629
"949",1.67335538613194,0.604522308538185,0.62893550073215
"950",-1.32873566772223,-1.15136180667614,0.326554459566055
"951",-2.24906812794289,-1.22398485125538,0.0576500185498668
"952",-0.434240780250085,-1.04870442987761,0.067811773033282
"953",0.433669718381816,-0.791656932265252,0.529553001159773
"954",-2.13154452998461,-1.21518994731974,0.200456187699548
"955",0.357657593910325,-0.824776857818851,0.489904757803715
"956",-0.79637564986373,-1.07422579500322,0.79554997143122
"957",1.48958754751772,0.583431636473583,1.50721352746757
"958",-1.22933685540454,-1.12745356164685,0.844875356881105
"959",0.0683184788098053,-0.863380640844801,1.29281036952259
"960",-0.727723552941178,-1.03677130501305,1.50439253380852
"961",1.61123132496959,0.399509263104144,0.241836452606079
"962",1.50220709141536,0.455252604329862,0.977549007093281
"963",0.236166580514707,-0.778650084203021,1.6463158592705
"964",0.843488253379016,-0.577187693173233,0.480256645911536
"965",-0.277956481971827,-1.01079001843272,0.26838420353706
"966",-0.503898618650896,-1.01130247824316,1.15075538035813
"967",0.329340657956734,-0.80601635909266,0.843835794456171
"968",-0.245491091755729,-0.949328149594027,1.29465869834035
"969",0.0159473737637409,-0.911461842087331,0.799568804684068
"970",0.490267476005065,-0.815078106854214,0.0251818180556104
"971",1.44234832114304,0.218357482045239,0.551151807389356
"972",0.25515393815137,-0.829206996135665,0.897640993934989
"973",-0.422792729285889,-1.02618917429208,0.502659985125407
"974",1.35229768061591,-0.0464211358640384,0.231388871805444
"975",0.495066013960484,-0.713049737668476,1.0865841871049
"976",1.17221937075032,-0.340584907745742,0.0861579308769921
"977",-0.39453785280997,-1.01471955487883,0.63328111351643
"978",-1.39709449622653,-1.1484744499397,0.708232959531011
"979",2.60864740012045,0.931540267512399,0.0399377036493631
"980",-1.43766104975849,-1.16511763319713,0.16991128524019
"981",-2.30366977327875,-1.21951073596701,0.690265509528614
"982",1.68848792335325,0.732211094179021,0.951931594454433
"983",-0.114404800095328,-0.985207079031719,0.124927952573879
"984",0.341744196522721,-0.858499251733424,0.154984194099349
"985",-0.215302331357413,-0.930622470467464,1.5030283099215
"986",0.417190737629715,-0.812661465401164,0.367506898945318
"987",-0.758554502190618,-1.09802869944642,0.0170549307379
"988",2.46884086301547,0.88677464094174,0.037379481556107
"989",0.393427910457912,-0.82935177472753,0.280352172567085
"990",-0.0709104267442737,-0.915619262770692,1.11115515321
"991",0.0692202200542386,-0.858083830021187,1.36718611793293
"992",2.48925404269203,1.04219299056142,0.380703560343153
"993",-1.02332794440197,-1.06504913753406,2.05501699652345
"994",-0.882788432596094,-1.10126573868239,0.365525411062775
"995",-0.332489557030798,-1.0190956318075,0.308797463678288
"996",-0.697684285191695,-1.0844447091366,0.159420289122752
"997",1.52750824042801,0.58572596688702,1.25944271696907
"998",0.822057761579541,-0.47351072274234,1.41450738715689
"999",-1.60234936038594,-1.16381722732425,0.884737859183043
"1000",1.94143557045102,0.937578577814632,0.829195171486918
