"","x_pa","x_child","noisetmp"
"1",0.262650463292312,-0.498594347897802,1.27178267255065
"2",1.37683271198435,-0.0404181459606062,1.36847598815214
"3",0.940869090832615,-0.34380525035836,0.638548994137986
"4",-0.27844298715864,-0.654064669656795,0.569345315795181
"5",0.137322636683626,-0.576684214647401,0.563015082471425
"6",-0.7777953876717,-0.745506606336304,0.100186449033475
"7",0.84598238221457,-0.422239513759553,0.201520719878012
"8",0.903216364993346,-0.348607955389205,0.726233596773649
"9",-0.68464267051583,-0.693197607159721,1.08760538040978
"10",-0.892839208313129,-0.692792732786136,1.88973584790686
"11",-2.16978056385304,-0.85932894071296,0.695835168762727
"12",0.532746517503441,-0.481319079457171,0.569127123571149
"13",-1.15579639101019,-0.74454884906088,1.43051109552069
"14",-1.54097262930024,-0.778481927716695,1.85506237599379
"15",-0.338055587271449,-0.688325656850435,0.086178428299642
"16",-1.81658660147399,-0.80652797498493,1.92870173559443
"17",-0.77448010435149,-0.736433495517338,0.320064789976999
"18",-1.01399143169981,-0.747929344539465,0.79820775704893
"19",-0.258447381260232,-0.639337822218115,0.783820233792545
"20",-1.02699685676095,-0.750530823659163,0.767417924068945
"21",1.09520713634624,-0.238909046577014,1.00252043243629
"22",-0.104676824485569,-0.639375315975525,0.300484204020486
"23",-0.380138399379502,-0.662378518998229,0.732943131096331
"24",-0.285042485309462,-0.6682204093666,0.319645933880424
"25",2.12468054747132,0.388432746009235,0.704292188584173
"26",0.778462528764986,-0.412337746548236,0.522782928664345
"27",-0.260519957956021,-0.674683794557839,0.124296068155617
"28",-2.37723668797061,-0.878598934052412,0.343527504364721
"29",1.4523409195539,-0.107799070716604,0.590654579377302
"30",-1.22567338443051,-0.78575453778805,0.345940154762575
"31",-0.927462299900815,-0.705675824078981,1.67606817808606
"32",1.31957410217907,-0.0855783334469276,1.29418798483437
"33",-0.148972547633882,-0.621450664792025,0.752389271617062
"34",0.539256041895845,-0.464608045183521,0.747157368881694
"35",0.690782497092096,-0.394685880197407,1.01512790985747
"36",-0.248265882424945,-0.599993623926932,1.48708085865021
"37",1.36509979620044,-0.240664923399386,0.0015089351741988
"38",-0.419173899312341,-0.696401337182477,0.159944802818007
"39",1.82351985043317,0.124329205196143,0.402765038513171
"40",0.174384416074378,-0.569572349978874,0.551388638078103
"41",-0.782514718086932,-0.743782308289726,0.158186907019252
"42",-0.0178743328867742,-0.587515452817581,0.898043774243134
"43",-0.00214568682243232,-0.603486170099145,0.585596127689269
"44",0.562421219556635,-0.512988771785046,0.100131991425451
"45",2.0891140919857,0.294578763261673,0.387440704276407
"46",1.48668741636212,-0.0203306999378526,1.02414084644622
"47",2.52227416595288,0.656516911977241,0.992440971955208
"48",-0.977435262096613,-0.73414026581757,1.06578371548978
"49",0.0364312675768987,-0.489893876113228,2.2742515485932
"50",-1.03389665019684,-0.723293089064771,1.59650421996323
"51",0.505607989180387,-0.448663202355439,1.0557276434211
"52",-0.759523839000311,-0.718063165590232,0.734867460960604
"53",1.71759092719771,0.15992458877774,1.05462503198334
"54",0.673180234170864,-0.379494245887294,1.24619049461581
"55",-1.15986261979804,-0.751787033039269,1.21565259362947
"56",0.175726669778494,-0.527255364633962,1.16989178904436
"57",-0.427993232234386,-0.652009571542583,1.10643316029893
"58",-0.853313898318694,-0.744658664955609,0.354429145863802
"59",2.26119913486402,0.503403730165738,0.871778908142536
"60",-0.825442824076235,-0.749562532013957,0.139133843573738
"61",1.53605072411079,0.0510483172571426,1.26062267951403
"62",-0.910172483376422,-0.761119920296993,0.0864264002283382
"63",-1.8574092859562,-0.816826174308159,1.61532457892527
"64",-0.136926546746428,-0.62451837820188,0.659347297449396
"65",-0.0479645584861867,-0.582382329266274,1.08532086697676
"66",1.54481166551662,0.044868547474009,1.18210947359935
"67",-2.06111630227547,-0.844020796990969,1.12050163883441
"68",-0.385844007675625,-0.700185457053798,-0.0137277669488732
"69",-2.00431641747427,-0.837890709880966,1.19954066868248
"70",-0.0598990852028935,-0.518195412495489,2.2066121513831
"71",-1.04624062742182,-0.752638039334053,0.772336610955614
"72",1.23092728823344,-0.260687275553852,0.322753895427685
"73",0.595900669807159,-0.484927568928492,0.323923731817533
"74",0.128553049786883,-0.5109179055744,1.58512101760059
"75",-0.828064244525511,-0.736871133445008,0.478762747493895
"76",1.36190722407099,-0.125538987743478,0.830124806639711
"77",3.1109055164801,1.03231950374691,1.58108616700864
"78",0.757315973965336,-0.451547976715698,0.183406361907398
"79",-2.14275109156356,-0.853123786670823,0.963822151124928
"80",-0.488261932600676,-0.691551591854863,0.47172824596588
"81",0.0772282993459186,-0.583871438575319,0.644725005266743
"82",5.25220422923292,1.18427256250242,0.967563631367867
"83",0.758412154281798,-0.445636169532279,0.241838365241318
"84",0.65535474697327,-0.393264114048823,1.15971880162016
"85",-1.00840148136399,-0.752702732112213,0.6397656488333
"86",0.895978126292314,-0.309440084066785,1.1287856607107
"87",0.957516596449313,-0.393123926566516,0.123519251377088
"88",-0.775258642653119,-0.733263626170447,0.402804499466311
"89",-2.15651282073238,-0.86384515780923,0.340504868484899
"90",-0.0298547955834357,-0.505054297784029,2.30228167245394
"91",0.326305300009424,-0.541880573576641,0.462037846866834
"92",-2.42435031041358,-0.869819941062021,1.31457300279513
"93",-2.21275731888261,-0.845132230545001,1.87203879559025
"94",-1.22909766107803,-0.787354865251651,0.304087302085954
"95",-0.578296431460375,-0.680953871512893,1.00137597521801
"96",-0.0766696866523688,-0.613348323515484,0.659135579244632
"97",-2.30366293289097,-0.877223889345956,0.0913910647374095
"98",-0.996212242965572,-0.755143756013789,0.527955016422565
"99",3.01515220534967,0.912876512755941,1.27727414529998
"100",-0.720900015438452,-0.724031672205644,0.460530227960833
"101",1.9861549037501,0.343876953348136,0.892445122220791
"102",-1.09961809086665,-0.716302240944938,2.08090540369346
"103",0.336203035798182,-0.54954335691814,0.328104670155934
"104",-0.0839201220391513,-0.597632480144566,0.950487598547984
"105",-1.16157106725366,-0.788783032303091,0.0400279357558909
"106",-1.1100532452091,-0.728937140703619,1.73519714473854
"107",0.840010315400631,-0.36804557978113,0.760276008444326
"108",-0.225100921766741,-0.594530598814367,1.50337203664372
"109",1.03887710408068,-0.345542446550255,0.285340450966445
"110",2.78225987315653,0.739416539817959,0.936852122549055
"111",0.711372225389133,-0.468387312241763,0.147736713659753
"112",-0.534198417688416,-0.720874911644195,-0.0284318303602931
"113",-1.6003504759061,-0.817562666814118,0.477029583782621
"114",-1.31491452921978,-0.752698849888424,1.81916003378516
"115",1.48366428452748,-0.0523725740443398,0.828361745816046
"116",1.48550469324193,0.0200200681091794,1.2919348202869
"117",0.266927402845332,-0.475235209891105,1.58268643110638
"118",1.27689081708639,-0.189351626960905,0.698121225265223
"119",1.21274218025827,-0.266123876527477,0.344776222489258
"120",0.103996818207556,-0.562739023655721,0.883395233312787
"121",0.378104244483108,-0.490291743464987,0.976929670119784
"122",1.21813605871554,-0.215278074923855,0.723673203168687
"123",-1.46968762277541,-0.797064084440113,0.813800433535936
"124",-0.0674815221417462,-0.624333077842887,0.444123621921483
"125",-2.05132103718988,-0.850841731807168,0.668282765762431
"126",0.472727958750607,-0.496404905589148,0.581295676349832
"127",1.52207786084574,-0.0564247253683547,0.643264795052215
"128",-0.813774836078186,-0.736995509375867,0.429639595665563
"129",-0.786934879261942,-0.74945359352719,0.0268976030278422
"130",-0.839826705710874,-0.668565933768579,2.3144534348993
"131",-1.31173809332594,-0.801055127469382,0.107383526640211
"132",-0.23363545525301,-0.643500530658628,0.625721786135739
"133",-1.4316542644113,-0.795594814836466,0.725870233089634
"134",1.76806114062384,0.0582190445405115,0.283319843696038
"135",-0.214327250197164,-0.643799734106575,0.558985927660413
"136",-1.4272266421394,-0.810243682238084,0.155104442007236
"137",-0.750358010443221,-0.723909510684768,0.558239426161805
"138",1.05368838032569,-0.345571833905156,0.235379998760662
"139",0.243830964653777,-0.464444544304309,1.82319826883177
"140",-0.872427764001581,-0.75126877435909,0.237987887090535
"141",-0.381400831394611,-0.623542254673375,1.52123937746592
"142",0.807944986591468,-0.446045565856532,0.0822643269049937
"143",-0.797058613282258,-0.728023102862309,0.6068096405352
"144",-0.0329399302594755,-0.593614028165729,0.847592181550897
"145",1.10152169332694,-0.281946647403457,0.614510850076425
"146",0.721512811144175,-0.478729788144686,0.00575658020714898
"147",0.987225876658477,-0.339815831205291,0.513189981309735
"148",0.229142309820706,-0.589222849064103,0.0997959375235565
"149",-0.983335876386864,-0.751682607989397,0.584494319195895
"150",-1.15921387720504,-0.773285431929353,0.527183121666111
"151",0.750024279846658,-0.421221263807827,0.52531458852287
"152",-0.200369835219285,-0.610049517125006,1.13009808739298
"153",1.3253912749872,-0.135594630317767,0.905017563286294
"154",-1.90517040312033,-0.849423232402481,0.133117951350553
"155",0.195262447550845,-0.559078814426728,0.638290942717332
"156",-0.850833927978741,-0.749142862732864,0.227810015822205
"157",1.11228833713584,-0.256050486474816,0.792829923478894
"158",-0.667102362394639,-0.70032860874456,0.856332304696912
"159",-0.893042555470479,-0.750508451784887,0.323078630844242
"160",0.162546472541391,-0.513208091902131,1.42476818307685
"161",-0.0511156411002764,-0.526230827502927,2.03629311759255
"162",-0.376880559679959,-0.639227853882559,1.18857391242922
"163",-1.76059894534502,-0.817718820638252,1.12091189763884
"164",-0.329735112312233,-0.642130477928213,0.967937218638671
"165",0.299703708659098,-0.478462173037868,1.41564138150842
"166",0.750372690545021,-0.349820145368705,1.27503887370402
"167",-0.32964467836371,-0.685861993628579,0.110226342385691
"168",-0.0115462793603038,-0.530919615411599,1.80342187347
"169",0.726348538416343,-0.418693675610763,0.631789578885667
"170",2.35509824762157,0.466509562283057,0.543718069785432
"171",0.372372640533944,-0.516492717886878,0.652381685248369
"172",0.731509907022648,-0.426070870417531,0.535829892646513
"173",-0.634473150353666,-0.663557878294671,1.60512199103964
"174",1.64528697953444,0.0878451035123283,0.98449725646213
"175",-0.384795845050968,-0.619885094287882,1.60784419009697
"176",0.00336293911956413,-0.5722765816648,1.07478351586733
"177",0.135587418288387,-0.604775762949567,0.145536932984406
"178",-0.353189249038363,-0.695798391521736,-0.0183550336682871
"179",0.0222758960546049,-0.570754489822675,1.03437242550387
"180",-0.7910503082887,-0.684191280723823,1.7079386113833
"181",1.00627482202481,-0.22658536992798,1.46393538360984
"182",1.80327965933221,0.164331199964083,0.686929618967379
"183",-0.320647415153055,-0.641906804269752,0.941564597306403
"184",0.752321922505881,-0.380267112418256,0.94783015866716
"185",1.99468524079101,0.530991248165013,1.71651592689546
"186",0.859770470485451,-0.323527255454256,1.12873463458104
"187",0.0700512021182532,-0.616219765066348,0.162216261248636
"188",0.653041403553588,-0.37691409890342,1.35051176418315
"189",-1.23144311122679,-0.770943357733968,0.859646038417226
"190",-0.171714311946424,-0.657354968001714,0.183361853687564
"191",-2.0541660936825,-0.858464209848533,0.22858320448416
"192",-0.506486559165954,-0.66548419523545,1.09443794004082
"193",2.70481081283901,1.14015130544595,2.46787891198725
"194",1.71565910635668,0.069257925589442,0.566875840192666
"195",-0.915705278974661,-0.725126098214416,1.09402624884252
"196",0.099999198116889,-0.511296214092718,1.68724123272621
"197",-0.594442162928478,-0.708403269033114,0.431304187473826
"198",-0.402814681969161,-0.693049503166403,0.180562067621881
"199",-0.0408171801860484,-0.602518464838784,0.725555624640515
"200",-1.02316636799554,-0.758341358573566,0.524741981937857
"201",0.664823722846025,-0.305288628161338,2.09899451562153
"202",0.970566770355687,-0.369350277295518,0.3000614543726
"203",-1.92540353404575,-0.823406495433775,1.60953536466897
"204",1.06518652818585,-0.211944065215919,1.35265113736089
"205",2.81311373192073,0.763362876285036,0.984454084185492
"206",-0.298356621736498,-0.630229538897712,1.0917351611261
"207",0.958971968186507,-0.396182360258385,0.0905582097264231
"208",1.91588561672265,0.165990079858387,0.285723715687203
"209",1.16366830467554,-0.279170543695878,0.414625497936928
"210",1.26811098232232,-0.1351511995333,1.14223457304899
"211",-0.156362229868477,-0.662428008680722,0.0483203983404603
"212",0.121793821196219,-0.597647148271532,0.294315430361507
"213",-1.7091924506164,-0.826501156171019,0.498243050364973
"214",0.378646602335941,-0.506794065293559,0.758922735771454
"215",1.79195065358252,0.0512220983333599,0.15103043547854
"216",0.789529015557365,-0.379268555585604,0.825377813604296
"217",1.05637538409035,-0.281475969942371,0.783845371485296
"218",-1.1853967851562,-0.763437284865353,0.937032231545399
"219",0.635916866225512,-0.430891049988363,0.807639644411672
"220",-0.298295377374019,-0.611114535919312,1.45967972266356
"221",0.275232653293197,-0.510576211524519,1.06008128951688
"222",-1.44211939679736,-0.805979928540435,0.368554497414909
"223",-0.822425429088424,-0.691122465956667,1.65225728236354
"224",1.10079701038205,-0.235555006889915,1.00925998283002
"225",0.0466828235165906,-0.56468891223335,1.04738727070857
"226",2.25668419553669,0.334311492283439,0.195419814504688
"227",0.177038910071798,-0.575781624147503,0.451671461868044
"228",1.37471810640758,-0.164983479604034,0.501025534083253
"229",1.65125055681253,0.0667870809966293,0.836129918527855
"230",0.0870244347146426,-0.551804214477914,1.10974708330765
"231",-1.42268347270003,-0.799380735349274,0.549561743613752
"232",-1.07076402018192,-0.767227295721155,0.418156921057032
"233",-2.30192902621316,-0.860550385948935,1.3067227541078
"234",-2.31464121443295,-0.869305036052291,0.730459569278187
"235",3.04130301888853,0.651939516735333,0.37364926950846
"236",0.885881085084805,-0.332415936383363,0.944776325039046
"237",-2.26524763439982,-0.865857953951661,0.725151060882104
"238",-1.09759980593213,-0.739835244997151,1.34920007197154
"239",-1.70658171826506,-0.817088780005877,0.918553107097493
"240",0.188126199418469,-0.571116257532519,0.485431206838277
"241",0.280388147297401,-0.491149010029217,1.3114311474947
"242",-1.24071038890235,-0.783105865328072,0.485518975624193
"243",0.405757543998879,-0.438804163036373,1.54574612060793
"244",1.35908572781991,-0.062548191578133,1.28969576896551
"245",0.300907711955285,-0.506467232014214,1.02759053372971
"246",-0.983269198752367,-0.727651822905895,1.27306789670177
"247",-0.451245663630263,-0.684340948094688,0.508666830185812
"248",1.69029854846333,0.118030804078309,0.950302041088359
"249",-0.770637469819002,-0.718250435290694,0.767553383649833
"250",-0.597044292633464,-0.648790082428946,1.80131427029749
"251",0.722567508573716,-0.416353219870583,0.669657282616157
"252",1.3144411320172,-0.252782050695625,0.0895552289851404
"253",-1.77790518172078,-0.840364598780345,0.107972312262103
"254",1.00232495963858,-0.2764405325213,1.0313486459769
"255",0.993173931603807,-0.381842086967331,0.112074616304838
"256",-0.588973525011367,-0.694991539842703,0.719185927355392
"257",-1.16067752947609,-0.749597302548772,1.28872102910047
"258",0.156264962996481,-0.551528291265105,0.87759755459632
"259",-0.780009971935783,-0.72133356673232,0.720974030169645
"260",-0.485046574238947,-0.695976837370283,0.366872353290467
"261",1.92616407970181,0.188130147940477,0.358140100706375
"262",-0.575927788529843,-0.668851694667692,1.26633102568464
"263",1.02609766334787,-0.321505249729744,0.54160550160889
"264",-1.58727224092036,-0.775401799499052,2.20320361230298
"265",-0.390443844397269,-0.607334695394133,1.88385428463083
"266",-0.394428501015091,-0.697791031705791,0.0594171463260713
"267",-2.71693836256206,-0.902192361659622,0.0149612263638633
"268",-0.837747433899837,-0.669528200669907,2.28019350367826
"269",0.229600812872495,-0.593370509678805,0.0392698720043902
"270",0.626569067309208,-0.455725060364012,0.558728661401178
"271",-2.47853145855398,-0.88433010411095,0.403382579711825
"272",-3.08263607670977,-0.920377279668159,0.101389330196239
"273",-0.0864291643014729,-0.605835043752214,0.81884952380201
"274",0.6777754807187,-0.477725335433472,0.149908165848697
"275",1.33435088038905,-0.240188045373061,0.111934702231002
"276",1.83313359386754,0.0931669470871187,0.210335351313897
"277",-0.452054727284601,-0.700589101010947,0.169646501309037
"278",1.42943632822534,-0.20089478758752,0.051292327813082
"279",0.906405924619889,-0.293850425239851,1.23830560767915
"280",2.15155399389407,0.291938309706318,0.232091239379298
"281",0.390744133690307,-0.547892124655289,0.184216394190282
"282",1.10414762931189,-0.240312481886916,0.956144418902691
"283",-0.402377881876952,-0.703401910941528,-0.0322734348127963
"284",0.533377049720819,-0.519532057657906,0.109756189827352
"285",-0.512815340124162,-0.687835865614963,0.630084520128249
"286",0.992612967353002,-0.389129753553758,0.0478834650204854
"287",0.243806102423521,-0.451324601782537,2.00900023422167
"288",0.985233402545121,-0.35393882848166,0.391614250945311
"289",0.187749006137476,-0.60431108355959,0.0014461928870138
"290",0.749034255186047,-0.335218548701082,1.43379935720328
"291",-2.22937149580381,-0.865748212660763,0.55426479718128
"292",0.547230408146167,-0.471959774145995,0.632995024437298
"293",-0.640626455697465,-0.703341685031326,0.696647614630551
"294",1.14347106834136,-0.306315758773524,0.263398760788923
"295",0.370829515764045,-0.531099917735024,0.465251317787447
"296",-0.803924065476425,-0.730048851743804,0.577271015645298
"297",1.83937397804642,0.114690468755764,0.295345933268839
"298",-2.11903209701047,-0.85499569909069,0.729971148279315
"299",-0.328851017064283,-0.673013465832466,0.359718016776791
"300",1.70761844104696,0.0753650924389675,0.635575131424232
"301",-1.9611525476492,-0.836762427093004,1.05646508384039
"302",0.235900551028735,-0.488002581562696,1.51930993783881
"303",-0.30415839055515,-0.661333641264792,0.510770591263893
"304",-0.546706552824962,-0.661442423377791,1.32636920610686
"305",-1.04245099788996,-0.769561957493278,0.256335069313946
"306",-2.34248991224322,-0.879152473116084,0.129674970798184
"307",-0.0965749111857282,-0.623539278485367,0.548255843216848
"308",0.139621130417072,-0.606372296200211,0.109737209924186
"309",-1.09743259368901,-0.778907869487201,0.148314853993895
"310",0.643275488862762,-0.465755657426177,0.391278418645528
"311",-0.136749091465577,-0.62285845056705,0.687950735914268
"312",1.40363243316253,-0.137129767571779,0.583530291265375
"313",2.44216731659631,0.537789356508357,0.672021623978205
"314",-1.2372331598791,-0.759285420826808,1.27148425309544
"315",0.568307821808127,-0.416469957630335,1.214020203886
"316",-1.70640356259748,-0.814308571780568,1.04493680444571
"317",0.671310029813666,-0.38409287572883,1.20246235142542
"318",0.509595030548816,-0.488072609591091,0.563342995633261
"319",-1.8326743840069,-0.82941711346513,0.864659050933807
"320",0.313947816326655,-0.551490682877583,0.370407989583493
"321",-0.0446834676846802,-0.591471914882563,0.922388027126888
"322",-0.228105756239471,-0.655388513074537,0.388086905646352
"323",2.88925878968156,1.08352647105128,2.00367771732689
"324",2.55336545780139,0.533794050852913,0.489447164508683
"325",1.6117335690958,0.124272001946311,1.35417729975635
"326",-2.07484322871201,-0.837499989063269,1.58263620712964
"327",1.72743635222883,0.00305704764008203,0.156290460558268
"328",0.531315771898018,-0.432457308190292,1.15926473143359
"329",0.875557232331577,-0.236107412667806,1.92109354666027
"330",-1.36879085439965,-0.779819296654066,1.07118017537591
"331",0.233083788621778,-0.481294515801811,1.6253705335103
"332",1.67294755028368,0.0203846658640504,0.477243505543744
"333",0.661222250507472,-0.323451326165162,1.91276096027791
"334",-1.45839038321172,-0.780115026471834,1.42508012534691
"335",0.233259198502868,-0.474601858793108,1.72000955777298
"336",-1.46626421272298,-0.795944113211853,0.844136442405472
"337",-0.862032630885238,-0.628847086285506,3.47012060681293
"338",0.945985116302897,-0.251990208952103,1.4767840194501
"339",1.25409061616159,-0.282118002638395,0.0772247039884357
"340",-0.67905831054453,-0.721205005898333,0.39700003632594
"341",0.135834669252804,-0.542413944189619,1.0836785139848
"342",-1.02936024491691,-0.771243474805147,0.165244666077547
"343",-0.462108182435348,-0.689986788536615,0.42358734622792
"344",0.379687877056698,-0.552272895225164,0.160175056226336
"345",-1.40637143120619,-0.788823738025653,0.884825580904848
"346",1.79162187548317,0.243619758747977,1.14585026143281
"347",-1.52741487214926,-0.787097773712242,1.44455897219104
"348",0.362617414460054,-0.493014327691923,0.994716697672719
"349",0.745889010662302,-0.355156762987685,1.23579036174509
"350",-1.62164587253653,-0.820196126911999,0.444189668426046
"351",0.617299075310356,-0.366704713136567,1.603246425009
"352",-0.826531402432972,-0.673148353380397,2.1376885359148
"353",-0.164653935879053,-0.641979692964409,0.43718676747633
"354",1.90781460073782,0.167762414008079,0.319961657185521
"355",0.84028386756537,-0.360380730377274,0.835622902642652
"356",0.681982038573888,-0.40844842631885,0.896105450660914
"357",1.42369859410108,-0.193303128718181,0.123386000973563
"358",-0.987264821619839,-0.750269817985612,0.638298375601806
"359",0.0889663627367115,-0.608199118698859,0.231008384164701
"360",1.48771722838611,-0.0776304681831643,0.647267163214447
"361",-0.801698156121409,-0.736103333756305,0.414185185422214
"362",-0.725809144290827,-0.727935999619249,0.380069117521577
"363",0.592914378362892,-0.473198725262174,0.468862160974472
"364",-0.575864466575124,-0.69857966178626,0.595203790256539
"365",-0.393671799819468,-0.673215981582932,0.556931246006643
"366",-0.613185432935746,-0.697339407078019,0.745448406783472
"367",1.09576146772274,-0.26562904851033,0.773791559923775
"368",-0.145742866669782,-0.640783973314698,0.400365164095405
"369",-0.619124374703189,-0.732667609861895,-0.0522367932435575
"370",0.982251908631946,-0.311512110373548,0.788501734785187
"371",-0.776311602894809,-0.733147156566251,0.40909104742327
"372",0.168540653579303,-0.570455207747336,0.556891746066432
"373",-1.88176185323227,-0.839438319501417,0.562073596866243
"374",-2.45426293339315,-0.885826152735583,0.146331379075303
"375",0.625204095264592,-0.380654496604466,1.4141979756993
"376",0.301967071654844,-0.570888775670339,0.142019842213902
"377",-2.35074243496938,-0.865490267217321,1.21785199371764
"378",-1.84896612842664,-0.835896762910465,0.607228986260204
"379",1.75657147082312,0.182922356951626,0.993480793182035
"380",-0.797513153740039,-0.73782979897816,0.356576075336169
"381",1.12412213029996,-0.291565070000721,0.452880054089683
"382",0.193609272887649,-0.602118452505694,0.0166668092796493
"383",1.18306321484786,-0.288812101293848,0.268857911104105
"384",-0.837265875470281,-0.714253698876881,1.1028803834459
"385",-0.207461769823299,-0.600454138207466,1.33031393905123
"386",-0.960612699506699,-0.752901942373809,0.474359508284823
"387",-1.40439898657975,-0.800005413388788,0.460504579872997
"388",-0.596192752449568,-0.709776554216399,0.405429504288919
"389",-0.612960502687199,-0.724775301307514,0.112151733757232
"390",-1.8692053087412,-0.839577279671463,0.502892584123227
"391",0.624504685993745,-0.467854985259816,0.42799475964406
"392",-0.0597226544652026,-0.62494085065538,0.410011053788267
"393",0.790525309310823,-0.458688949361293,0.00671750809819167
"394",-0.116387589930794,-0.610091382754841,0.844515935815184
"395",1.60231355575598,-0.0427405697936937,0.401062606575475
"396",0.332608916025627,-0.518651984138257,0.754649286301981
"397",1.85426389048479,0.342302745824235,1.36664127535904
"398",-0.297099793841944,-0.645040494665362,0.80232343909644
"399",-0.933939464329381,-0.688080346916283,2.19158051182309
"400",-0.424400789395699,-0.657978287355299,0.970424205885306
"401",1.6052880641729,0.0983138050309465,1.23015174269359
"402",-0.677467450462686,-0.701312602893094,0.868093793478451
"403",-1.00246003460419,-0.6954074306116,2.28093767540628
"404",1.42551990378381,-0.149395138779022,0.415107147698709
"405",0.74702183669347,-0.452726834293605,0.2033506904523
"406",0.751854877371193,-0.313015182045071,1.65612976545385
"407",0.84026171368403,-0.371614819151241,0.723851176860113
"408",1.47832080825848,0.0322781118289381,1.40463202436518
"409",0.380081358058716,-0.51724997401421,0.617314754221734
"410",-2.18452659003735,-0.831697226113771,2.59595591389783
"411",0.185896619210309,-0.556717952526618,0.703087286014958
"412",2.72195591215693,0.50943455552453,0.191441544051933
"413",1.34240548307754,-0.129909818844245,0.877500452715282
"414",0.516775344929176,-0.495139391224645,0.454573327851282
"415",0.813272593338568,-0.443239296035139,0.094172056466524
"416",-0.63477542242342,-0.724087296054998,0.193038666306764
"417",0.0433252427299707,-0.615261868753377,0.256407158769276
"418",0.128505341898337,-0.557733045808268,0.877541484686103
"419",-1.62749883467628,-0.828723490780175,0.0971684589545784
"420",-0.144587575158731,-0.659690219255396,0.0630855363874127
"421",-1.12659832880392,-0.772518094244782,0.441094652848331
"422",-0.447658674523174,-0.705662247020914,0.0503049968321491
"423",-1.08570994370863,-0.783076231406279,-0.0155837863793723
"424",1.30226896443923,-0.257056992939609,0.100245613680344
"425",-0.280005855911891,-0.628237996807391,1.0665733173234
"426",-0.0279622398596114,-0.624305450640512,0.323973526372924
"427",-0.742751565491363,-0.745648912250266,-0.00682419147400962
"428",1.14148883752457,-0.155757889121424,1.50963232362384
"429",3.94623778185758,0.834514359811195,0.393747185646325
"430",0.246885715731831,-0.568436305799927,0.341918227606404
"431",-0.604152405029713,-0.682404904991437,1.05816349979019
"432",0.537845247313052,-0.434350448355935,1.11307982644579
"433",1.3337961146338,-0.25933422263068,-0.0247437469104131
"434",0.361606644837273,-0.555607787708636,0.170313420789132
"435",1.17439094945556,-0.125298732099837,1.61640331236234
"436",-0.742175988170605,-0.740229744606838,0.126169383665938
"437",-2.01447185830694,-0.836983992820016,1.30158291711511
"438",1.03947739254961,-0.378912757703667,-0.0100519733769039
"439",-1.3260783638037,-0.77085630527105,1.22450207262242
"440",-0.116501425213419,-0.564261601570641,1.64114106653779
"441",2.00644530461893,0.265318417104181,0.475188172841786
"442",-0.822240695046745,-0.717177352416927,0.972929170532316
"443",1.3741083587306,-0.128874496768248,0.757624474509863
"444",-0.0708591944257998,-0.633523259156111,0.298960612182839
"445",-0.447493108201374,-0.683009796877848,0.524785248497691
"446",-2.43589402877792,-0.86584816474309,1.71728607091123
"447",0.0860222126678475,-0.611226199689139,0.192891458914689
"448",1.2460343996964,-0.13700181306566,1.21965504479108
"449",1.38230697290218,-0.184754011161756,0.333695596352042
"450",-0.203862169162862,-0.660938357705348,0.213234551517972
"451",0.000859883731776562,-0.573557068076874,1.06260161652045
"452",1.55419905027528,0.0591463879988644,1.22811162590191
"453",0.475099824934047,-0.53629930932655,0.0795626033175315
"454",-0.82511795451614,-0.69957164439888,1.44238093811654
"455",-0.225981183751687,-0.580719932726051,1.76192160024741
"456",1.79855955418595,0.225813941083503,1.02263297593965
"457",-0.842633988938008,-0.715427225619454,1.09130768268287
"458",1.71118464358432,0.135827461246279,0.952459129646273
"459",-0.391736642813603,-0.665696595610745,0.703536036298323
"460",-0.10358454353973,-0.590557830687236,1.13917739907817
"461",0.0742046888776309,-0.573325848582407,0.818870473350379
"462",-1.06740426920024,-0.764762940449648,0.481403903803393
"463",-0.803318376055705,-0.746931574791007,0.140439682681057
"464",1.61290907379432,-0.107079756788152,-0.0230935637425897
"465",-1.32395488453507,-0.804258294858934,0.0340032561064945
"466",1.56286854104051,0.0310721097668407,1.01574567129356
"467",-0.0625817009713105,-0.636395378491646,0.225761726813724
"468",-0.228231168761345,-0.612790987162154,1.17693128642395
"469",0.141880214325906,-0.508261740202098,1.57515014437957
"470",-1.36455183678307,-0.799376414269374,0.344227073124292
"471",1.10411864033882,-0.199987045145895,1.29637288482504
"472",-1.73372793907618,-0.837483496116709,0.0828382113901404
"473",0.426882281270663,-0.522908711874746,0.394812153089339
"474",0.644833085010196,-0.448195091907162,0.583026454923331
"475",3.25983608884619,0.873683382272938,0.927022429593798
"476",-1.15685275992683,-0.776692699393874,0.410556519236912
"477",-0.173562921532309,-0.592841676310466,1.34647683829642
"478",-0.159354747180858,-0.656059536820199,0.170251817963778
"479",0.515047415353111,-0.497830500063668,0.427549722642212
"480",-1.10300535717656,-0.751725389354684,1.00375962302185
"481",0.455443046529805,-0.449713254646681,1.22270135317631
"482",-1.66417998061382,-0.803909211056896,1.33004357577244
"483",-0.225423588187559,-0.588496125466727,1.61607951819968
"484",-0.16986357022471,-0.554194860603133,2.02524874143297
"485",2.47618213123693,0.385560854616307,0.0417525111711216
"486",-1.23519285750396,-0.757213176168899,1.3327852633685
"487",-0.130237276926572,-0.637603100329642,0.408830542866783
"488",-0.925504689659473,-0.755932459596507,0.276739925730202
"489",1.10953977697064,-0.29407517160062,0.483552722132748
"490",0.18442586180819,-0.60390248142359,0.0169330328416451
"491",-1.11370275361172,-0.747449663332549,1.17592669586586
"492",-1.01891996778855,-0.77209339177405,0.107836195379177
"493",0.157219471201031,-0.589045105978585,0.316421781451077
"494",1.31463026413909,-0.240304138671159,0.180432564739418
"495",-2.33433612005746,-0.878512595038341,0.139366477130972
"496",-0.384271982085864,-0.61258493103147,1.75351821207012
"497",-1.44652745695866,-0.794353137152108,0.829589567562971
"498",1.25781511790716,-0.227257074965546,0.482757668219505
"499",-0.72968240739307,-0.700214970111243,1.07612014918494
"500",-1.58512126159599,-0.80552396057795,0.926419317984464
"501",-0.773497854249302,-0.699307475287557,1.25667325376683
"502",1.66054533567752,0.0495634763702708,0.696397873384018
"503",2.09846123352853,0.245452476911888,0.15240440686609
"504",0.988366513665555,-0.306249619401473,0.814035380831249
"505",0.486357503372139,-0.465456256374114,0.917751756757992
"506",0.637907436755767,-0.42216701705868,0.898912518187959
"507",1.12455109536391,-0.236274229377607,0.911571407848537
"508",1.33638769721187,-0.102659832768617,1.09876585277584
"509",-0.00820676877532851,-0.626910694111733,0.222086355578954
"510",-0.303179341862839,-0.688625491599739,-0.0193948514979611
"511",1.12426793074541,-0.137456577723199,1.73531115791827
"512",1.79732511677115,0.132650162838167,0.549099315516513
"513",-0.215738315667012,-0.631311980501552,0.792945520947544
"514",-3.11319379205623,-0.919839350747507,0.520570778258634
"515",-1.47458111247943,-0.803088326451055,0.597526481660023
"516",-0.0992278542892452,-0.653935177138699,0.0336455196445106
"517",-1.48581459170523,-0.798306132815278,0.827398001425819
"518",-3.16267874526128,-0.921846605868416,0.650433970673701
"519",1.07329586343375,-0.343623526006785,0.186823362951958
"520",-0.308479162745313,-0.544338799771424,2.79070562477001
"521",0.933401984905448,-0.403382581594945,0.104909361702721
"522",0.166660926051655,-0.559162450145614,0.729907845575221
"523",1.06503786273827,-0.298177186797954,0.607423121440793
"524",0.590407084921482,-0.426688860130627,1.01517828358148
"525",1.03084914058368,-0.285214517728178,0.845699700872428
"526",1.60312211424553,-0.0260372162253456,0.497560349766488
"527",0.767456535338433,-0.42305307545596,0.448252215287376
"528",-0.776689399296591,-0.719046736867345,0.767841259104332
"529",0.199939918394845,-0.533158206877478,0.999455239036494
"530",-0.0117253817786382,-0.517725105271787,2.02013739249886
"531",1.53555782134464,0.169561356185821,2.00692740553208
"532",0.118165855377705,-0.560284507695998,0.873455820778338
"533",2.02543264291944,0.384705182885534,0.956860318414627
"534",-0.267237912830729,-0.634633408567081,0.901758324098357
"535",-0.0685444811545904,-0.632866052675238,0.303126258437295
"536",-1.3161280963825,-0.768643463235646,1.26299284727085
"537",-0.151961747192285,-0.606660012304315,1.02432710893147
"538",0.852311177118061,-0.36354981116532,0.761370233763968
"539",-0.159305686018555,-0.618473904482591,0.839151381508797
"540",0.37825494141654,-0.548716525732473,0.211044880582209
"541",0.191276408607707,-0.547470844343376,0.820466496733638
"542",1.01179234458864,-0.279811593642932,0.965164967935848
"543",0.675701783973845,-0.304421034296818,2.06253770514055
"544",0.98516929926912,-0.316566266407155,0.731888453206908
"545",-1.11816821208842,-0.775664578815253,0.315085026739586
"546",-0.127831609405782,-0.591571235216698,1.20637330676806
"547",-1.33471919809073,-0.796408768346449,0.348495333507292
"548",2.48520594191513,0.378021801215107,0.000795639293997688
"549",-1.90454949091503,-0.841917410607572,0.527376912851412
"550",1.48409837107672,-0.0962703451484899,0.540491150460801
"551",1.699869469235,0.174219920538518,1.2180998976219
"552",-0.38709563675909,-0.670659228538511,0.587951532934867
"553",1.16350411864626,-0.321299413311551,0.0733464378649195
"554",0.391017198115135,-0.499594861048699,0.811431012176764
"555",-0.786236981415017,-0.707747464773943,1.08834323038482
"556",1.24336098282223,-0.156730945962237,1.07892714044497
"557",-0.379924265540546,-0.58698143411499,2.25336894510332
"558",-0.573793317577334,-0.701826361877343,0.51535494812329
"559",-0.344784609539341,-0.678029627312913,0.309281233965475
"560",1.81204508031509,0.129347500066319,0.47277314870236
"561",0.46777673837953,-0.50993819530027,0.429148997088015
"562",0.207514168937867,-0.563355619250046,0.537129164623691
"563",1.83413723402024,0.209974421573002,0.791684572348042
"564",-1.45995031656976,-0.810199057298002,0.268826256953108
"565",-0.540233048707588,-0.721378291438606,-0.022311535982211
"566",-0.823569826325422,-0.727071334606458,0.71971369041875
"567",-0.802872269712195,-0.750381230668549,0.0502632661562523
"568",0.503259917727298,-0.443765052814031,1.12372478672197
"569",1.63693595445939,-0.00423602828749334,0.4863807729748
"570",0.749715635199182,-0.190208886175417,2.95674609355679
"571",-2.5440204354229,-0.890621587197951,0.197631403949177
"572",0.175620797764235,-0.60351299745475,0.0479554345807176
"573",1.5873313705047,-0.078340133347714,0.246586972498771
"574",-0.792792416483965,-0.693646500445225,1.47276365619542
"575",-0.541802752488852,-0.677170616724873,0.960508494429564
"576",2.12403571773177,0.392060926354812,0.721388352028632
"577",0.539845451713301,-0.416756286862482,1.31565154707017
"578",-0.308776268093664,-0.622315987382552,1.28120924545061
"579",0.230327097236952,-0.570105696724373,0.369026299746178
"580",1.69325692736581,-0.0125161184798407,0.208666505368263
"581",-0.821295805077,-0.73779184434666,0.432997189521258
"582",0.939907340899074,-0.218030541170842,1.81932327132265
"583",2.21213056434705,0.265663888822009,-0.00104869814632938
"584",0.815189378050773,-0.397151500769286,0.554176704091294
"585",-1.54152901581098,-0.817018357751709,0.284836482250847
"586",0.83363544525123,-0.376590393501113,0.697406931492826
"587",-0.0698011960723593,-0.571604039238571,1.34347796786904
"588",2.21447627963865,0.465528361569774,0.817974662830561
"589",1.07507619977496,-0.262329546477055,0.879503010155889
"590",0.439230954635848,-0.366880085533404,2.32911859393204
"591",1.09491051410161,-0.306279825459352,0.432055920148136
"592",-1.93158034477777,-0.828833132160876,1.34803961119825
"593",-1.57219743240865,-0.822852867049343,0.152471561388974
"594",0.557343493489697,-0.463469657265573,0.699732003249127
"595",2.59839611052378,0.450134885421882,0.121747946380625
"596",0.0410268614752535,-0.626250822606036,0.0886656777935646
"597",1.09431861943022,-0.348639565247844,0.0745875265791998
"598",-0.922539341543077,-0.743212214863971,0.61900099437357
"599",-1.41101916696608,-0.805952964974762,0.26145602371417
"600",0.746679732340547,-0.456501468942145,0.164641822912609
"601",-2.1873412100647,-0.863626558698595,0.49668314349272
"602",1.24214575458577,-0.174349777524847,0.948143193766698
"603",0.456946529055986,-0.525556749565059,0.268087674977361
"604",1.22287582446566,-0.156321920596545,1.16570185650174
"605",-0.844219752596437,-0.725435653575152,0.832940928157725
"606",0.230820699743687,-0.532443747798184,0.904571179734368
"607",0.360602306568011,-0.475873350450869,1.22855310890433
"608",0.429639289491311,-0.554583448498149,-0.0165806705934677
"609",0.45927695544756,-0.518782226992897,0.345601822753488
"610",-1.28798019459488,-0.794605068346394,0.253910897837204
"611",-1.08196345411407,-0.757516864560706,0.750771470761809
"612",-3.01280424903841,-0.915888743699578,0.280270486544223
"613",-0.94052337734079,-0.678683439715568,2.48245259689603
"614",1.06374941522917,-0.18194042139349,1.61821741987578
"615",0.288632122039076,-0.498090707002969,1.18584296911593
"616",-0.18899833958836,-0.641043798587775,0.529647690420855
"617",1.41627315606086,-0.165792327991597,0.338306625480517
"618",1.87955748379496,0.449207166293946,1.78188104602876
"619",1.68418028253048,0.0315164166653903,0.492614790641563
"620",-0.0398332850819893,-0.634665588711055,0.187584448475085
"621",-2.0472264026362,-0.858786125512425,0.180515409045247
"622",1.13977950576,-0.251601115660998,0.727003208995922
"623",-0.849309294451133,-0.753164909794435,0.116662610499437
"624",1.07613749414244,-0.349883328514045,0.123614072385335
"625",-0.0702942795758133,-0.605886874024929,0.76501186565915
"626",-1.30162787588807,-0.778070058644786,0.876531414858281
"627",0.945760597710581,-0.259584207997723,1.40686455399639
"628",0.679268184274485,-0.392036910351851,1.08582090622339
"629",1.49088110115951,-0.0445867815755192,0.848721646569969
"630",-1.59323606966672,-0.806538032015207,0.916459680913284
"631",2.78471222460802,0.953952386419093,1.68902654884619
"632",1.10977439140036,-0.172982575451445,1.50032424814902
"633",-0.812687253245118,-0.725684753404927,0.719106119821146
"634",-1.10296133211192,-0.73402743850014,1.54908806345454
"635",-1.68849611650857,-0.819893333067474,0.716978522360592
"636",-2.03863669812995,-0.854573669303181,0.392094496707922
"637",-1.10547420829394,-0.736964251088519,1.46852084215321
"638",1.13527440204895,-0.250971677335391,0.749029657708574
"639",-1.68654238380812,-0.819225459033146,0.739253736658141
"640",0.781276397903107,-0.395234035968174,0.689886937474516
"641",-2.86908638162614,-0.897820344223573,1.72614176666591
"642",-0.117091656470677,-0.609523294180923,0.856720970234741
"643",-0.155796855943133,-0.632079404429963,0.585851283162367
"644",-1.74050936256284,-0.813676145820907,1.22281108732466
"645",-1.28813032336239,-0.80301219896651,-0.0363987177080637
"646",0.246108594204219,-0.598810126649364,-0.0850574521030816
"647",2.07737022384039,0.31461130760421,0.503953157589109
"648",0.245556538133891,-0.559953346897547,0.465940425616361
"649",0.485665148954429,-0.412913340509031,1.56677770649928
"650",-1.34868790418207,-0.784640416617369,0.819758187988344
"651",0.53058077687108,-0.265971767551568,3.1575910985467
"652",0.69175271005009,-0.262869281632785,2.4476636682481
"653",-0.134013929565991,-0.585260174825256,1.33889082047089
"654",0.376182363389429,-0.553090183871507,0.159935197418757
"655",4.07796368020414,1.35174421404308,1.88685065203646
"656",1.08890561333188,-0.152750795953508,1.76079309336465
"657",0.907543775989571,-0.286445107762523,1.30463467319661
"658",-0.748894888470925,-0.7267510059924,0.482598839841828
"659",0.993589529328973,-0.268503654010926,1.13655116999332
"660",0.225639642632714,-0.586155699411268,0.153901432734733
"661",-3.56847144863638,-0.94179594701539,0.95714115036066
"662",-1.88137598331601,-0.842914150423515,0.379950963940406
"663",-0.454243468840977,-0.650561610979625,1.22909962890336
"664",1.46329189901862,-0.0373733600678375,1.01307645563697
"665",0.0505516940759969,-0.577688081322142,0.828677036614737
"666",-1.47587436273839,-0.817154317278415,0.052864030494301
"667",-0.476602560860691,-0.710182355361101,0.0381666791412043
"668",0.64965075836817,-0.435625985857241,0.70744413962129
"669",-1.18857244773712,-0.753976254448941,1.25619848848033
"670",-0.963777929515477,-0.768428795749878,0.0448861637277648
"671",0.406463295479485,-0.495543650185565,0.811830959245039
"672",-0.750902932514029,-0.672763237359654,1.83753521603589
"673",0.992618527292836,-0.335277322904122,0.535578423270657
"674",0.795453994479239,-0.357181545262593,1.03042358319973
"675",-0.74936193872352,-0.736045845979561,0.25213849941606
"676",1.1140924805675,-0.32811380241647,0.182172222851545
"677",1.21951181470298,-0.270584900091222,0.285928252888809
"678",-1.16547503410667,-0.775250603286569,0.48569610530653
"679",-1.47030847968263,-0.815289632034713,0.106863819881124
"680",-1.88514468930977,-0.828388069588794,1.15172268640762
"681",-1.7063496905534,-0.804800903412162,1.4794407667444
"682",-0.245203216636972,-0.600031646383971,1.47511312257064
"683",0.219768741829276,-0.58229306612555,0.226681303318342
"684",-1.30358280639892,-0.735482271348527,2.37152353773128
"685",-0.280173409528295,-0.59168378210257,1.76398227276559
"686",0.784787385238529,-0.315270135560497,1.50133946150404
"687",0.100649450076121,-0.521921425462218,1.52156562337003
"688",2.40296836841078,0.607839918892384,1.00853467224386
"689",-1.62116785793277,-0.823725053430377,0.290345617504478
"690",-1.1242225471461,-0.736668211780379,1.55263676903808
"691",-0.421447309881196,-0.657505215665846,0.970148489790737
"692",1.48905199972534,0.0473443316137667,1.45335043895059
"693",0.112078589949915,-0.596318301595189,0.343963731403739
"694",0.888351460635197,-0.350080079714143,0.764963581611094
"695",-0.263779151885118,-0.622366758784473,1.12186323570468
"696",-2.29666083086773,-0.869503547697829,0.622864818096813
"697",0.00679556197342715,-0.547510907332293,1.46419558873571
"698",-0.216713378886459,-0.650812398959851,0.437553029563555
"699",-2.41529013529817,-0.874018197780714,0.916385762078961
"700",1.68853660758227,0.0201588313915563,0.41060367971553
"701",0.983376034435233,-0.26226392325559,1.23302644402815
"702",1.12268116272455,-0.266321536414298,0.668349608821261
"703",-0.845409112121965,-0.737835950726851,0.509627785905708
"704",-0.809389942640905,-0.733907879604091,0.495467135467943
"705",-0.782804176352576,-0.696668602468546,1.35804204106028
"706",-2.0014840784156,-0.858007168402147,0.0400975216995112
"707",-0.426618721805849,-0.627984798750043,1.5994130609457
"708",-0.00130232700520076,-0.54418816289926,1.54804488556984
"709",2.8639709870573,0.547954568155473,0.180016618541876
"710",1.82405545440785,0.289188146986213,1.23218104082204
"711",0.765737514292561,-0.456293705293755,0.107592799576509
"712",-1.13235528307596,-0.739944358487818,1.48268839559388
"713",-0.410025805587542,-0.672111783930093,0.631616646330928
"714",1.4547707715843,-0.0657747907324681,0.860655624692461
"715",-1.84717465274489,-0.831453820475785,0.82472023178316
"716",0.0808331650482657,-0.618586388053936,0.0939054679603338
"717",0.209579916075962,-0.569559830487243,0.441036402561105
"718",-1.85072949970997,-0.842244800750988,0.292339227055233
"719",-0.740450497147457,-0.715296274843023,0.740003844400093
"720",0.0253899877295601,-0.529222673352387,1.68951413057205
"721",2.43391754052757,0.555004050140639,0.751484061470217
"722",0.841385233861267,-0.343331636479318,1.00131250223854
"723",-0.193338422288871,-0.670128485815816,0.0154616368523796
"724",1.05036466045549,-0.241912141817282,1.15151464031566
"725",-0.622853694511723,-0.644851626915221,1.9946772810855
"726",0.565976979987155,-0.514426706626557,0.0725688348467857
"727",-2.25781134133348,-0.87163565841111,0.279970263176463
"728",0.182341461016477,-0.562485116574368,0.630127963967627
"729",-0.450292403476456,-0.688958657699113,0.408693514943383
"730",1.27089314356171,-0.262795094342405,0.166244579664217
"731",1.0354424561389,-0.196741575411307,1.60844510904833
"732",-1.24250714997537,-0.787632369545627,0.339584318188051
"733",-0.573917530830815,-0.682497143009323,0.951481295024783
"734",-1.02116632586368,-0.773337644119803,0.0782888974379706
"735",1.37951161449844,-0.067708947655699,1.16518877657021
"736",2.93087761720805,0.549585593708258,0.123306299344262
"737",0.192739566420041,-0.524324973030702,1.15293307770353
"738",0.127135728787527,-0.61761600768295,-0.0238973198695146
"739",1.76055763500374,0.314237618676768,1.66914824260736
"740",0.381096385568179,-0.523817141194438,0.528126790217766
"741",0.454823078238808,-0.54456857681385,0.0363886910050091
"742",-2.34302081278065,-0.866051185550244,1.13049084948576
"743",2.41332640150345,0.794611097209295,1.70972002964932
"744",-0.189455034900432,-0.62225662837202,0.871261911347088
"745",0.0750096797640551,-0.628796189826487,-0.0483244531668633
"746",-0.877111239515155,-0.755536112751468,0.137739217132633
"747",-0.246739704725038,-0.657670577041013,0.402631306762169
"748",-1.39828029101808,-0.807487400885446,0.161056810878359
"749",4.20642030593118,0.910852024208663,0.512683791566438
"750",1.17242086882041,-0.333618143960128,-0.0556155981296117
"751",-1.80055964931867,-0.826934354805271,0.849705886010485
"752",0.354282930297076,-0.564919740325487,0.0685492479987124
"753",0.608760986683506,-0.420103668232741,1.02553501632373
"754",2.7395662869768,0.697140943343133,0.83895853682537
"755",-0.399311819115795,-0.652150624430827,1.00452234657039
"756",1.54131517658616,-0.0873018532535003,0.371637233428721
"757",0.148764388115846,-0.488948466740934,1.83802366271794
"758",-0.929080836278079,-0.736494906275504,0.827358199878188
"759",-1.20266022958644,-0.742515150924791,1.68703222584911
"760",0.140227106484792,-0.547847772033818,0.986865171420529
"761",-0.322438124217662,-0.651782751954542,0.754774677431931
"762",0.541475563787082,-0.389506657061654,1.63415732141433
"763",1.66956924671545,0.384333334913721,2.55850846210351
"764",-0.235282027025023,-0.666179235287951,0.209522091163491
"765",1.04262269424127,-0.369269721708245,0.0645628873623262
"766",-1.74292537832707,-0.826099488932958,0.650552659165516
"767",-0.313477680371208,-0.650538020160039,0.749738363450964
"768",0.114796883185112,-0.527025428282255,1.39149086602366
"769",-1.07334590422389,-0.713785973639547,2.04432848200185
"770",-0.0251099088443491,-0.625886306856258,0.289289801373232
"771",1.93094453677727,0.226918972030911,0.525819223728041
"772",-0.165643203791513,-0.634292125891602,0.577569911951923
"773",-0.907461966681255,-0.726572020728555,1.02458476833806
"774",-1.06657344061898,-0.759672677424613,0.632076174053314
"775",-0.738641941768711,-0.721517777391722,0.579656798856459
"776",0.252138420958649,-0.550550204573174,0.577815629778456
"777",0.257739347436362,-0.525101814251545,0.917267272170013
"778",0.635604392632178,-0.315135529938551,2.11277434667872
"779",0.0782026531019715,-0.619353133994899,0.0896020504743178
"780",0.0993105186216606,-0.505942827502321,1.77215223860657
"781",1.76207904954349,0.0243214611604155,0.129317912461226
"782",-0.387608976397701,-0.603680274094896,1.94680066125578
"783",0.507524385360411,-0.497279390662309,0.458232710234188
"784",1.25205974317831,-0.13600396296737,1.20225551142322
"785",-1.09761441782741,-0.779479484020059,0.131326958108238
"786",-0.813945574969947,-0.701496873413757,1.35025076837771
"787",0.527671495215698,-0.506770198840568,0.280148137487832
"788",-0.805100822465816,-0.724172609044796,0.732641730396366
"789",-0.401480740827925,-0.643090857156001,1.19698417733281
"790",-0.531075892752452,-0.706818261521994,0.271837872530388
"791",0.945668298937343,-0.389626496353395,0.194271617913102
"792",1.66220462069243,0.220014259133104,1.66272761770616
"793",-1.84185138714337,-0.840577325902774,0.34174314162204
"794",1.57560294612948,0.081089939268081,1.2643402823849
"795",-1.41759450594976,-0.782395855150269,1.16968811861718
"796",2.03455904216242,0.302926721137219,0.565621395146661
"797",1.10745396557116,-0.300357262225359,0.438084103177631
"798",0.717367202278709,-0.458612266521667,0.234078527408952
"799",1.695315241197,0.0656177202940225,0.63541210195279
"800",1.209875035575,-0.0964385860600816,1.69045043161849
"801",1.33047925472882,-0.183869461111402,0.534190595318051
"802",-0.332680056790572,-0.671984630712676,0.391599475326101
"803",1.35705291151032,-0.11790346215249,0.904096787613833
"804",-0.087329526174394,-0.543476389910998,1.88748047001625
"805",-1.33673262870743,-0.794104333176263,0.437619630092237
"806",2.14036867796013,0.287795824521443,0.239069422133656
"807",1.69226563135477,0.332079438725129,2.13587502248566
"808",-1.98220794857578,-0.833798063447648,1.32263452096858
"809",0.084329388840988,-0.605641306685967,0.284476663723364
"810",-1.30739902693224,-0.739284267395766,2.25631673489984
"811",-0.701527517485918,-0.687592996766051,1.28364478702616
"812",-1.31820111330678,-0.776472746641207,0.995230206453508
"813",0.729454142828942,-0.369111299939835,1.14931857504956
"814",0.417237072968814,-0.469550862165083,1.10849562170839
"815",1.80978080057738,0.163125870680483,0.653860861132541
"816",0.498581553322423,-0.519152477104097,0.219735086267943
"817",-0.199435103415777,-0.653591217160007,0.333961863979964
"818",-0.0402703539185693,-0.553242573579552,1.54370525147026
"819",1.51260135687652,-0.0670453113526817,0.61439192035867
"820",-0.377814633304732,-0.649629357879356,0.982268274243998
"821",1.81491977805326,0.346415089189241,1.56337001975798
"822",-0.129702133616464,-0.630212638246448,0.536556992773438
"823",0.563881861955728,-0.436184825661862,0.998525740394481
"824",-0.327976388742008,-0.688661272964585,0.050553256618896
"825",0.916308332793449,-0.406851802630683,0.12657476018771
"826",0.0375238628226353,-0.549490862743319,1.32089528200345
"827",-2.31847576119257,-0.864263876051715,1.12614376577273
"828",1.24679903403013,-0.228516642579095,0.513699880133582
"829",-0.653185063335634,-0.72713016705838,0.176840284956652
"830",-3.14362921110427,-0.921891422970748,0.418362651420085
"831",-0.0729519772341152,-0.630170692251925,0.362076794429128
"832",0.678133998188208,-0.433476565798176,0.634804677202915
"833",0.524118802773091,-0.53273400229531,-0.0212391800422096
"834",-1.53941270598506,-0.817530357771255,0.256445297623005
"835",-1.19339405707583,-0.75715220488966,1.171484432647
"836",-2.58059266865787,-0.883545279058277,1.09050144388039
"837",0.104554154584334,-0.604830582424017,0.236444554277332
"838",0.415598918528921,-0.512298378762637,0.566309792851512
"839",-1.38888773353087,-0.771355633056894,1.46291971577589
"840",0.434810257252837,-0.532424528414234,0.249367384182719
"841",2.90122786225737,0.54941748470479,0.14980716554499
"842",-0.997809249253978,-0.741312239078399,0.933215500955289
"843",-0.0297747657353811,-0.609318628144987,0.577341276981604
"844",-0.91570683073131,-0.72040581273836,1.22396900329066
"845",0.180800240326365,-0.591827224090431,0.204523464644173
"846",0.842518480093198,-0.354317386560282,0.887914440511449
"847",0.527120885823956,-0.491673921838635,0.463183092756962
"848",-0.365155986852803,-0.680148922766311,0.328753674668864
"849",0.279244016113105,-0.581921764474349,0.0566087891454652
"850",1.93387852603216,0.311259691394808,0.912886756942992
"851",-0.78841563842483,-0.720157418779874,0.779271141421308
"852",-0.245547276710567,-0.580113259538321,1.84869472655922
"853",0.465314604940513,-0.499811104230541,0.563075012899104
"854",-1.04102818835732,-0.76941988087752,0.256017658538665
"855",1.62359481961935,-0.0266337173393548,0.410217557708655
"856",-0.568094588968011,-0.647578817924898,1.71609689273877
"857",1.12975765151319,-0.244981752678578,0.819381435775282
"858",0.168987976033624,-0.558797588891966,0.727693165134948
"859",2.47545064820525,0.60090293911911,0.85798680564674
"860",-0.641361118109562,-0.688380508540061,1.04971446373338
"861",0.14495804230302,-0.557154441397299,0.831354612560652
"862",-1.65640726830969,-0.827101869784402,0.271877931185431
"863",0.656389291637355,-0.454037389513566,0.479696192290017
"864",2.65245420226461,0.529277743720267,0.343601970225651
"865",-0.430269137384372,-0.631931940994396,1.53121961495468
"866",0.32789298737542,-0.520115239722863,0.750582486121016
"867",-1.72099674922518,-0.830372617426997,0.36555183543459
"868",-0.440761381136701,-0.645722157874463,1.28241036613496
"869",-0.881968561651418,-0.747150614399336,0.378805082360034
"870",0.310093978463592,-0.493182326830986,1.17682459573283
"871",-0.316155596215169,-0.654176097375158,0.687706798834221
"872",-1.48264109155903,-0.819241080528121,-0.00631021427481893
"873",-0.000315944754391563,-0.585038389328466,0.879884641285259
"874",2.85114281665534,0.489476040039726,-0.0106928144106416
"875",-1.07421816078245,-0.748453841342463,0.998140389139358
"876",-1.02331094910426,-0.690373759027058,2.52100235279717
"877",-0.495231101552673,-0.701620627343801,0.276637868331553
"878",1.97580130143153,0.178279681936323,0.16489567213337
"879",1.06389793531714,-0.307686543921678,0.529211569914421
"880",-0.0118989162980471,-0.552389656367527,1.45323453935816
"881",-2.11536062068058,-0.848457201618927,1.12075730329595
"882",0.40076854023214,-0.409058233206642,1.94933646205581
"883",2.57797060185376,0.641852683231723,0.853977833467784
"884",0.179124549261231,-0.594711419562415,0.167143393480184
"885",-0.0639662364449497,-0.567798476179922,1.38671424306246
"886",1.77816819545478,0.0751860954345419,0.330382332418483
"887",-0.737696136931574,-0.742515062039862,0.0561392741406125
"888",-1.83214174926422,-0.824786644325327,1.0941924175227
"889",-1.38636616125391,-0.799270569818995,0.424011785473891
"890",2.36056439027019,0.419767631441018,0.351042650317328
"891",-0.149452039185433,-0.611415882626519,0.931581919521949
"892",-1.05355516965589,-0.773054352287361,0.18744523758866
"893",-1.11146577465077,-0.725277321852992,1.85442878522694
"894",-0.818911101488857,-0.735299774446631,0.490154534153338
"895",0.494063559376323,-0.491112946258218,0.576938286270964
"896",-1.61416588310953,-0.804153094649096,1.10417845635081
"897",0.351123889093412,-0.525763170405281,0.598864339427562
"898",-0.165497731168496,-0.586662971674352,1.42791280286867
"899",-0.950989249090132,-0.74133072617442,0.76820484751769
"900",-0.0627544804028425,-0.628698995480596,0.355979779909515
"901",-0.664291247852155,-0.647237656235514,2.10772201774383
"902",1.91169605743774,0.417036383014523,1.49482666573035
"903",0.862498096290805,-0.431441669890402,0.0585964763761903
"904",-0.888071262358219,-0.759872123245718,0.053833580278175
"905",1.26684952933244,-0.0453381815839146,1.82794064602592
"906",2.54983880691526,0.564282650503259,0.607535030902617
"907",-2.8709472307551,-0.906636788797705,0.522675990928503
"908",0.114472747427606,-0.587123221831816,0.476812471190089
"909",-2.05037812128545,-0.834089888707789,1.65580996543684
"910",0.693123570260729,-0.458973942067398,0.306903261155463
"911",0.0912359493574629,-0.58510651395007,0.580863050613278
"912",1.09174531794387,-0.147232840662751,1.79535155763527
"913",1.82789254508031,0.0894272680448846,0.210609212258695
"914",0.430511065010389,-0.535259571140243,0.226478264872156
"915",2.34201148994494,0.474450607583059,0.598342472569888
"916",-1.90193881497056,-0.84765363102577,0.213922352442406
"917",-2.42657717820704,-0.87018537557415,1.29819034567575
"918",1.10437043633985,-0.340625012476506,0.109358495520773
"919",0.766215699493676,-0.347389164732245,1.24047454036436
"920",0.580529680342308,-0.423089329186519,1.09229975985506
"921",1.86876263622131,0.331579225787566,1.25364225756565
"922",-3.0040726188075,-0.908096719234107,1.52765480164658
"923",-0.84019726548623,-0.727033735973097,0.777043761763828
"924",1.4885299201434,0.0428513085677794,1.42658629146473
"925",2.5829166468934,0.516300490523743,0.38467920657514
"926",-1.42299114831067,-0.804009710325002,0.376038699940367
"927",1.57921415925257,-0.0257404632988685,0.598094670124921
"928",-0.440326768968815,-0.692013859196637,0.314209141880205
"929",-0.790887663409925,-0.681895760125218,1.7659939481589
"930",-0.557054046377437,-0.684095802828853,0.85835298123273
"931",1.3744893744878,-0.207369947269466,0.203498609238721
"932",1.33482531727623,-0.241117176729817,0.103550696964966
"933",-1.01381306011073,-0.772060384771446,0.0930635009214675
"934",-0.958754242359488,-0.761910581505,0.213822103150501
"935",1.04863605187345,-0.368674796426839,0.0503741384410724
"936",0.249755957429666,-0.58748715673048,0.064400575120212
"937",-0.435617528026627,-0.633904436883585,1.51010356065996
"938",-3.66515042840814,-0.94650679250912,1.06175270778999
"939",0.144805924752247,-0.600499283765482,0.18262562099633
"940",-0.0179012816168164,-0.590987686461759,0.841086028762603
"941",-1.54812341943405,-0.820052116453135,0.184010523677581
"942",1.02414549491426,-0.269715540347808,1.00824587821018
"943",-1.12886536739102,-0.768364140615232,0.578774978619392
"944",0.764422677493605,-0.416379828433192,0.527862663764936
"945",-0.765701483739349,-0.714257176217964,0.851523004301727
"946",-0.851715795334806,-0.735511797896369,0.591784919349157
"947",0.0892946309784545,-0.547995844570005,1.16073786999929
"948",-0.431842459242022,-0.690223228468523,0.325751340363448
"949",-1.09543547898749,-0.762508725270699,0.645161775688352
"950",1.57401253783619,0.0452229829156663,1.05281186985787
"951",1.14703587359847,-0.134906085884719,1.65716369664637
"952",-1.49260582259397,-0.817744167977213,0.0859681250651606
"953",0.782779804437984,-0.3336087480165,1.32016895062691
"954",-1.45222433340578,-0.796068052008484,0.785522002530243
"955",1.93498744232939,0.247070702948183,0.607520422815405
"956",0.379639869323581,-0.479448447937857,1.11355291565472
"957",-0.269093542986201,-0.6194404275352,1.19578306024507
"958",0.368537760425505,-0.514604665604713,0.68980549930493
"959",1.47530369944406,-0.09478828351444,0.585226423744682
"960",-0.265069751317208,-0.606151023733991,1.43282938070143
"961",0.578217487400689,-0.467108824075338,0.587562774740324
"962",-0.875015704625592,-0.72570427212231,0.932940998058142
"963",-1.45617937967683,-0.813226965412458,0.138996844340082
"964",-0.148136721384759,-0.644156181606011,0.348045719797818
"965",-0.0161138321801835,-0.605599945141555,0.595335189810445
"966",-0.494143283009507,-0.653929213762257,1.30033475238334
"967",-0.688437767702447,-0.676883805509784,1.49395965300173
"968",-0.583597526520518,-0.715313466483556,0.240834996744409
"969",0.389084990706108,-0.478833543445296,1.0882126542802
"970",-1.65292173952576,-0.831446233677998,0.0677702820232195
"971",1.66835709403606,0.12206107002918,1.07457553668689
"972",-0.62230867650156,-0.673492886824363,1.32856111083506
"973",0.8768666669074,-0.42262496325589,0.0998161578657763
"974",2.6209153309763,0.843759644624795,1.52999489319548
"975",0.341569454944495,-0.55386234821613,0.253843527027291
"976",2.38308293433023,0.775319760528334,1.69634441264057
"977",-1.08804542917083,-0.775225676226432,0.231306901146551
"978",1.38183821179683,-0.169168670939185,0.444595183586788
"979",0.143504242139543,-0.52841169650347,1.26702844864827
"980",-1.2674724434592,-0.774495106260539,0.872749927528773
"981",0.064893353202004,-0.529693954246477,1.53369687995249
"982",-1.77853162642769,-0.831459203641987,0.539043356003365
"983",-0.696194521959088,-0.721087377929608,0.453825756526633
"984",-0.0253946772017358,-0.514964822692752,2.12031597604268
"985",0.101701473577867,-0.592115108885081,0.440143636185698
"986",-1.08100124866686,-0.763519815420226,0.564838335182022
"987",-0.0489845060851811,-0.542542550064298,1.75503568198822
"988",-0.251396785880978,-0.616496587098423,1.18910828754091
"989",0.272672776743187,-0.52779004080992,0.829346104232678
"990",-0.363799169569987,-0.676084577458467,0.405890311409301
"991",0.590337998396811,-0.499815083781885,0.169194633777303
"992",2.46868293615313,0.582992594710925,0.801073434158379
"993",0.783101019420462,-0.325457346797411,1.40297594542312
"994",-1.09289198630318,-0.779251717430116,0.123500036452852
"995",1.91146100024742,0.23482816350295,0.627730398006314
"996",1.61491282852639,-0.036057213956797,0.389880111499201
"997",1.18030937510023,-0.221799234805674,0.816235051993903
"998",-0.588568945067772,-0.668030602799537,1.33077298493664
"999",-0.317915442831469,-0.645093647410082,0.870284065633799
"1000",0.914068279936384,-0.363350092975903,0.547547144409181
