"","x_child","x_pa","noisetmp"
"1",0.527963318891314,0.211502099802508,0.0505152307614657
"2",0.574877324467379,0.719951571334845,-0.179984196802827
"3",0.0255421393262883,-0.508964585639587,-1.25909654743803
"4",0.70238947069522,0.193895630749367,0.942613508286222
"5",0.0912107227068775,-0.0957113036813971,-1.73182318516362
"6",-0.088450224821472,-0.81688487378212,-0.868041653628034
"7",-0.581160582666097,-1.82860185177653,-0.584430287755905
"8",-0.0139559516609312,-0.796807350360952,-0.573234726222999
"9",-0.698785682815878,-2.11474594755635,-0.827063880642672
"10",0.563345431152828,2.06073789385716,-0.905413029795099
"11",0.768503288863357,1.68613927309234,0.258028256361695
"12",-0.431396970172325,-1.00282499617651,-1.7803869938703
"13",0.500675002775715,1.91749787828269,-1.16923874182295
"14",0.378737028775983,-0.00621013595124999,-0.423915843103371
"15",0.519156448791423,0.0832184929859796,0.159700431549823
"16",0.852499970139095,1.1345081133116,0.940633541665951
"17",0.543511646696215,1.09845715827502,-0.583888510145259
"18",0.39403664323263,-0.163511290577859,-0.111001834587696
"19",0.449777875947651,1.06447128033448,-1.03286739257083
"20",0.236288975459845,0.241117398524215,-1.44073523758865
"21",-0.3600597367204,-1.33059087668351,-0.395083324537619
"22",0.251002100787738,0.0845638234848137,-1.18277603847173
"23",0.616249261626615,0.730290045330407,0.0192165369015977
"24",0.0974466274161336,-0.505366616735177,-0.90846139393313
"25",0.439508085809035,0.0213846908247455,-0.157738842177463
"26",-0.313976535391908,-1.13089811647562,-0.729514984612831
"27",0.30040299103271,-0.318880412114977,-0.302202436774847
"28",-0.30892024550275,-1.25125028293321,-0.344762520834558
"29",0.355136398914414,1.26790039623093,-1.61782012228918
"30",0.64282609358598,2.50737700837707,-0.642224525408597
"31",-0.595014475115113,-3.39855355994527,0.559345521246034
"32",-0.7992927270753,-2.30533478778146,-1.14385478965761
"33",-0.365055246907603,-1.42910018813198,-0.193479455329312
"34",0.257582691187639,0.270099086109787,-1.36561110236945
"35",0.268686454282572,0.188396480864186,-1.21959910481456
"36",-0.227895810985497,-0.927566727625023,-1.08602775772495
"37",0.679940717470564,1.25106267921723,0.0149195729942331
"38",0.190362000190564,-0.43253527294887,-0.615006874248444
"39",0.083973789291664,-0.874906185507274,0.234110893133322
"40",0.455623176316794,0.265731654397904,-0.370736522851134
"41",0.205070638337278,-0.266247945869126,-0.878251923817198
"42",-0.31887418646607,-1.69764915327651,0.53352022309096
"43",-0.711759641315981,-1.78565114026379,-1.29802484433827
"44",-0.683943364345,-1.62415533217176,-1.41280672492514
"45",0.478789759510222,0.796867097748191,-0.71604577177005
"46",-0.55271243099434,-1.552365492818,-0.884814044839082
"47",0.583679180631095,1.01357902910024,-0.33304535508219
"48",-0.0430855285112543,-0.860951593219314,-0.461150721468463
"49",-0.258337209922786,-1.03776749908237,-0.77877531228569
"50",0.508742649345662,1.18451241806518,-0.805710322806623
"51",-0.476654029228544,-1.81042082188867,-0.0872278541771916
"52",-0.267531051912626,-0.712163359825687,-2.14188809570729
"53",-0.22884826738479,-1.28962943354747,0.157737265163808
"54",0.646666974274273,1.76754447376656,-0.38339539440723
"55",0.356895035188081,-0.372227776033846,0.0875580841810799
"56",-0.0707316983269234,-0.577738805483208,-1.56193749459591
"57",0.424326657946851,1.37398928687688,-1.32479684906955
"58",-0.256313311369847,-1.0521647547764,-0.714764290113268
"59",-0.923226165901484,-1.89054851156861,-2.21181343428815
"60",0.51248968772414,0.780013653315158,-0.535621474481603
"61",-0.484746889802079,-2.0384001728675,0.159718998430337
"62",0.506002201135561,0.356386697204819,-0.21226885735204
"63",0.315110606653319,-0.257509681873786,-0.343971373129915
"64",-0.482308169650019,-1.39195382354304,-0.861821322019986
"65",0.281991640061054,0.443408737837548,-1.4154809684753
"66",0.223816518231225,0.245637113908465,-1.50803898286645
"67",-0.540652197105197,-2.1116201394301,-0.0397017933794797
"68",0.657886788550232,2.04748741330848,-0.428271952200993
"69",-0.218638653264894,-0.979027382788059,-0.814189891813944
"70",0.245639062223444,-0.228140319943276,-0.743682578338199
"71",0.35910166024423,1.30139019488091,-1.6150694890538
"72",0.343353419803901,-0.0608280412534715,-0.523094727744228
"73",0.0886532560629432,-0.701542364460793,-0.395936667922508
"74",0.221448601916951,-0.388003026365202,-0.556583134025726
"75",0.58306732029887,1.3365197130296,-0.512784436647665
"76",0.754930515940474,1.90449052724847,0.106716242186283
"77",0.286248190264365,-0.0646680869523994,-0.802990058429438
"78",0.621622713835981,1.02199774232594,-0.148413056225663
"79",0.0499460595801283,-0.217724151791704,-1.74030062397201
"80",-0.0939009136975265,-0.948833513007509,-0.32031857451695
"81",-0.0935301879327279,-0.403994405229207,-2.09726471280967
"82",0.264116937568073,0.908545703165405,-1.86493503430793
"83",-0.472915263266407,-1.66209609265637,-0.293996436677891
"84",0.37788220905245,0.724371928350261,-1.16824158044345
"85",0.0175746644524163,-0.729926223621881,-0.656566454531847
"86",0.302126873811768,-0.599814119558517,0.363380463674381
"87",0.474106111115626,0.761187205562776,-0.714046514334961
"88",0.700818756306169,1.4211996921082,0.0351659397936684
"89",-0.918643463170232,-2.38492917992165,-1.67125017590655
"90",0.0465595946050396,-0.743693352144822,-0.464135157822891
"91",0.648386857578186,3.10664683961748,-0.757611233477565
"92",0.386321463149137,1.42508798138472,-1.53914580453674
"93",0.481118398326911,0.310442230787079,-0.290254994561211
"94",-0.274408166659418,-1.18909658368691,-0.349877141934973
"95",-0.651370327235816,-1.79396642686938,-0.984138995070558
"96",0.138444800970048,0.236339084387742,-1.92471019188074
"97",0.286814100153171,-0.440768875764822,-0.114202905445057
"98",0.343515058080326,0.0238182707395481,-0.640977492084444
"99",0.448849961439679,1.02546948330417,-1.01436569671388
"100",0.447990104810591,0.421590114752537,-0.565200136539184
"101",0.714192204940354,2.03546955742371,-0.142697890442263
"102",0.238931366382981,-0.301244756101106,-0.643549040950205
"103",-0.312876075656106,-1.28476734874148,-0.27504268084221
"104",-0.283483553245676,-0.492957857871532,-2.84343722294157
"105",-0.316553249355725,-0.896441069559237,-1.67300705498935
"106",-0.465781432664541,-1.26118841053922,-1.10209302335298
"107",-0.605764761001183,-1.49451589293917,-1.26140925690614
"108",0.273106343460856,-0.171716473000696,-0.702204402310642
"109",-0.115231281072165,-0.856951342763736,-0.838798935557316
"110",0.577264916671593,1.42681611750565,-0.585238445418489
"111",0.451720225064986,1.3422472785608,-1.17234521311317
"112",-0.858040739416879,-1.85969552570863,-1.92656373779411
"113",-0.365033261289828,-1.61891110477035,0.172730450163089
"114",-0.375139431275041,-1.0903363918087,-1.17198565569055
"115",0.149166041280037,-0.415705318837026,-0.858290575709459
"116",-0.139955562684207,-1.23758362914482,0.462341547033715
"117",0.449311578157061,0.905927563142083,-0.937257727837532
"118",0.384421156148979,0.42489120658016,-0.886137919884474
"119",-0.672815562470118,-2.47754496127899,-0.366661096561084
"120",0.347604902321967,1.49985229658161,-1.76703625482099
"121",0.528957896502694,0.193577304806326,0.0758196024793185
"122",-0.313926926148969,-0.94003462755154,-1.45961164489015
"123",-0.306774730547648,-1.09452356740255,-0.815648400365757
"124",0.680555230487164,1.91593681268999,-0.269277888353396
"125",0.362208915660951,0.00890893690170688,-0.527328422492752
"126",0.180203758160786,-0.729696679116995,0.155795652038262
"127",0.339314246898295,2.07484979838844,-2.03025979912464
"128",0.516250007974412,0.597760593177266,-0.37797939327527
"129",-0.683276147448788,-1.96853993074531,-0.91447822776335
"130",-0.397198601673471,-1.12680727991543,-1.15901920027071
"131",0.193931808182937,0.180360032422832,-1.58410471469536
"132",0.376241069676828,-0.0662219144213573,-0.350740861833323
"133",-0.655714282553841,-1.75038219443941,-1.06958913665643
"134",0.579867819474115,1.17998431186859,-0.447624740234128
"135",-0.707328381297029,-2.58695687268033,-0.456631398976784
"136",-0.425951446775437,-1.49361275371213,-0.364142305067775
"137",0.390952906926531,-0.148504433665519,-0.150709385132592
"138",0.633241047651328,2.26333902369326,-0.620302178847536
"139",-0.222190925207745,-1.14088968607006,-0.238225596121239
"140",0.611068839147186,1.42192560327291,-0.413924725281669
"141",0.115009066537088,-0.515910166100996,-0.794483778661381
"142",0.598591230418384,2.26144212653401,-0.792977002717334
"143",0.687144255050023,1.24514432979907,0.0540231125976467
"144",-0.521608934407584,-1.99998942350797,-0.0687790309820187
"145",0.208739450072868,-0.188492839967777,-0.99616169356125
"146",0.633733276245266,1.57810101960228,-0.370765037304181
"147",-0.977621560885513,-3.56023428475772,-1.28680437526228
"148",0.263653120710132,0.0266123996254427,-1.04403598012574
"149",0.223305015976108,0.950943910976025,-2.09616981130996
"150",0.307891289217235,-0.105169024000685,-0.633995927533503
"151",0.0024484480491577,-0.850543658373094,-0.277256616054557
"152",0.298932317416563,-0.170405975824726,-0.575230637994758
"153",0.595053421325757,0.71622483010911,-0.0763285654070069
"154",0.332337692524461,-0.47475742957432,0.192083389524008
"155",0.531474366778724,0.791623056024593,-0.448927748862358
"156",0.26536021921107,0.0370628929389456,-1.04943040390266
"157",0.569146159954373,1.03358232300916,-0.417747394173351
"158",0.651223598136427,1.17542755217889,-0.0883634660745932
"159",0.121761789622793,-0.634874953227524,-0.437463187523745
"160",0.720882699819841,1.29235308035313,0.198409291701108
"161",0.538971306701236,0.743872015030796,-0.377147290480761
"162",0.0872446520024946,-0.621898673550575,-0.648022341118901
"163",-0.540797062998369,-1.69353544896718,-0.58261336354146
"164",0.49170039091102,0.709866637321913,-0.588341412708128
"165",0.305178476511421,0.107278141023264,-0.940347744920375
"166",0.254854268450384,-0.5798248218572,0.0716777115422149
"167",-0.0957881102786443,-0.420568065632881,-2.07236468074623
"168",0.563353330310143,2.07187012942059,-0.909076637804855
"169",0.540223483829957,0.97300524526164,-0.525411022308973
"170",-0.334377577775871,-1.54475547774462,0.192644341765702
"171",0.327653914251562,1.15263921746007,-1.6936897986336
"172",-0.0966924745228999,-0.748018880704897,-1.16525340442993
"173",0.358688361056583,1.79423308295973,-1.83355777224458
"174",-0.406082752273939,-1.68757835369444,0.0814664019591546
"175",0.745651355745941,1.46706071131325,0.238061110849941
"176",0.739543491329034,1.10149814536048,0.394529934261605
"177",0.586142049956965,-0.134410742464848,0.802781436180703
"178",0.209994688201488,0.366560547053859,-1.70234450857849
"179",-0.184336526875789,-1.1015465545574,-0.179329158662862
"180",-0.185762342956102,-0.238922180047357,-2.88167295164178
"181",-0.256393974121402,-1.21897328291461,-0.172410432861044
"182",-0.599122113975015,-1.97475673242807,-0.486235260010017
"183",0.479442297419058,0.349661539053198,-0.338385218558507
"184",-0.223947176848952,-1.06871304655654,-0.492541644744423
"185",0.370162269549087,-0.164051245226521,-0.229492372390874
"186",0.0166567731603783,-0.411394995993469,-1.53026361251938
"187",-0.223197690248557,-1.1227063568953,-0.302526837250299
"188",0.309912339048679,0.14758171529772,-0.965683446258331
"189",0.38366613344075,-0.049459128160489,-0.338071814356868
"190",0.350562348926877,0.160425486709761,-0.777665758629547
"191",0.23547557374587,2.98024500722579,-2.79483324433895
"192",0.281510145096633,-0.259728143406786,-0.507947257391367
"193",0.488208966028307,1.22142604973744,-0.928172717304611
"194",0.678810835330266,1.72495925437137,-0.205985225853724
"195",0.302904133882672,-0.129716813842176,-0.620811622182005
"196",-0.0580170852449963,0.345462631256414,-3.02149000528165
"197",0.493152984211078,1.19788914418775,-0.890884380521447
"198",0.25258138524281,-0.286692543389875,-0.602817641497608
"199",-0.647006354928144,-1.30347516442622,-1.89751372336639
"200",0.0309503427894559,-0.602846400012234,-0.983969001509862
"201",-0.182565202009839,-0.681025868480725,-1.8179845893324
"202",0.409182038378736,1.43322575545017,-1.42864965639154
"203",0.340334921425148,0.628963454728571,-1.28269143341715
"204",-0.0327339839379338,-0.683320354705379,-1.06155443056405
"205",-0.484122633598526,-1.57467958759696,-0.500897433350129
"206",-0.599882985492132,-1.57128207810532,-1.08586897785778
"207",-0.338810551360481,-1.47582091951155,0.035706237234513
"208",0.291085917549583,0.873991975962143,-1.7073496963633
"209",0.404156832168119,0.0444912355088501,-0.365262270979904
"210",0.142967577558485,-0.23969802390979,-1.2366459544028
"211",-0.0949288183625538,-0.651357834306861,-1.47162675599936
"212",0.167698526354263,-0.340304174062409,-0.923463355175127
"213",-0.182299509209396,-1.05423143995595,-0.33706359861672
"214",0.517097736182571,0.329055754396228,-0.129390537118017
"215",0.215520819046466,-0.729522958531073,0.331788291994636
"216",-0.716230339193185,-2.28549211280633,-0.74653476655057
"217",0.339778332720597,0.995422150104986,-1.54148450043333
"218",0.58614117243849,0.706919425524223,-0.113927094995379
"219",0.212336723409667,-0.689320357867814,0.182941009676846
"220",0.458915703751972,0.198320402040687,-0.279803568212232
"221",0.421205870814575,1.07408188677694,-1.18133955840466
"222",0.50732387417788,1.97799240565813,-1.15734605666552
"223",0.258882341248545,0.682154184655059,-1.7314553326047
"224",-0.41139573641581,-1.39724224260116,-0.495336068806177
"225",0.0515609732888522,0.022563486410508,-2.09906103676386
"226",0.475483875153185,0.910777215499147,-0.809550379683413
"227",0.519686517650403,1.68475093700119,-0.985493364272858
"228",-0.405865802715545,-1.32934077668733,-0.627180713417543
"229",0.210556261958914,1.72841101214293,-2.5486251791769
"230",-0.399329258949714,-1.68676618236603,0.113935062926256
"231",-0.684481015914327,-1.70793912293453,-1.27833214390216
"232",-1.01938197015864,-2.71907823394366,-1.92550945359093
"233",-0.780050322024344,-2.03803600368667,-1.31720987496237
"234",0.658186493386416,0.971595380685677,0.0652819346292902
"235",0.0390879839670239,-0.724107279678971,-0.568770991856513
"236",-0.621517961827741,-1.34581183925162,-1.66543716655582
"237",0.123553172613987,-0.230796059182282,-1.34944945625913
"238",0.340808987741791,0.982979397230552,-1.52867060150875
"239",-0.399620098101375,-1.68126820077881,0.103658603684426
"240",-0.0908291293823425,-0.558157177507687,-1.71499121394258
"241",0.00835246916569909,0.00373770551851462,-2.2895412169261
"242",0.533394588105948,0.156285316633322,0.141385737824347
"243",0.437306337715454,0.0814256209703962,-0.247274866583815
"244",-0.0999525374839906,-0.968451971607446,-0.265442248053041
"245",0.0650346068955436,-0.565624415979009,-0.915796265318563
"246",-0.49562422665208,-1.78425147244045,-0.219367452159373
"247",-0.770294995880939,-2.72149296747729,-0.678482080673726
"248",0.30627905878131,-0.559932745405836,0.27525723474962
"249",-0.228544376749383,-1.30385038542966,0.195749978724292
"250",0.381694906191725,-0.172456502251287,-0.158042683085638
"251",-0.451287176908581,-1.78439294542281,0.00252206970276014
"252",0.571305199308016,0.29962963481404,0.171876363345061
"253",0.721260591490311,0.778118926033582,0.509582709085805
"254",0.430964164736017,0.0434960717610767,-0.229914858035682
"255",0.574597191662806,0.165767521677436,0.336226169943767
"256",0.288182859458805,0.694180599689521,-1.59410888952399
"257",0.386673670024814,-0.0132046700795044,-0.374515872798297
"258",0.187408090644417,-0.378238151939495,-0.747344933106518
"259",0.58393522274347,0.513731231613582,0.0312439078943155
"260",0.0592059578879278,0.681478417651291,-2.72932032537212
"261",0.46120005867666,0.1178341587845,-0.173255234461505
"262",0.212053156676224,-0.590285158624554,-0.113564624427352
"263",0.537971328244945,0.843625468663341,-0.452481483489671
"264",-0.27154479666776,-1.21330612203662,-0.264451437297918
"265",-0.580454494729898,-0.864015313839802,-3.13495659861747
"266",0.0937063022334101,-0.550563995262103,-0.812315412794501
"267",-0.514569030766734,-1.62437785802347,-0.565553765356318
"268",0.669416360004293,2.17336862674032,-0.411613243368752
"269",0.672963908308214,0.480827018062083,0.505417325008883
"270",-0.0153400574034243,-1.05183248272874,0.488872578446611
"271",0.318440763097861,0.250389600381957,-1.04009229130718
"272",0.146015216494197,-0.677673353957493,-0.185665346300769
"273",0.396969749945218,0.880315815377994,-1.18213317198136
"274",0.48357873438101,1.25178890402664,-0.967268225094271
"275",-0.0648616242769563,-0.913347971171554,-0.336903735680174
"276",0.159768915786314,-0.272307429187488,-1.09362682155384
"277",0.525443003842673,1.77999054977312,-0.994322328773683
"278",0.569006514894192,1.17264436423672,-0.497929179333931
"279",-0.955301098978643,-1.87113061173117,-2.39764555999717
"280",0.666495354609715,0.68920530037684,0.301231527510941
"281",-0.788249777444211,-1.6490317304725,-1.89229246999426
"282",-0.580797955664135,-1.6704104815126,-0.81980847120453
"283",0.118709156859794,-0.56491459225841,-0.649321824214965
"284",0.21251236272224,-0.22044363392019,-0.922750173497953
"285",-0.152427184983954,-0.768763837296251,-1.36982657316882
"286",0.402903927512081,0.345019656797308,-0.716441806644219
"287",0.629839848757405,1.97718048465054,-0.544483915891013
"288",0.767765152147628,2.31384411531853,0.037214320456526
"289",-0.494181630602577,-1.51443555684406,-0.664292712415157
"290",-0.793549064179759,-3.41632064685049,-0.425682179704373
"291",0.591571753770346,1.72232820979296,-0.641136891605862
"292",0.765549134975957,2.47854329114438,-0.0207532916019736
"293",-0.375810592898873,-0.588994386916029,-3.05645574198374
"294",-0.29805143611585,-1.16150569155772,-0.552294130059441
"295",0.481605484814547,1.28095343570314,-0.992171603805849
"296",0.086806901296401,-0.40818130718998,-1.18650808357494
"297",0.208553694564021,0.656290564597009,-1.96312667213202
"298",-0.355004727016814,-1.14249140880979,-0.897152772733075
"299",0.387426154964941,1.99442198825083,-1.76252180836894
"300",-0.00872448759970396,-0.530834898133158,-1.37547108009375
"301",0.586627657963579,1.64191746578148,-0.633230680241564
"302",-0.566901503477063,-2.22807160996321,-0.053634985012381
"303",0.0196919659299248,-0.846933358935098,-0.20603918575573
"304",0.092027594513683,-0.260886881348723,-1.45325285869271
"305",0.220489494345398,0.553772927443093,-1.8203023608606
"306",-0.29096414296038,-1.2818682543154,-0.173060731784015
"307",-0.417514117503713,-1.01788373128173,-1.65124182163364
"308",-0.320201067275758,-1.07683040883998,-0.944774753294067
"309",0.486139331483564,1.63416255769003,-1.13244939938972
"310",-0.290166468519322,-1.30314147689668,-0.114162933526836
"311",0.306362036741095,-0.0541533830063193,-0.717786055662494
"312",0.428457634243897,1.05676921561407,-1.13494547779865
"313",0.21876632383274,-0.45664328530492,-0.418131118170109
"314",0.694268686715575,1.1868860203055,0.120633282603308
"315",-0.749964653310718,-2.33378839651266,-0.871912989073199
"316",0.785261325931432,1.34624203354797,0.493395480679376
"317",0.537644788210827,0.841919229236752,-0.452952665228463
"318",0.759852629381108,1.86800668009083,0.144614235943884
"319",0.148874483383962,-0.209289090473659,-1.26020407760448
"320",0.682251543399663,1.19292209233463,0.0572844085396719
"321",-0.0572096680606167,-0.786051672292541,-0.83005115047341
"322",0.36662249810434,0.262733353897732,-0.812521971988349
"323",-0.619624980970729,-1.98626301645931,-0.575032504376815
"324",0.546694657331877,1.41847527828882,-0.734173159624261
"325",0.496896129800609,1.87411146986351,-1.17240906691822
"326",0.747789445390373,1.42983460589431,0.265971511328205
"327",0.311145793464447,-0.201860154981053,-0.461545037357212
"328",0.521912034438904,0.753009737270755,-0.469098630029158
"329",0.401207094364935,2.803369990459,-1.92551092763594
"330",0.215255295690845,0.365377320717997,-1.6748784733029
"331",-0.798980345930194,-2.89114957541409,-0.716316964305207
"332",0.775857960999022,1.01305494851603,0.628166060232206
"333",0.216651699285655,-0.188012972385409,-0.957405015527309
"334",0.479487706185618,0.702071076155623,-0.643547667765284
"335",-0.463924721627502,-1.16030500946898,-1.38540423010349
"336",0.145952433374365,0.196114871010747,-1.84210616357597
"337",0.691163282061971,2.81049430257174,-0.477425724630189
"338",-1.10879353649727,-1.82545681524354,-3.2269437448508
"339",0.236369556380596,-0.506850696964976,-0.210186138746116
"340",0.72197494003153,1.61175871421778,0.0561173725505557
"341",0.58086178949179,2.08280268482441,-0.825151364299268
"342",0.680641656611529,0.809104843150601,0.284644597351309
"343",0.637074505702854,0.299845677513186,0.500498133656765
"344",0.348747250746375,0.498725140595792,-1.13155158332965
"345",0.308796448438323,-0.221265674377396,-0.439900471698113
"346",0.1210138862766,0.105756810081967,-1.85928415627084
"347",-0.51416000515004,-1.25547311453486,-1.35945307380047
"348",-0.405181531788386,-1.37787097474701,-0.50833697236208
"349",-0.292248288462928,-0.538858615917797,-2.77251423612015
"350",0.453405268634506,0.552218795459306,-0.6544116184198
"351",0.137294690808771,-0.604255856753505,-0.448268255171511
"352",0.342694117470208,2.23240257966645,-2.06360692727726
"353",0.489871590031394,0.867892781141972,-0.709350424558245
"354",0.518027170285982,0.802486128543065,-0.523802572224296
"355",0.646313504562716,1.47026353278674,-0.260092432660594
"356",0.490219306915151,1.09577250642059,-0.84881056718653
"357",0.229030985032557,-0.459464530057115,-0.360276214004932
"358",0.209978996483854,0.360985105350158,-1.69693264456658
"359",0.705512129916995,1.20503750055078,0.16707474194832
"360",-0.397405742035526,-1.21884446011123,-0.877838017556857
"361",0.63401491885579,2.34537580583424,-0.640788628718098
"362",0.149756125392868,0.0907624158684965,-1.69683208249694
"363",0.42117866045676,1.12412913845998,-1.21014259001615
"364",-1.18295829962762,-2.74468489783359,-2.72663817998977
"365",-0.47581547147046,-1.82823085690492,-0.0582169985753219
"366",0.413819561721263,0.14080514243252,-0.438036812802701
"367",0.387385500241202,-0.288537167127996,0.0746652607491683
"368",0.646816072891084,1.5555704213955,-0.295609644385114
"369",0.533720224655067,1.5833646266118,-0.873088430344259
"370",0.244510859750088,-0.0331208441703932,-1.05728376895744
"371",0.380262040158566,1.29526879779727,-1.506172360626
"372",0.662943230801929,1.46165174334524,-0.173000451568738
"373",0.264390506070791,-0.0912890749608481,-0.872619752226126
"374",0.158021760399601,-0.657538526119339,-0.188079228532784
"375",0.131826087807549,-0.583677298148186,-0.53291933397656
"376",0.472094757664003,-0.106737922950174,0.189428161156871
"377",0.844867574775176,1.21110966603128,0.860606386046135
"378",0.637837396477211,0.533692570600306,0.283511328887561
"379",0.00534531646762773,-0.758319831721497,-0.618579476575316
"380",-0.480158655864231,-1.8040350077179,-0.113758779833825
"381",0.493952392956218,1.9722410632654,-1.22220149660456
"382",0.298114044742126,1.04851715098306,-1.78179193879099
"383",-0.372497971531506,-1.28107228121098,-0.582815715067631
"384",0.119977852768375,-0.0961543874044381,-1.58731496785986
"385",0.639659538362101,1.89010444748312,-0.464429001584351
"386",-0.552446494132186,-1.6598084714308,-0.695416607359992
"387",0.521861004683161,1.01801755803979,-0.644820888128759
"388",-0.521054672816631,-2.01537403030256,-0.0481224998237898
"389",0.39461828391644,1.33510026677949,-1.45432793152931
"390",0.609448425982312,-0.0851930123372075,0.843490817615076
"391",0.729553008249695,1.79558105464105,0.0202506199439301
"392",0.150559774994525,-0.521298755518461,-0.603213457891504
"393",-0.502229793152369,-1.85508964708878,-0.153688013395449
"394",-0.464214903383017,-1.54650998567796,-0.453253579494206
"395",0.443606502103168,0.515947858238006,-0.672328021126599
"396",0.2494518633408,-0.365703225168815,-0.463157140548495
"397",0.689462449031152,2.11631858618433,-0.293116996282877
"398",0.366243794262718,1.73636788716679,-1.7733292542107
"399",0.491730929765496,0.169091065175668,-0.0819980375132842
"400",0.315673906395714,0.108504111219491,-0.889388888871798
"401",0.361808605581247,1.86217703199167,-1.84345945690548
"402",0.628456451699951,0.843020163962256,0.000356033900874242
"403",-0.270895005262927,-0.725750074170884,-2.1131224914015
"404",0.801759826482584,2.47056097474882,0.162492939982193
"405",0.628090273730125,0.978973913667968,-0.0897844968346449
"406",0.364119914774904,0.325172429740937,-0.890334129728875
"407",-0.0975801253825506,-0.723328644520992,-1.25474343979384
"408",0.335483172375599,0.598989635894741,-1.28281509452558
"409",0.526456438789973,0.688294008058618,-0.398269555559893
"410",-0.100463408170023,-0.741977613497644,-1.20522748264773
"411",0.0485484984165039,-0.504206072897747,-1.15580955481826
"412",-0.288324464743896,-1.18007111705463,-0.446622526921663
"413",0.598575286192162,3.08221267541508,-1.00149123406464
"414",-0.869466764081443,-2.53287617402893,-1.3073115325322
"415",0.140891353124767,0.201221437043397,-1.87322410541223
"416",0.110351348049693,-0.0382810238775186,-1.72072177755031
"417",0.263089934462759,0.831220471174166,-1.81841185793431
"418",0.560315140974765,0.32082401871351,0.0950757270706896
"419",0.556827373098409,0.878653257651086,-0.38174195896194
"420",0.0728747139814224,-0.375889142348917,-1.32492057724424
"421",-0.578598381735661,-2.21755388515236,-0.122244228319935
"422",0.209379874579656,0.618115662660747,-1.92879579828522
"423",-0.681403360328368,-2.21523488823815,-0.638513525169899
"424",0.634932882451176,0.115197779236893,0.698647321734526
"425",0.0331965690970128,0.195667822558697,-2.40537534515372
"426",0.167079650753444,-0.0506619642645971,-1.41926335011995
"427",0.503839523166223,1.04672373792845,-0.752102339489025
"428",-0.639820632814614,-1.90486995814737,-0.776315675588796
"429",0.663280571675745,1.07615243108735,0.0278294386068554
"430",0.540054236343156,2.31079834479903,-1.10043942253414
"431",0.47517030881387,0.78742263623163,-0.727478363625607
"432",0.645826967291345,1.04184792488418,-0.0392709264900491
"433",0.674870367646184,1.15692363990169,0.0400243941430491
"434",0.451657064103873,1.59107894590192,-1.28670178240974
"435",0.315199133891154,0.452502864878192,-1.25779323528117
"436",0.29594267453872,0.251389339317845,-1.15366847290429
"437",-0.290557766269868,-0.900519021895747,-1.52452029613048
"438",0.140952291686322,-0.620660840847821,-0.383069151465757
"439",-0.287874231028091,-0.903575992506125,-1.49713702071019
"440",0.719576462275873,2.44607000544156,-0.241646965461363
"441",0.540759738095275,0.167415180149178,0.16510749123019
"442",0.481687366169566,0.427071240505628,-0.401844891989511
"443",0.31854725455871,-0.287888971208121,-0.270743471010309
"444",0.132745385951599,0.855441089094833,-2.48661654815841
"445",0.557537889036044,0.670499337272367,-0.229225619862044
"446",0.533160665199544,0.119612690016916,0.184367664491633
"447",0.608326384829296,0.987296568508147,-0.193748798944053
"448",0.199399178554527,-0.380003581668988,-0.683690872971011
"449",0.502062062902067,1.25947719590571,-0.878841765258687
"450",0.378524392494525,0.336666123758346,-0.829951452441516
"451",0.526660939759739,2.11235731692756,-1.10583743600155
"452",0.433171187845686,0.567224513404953,-0.768182226660407
"453",0.191584652936519,-0.796833581034375,0.454568070666748
"454",0.526642812034221,1.51639801150434,-0.879241952822293
"455",0.654636333506957,1.34098407823424,-0.157142390821235
"456",0.614874922579432,1.55144496525269,-0.453518307547137
"457",0.245772245512146,-0.115233124047638,-0.929082838756384
"458",0.0517185927671971,-0.712423235701246,-0.544776982920926
"459",-0.123853575122726,-1.02085559085052,-0.171330079503658
"460",-1.02051663482965,-2.83813497990544,-1.85571322806925
"461",0.192844780456019,-0.375705812327397,-0.725452754754827
"462",-0.0793995746677743,-0.880698086917198,-0.557427780700723
"463",0.794093274573161,1.97114550851354,0.278884917253966
"464",-0.424103050398847,-1.263001884089,-0.888819185304616
"465",0.0862800913184216,-0.594158573305252,-0.731670393065249
"466",0.466090625009941,0.132834373750239,-0.16707571491798
"467",0.800774404580053,2.19732535762639,0.237654781872157
"468",0.320852506066328,-0.239026490095556,-0.348413590307898
"469",0.0693143613308797,-0.120946411729213,-1.80249439141839
"470",-0.431306061774408,-0.95941442283648,-1.96105996915647
"471",-0.672905025954326,-3.03947954695237,-0.0027772290683214
"472",0.680491225243969,0.426913299113567,0.592321933088153
"473",0.431486369543487,2.0904106735556,-1.57453414582171
"474",0.703794520600488,1.53804833614484,-0.00305570793083981
"475",-0.648461423016633,-1.69576325562788,-1.11740106658886
"476",-0.172876618549789,-0.956610382438574,-0.681093640565611
"477",0.111974785475476,-0.537523360677912,-0.754838636027466
"478",0.512271317692823,2.42079867267645,-1.27110110641294
"479",0.0962671929227822,-0.788474110156533,-0.0535973591137742
"480",0.337306633322487,0.178000408616613,-0.864496480089716
"481",0.682990491676557,1.78749942255427,-0.209469778410665
"482",0.212848908885937,-0.488463769123707,-0.372634817987056
"483",0.480054551485812,0.472592933670222,-0.4517439635726
"484",0.394337573024459,1.32348542441206,-1.44996729685638
"485",0.414966873408562,1.39800500246245,-1.38311839123968
"486",0.316930774062607,0.146077335454891,-0.928795184093182
"487",0.190603129249734,-0.363192734335441,-0.762566354891371
"488",0.518079210205097,0.595347234680621,-0.36686402171943
"489",0.701200338088548,0.705485953361621,0.462445579382937
"490",0.348488678070043,0.146045692134987,-0.770967857875775
"491",0.351995884144358,0.05763236630839,-0.643256490371871
"492",0.568873481361344,0.798461544023084,-0.266747873644945
"493",0.183962970773094,-0.0629810074793607,-1.31689274091937
"494",0.17279452019033,-0.569479126649223,-0.366654983192713
"495",-0.492456410060941,-1.09085447757707,-1.75676950204485
"496",0.658013644646746,1.3102689172626,-0.1249786630966
"497",0.0678227856027167,-0.703632554439502,-0.493252295328983
"498",-0.945560013233532,-2.73497398536227,-1.54596522095977
"499",-0.557872646154955,-1.54083446851634,-0.932205092604673
"500",0.449672354229945,0.695692614368849,-0.787806784119311
"501",0.597408668036861,1.51313797321469,-0.523961083091361
"502",0.596460900603859,0.468154700064841,0.13428906667252
"503",0.389480920678917,0.871647439107633,-1.21381186562255
"504",0.497980161801663,1.30248568246629,-0.921229693784874
"505",-0.655436803802644,-2.85723023681666,-0.0187626302098225
"506",0.416961823178645,1.23486264657769,-1.29150127976237
"507",0.403002592112365,-0.202044854830204,-0.00194662842441756
"508",0.0515393799671355,-0.767293119211882,-0.355329314517692
"509",-0.219320029981713,-0.86273806691497,-1.33472868344389
"510",0.609950852515371,1.46500554911877,-0.439500386162101
"511",0.157878312215049,-0.109302572847065,-1.37771119681581
"512",-0.455550012705433,-1.87552391287439,0.106911992446842
"513",-0.0437973246212197,-0.843614106919461,-0.537193837487396
"514",0.425362483602752,1.07343963054951,-1.16018254190133
"515",0.254958501392412,-0.561726730439408,0.0234225967348615
"516",0.672137548936023,2.35690532016101,-0.453524936471586
"517",0.536461343787478,1.37524868225535,-0.76473174651941
"518",0.20978608794899,-0.062392976057315,-1.18863935449171
"519",0.63426827640836,0.680036164303588,0.147095382731699
"520",-0.641909501222571,-1.61669716080806,-1.21547180231664
"521",0.171444013637072,-0.56899009566463,-0.37472261393241
"522",0.585391578894738,2.06025437743123,-0.795020990591929
"523",0.154812443659278,-0.341302842367442,-0.985897107759549
"524",0.529973003506709,0.827292944445169,-0.481297242861591
"525",-0.258071338496252,-1.19066913502008,-0.263497048756277
"526",0.605200759202695,2.00357285586855,-0.676796147050075
"527",0.852217665037309,1.8325145687065,0.619608470120251
"528",0.41475445900734,0.063024442692987,-0.336453421273243
"529",0.442327258432033,-0.576365528663983,0.999623567071178
"530",-0.296217125605731,-1.09069237658957,-0.776136440065451
"531",0.0547466758048692,-0.674878005920473,-0.650791128849139
"532",0.406216696667544,0.563141506469065,-0.899540823775152
"533",0.741269871705517,0.813126740714252,0.5849857419714
"534",0.301345783095998,-0.495879561945138,0.0878045492686671
"535",-0.549174918835064,-1.36214236861984,-1.26490976358815
"536",0.392196944152628,0.471529367364538,-0.890074452944144
"537",0.535926187740795,0.621643198527751,-0.298891742382011
"538",-0.408133170815481,-1.07383359660077,-1.39511082844668
"539",0.347330527084318,-0.537760639473068,0.422550869936704
"540",-0.0790511316048488,-1.02351287784226,0.0630132648548252
"541",-0.207389847942033,-1.04501747384064,-0.496740498819332
"542",0.642849397882,1.69809739018921,-0.375066403722958
"543",-0.040075688607177,-0.65753744590046,-1.17856977349502
"544",-0.333602371856016,-1.17668194106641,-0.683306692667755
"545",0.296017941389763,-0.274021792415098,-0.409217521349834
"546",0.221274630623096,-0.772152705003324,0.5110255547337
"547",0.305126972681951,1.95699984209305,-2.16099517844629
"548",0.339022160302844,0.143558070079509,-0.815324840207576
"549",0.143844425344164,-0.646781551062853,-0.291565687613461
"550",0.419908859564254,1.138971558716,-1.2248175040754
"551",0.588855466843719,0.641439192458701,-0.049972742775531
"552",0.437990904158479,-0.483016866360783,0.739999099388783
"553",0.540312503808681,2.80292817803989,-1.22987855411503
"554",-0.285328008159229,-0.894174522446157,-1.52710936385408
"555",0.308600967673852,0.138559911137656,-0.961431243592427
"556",0.489511502707822,1.57510637075123,-1.09058620506932
"557",0.542714133479682,0.826420926558119,-0.416991263548908
"558",0.480755893387048,0.250757053433584,-0.228915814230664
"559",0.497877810600795,0.939178307398444,-0.715843285030344
"560",0.546243907443649,1.36422439690211,-0.710478399011881
"561",0.255593147273757,0.632611363850042,-1.70930009389057
"562",0.388023154256225,1.25378628524275,-1.44608456960293
"563",0.58126144141501,2.73565723648646,-1.00886739148978
"564",0.308035947043353,-0.276553528512216,-0.344443190305365
"565",0.121345267170409,-0.513401501925654,-0.769062077225119
"566",0.329600527734372,1.02997794284773,-1.6133183702929
"567",0.217812489863296,0.244684902520883,-1.53701971583526
"568",0.182757423923729,1.10599825707085,-2.39197018463002
"569",0.223406715200472,-0.558206694394336,-0.143680865718907
"570",-0.465295784657109,-1.3840443918367,-0.794743468056321
"571",0.112601876440897,-0.247095117114873,-1.37528076454445
"572",0.55745427997416,0.309563866474155,0.0923301196246379
"573",0.288462760643821,-0.591488618583178,0.271820021213875
"574",-0.643118655008303,-2.24757253462377,-0.416181632700272
"575",0.621648947324286,2.10969660148745,-0.630031477765454
"576",0.574613559606824,0.922438360303042,-0.321443318351066
"577",0.380886644663794,0.0440047603184713,-0.48097262182066
"578",0.274692858033876,-0.0917498209314983,-0.820411848002556
"579",0.647121729361439,0.5635324214137,0.304657019366879
"580",0.616443890375094,1.32786829000206,-0.341615557496806
"581",-0.605953885779547,-1.32385441055689,-1.64114248178503
"582",0.382501131292434,-0.0195497105147541,-0.386504675277965
"583",0.219320486889525,-0.349781831274218,-0.646307233052357
"584",0.228253873690004,0.0066706041843616,-1.19404814813539
"585",0.236939683925985,0.414302230622039,-1.61359371527649
"586",0.370042015475427,0.961838211579694,-1.36934184463931
"587",0.381351167292483,0.7112572980548,-1.14112885760083
"588",0.407477005698773,-0.169041453989487,-0.0347489048994604
"589",0.0190889299915116,-0.752774691936816,-0.569576706430558
"590",0.548160353388523,0.504931547262274,-0.139941587528225
"591",0.236807735869637,-0.199009597124088,-0.838079665136813
"592",0.190847981179549,0.588764332019659,-1.9976296803979
"593",0.0831708556066673,-0.647409092793319,-0.593045978672026
"594",0.42559994747801,1.20678580068847,-1.23342189926495
"595",0.541268375742982,2.00957600198828,-0.998514987876632
"596",0.655547973230863,0.680617971209353,0.253048322172633
"597",0.396557746784846,1.59062105156712,-1.56200303396567
"598",0.59055309327185,0.88213757857717,-0.215423722732924
"599",0.408279673679677,0.400979856020771,-0.744248600306735
"600",0.71128004864604,0.750037816713343,0.479901028123758
"601",0.195574960782924,0.220503822513955,-1.62151303971544
"602",-0.854448659368655,-2.82423546782356,-1.03387444030421
"603",-0.426688626117685,-1.09891084534029,-1.40011353185566
"604",-0.0421762817152389,0.0744423999739056,-2.63578834731178
"605",-0.733137821190167,-1.94272288839199,-1.19529074182354
"606",-0.25841788638574,-1.11577681129334,-0.501656422315219
"607",0.412233943638689,0.32218704214851,-0.64672181264353
"608",-0.595768941816795,-1.69355480438637,-0.857442016579116
"609",0.502090894491547,0.521835887794822,-0.385011806783392
"610",-0.382294659956437,-1.07516440872639,-1.26117115770704
"611",0.121859670980942,-0.432481891114317,-0.957638109255341
"612",0.33887176100792,-0.000279126343610698,-0.631428222484559
"613",0.561873352307189,1.10892458664543,-0.498057625702764
"614",0.689918407949367,3.01017451199041,-0.529215980518795
"615",0.674563100172155,1.61705880689222,-0.183173430415031
"616",0.469443942436385,0.885506506633601,-0.823198020184512
"617",-0.509811634816,-1.38012488632254,-1.02630283535551
"618",-0.582227389785384,-1.40271890855455,-1.33723151458075
"619",0.383865307705676,-0.152428958706965,-0.17983358712761
"620",-0.414857036915825,-2.24016795934766,0.718122461565373
"621",0.670437162608322,0.921888329617348,0.158029053046127
"622",0.611718641633965,0.840541175991512,-0.0816442726936834
"623",0.874368056496228,3.06186667197,0.381822299024588
"624",0.468436233329238,1.1954243714608,-1.01314128179528
"625",0.735671687171331,2.32945709623777,-0.127850890975138
"626",0.35583453010958,-0.13085413558655,-0.354369220449957
"627",0.0514623635825804,-0.602279127069251,-0.883008086867044
"628",0.394857789956051,-0.244885767455723,0.0320464811753084
"629",0.1762428560502,-0.383924674358287,-0.791228773013429
"630",-0.0731780654200367,-0.311847325848702,-2.18374747828022
"631",0.553173559166995,0.552733116273158,-0.156004490193344
"632",0.521857239169928,1.12141524720879,-0.705218764154362
"633",-0.0529147648402674,-1.08112091616044,0.406851611008945
"634",-0.463955306301528,-1.28349310634489,-1.03376574472858
"635",0.558074910313032,1.40637852936846,-0.671557571307669
"636",0.634169939192868,0.501885444243026,0.292780524720205
"637",0.097156124670155,-0.419379372039037,-1.11026437365981
"638",-0.851069225704989,-2.81693735225416,-1.02147258662714
"639",0.184812843358159,0.4248379644996,-1.88412966419261
"640",0.312733121269167,-0.0782318080745924,-0.650496153821188
"641",-0.36530944227911,-1.25150160388537,-0.626021676209994
"642",0.260770632957675,1.67721640719203,-2.27701411807193
"643",0.0422971346547396,-0.736816109694941,-0.509308504368052
"644",0.542029480068289,2.28848572242274,-1.08392485257904
"645",-0.230052469086313,-1.20035085503663,-0.0947291215264397
"646",0.545922151839186,1.3485116112041,-0.704414587117093
"647",0.355590157185432,0.469057903489444,-1.07088009876506
"648",0.517353398161061,2.40849344102098,-1.24221802123579
"649",0.379176113242374,0.078128568124061,-0.533731587221211
"650",0.534748775016898,1.70932365296522,-0.920071093090566
"651",0.442028536448457,0.958247901172364,-1.00715502761618
"652",0.56025141866109,1.06846561956506,-0.482836454982542
"653",-0.141166986005404,-1.20937309963623,0.376055635028654
"654",-0.600160218068124,-2.39910212529793,-0.0669349867592538
"655",0.477614543776395,0.449999430466178,-0.443423853284894
"656",0.0513220808069723,-0.505152070029425,-1.13961272298988
"657",0.535978150422717,-0.0954902762376512,0.49167856781406
"658",0.373941375146703,-0.194010500881208,-0.160870165918703
"659",0.433493251553257,0.00740307318180166,-0.168851881792917
"660",0.320886049842746,0.179456723665059,-0.948287537329074
"661",0.529664400440571,0.235176966202612,0.0326670403633635
"662",0.256664648563593,0.930937962070271,-1.91664681552218
"663",-0.156258525417008,-1.13456273916429,0.071001979142838
"664",0.807025415963303,1.07716797317052,0.745963476735575
"665",0.368651928975237,-0.30812820959465,0.018235614180829
"666",-0.0601093057452229,-0.606167596730505,-1.42987837830616
"667",0.278856590177812,-0.280110827655347,-0.483734825770277
"668",0.0660744701006263,-0.472595388383388,-1.14434121995761
"669",-0.237773863632254,-1.03737948790017,-0.677428807357858
"670",0.309727890203572,-0.228710227023398,-0.422239055327804
"671",0.180927214587652,-0.381357521673403,-0.773208684082836
"672",0.281713936670482,-0.245575823147159,-0.532439409136765
"673",0.691315326905415,1.6525974020095,-0.11420847303927
"674",0.473388695863911,0.535839298950744,-0.540570435284418
"675",-0.387150975129505,-0.979653364261367,-1.65413245961775
"676",0.0915437229745267,-0.589557533113095,-0.718126390747323
"677",0.0805370739486867,-0.728012592770201,-0.348276364141777
"678",-0.432059781874232,-1.83256444707675,0.166533378114051
"679",-0.0111536475241218,-0.85001791517405,-0.347457328366327
"680",0.465454510853834,0.808320482615122,-0.790744147064135
"681",0.275966759978937,0.236530942181484,-1.23731146189123
"682",0.86167594198039,1.69277841078926,0.721208711942146
"683",0.306398366847596,0.302074624674399,-1.15519899883842
"684",0.469205176403106,0.403547335054157,-0.442068963353925
"685",0.827399071263974,1.50485543218679,0.629691029825381
"686",0.494896431752641,-0.300838128211549,0.635500934580481
"687",-0.0992414709297923,-1.08429610010646,0.186395916159804
"688",0.196421344552614,-0.34566308066908,-0.769106821842765
"689",-0.179919109576806,-1.24945906019861,0.29534091359218
"690",0.498772462913158,0.14700288159958,-0.0206920523506093
"691",-0.537261085763427,-2.45638383840301,0.294341902834305
"692",-0.212954519319249,-1.25031927656708,0.132519664419456
"693",0.714557280493534,2.0546242793681,-0.14731145607588
"694",-0.374040235705909,-1.39686798431292,-0.309399703555838
"695",-0.170088677631959,-1.09832998784232,-0.119107526636627
"696",0.44863079866847,0.316077550380261,-0.458487379386848
"697",0.278160361796966,0.936546253020515,-1.81275291180121
"698",-0.413774265047312,-1.38211470617262,-0.541551361402273
"699",0.234866902049316,-0.398004231091878,-0.468174851418994
"700",-0.869756667909952,-1.76447169783913,-2.11888429286934
"701",0.600989565813408,0.522960060780268,0.108509444534341
"702",0.267978669573172,-0.245128348909461,-0.601915651612067
"703",-0.0497351837772322,-0.982546814137527,0.0450153266884143
"704",-0.109755066537322,-1.27103599976773,0.704400709192591
"705",0.483563346480039,0.229920828167415,-0.192035724676004
"706",0.252349442318251,-0.746315543162051,0.573980934668457
"707",-0.198743512460548,-1.22931495290801,0.145222107770662
"708",0.435955513860525,0.452978559846103,-0.654446388256145
"709",0.574939699561067,1.64728666269212,-0.693893860640009
"710",0.00907379298183001,-0.906491659990847,0.000995979679817405
"711",-0.650872211935936,-1.38707493969425,-1.71571326267578
"712",0.631440258030571,2.71726415929012,-0.753444981296797
"713",-0.29827471045656,-0.680693549592785,-2.39758356252422
"714",-0.0178522526587432,-0.763291661329893,-0.716739941876989
"715",0.140278556620363,2.00428094386216,-3.00165010079038
"716",0.650007211459138,1.76565351764745,-0.365961077918072
"717",0.39652651928676,0.0593727102480811,-0.422863343077317
"718",0.0592022321702309,-0.653806148063146,-0.693547174158124
"719",0.318981466334998,0.0707800293817625,-0.825308171619074
"720",0.479185362927911,0.86745323407256,-0.76248751503655
"721",-0.55302043023126,-1.28320479346631,-1.47984492957126
"722",0.680048104615919,0.984432822351745,0.16662685728851
"723",-0.279372916551543,-1.39227341900223,0.153577788540591
"724",0.556112374763225,0.877196227326016,-0.38434917108186
"725",-0.456216897138233,-1.50612026998222,-0.490719609608024
"726",0.492595605147471,0.84492029660836,-0.680240619878138
"727",0.0306690567350394,0.237551689414538,-2.46492230554028
"728",0.353973036045962,0.857785058280084,-1.38205851922008
"729",0.139560888823962,-0.351552065933514,-1.04152346833754
"730",0.588167767234958,0.315827090649815,0.239454393782804
"731",0.223291924772443,1.65452825488358,-2.45512113265297
"732",0.460324594966353,0.323421293510381,-0.407527232435888
"733",0.633417206730907,1.17672380658556,-0.178102307157589
"734",-0.681040871568771,-2.23210903495459,-0.620468792109969
"735",-0.0487110590128756,-0.311290002700282,-2.06248844127531
"736",0.580130424094642,1.97372865051383,-0.791829706081672
"737",0.258607424090799,-0.769184533323588,0.686875047640486
"738",-0.770966378303755,-2.81590427714042,-0.621596455225337
"739",0.274365752647126,1.73088092177789,-2.23055439315152
"740",-0.900605746386487,-1.5929177294472,-2.55060019801512
"741",-0.489800569603392,-1.67209382572053,-0.36208274498643
"742",0.447270552853703,0.278095424882575,-0.425679603698582
"743",0.34601306063842,1.09395888127075,-1.5688001759097
"744",0.513313798266452,1.3677457880304,-0.876838625029084
"745",0.427186595903702,1.39685482029342,-1.32147164291799
"746",0.549141398392937,0.271807600031539,0.0903596044855154
"747",0.297860164788388,0.174915597285097,-1.05814548348495
"748",0.0682726141151578,-0.562158169371443,-0.908858362298207
"749",0.291903921556118,1.18288419426406,-1.88902029341529
"750",0.627925316072709,2.12577120072448,-0.603864042832902
"751",0.30061411447844,-0.344017033256082,-0.251450034547526
"752",0.160334635556447,0.138239983402242,-1.70237792211092
"753",-0.446155431441438,-1.19548879502857,-1.18959257129476
"754",0.312876665547071,0.670658911068064,-1.45265483212438
"755",0.62001605544334,1.67887118501211,-0.481459842616495
"756",0.223577575277455,-0.355260108294997,-0.613912467764547
"757",0.307173678136413,0.690426981665773,-1.49630582043533
"758",-0.0596919759858457,-0.573085788157435,-1.51936060270755
"759",-0.125709997151339,-1.08228116425032,0.0469665448906638
"760",-0.555215835519913,-1.97268481698218,-0.269189553766303
"761",0.383274970766288,-0.0572176747314796,-0.328760689754901
"762",0.644564952277468,1.15982228411884,-0.11310117021979
"763",0.253299181155454,0.352659951969797,-1.47208520864919
"764",0.258754499064235,-0.0343966449425763,-0.984249597747887
"765",-0.427484700932707,-1.4275427373277,-0.508991203324171
"766",0.418199523753939,0.232378835600774,-0.521571754143091
"767",0.666493740058699,0.673782016484629,0.313024343758175
"768",0.136072496608144,-0.500261632776679,-0.72786856858348
"769",0.220609621904821,0.507623364622721,-1.78005299029171
"770",0.487475185783577,0.0144217528580616,0.0915065102869543
"771",0.514298933016695,1.54447850992371,-0.95335410132267
"772",-0.40586890272881,-1.72220316430937,0.136868193795215
"773",0.147430955485004,-0.195369322003833,-1.29112771771385
"774",-0.0339232091471699,-0.761358487767886,-0.804043480526574
"775",0.376300441909862,1.41548753531704,-1.58473663672788
"776",0.639049510812118,0.810715972003855,0.0755612838579636
"777",0.326284973933428,-0.000672703843334587,-0.69382044338535
"778",0.247567438978849,-0.421426697254355,-0.353691340655108
"779",-0.866149080236095,-2.66467804098237,-1.19594142751825
"780",0.467123267559089,0.710337604269653,-0.711579809242578
"781",0.419797904014259,1.16056478625427,-1.23734540020154
"782",0.417279117577452,-0.218873870094105,0.0983579357705305
"783",0.629030944344232,0.5744777339237,0.205078751353386
"784",0.229610471510286,0.850685660525505,-1.99907719096778
"785",-0.592118015086343,-1.39226440361871,-1.41016809061661
"786",-0.0309939895443641,-0.509471506447771,-1.54052160402288
"787",0.213939616387844,0.610715751012,-1.9000408259277
"788",-0.0391187993601269,-0.352026255198841,-1.93396116415733
"789",-0.802765682134853,-1.12839914400265,-3.18163259593704
"790",0.202882224788434,0.398386923049223,-1.76875837866484
"791",0.55765098045382,0.700803127388389,-0.251775429244765
"792",-0.624137780653134,-2.65007229450188,0.0040487160195275
"793",0.260666656870894,-0.603054244730774,0.16519882567743
"794",0.558915154629493,1.68867011659803,-0.790936243010325
"795",0.354868521156415,-0.320053328464193,-0.0275889493200356
"796",0.47661762989463,0.940798883246589,-0.823175616055067
"797",0.464692325944164,1.8856534036533,-1.33764538712768
"798",0.670361931395424,2.06795713602018,-0.372734297723593
"799",0.457565635629317,-0.0212585144180962,-0.00878256463932153
"800",-0.322346692751567,-1.28054035728409,-0.33345450180565
"801",0.492087639358747,0.487276233215095,-0.404714429649955
"802",-0.210023865824003,-0.849988529310477,-1.34193078157453
"803",0.333562715213965,0.146561132134393,-0.846213360511111
"804",-0.607077063905018,-1.38404917022235,-1.50363894406884
"805",0.319150264840876,0.364765330468066,-1.15480164308855
"806",0.495843449271829,1.64331690263928,-1.08773186312912
"807",0.11657350881896,0.418018578540248,-2.21892716167288
"808",-0.380093121429071,-1.09048557934386,-1.19623532618947
"809",0.101997536426846,-0.688989291168415,-0.369815702956131
"810",0.30496779500618,-0.00777959367674823,-0.790587670912131
"811",0.554238440729724,1.35656290872723,-0.666773586316194
"812",0.637699435164275,2.15174319191581,-0.563333108919963
"813",0.584713697519606,0.413564877155593,0.125972573925355
"814",0.116016885179892,-0.620067325760193,-0.509462838456801
"815",0.239788094581323,1.38101116291828,-2.25087566524584
"816",0.0382808515176716,0.733523134025192,-2.87300875590799
"817",-0.84256603333627,-2.27250913668541,-1.39014367519728
"818",0.565060810088561,0.738683704084328,-0.242901367904867
"819",0.394667372534806,0.343376449102586,-0.755979314874223
"820",-0.208647258412393,-1.06763289921955,-0.419934595606826
"821",0.229732999370682,-0.17547412254639,-0.912871639094264
"822",0.439226919121119,0.675381150218409,-0.824539638131763
"823",0.2623365844202,-0.0270182589943896,-0.976809064025834
"824",0.354094249516945,0.0424492346202256,-0.612884244812499
"825",0.204196140226929,-0.338937499707914,-0.743703816606121
"826",0.42995702352998,0.487758259452736,-0.715796107106121
"827",0.471075139897942,0.676677279577979,-0.666294295292056
"828",0.456666470071083,0.124878218070861,-0.204536418662785
"829",-0.423389041320076,-1.40726697375593,-0.532921033644531
"830",0.0389667527035471,-0.612863478529718,-0.915432357398734
"831",0.464343748731243,0.579689324116055,-0.622674545173669
"832",0.6809298921998,2.31496498797827,-0.397293175359896
"833",0.570152714422607,0.890081201825258,-0.322671997153765
"834",-0.387669417166012,-1.4232879087005,-0.319139858143264
"835",0.492368491459783,0.14070787640131,-0.0451753775950492
"836",-0.426761069286534,-0.983235826790682,-1.83724912082126
"837",-0.0251696350063711,-1.19285133549648,0.907509961652045
"838",0.472544759572498,1.130839745139,-0.957086213851927
"839",-0.106177131968425,-1.25263375157844,0.672730877104762
"840",-0.495300331318975,-1.19633160139555,-1.43282249506134
"841",0.0327787171796486,0.0487230844372579,-2.22771247141255
"842",-0.594049183270605,-1.62666789517167,-0.959036111493429
"843",0.384758460838636,-0.106191083649409,-0.248092646744997
"844",0.106221922036672,-0.570479717321614,-0.696824388232506
"845",0.45383680186745,0.493246531349864,-0.601265475746532
"846",0.201026437844747,0.153224246407826,-1.51682723019244
"847",-0.530167432487134,-2.21393940678539,0.116410399708344
"848",0.153440193997166,-0.574353135248037,-0.45027013169783
"849",0.166702658151671,-0.773409295331545,0.242759835830076
"850",-0.112629149779681,-0.985823634674327,-0.255859758971522
"851",0.645432265877526,1.45144140575258,-0.255854445419394
"852",-0.338624201768584,-1.44931748029,-0.0182382794244491
"853",-0.549729919171707,-1.84930534596481,-0.398988548929341
"854",0.486730051535936,1.116238734648,-0.877927185440219
"855",0.0796798330627321,-0.608042561953649,-0.725612446281834
"856",0.562432762902872,0.600830492992454,-0.149565449634278
"857",0.421859019229631,0.839898743150201,-1.03050426347293
"858",0.384275269120576,0.212910973925275,-0.669509088258497
"859",-0.0795571306950756,-0.791502057399308,-0.921331325311083
"860",0.145085902598111,-0.546738956142555,-0.565413809047951
"861",0.250668996806593,-0.0962579571376325,-0.93370199161819
"862",-0.547828817505165,-2.0466220218336,-0.14643146458578
"863",0.249878212786495,-0.124029392395187,-0.894862021251214
"864",0.126193325001918,-0.819279875734668,0.214616980588388
"865",0.704250409432398,3.60793459481438,-0.574561450714214
"866",-0.762482464530818,-2.36690859596782,-0.905766671236884
"867",0.371751608379725,0.301053797541066,-0.827372451576807
"868",-0.334325040175919,-1.47487019440572,0.0561959217431282
"869",0.720084289184604,1.63431241677448,0.0372129778316637
"870",-0.505012836356799,-1.53111716537814,-0.686327782435669
"871",0.228939213074921,0.7271406691003,-1.91500673637408
"872",0.225369801770744,-0.762507203176142,0.496547990653442
"873",0.385444411571528,0.0276796938077705,-0.436508755036355
"874",0.880711069557722,2.50985982511709,0.546528585264252
"875",0.210757456824292,-0.290915331178477,-0.804000147812814
"876",0.627965536808033,0.62214418374624,0.160904053501254
"877",0.775898965219234,1.72865578234571,0.27799149075543
"878",0.06288498843241,-0.685611648090402,-0.576170260688348
"879",0.641405248828118,2.14412313026416,-0.542368060660773
"880",0.125228996805282,-0.742173649931603,-0.0760833294536767
"881",0.475422875010547,1.27427693139591,-1.01966591996905
"882",-0.228522534034462,-1.14123163298325,-0.268784869009161
"883",-0.217984636159859,-1.19091848606439,-0.0623199241193899
"884",-0.0758159835509017,-0.845243723759362,-0.69056682340048
"885",0.770652076411244,2.51847723467686,-0.0060922412103945
"886",0.337966555548171,-0.207165277448914,-0.31838447765253
"887",0.0182417810025877,-0.427952302916828,-1.48584539421489
"888",-0.11857151640474,-0.930056035445094,-0.528008591339874
"889",-0.44191457361186,-1.29530100953437,-0.89295499192718
"890",-0.181704996066252,-0.972910575111458,-0.655265081659423
"891",-0.657394286119441,-2.33210353966791,-0.410543308396096
"892",0.564932684877047,0.750065877733242,-0.251856203484296
"893",-0.470807085327575,-1.53874432669372,-0.500821991341882
"894",-0.749470199757242,-1.92856111783711,-1.29456372668641
"895",-0.78586890412786,-3.31942253903791,-0.42992337243492
"896",0.10206515473797,-0.499584337988598,-0.899562124871957
"897",0.19068606072375,-0.426607307776832,-0.626617114990486
"898",0.585215998177446,1.06934403452216,-0.35852663331341
"899",0.714839105237992,1.36736579543796,0.130972228900164
"900",0.430653154039444,-0.0990817970422503,-0.0294869961170084
"901",-0.451322679524553,-1.47649459102422,-0.525482610194151
"902",0.601689940582872,1.8946287278205,-0.655919521878
"903",-0.735657664768569,-3.02417137527232,-0.324765379976633
"904",0.65903127660085,0.202167037973621,0.716402142562195
"905",0.624123662223975,1.47220530855082,-0.371928082833721
"906",0.143869632860114,-0.185996660426722,-1.32469133447751
"907",0.680330447329762,1.37692509987242,-0.0461952858268912
"908",0.524479354750087,0.987778278188375,-0.613280852468187
"909",0.513071739567015,0.310029623180191,-0.130062922961939
"910",0.276434756193836,1.23881435212809,-1.99621142011445
"911",0.0454058661755999,-0.732562699663117,-0.508392635472399
"912",-0.828635507425274,-1.92334863979779,-1.69693240353272
"913",-0.213885517825016,-1.36802212832485,0.425309258510055
"914",0.630475069060927,1.67967924824511,-0.429493115178785
"915",0.469276360114421,1.55349293989891,-1.18240375903599
"916",0.440551489133528,0.385670345774812,-0.568183763309296
"917",-0.448141706805067,-1.34397530681355,-0.802973194096004
"918",0.413777916637769,1.01281522993018,-1.18208889157986
"919",0.606000230615419,1.28829408258393,-0.373940657233452
"920",0.440992977197427,0.320243541272125,-0.500941967729245
"921",-0.440334496268693,-1.79875333788823,0.0778675041065267
"922",0.650867145419984,3.57798665423871,-0.83621259112354
"923",0.184881266001403,-0.171254815989346,-1.1440896870616
"924",0.248391206047303,-0.333182312866145,-0.53416945033227
"925",0.697709039888791,1.39648443932033,0.0313171664279508
"926",0.143661976957302,-0.224671105632015,-1.25963773424516
"927",0.0826222657552039,-0.0860447076616994,-1.78936107525717
"928",-0.26113691435082,-1.1896203972188,-0.281955459313882
"929",-0.528843363967734,-1.4896432249174,-0.886534945419596
"930",0.27554752393061,-0.159808594659894,-0.709477144283544
"931",0.597259301295755,1.1198389999524,-0.32731805411219
"932",-0.475147735060304,-1.47223456137643,-0.653301540644837
"933",0.598462442531029,2.63737922908842,-0.898249709565927
"934",0.51231381065239,1.2225029107722,-0.808219123475638
"935",-0.141567255573774,-0.982887364062273,-0.412728564238181
"936",0.442862832157618,0.144760894517943,-0.297561119730018
"937",0.258018393545873,-0.244412735936538,-0.652995416802472
"938",-0.38762724779618,-1.12018236596959,-1.13303376548079
"939",0.589683090876452,0.554428548989268,0.0251126786830225
"940",0.530467196957539,0.380344602979807,-0.113445142967125
"941",0.233770795967544,-0.753359670029696,0.505904184225537
"942",-0.388464334903639,-1.30510864105268,-0.600654877431352
"943",0.598556347985427,0.857203381500238,-0.158750055461091
"944",0.256952288198063,-0.252863889424712,-0.643161756422137
"945",0.404714988848506,0.151478478516254,-0.496310878945823
"946",0.401936224278221,0.296365353161572,-0.671567342519228
"947",0.260307723637894,0.383727204121948,-1.46752256483413
"948",0.464384671739501,1.02816833708361,-0.9383126826311
"949",0.365752164527805,0.737910559893258,-1.23887733753047
"950",0.488101458550225,0.806767124372556,-0.676425250775093
"951",0.385502069555351,0.281260960375489,-0.737873547154719
"952",0.225454261401138,-0.2571037125158,-0.792988808273283
"953",0.0444273802391782,0.837055117413026,-2.9157208014454
"954",0.690956181165084,1.38691300366011,0.0021297198700984
"955",0.402844739817112,0.81907305210926,-1.11126492784249
"956",0.482169577758719,0.797855980925676,-0.699841901402308
"957",-0.217790192800751,-0.972879154993481,-0.835824014747695
"958",-0.381877987505893,-1.53567114886152,-0.0619940674524466
"959",-0.0374345011475697,-0.27750619674966,-2.07002920500175
"960",-0.135167085933104,-0.65084646275726,-1.67436538577449
"961",0.641812984591012,1.46147724147437,-0.278571575104916
"962",0.140379258017405,-0.518365140321662,-0.661486946111365
"963",-0.482745877158269,-1.6902980770143,-0.297508174637834
"964",0.710065499768423,1.57338048464501,0.0129268924260115
"965",0.484695393393997,0.549757131154861,-0.495879785217574
"966",0.392641254237217,0.327838764718083,-0.750437884461096
"967",0.301452227466288,-0.198556339093247,-0.515626076600383
"968",-0.69615464053056,-2.09502685682112,-0.8349133027073
"969",0.303992284723235,0.0588638182419994,-0.884874058991534
"970",0.335220619154599,-0.408673327124001,0.0566296336371869
"971",0.317344485173377,0.358017661310821,-1.15717246948277
"972",-0.429217177273876,-1.51677241760062,-0.334932411654566
"973",0.70772078009843,3.08579022618166,-0.456524994767479
"974",0.435858122454252,0.115266101739922,-0.296810505182338
"975",-0.0242429775677376,-0.605334262231946,-1.25290673984072
"976",0.801300929838147,1.3216790108007,0.585749593581819
"977",0.101364964401344,-0.565535786365959,-0.734381606064935
"978",-0.556292462441054,-1.48977923208248,-1.02350800020585
"979",-0.150266143192925,-1.06338543478572,-0.143401950800185
"980",-0.598008823214481,-1.97663113696166,-0.478424214762114
"981",0.440004657664527,-0.324066618514804,0.405937246413828
"982",0.166681636097495,-0.339565261736416,-0.930023584294298
"983",0.418904002414258,0.355320808376481,-0.646703165061547
"984",0.349588281666611,0.91093729064046,-1.43913227821154
"985",-0.496608588960607,-1.31298818933622,-1.12149210931653
"986",0.449470141742516,0.465349625339398,-0.598128382643192
"987",0.600542023261706,0.433287515936902,0.186637118993316
"988",0.610260434216887,2.41599954248275,-0.779803454723855
"989",0.590796923266506,0.460418626513294,0.112978152061728
"990",-0.886078458377765,-3.17896413890268,-0.997167585184826
"991",0.254782786595907,0.354624458929622,-1.46661839014936
"992",0.199549012509093,-0.398092192355426,-0.644575635088345
"993",0.24913339351724,0.559643395740364,-1.68202385466338
"994",0.860641549775406,2.25691493844154,0.518647213360672
"995",0.252796792541683,-0.429540590044521,-0.30952919530628
"996",0.658695437871918,1.05227435140619,0.0188937508267321
"997",-0.556795896820454,-1.70924089050591,-0.637872065137014
"998",0.122598911309551,-0.105818701523893,-1.55946167267696
"999",0.1950391808188,-0.126641525330937,-1.16496674633067
"1000",0.641415844596365,2.43257701112179,-0.628684395044077
