"","x_child","x_pa","noisetmp"
"1",-1.14989956361963,0.47125865408417,-1.79708882270427
"2",-0.622160723666131,-0.510589277158137,-1.10760113539366
"3",0.578813696958974,-3.06369619903998,-1.64010529118072
"4",0.322207411129929,-1.44367649018297,-1.41469527046759
"5",-1.15201162505726,1.14113494236015,-1.35757600141407
"6",-0.607099708213304,-0.154926852337963,0.0420326990673615
"7",-0.676118133622704,0.282267714901316,0.378253215187913
"8",0.407067052818164,-2.46855866833092,-2.20265251521588
"9",0.366279300759148,-1.19680287078013,-0.502958554929628
"10",-0.590681437510546,-0.560362047607257,-1.17720521102136
"11",-0.932117043064377,0.196872073929779,-1.00466252163162
"12",-1.14899148716527,1.2857190875542,-1.27528757553532
"13",0.579038260197273,-1.71723512720539,-0.621737472113564
"14",-1.10878804270951,0.661476948606109,-1.43333629151569
"15",-1.25586861189203,2.23954899535957,-1.50185557166805
"16",-0.865453397097917,1.46201120041324,0.214995537336536
"17",-0.637647054218917,-0.233783267961649,-0.290124086974686
"18",-0.828790850312899,0.544975142903695,-0.126480933991777
"19",-0.610664946890595,-0.478155635918034,-0.916060162361597
"20",-1.1235686725421,2.55949298352605,-0.770697563068613
"21",0.329093621375683,-1.13530914036517,-0.45551715929066
"22",-0.834559607351196,-0.149457507429019,-1.08369258618408
"23",-0.69074881923862,-0.197903965323563,-0.47096696116201
"24",0.649645700414284,-2.14281428020225,-0.748060661979423
"25",-0.582577332305385,-0.665990094024942,-1.72699187312379
"26",0.474664613839436,-1.79146423405985,-1.24648425543214
"27",-0.943483155876115,0.515012109389565,-0.725770118793576
"28",0.644912306267125,-2.80265044127674,-1.19681290666167
"29",0.114860449044421,-1.00119772095101,-0.882144961314568
"30",-0.994602333886751,2.22200253695937,-0.199704784496613
"31",-1.15451864399488,1.59578014473751,-1.18103487628151
"32",-1.21735188317697,0.46203089642417,-2.14286678527623
"33",0.326328471472892,-1.02288081986386,0.0554880480290333
"34",-0.898494147850193,1.72618757381173,0.143025061858884
"35",0.621212565969992,-1.99647359217861,-0.752005084937022
"36",-0.939214008634487,1.2321147402683,-0.250434131117989
"37",-1.19008702105116,0.882396540555485,-1.68985644273894
"38",-0.706872374990825,0.220080903996178,0.150636731242995
"39",0.13171933617168,-0.984691183709487,-0.701873323286463
"40",-0.578219950561187,-0.425840921300913,-0.557307435882345
"41",-0.680574137781541,0.373996261389124,0.455205117451257
"42",-0.97688256543141,0.392494379935039,-1.00758760820584
"43",-1.22377703405193,0.665001094207268,-2.00563142151795
"44",-0.879577979508817,0.633908924294534,-0.308338496698572
"45",-0.160038214060761,-0.68121165780166,0.285392515730472
"46",0.110144790350589,-0.805421305811537,0.610296045736228
"47",-1.22343711531384,0.356846716080101,-2.27685414714186
"48",-1.05844421048909,1.32956648777563,-0.803605351874287
"49",-1.21612061379428,0.0549866476392332,-2.62323856896269
"50",-1.19316889127856,2.51694319438966,-1.12729901706877
"51",-0.801987927645539,0.0415443103333788,-0.573478142446879
"52",-0.691236400301811,-0.500697242863275,-1.41101334893974
"53",0.216348011226977,-1.02238005983691,-0.491727195962701
"54",-1.01094930247132,1.27252415380581,-0.590901743302712
"55",-0.953383868872765,1.16408749804109,-0.353256367822046
"56",0.632521405890672,-1.873435545141,-0.559763048688703
"57",-0.800006897980515,0.130706822637253,-0.431987860701869
"58",-0.974100900938562,1.01520941050029,-0.533216464090514
"59",-1.00654950821427,1.4108808478739,-0.51058665890813
"60",-1.05314956108811,0.817975439655497,-1.04575353982453
"61",-0.973020592328585,0.55142967494549,-0.842172190033686
"62",-1.35609999816929,0.594114745462213,-2.72238766312735
"63",-0.665638777912893,-0.171760995662045,-0.286958197100762
"64",-1.02769827504545,0.447570279611819,-1.20811988233899
"65",-0.962110315575848,-0.0222717634250578,-1.47907513605669
"66",-0.718311326719165,-0.586199410733557,-1.94477278774783
"67",-0.298113046173429,-0.593802146754661,0.116465125944305
"68",-0.610401005077355,0.168252053724436,0.566843115666161
"69",-0.97886528177512,0.347949958164289,-1.06334106925814
"70",-0.963957163904977,0.499114408764524,-0.842182573538379
"71",0.766817082431882,-1.9903792829131,-0.0177172047309027
"72",-1.15843646299699,2.3126097136206,-0.997717427203185
"73",-0.881954459396261,0.540169475211106,-0.396386416168057
"74",-0.48557295579332,-0.45870922956946,-0.214869677809138
"75",-1.26413307506518,2.41270908189216,-1.50400888256944
"76",-0.356701841113497,-0.434682723894178,0.518635658083683
"77",-0.523747039855479,-0.146656442722741,0.476257303242725
"78",-0.993952649829023,0.817550803452445,-0.750044481099038
"79",-0.694558369840065,0.0929038650907232,0.0414437343822509
"80",-1.153950375051,0.762950431403935,-1.5863770881336
"81",0.498956287958524,-1.43934607540221,-0.521332287224864
"82",-0.923226775520939,0.171830619111796,-0.992574038553075
"83",-1.35875968685592,2.04407256762061,-2.06532257278092
"84",-1.06733424055118,0.581400100972843,-1.28887629042722
"85",-1.04928843986191,0.811996540186564,-1.03033689340352
"86",-0.98029861875867,0.902257656901868,-0.628869274930797
"87",-0.866510463821986,1.50281060266604,0.225234408059372
"88",-0.974030655198504,1.76179241169833,-0.223300179152211
"89",0.567853817495447,-1.53684264161267,-0.377513849927685
"90",-0.273339929269526,-0.716714812201655,-0.533661756962194
"91",-0.133513032344836,-0.807728174190506,-0.631449249889003
"92",0.452090808125776,-1.23548735637186,-0.20552490773453
"93",0.436216463121494,-1.26596733676446,-0.381424891070715
"94",-1.0603415588829,1.49085327194846,-0.748424738993031
"95",0.545820814583031,-1.5359523190009,-0.485985886315556
"96",-0.930880490708507,0.0690513313845357,-1.17558948414212
"97",0.439202783181521,-1.45275298475634,-0.849650938299178
"98",-0.372926280946539,-0.426884422537503,0.465457273287576
"99",0.731859402544428,-2.46582341878928,-0.576959371921012
"100",-0.668221805094077,-0.0347135394523268,-0.0312825058241671
"101",-1.13556365674651,1.46623123059331,-1.13392922081606
"102",-0.727626636672198,0.564405589340184,0.395657986415989
"103",0.220157488543287,-1.20247300345956,-1.25354104765512
"104",-0.673109363276236,-0.0312944997664716,-0.0497302929967433
"105",-0.111475789649879,-0.859441926026014,-1.01535466725894
"106",0.171508322905381,-0.974394482027304,-0.44078999731434
"107",-0.737951411617412,0.618119202253105,0.387471518287431
"108",0.394090825619441,-1.37095372964231,-0.883741906949249
"109",0.137190776615947,-1.29243132071025,-1.95570938156836
"110",-0.744575088018006,0.0389431913500809,-0.290505251532047
"111",-0.421508345171448,-0.636992205369853,-0.742308685075556
"112",0.311762602146562,-0.989385158001957,0.170603652287578
"113",-1.0479480125886,0.843546524777909,-1.00335177557046
"114",-1.06460418289394,0.233988928311848,-1.62100526015779
"115",-0.983714968625112,1.34813408089727,-0.422121555788233
"116",0.328509792598439,-1.4946598537719,-1.49132421285114
"117",-0.748343746381742,0.426042803575472,0.168117283608774
"118",-1.00312406328187,0.428128824063916,-1.10377271637746
"119",-0.731924309612246,0.0230184726208118,-0.252635999034631
"120",-0.903357495229664,2.04521846166099,0.211992112019558
"121",0.35464545168823,-1.73146795981124,-1.76423574755439
"122",-1.02553285150558,1.99936954891426,-0.411199149736957
"123",-1.01187012070085,1.82036061860021,-0.394369282723463
"124",0.282627003631413,-1.15432361140841,-0.763464786292466
"125",0.335228036791058,-1.16366189955376,-0.536420897627476
"126",-0.710902541529494,-0.27077798582752,-0.749564140386856
"127",0.446238304541945,-1.69342852748903,-1.25047469281668
"128",-1.10127009906899,1.40661721106223,-0.985899456419078
"129",-0.941530911255967,0.0772007660704352,-1.21660648551598
"130",-0.773537663799999,0.00414379416333647,-0.491559793125602
"131",-0.0953567799812374,-0.770171280958233,-0.0817858637153259
"132",-0.603468476815933,-0.276254521281175,-0.226727901582265
"133",0.324712575694633,-1.25007643797641,-0.889365599147985
"134",-1.02966847211485,1.4792321716534,-0.599472743398841
"135",-0.825963084222423,1.58458645829683,0.457789858538855
"136",-1.04716510629591,0.0950434325038076,-1.71846947986538
"137",0.686584230697126,-2.01956265303021,-0.448488387918211
"138",-0.836321625698369,1.08196486479631,0.191079449632547
"139",-0.362406764057389,-0.551797817112568,0.00522991561506614
"140",-1.3094906416845,1.29882808702573,-2.07205354229193
"141",-1.37941651268155,1.60120113345494,-2.30362054852669
"142",0.383056558222572,-1.57325520795501,-1.36876267773498
"143",0.786674319476447,-2.0913077287497,-0.0167976027054471
"144",-1.11403386841899,0.261539521831844,-1.83530861601265
"145",-0.79927120787841,0.858396318065353,0.249378864426854
"146",0.630131906599031,-1.67238312156775,-0.298839223766528
"147",-0.983184351310237,0.669354929219924,-0.799407068875689
"148",-0.92010520161324,0.846701619120483,-0.362141325550202
"149",0.660796333216018,-1.82116513107982,-0.354237298942239
"150",-1.17874396768911,1.3775376785121,-1.38507281459795
"151",-0.26129003401808,-0.92042963821044,-2.24709131983811
"152",0.779426730688366,-1.77695147634081,0.296644980927402
"153",-0.879480079582113,0.251986369305833,-0.673801174584512
"154",-0.452121492164671,-0.740990140408851,-1.6170443563934
"155",-0.851727955130207,0.296981843843662,-0.483136324637193
"156",-0.953675957422792,2.49453725968468,0.0655604548074992
"157",-0.73619456499531,1.14945982762798,0.72558827118459
"158",-0.787056542380913,0.376887862919967,-0.0742496195423659
"159",0.473053035837763,-2.10461774659739,-1.59706978646017
"160",-1.10199144383265,1.36286739216915,-1.00736102230437
"161",-1.00735644776998,0.573210193790671,-0.99570513106809
"162",-0.372728427923469,-0.57316620299001,-0.150507191704692
"163",-0.894492818923875,2.54377335503569,0.371526243205178
"164",-1.10861325715018,1.51488998677977,-0.980768014074382
"165",-0.819542489554645,0.958058080880909,0.20764591083238
"166",-0.575615894974759,-0.311638305043348,-0.183702186172985
"167",-0.710625691084211,-0.617383417288555,-2.07460969112076
"168",0.324269846395541,-1.09800271849666,-0.321226291143554
"169",-1.16634701362797,1.86343692593259,-1.15384164029482
"170",-1.09761401359506,0.487618915102987,-1.52077168155683
"171",-0.665201244286018,-0.495159375071119,-1.25776493309189
"172",-1.06690132292902,1.03286031450799,-0.98766609490285
"173",-1.03153934250407,1.22781998962346,-0.714029543700622
"174",-0.714270410577021,-0.00574405942962494,-0.211733009416633
"175",-0.811980923891053,0.450805442699933,-0.126489347502963
"176",-0.591608155738664,-0.0291423315846955,0.361530409663823
"177",-0.9853244887519,1.31824192388688,-0.442840408355259
"178",-0.56926724028023,-0.582793609352826,-1.18199765845017
"179",-0.721792811864243,-0.100495883166816,-0.420739763338258
"180",0.780935109086341,-3.35020380059697,-0.731314075892351
"181",-0.82047715133438,-0.38297341901968,-1.6233155516443
"182",-1.0568425886528,0.786842502767455,-1.08470677650121
"183",-0.90569021811599,1.1250206183398,-0.133942345898249
"184",-0.883728006632287,0.903656792395884,-0.145175666734248
"185",0.68804209056173,-1.5921356208038,0.122743633214314
"186",-1.08229294398461,0.13877118650415,-1.83229113046797
"187",-0.758635802954505,0.109033336105525,-0.255643989024566
"188",-0.935404692429179,0.62476468107419,-0.594584584699279
"189",-1.0933753607264,0.39992924959539,-1.58262703748371
"190",-0.0685817742290339,-0.988817900576483,-1.72778514727382
"191",0.215766610800969,-1.21417076818657,-1.31594609093115
"192",-0.657075761524207,0.145616245131542,0.303145579987862
"193",-0.976676732255871,0.312445138128053,-1.09068917605249
"194",0.606984052812221,-1.81363439702842,-0.613698938997188
"195",0.345061120627528,-1.6587155964871,-1.70278159375585
"196",-0.672189085975453,-0.439252144992195,-1.07539526967131
"197",-0.656173636362288,-0.0987654716586673,-0.0892821027285637
"198",-0.713606365131809,-0.211351535483358,-0.616365395979212
"199",-0.247816874797433,-0.649918482683805,0.0480265247065697
"200",-0.658079289747217,-0.253901386218811,-0.442171959701932
"201",-0.782722007896279,1.17904441357182,0.507229908214918
"202",0.640484562858718,-1.69060017865489,-0.27497564702873
"203",-0.96213461001237,0.798349723406714,-0.603525161093081
"204",-0.805845014305902,-0.000337881767297146,-0.660549628464306
"205",0.822599068904943,-2.6803840105059,-0.247156143260478
"206",-1.09473804416564,1.15277975931072,-1.0655099982405
"207",-0.625651533242492,0.0604602808379884,0.337504700042056
"208",-0.0836807345420208,-0.740235983336942,0.231270821492352
"209",-1.06580908487035,0.533533343639144,-1.32133805870601
"210",0.259165190219551,-0.950651915534759,0.147908934843317
"211",-0.950529476407463,0.699052744028686,-0.614258242043546
"212",-1.00291648600584,0.397351864150991,-1.13289933864329
"213",-0.722485751470141,-0.400356533656028,-1.19069816266102
"214",-1.14878343700063,2.13018931658435,-0.993171936053285
"215",-0.564925478975837,-0.348764006204503,-0.238497228283002
"216",-0.966831751217531,0.493480099358878,-0.861590241487217
"217",-0.537429334374418,-0.578933734082185,-1.00309910418157
"218",-0.0623301532052887,-0.891764597906591,-1.03716810751072
"219",-1.05239755798259,0.785914128054375,-1.06310171893318
"220",0.126067433222113,-0.882961442748028,-0.025096526346208
"221",-0.599434836293682,-0.443502233460931,-0.727208264272243
"222",-1.18573913940711,0.277956617366601,-2.17478975521829
"223",-0.704960772462976,0.191900365757861,0.124776871864485
"224",-0.61815452257388,-0.29451478193594,-0.349021077297338
"225",-0.576721744467631,-0.403933181982282,-0.473935842866646
"226",-0.816099506096957,-0.047483455824428,-0.79332021399987
"227",-1.00629330179201,0.638280470530352,-0.938537906387675
"228",-0.905428508650979,0.787242857409954,-0.327369130648999
"229",-0.956344834034449,1.98336532391189,-0.0696372396597077
"230",0.608025286745177,-1.61539561225649,-0.31722758167835
"231",-0.948161256015655,0.59507935137108,-0.681916703129982
"232",-0.762173260016414,0.0627499638494646,-0.341610239402644
"233",-0.771571763409552,0.067101875455386,-0.381993426997905
"234",0.799976655623266,-2.25268320155188,-0.086789740369368
"235",-1.24454877474731,-0.366772487612114,-3.69204867841824
"236",-1.13568811920506,0.734893806488093,-1.51447974726785
"237",0.4357610085082,-1.73837371790643,-1.36847802556714
"238",-1.37196162894488,1.19784034028245,-2.43006832486424
"239",-0.920826455808309,-0.349381769702342,-2.01987088739995
"240",-0.965773390280143,1.03783992840773,-0.479356999734304
"241",0.282556557271664,-1.17752180512165,-0.851792346472129
"242",0.130540587860846,-0.871460186767535,0.0919083620215931
"243",-1.10947075841896,0.997991774779519,-1.21952179953938
"244",-0.805502976855512,0.783595946040928,0.169820437275993
"245",-0.885015414569904,0.297568330975326,-0.648915737879288
"246",-1.0083667295056,1.03991764575208,-0.691213171023435
"247",-0.881001694799243,0.296770460827888,-0.629742253500692
"248",-0.927157324457085,0.289550261759236,-0.868660077413776
"249",-0.895729985708766,0.838806424760891,-0.245271744634248
"250",-0.701242437933203,-0.0437464040664647,-0.212361057547829
"251",0.153858391449807,-1.31291299151483,-1.93088418173981
"252",-0.597659969548051,-0.377089842733906,-0.490283674902352
"253",-1.0629496719788,1.89079327864048,-0.628832783605654
"254",-0.322487564020018,-0.707421226255918,-0.710618256373309
"255",-1.0383026253711,0.0441739452805332,-1.75093092773371
"256",-0.243697159785912,-0.662550298925574,-0.0105329334307978
"257",-1.02753279564424,2.01481408752887,-0.41701322701219
"258",0.749215104317414,-2.67887630020319,-0.613282262050903
"259",-0.854474081081884,1.02565243627701,0.0705863957255412
"260",-0.856102726811822,1.3176983326581,0.20303535014719
"261",-0.797165351540442,0.589397069976195,0.0684731090155209
"262",-0.799737598110499,0.336392937915908,-0.179990127607104
"263",-0.947947911927036,0.424691883736359,-0.831208773773372
"264",0.631204339092536,-1.6523317695577,-0.261919844937848
"265",-0.70046893243922,-0.36345832501485,-0.961296475138407
"266",-0.702186853928031,0.765194046746592,0.673970818547294
"267",-0.025402793742101,-0.775463231500401,0.22022843682165
"268",-0.936429792947063,0.107251171722141,-1.14716307227544
"269",-0.666965445484749,-0.129237528042333,-0.20382868786812
"270",-1.03274337790312,1.25602511379819,-0.707238673318372
"271",-0.572326125424552,-0.166007681660842,0.192125148275452
"272",-0.121677724304375,-0.789822180694354,-0.395225198073582
"273",-1.06431038656305,-0.183683063131191,-2.30665178264135
"274",0.844710402025007,-2.05967440375432,0.303021498807181
"275",-0.81217716580681,0.55534631347508,-0.0346614235401934
"276",-0.85285999825566,0.76758712973412,-0.0777662193791673
"277",-1.24979244541011,1.32295140900627,-1.7631650770186
"278",-1.09667213993567,0.300957524647588,-1.70340670722852
"279",-1.02251014912933,1.19891008039621,-0.682308342932255
"280",-0.643073180342508,-0.182992116882625,-0.198924849807732
"281",-0.600094624815935,-0.314146533147064,-0.313165958185186
"282",-0.583907534601317,-0.166118813878095,0.133977409037669
"283",0.319967228405774,-1.01703667762471,0.0552646424952213
"284",0.519597969488953,-1.49697805998093,-0.540587403064219
"285",0.0886743867797483,-1.18284507916036,-1.84076219930076
"286",-0.789860852662297,0.437512628956644,-0.0284655869705484
"287",-0.902119694366182,0.618975999803022,-0.432696165119325
"288",-1.01767325527753,2.35584507769835,-0.284169434478165
"289",-0.829065250468996,0.366680720444203,-0.294776505584769
"290",-1.02564045140853,0.254382894622519,-1.40176538952748
"291",-1.22681364656266,0.477510749288622,-2.17593786047888
"292",-1.03890138216634,0.154988824123413,-1.59331642940632
"293",-0.823256109628919,0.221615056925625,-0.429390114822607
"294",-1.239061036712,1.18310345386223,-1.77253212317035
"295",0.93636396232726,-3.28530214593862,0.0672008722901932
"296",-1.00385030924938,1.40229225836743,-0.500540341455416
"297",-0.89781956958592,1.95980307749631,0.216466378111539
"298",-0.884391352169397,0.0661706428732275,-0.947502248335279
"299",-0.907385123815242,0.222266439585751,-0.849233051609079
"300",0.322848656155652,-1.31481193512487,-1.09124197158432
"301",-0.984523179366102,1.40875455139996,-0.401307062523984
"302",-0.770243466024581,1.28744124050064,0.619208508128068
"303",-1.20293519092813,0.132948149219327,-2.44352471429939
"304",0.625173008520007,-1.45705569798486,0.0708573955925993
"305",-0.304079229189599,-0.670905855954393,-0.366408948906917
"306",-0.749972000507367,-0.489345101377259,-1.65771194878245
"307",-0.216633174959224,-0.645967152328194,0.228127600059371
"308",-0.64942150070117,0.434538583743322,0.670891800021598
"309",-0.491769871561194,-0.747104784975226,-1.86539628445784
"310",0.0869836297208929,-1.04781734996944,-1.27068575022611
"311",0.334739899708934,-0.943081390911819,0.575964596993542
"312",-0.472777962272088,-0.467101222061773,-0.183169186563299
"313",-0.0886490266035252,-0.779492075754977,-0.132948094784308
"314",-0.46057067912322,-0.563872446817659,-0.543738957281502
"315",0.577684354957716,-1.65983982183912,-0.541442494675121
"316",0.539706709016826,-1.48407455549382,-0.413632363279969
"317",-0.995473404460755,0.919603266870526,-0.694395655872287
"318",-0.848085996796684,0.714773929891788,-0.0907151620805124
"319",0.619710169955812,-1.89547758361864,-0.649636853735148
"320",-0.12967145632574,-0.933701172773957,-1.68233361013742
"321",0.55092343819092,-1.88134652715378,-0.977100049638075
"322",-1.02181924728031,-0.106345480142299,-1.93230529061877
"323",-1.06197387734906,1.11420556251222,-0.92077028811062
"324",-1.00412849287392,2.48470642020908,-0.188739762823153
"325",-0.568424328895032,0.605705778598196,1.2252797707788
"326",-0.992325317518263,1.62509168961295,-0.359857505494067
"327",0.695241522381554,-1.69687790048796,-0.0106405839619167
"328",-1.15408809650302,0.607499874673209,-1.70161107708948
"329",-0.761399257496947,-0.17492558861823,-0.772699247023695
"330",-0.839870488278975,0.51875452936819,-0.204435745755163
"331",-1.06515886928261,1.03310522976387,-0.97882227420129
"332",-0.900726677428022,-0.303563154545379,-1.78672308434206
"333",-0.995775197047914,0.575766594491316,-0.935695862950166
"334",-0.929349166103051,0.839253706603598,-0.413083053882511
"335",-1.00434692766892,0.193234278574189,-1.3704483553442
"336",0.470430279114198,-1.28265632331337,-0.260754403860987
"337",-1.01311592277603,2.39407848705634,-0.252963704848293
"338",0.289436876690337,-1.77725009408672,-2.1537055350179
"339",-1.34059343658208,2.23756827073513,-1.92594957630102
"340",0.327319356423844,-1.89057143335518,-2.10590504400342
"341",-0.217276665244122,-0.650862648445631,0.194909031758482
"342",0.592344364938939,-1.93748157798374,-0.833778551408995
"343",-0.33147251053807,-0.382855482168919,0.822089677170396
"344",-1.14059326105501,0.95077635134918,-1.40178980666538
"345",-1.06434252437825,1.16064702330433,-0.909712603631454
"346",0.780768243748994,-1.45151589737548,0.860875104037389
"347",0.504815361072277,-1.6237990959437,-0.847351569610625
"348",0.729826629883322,-2.19607835227425,-0.392259489365732
"349",-0.835551036680983,0.125080442837975,-0.617543441071392
"350",0.226134374706736,-0.94723221506826,0.00528443828500068
"351",-1.02646080105717,0.257449219085587,-1.40224870355918
"352",0.463418076008746,-1.63861054758495,-1.0787247382691
"353",0.618772087664068,-1.41885537343812,0.124240798155476
"354",-0.768621729416805,0.352668715327808,-0.00715410477631856
"355",-1.19889431899046,2.29073316860679,-1.20501888474634
"356",0.516019799619121,-2.32159439446931,-1.55833123971901
"357",0.485820860875624,-1.5229311234209,-0.760951171533011
"358",-0.840036540858198,0.454802595191185,-0.263021765048433
"359",-0.184310216237147,-0.777403708300003,-0.592038988213892
"360",0.70781094092536,-3.12584747844425,-1.0189389616213
"361",-1.19929107479165,2.28726703153084,-1.20780232181769
"362",0.970012640276525,-2.61305746312095,0.526348755871225
"363",-1.11266289145646,1.43743375724836,-1.0306225712783
"364",-0.877385288562397,0.113393749465917,-0.843180544942614
"365",-0.847469485937034,-0.0055230122899853,-0.877356667027635
"366",0.767504391314049,-2.37236449691958,-0.336872676144272
"367",-0.75577577956544,-0.180770291288664,-0.757495165682464
"368",-0.647797345923187,-0.379120064071115,-0.74748236387706
"369",-0.79219976252902,-0.267256761754896,-1.14691011956253
"370",0.737492796024608,-2.53183842455965,-0.589411964704575
"371",-1.04740699714545,1.94381816329344,-0.535948881824018
"372",-0.877537378254875,-0.197330034919879,-1.40359805293914
"373",-0.770885761716407,1.92089249406143,0.840158469845347
"374",0.601072136495326,-1.67258089548452,-0.444444850941592
"375",-1.07952323189134,2.69005224599612,-0.525210296585662
"376",-0.905516339631583,1.53196798024206,0.0410306469281697
"377",-0.762790297910157,0.264674211082063,-0.0754244479850983
"378",0.0749558782366419,-0.876156864561469,-0.225093875867759
"379",-0.497811063614906,-0.514688245565113,-0.503531723565838
"380",-0.926773519610324,1.44304954788686,-0.0989740653075166
"381",-0.650095403327858,-0.273346451346982,-0.452232992916348
"382",-0.961394389695249,0.378984237466071,-0.943801026590929
"383",-0.190653872957164,-0.618264542941633,0.520288180424403
"384",-1.11578814643835,1.02738357136642,-1.23504902435314
"385",-0.981219917992347,1.16684598398534,-0.491106572088242
"386",-0.919703915812715,-0.158804355804943,-1.529257986449
"387",-0.991722405626273,0.170085290549359,-1.33734740483073
"388",-0.496845267331472,-0.314766293295814,0.201328616449044
"389",-0.795980239375898,1.1038748545026,0.40398609625687
"390",-0.784103368994274,1.28106386273783,0.547104556373143
"391",0.596818395099131,-1.61169019278224,-0.36700023167055
"392",-1.1321832940827,0.7135853033948,-1.51205193141505
"393",-0.865666782957308,0.887545071219579,-0.0646123466288623
"394",0.859014367690481,-3.13581571173257,-0.26664618043709
"395",-1.14582258544081,0.470661654239464,-1.77725230339095
"396",-1.03661441267255,1.33929461160879,-0.690336544572986
"397",-1.01381890031384,0.692501982472299,-0.93547590839001
"398",-0.358261282428254,-0.66768718191799,-0.616375663357157
"399",-0.839750993210639,0.267378857043866,-0.457075967017427
"400",0.435236557244397,-1.30992288374325,-0.515594348941199
"401",-0.981934560572525,1.17401225303143,-0.491238028293502
"402",0.267367169700459,-0.96633978607232,0.0883880080483302
"403",0.714051869179682,-1.75795630369397,-0.00437566911044607
"404",-0.711260316019174,0.241997664885362,0.155378665292461
"405",-1.32087464799337,2.66871650644297,-1.73598328981449
"406",-0.83163242632656,-0.235662674360651,-1.26463539370834
"407",-0.905204148514926,1.35681146640308,-0.0259414266937801
"408",-0.603260350852388,-0.123622767818782,0.126085861397194
"409",-0.930322314929744,1.29966278899622,-0.175848984992601
"410",0.335264310864943,-1.069446574713,-0.13504812444651
"411",0.0623152170622813,-1.08134217173185,-1.55556795693861
"412",-1.25726845817336,2.24557892880533,-1.50742752263156
"413",-0.817046568058163,0.233053239667574,-0.384352691380608
"414",-0.378023864616808,-0.713250947141308,-1.03121274748695
"415",0.787564572718242,-3.09273376304848,-0.607610162902684
"416",0.198747090558933,-2.22741364665211,-3.07304657472386
"417",-0.990770302323613,-0.261445230143228,-2.12480636251316
"418",-0.864360535623696,0.231624393100275,-0.622659089872272
"419",-1.12576200619799,3.57444004391406,-0.620522734943375
"420",-0.591704858361914,-0.235173110700237,-0.063801877192649
"421",-1.00392454365087,0.217941100561455,-1.33726895279889
"422",-0.920569326451189,2.06114182609801,0.130132461856884
"423",0.612769420608299,-1.97323947628954,-0.770094880305995
"424",0.377759549349669,-1.48647592085479,-1.22832568709682
"425",0.734350805652428,-2.06200506225534,-0.250995828625335
"426",0.882379266312713,-2.32650153279166,0.269912581088515
"427",-1.32668236304559,1.50045006339978,-2.07651118642827
"428",0.176341806171448,-1.24584107390372,-1.61773366446673
"429",0.595900095086534,-1.63449219035046,-0.409586873953299
"430",-1.12201131758428,1.29744734831501,-1.13525776021422
"431",-0.917429022178123,0.181641147930183,-0.950780801991802
"432",0.520797125398007,-1.82886829271999,-1.06395712902846
"433",0.534834499204433,-1.15904527457081,0.479295709769031
"434",0.330276501026624,-0.932337824959681,0.62682265141008
"435",-0.917352651772562,0.142158481162705,-1.00295172023655
"436",-0.772766935460421,-0.117956019988379,-0.710057312888385
"437",-0.679383912077232,-0.511278046310623,-1.39667574604648
"438",0.59493289266118,-2.00230503288515,-0.889357306630971
"439",0.559378254046199,-1.3598396169885,-0.0290781310936331
"440",-0.814640534059959,0.897999438492694,0.196856550290981
"441",-0.780318676395174,0.425363158935446,0.00758622303861317
"442",-1.08321729248892,1.61512204967705,-0.817767713286457
"443",-0.909776450288836,2.34023682592752,0.251827553720449
"444",-1.09103614340333,0.92867283553149,-1.16686145432531
"445",-1.08407408043104,0.770216490298959,-1.23205136874692
"446",-1.18172298552765,0.53863805549969,-1.89653594593963
"447",-0.540678308261655,-0.231960232165526,0.199151930452646
"448",0.201879205316524,-1.07031559837778,-0.806104128996772
"449",0.0469279146929157,-1.04005976031558,-1.43158823216888
"450",-0.925272213094883,0.815675916388973,-0.407859984175293
"451",-1.19692018103084,2.09414796974981,-1.24304048993278
"452",-0.785796179595996,0.415432876854548,-0.0294495594299213
"453",-0.654761985098777,-0.612899610524211,-1.77022725659296
"454",-0.876505897542754,0.462413073500426,-0.43828242691781
"455",-0.940665638392532,1.03486461977273,-0.355411882802094
"456",-1.05038140378389,1.24081813773731,-0.802301383101641
"457",-0.900008905114234,0.580217612162387,-0.453216043334074
"458",-1.11728643418339,0.454249821854696,-1.64978824083891
"459",-0.695008876229586,0.143445093366937,0.110523318858183
"460",-0.790123704826461,0.482527797037029,0.0120748684202937
"461",0.201406845458738,-1.41570404399694,-1.95528778296067
"462",0.361295075504826,-1.13473341886771,-0.292168743003866
"463",-1.18229895905342,0.858122439143176,-1.66593113868204
"464",-0.749195846259321,-0.157664816982122,-0.674281761182435
"465",-0.679091586817758,-0.0105199699656546,-0.0439000355004455
"466",-0.931610708443359,-0.171389813750353,-1.61600643039586
"467",-0.978405818364275,0.846476530104853,-0.653786645525798
"468",-0.976617506641584,0.12246929245381,-1.32653215397927
"469",-1.04747677613022,1.29539023496722,-0.763481381565184
"470",0.0467907371650216,-1.09191869102896,-1.6814292320681
"471",-0.962224521860347,0.881015308096854,-0.551389577809022
"472",-0.601964233130574,-0.263741964606398,-0.186667823837614
"473",-0.98103719033301,0.281057883217204,-1.14772518659867
"474",-1.13980309570112,2.03048453578382,-0.974156885121093
"475",-0.739243346688364,0.175461857303803,-0.0678983597502905
"476",-0.817413563474601,0.166883378922558,-0.470027590177249
"477",0.27620933396146,-1.07328952054036,-0.448521198073668
"478",-1.08464702606899,0.571073212152819,-1.38392028592269
"479",-0.898599378462585,0.0663214920586445,-1.0183137081021
"480",-0.912207191334299,0.386863421971286,-0.689876043812072
"481",-0.538711741623884,-0.24848817974055,0.168267149857721
"482",0.329002134182076,-1.04254305746848,-0.0339076069541078
"483",-0.170361048079908,-0.901471144253643,-1.65234416010729
"484",0.132992143082509,-1.08392586945059,-1.21408270430403
"485",0.45800972521592,-1.31320777029702,-0.410952926292277
"486",-1.13918427830059,3.45625230679858,-0.702901503203407
"487",0.268677764672947,-1.56858894321112,-1.93224718869801
"488",-0.756166575108088,0.355413816275458,0.0579998518106454
"489",-0.993396635604467,0.396689498501023,-1.08596091930204
"490",-1.12064958295272,1.8280075535866,-0.935948918922439
"491",0.647148717685841,-1.88737698342992,-0.503037591667897
"492",-0.594840200725738,0.226054956299805,0.718143772138636
"493",-0.841505367535702,-0.0720465774433156,-0.965182788710462
"494",0.386403719965104,-1.41945480271058,-1.03898463956667
"495",-0.497817692345763,-0.105135607302642,0.690076019758544
"496",-0.855022689382022,0.511088610107751,-0.286911175870728
"497",-0.848665369347457,0.584924358238944,-0.192658599015946
"498",-0.761634483746764,0.217435958951622,-0.126444068477476
"499",0.240206327500561,-1.35538912892615,-1.6134731822256
"500",-1.03019310966887,0.364264800866051,-1.30291530752344
"501",-0.700411085784493,-0.0174422629565886,-0.162283647582152
"502",-1.15223105684834,1.89813157784026,-1.07311072547261
"503",0.07317037232814,-1.25017995672638,-2.1474047745296
"504",-0.873640702170186,0.01130589276871,-0.980265788272921
"505",-0.931177886035283,1.91816198220156,0.0379177537356813
"506",-0.0899983827003367,-0.925875372065514,-1.42938630419612
"507",-0.18118186863946,-0.824359740188289,-1.03838911066297
"508",-0.973516738718103,1.51374100426822,-0.30571292208909
"509",-0.556352935244392,-0.617468804235838,-1.30372616878309
"510",-0.970576233336919,0.788535021274688,-0.652245886151307
"511",-1.05491666397003,1.85515880634349,-0.599144361895742
"512",-1.07799323350203,0.742590810352105,-1.22062765259084
"513",-0.503598187423416,-0.624886545991273,-1.08210176776381
"514",-0.753259491988448,0.791498422330793,0.436310479110538
"515",-0.924002946497699,2.65333020880632,0.245452608174814
"516",0.392046205229762,-1.87439603456402,-1.76327881818041
"517",-0.417270198439369,-0.521801786260375,-0.131920765723659
"518",-1.13544351082214,0.890751824109874,-1.41154571417504
"519",-0.976637954243792,1.27880659686638,-0.416564250776756
"520",-0.926914964636583,-0.195940875405371,-1.64731647090346
"521",-1.14821408534907,1.16614831949563,-1.32641352234
"522",-0.924823175331806,0.285831181761992,-0.861209971360467
"523",-0.909275361254136,-0.0612117182063556,-1.2840469301385
"524",-0.153128148603024,-1.06922392296282,-2.57595071616756
"525",0.591574615019735,-1.57917797667107,-0.336760167185262
"526",0.120310056666374,-0.842729429646172,0.293687875446002
"527",-0.860158824302449,0.925316327060348,-0.0144490759532681
"528",-0.243027920786879,-0.851447601098095,-1.60238049140718
"529",-0.959588801545958,0.955077738463579,-0.49429405827833
"530",-0.846691790977354,0.886785289459196,0.0297997144647263
"531",-0.800195518222432,1.05118739396299,0.355633077960298
"532",0.139392974839336,-1.05300707090303,-1.03454721613294
"533",0.513620702150723,-1.51443261515096,-0.60533092261469
"534",-0.325983951950962,-0.669713291351701,-0.468149754140834
"535",-0.937440490028603,0.483258214891226,-0.723846816740302
"536",-1.09095919755729,1.02942167649481,-1.10980533233397
"537",-0.460151968115206,-0.60838213020688,-0.772229251488221
"538",-0.442064824775417,-0.644374591941308,-0.889359982636397
"539",-0.783764240845025,-0.253382334867651,-1.06928674156752
"540",-0.967394230504612,2.50788876060124,-0.000280282320988007
"541",-0.46264924408792,-0.575515041464639,-0.611905248706728
"542",-0.29642326297719,-0.786712058754617,-1.2393373432788
"543",-0.972660401874605,1.26387214614447,-0.403308648588979
"544",-0.247251651776395,-0.486554895627047,0.867248790918568
"545",-0.805060121118262,0.269265538553788,-0.281429106684081
"546",-1.17189594291937,0.296386541879449,-2.0846445131775
"547",-0.469810020525081,-0.588277423197868,-0.713053614379239
"548",-1.09762806081443,1.59274742345489,-0.897650005029612
"549",0.320053372792271,-1.46323721426729,-1.46804552570693
"550",-0.853029328434867,0.814552512671463,-0.0473761882571445
"551",-0.940644795383037,0.430232655744278,-0.789352376654341
"552",0.0339633509241228,-0.853519441987596,-0.235941139132498
"553",0.820578363158638,-1.80034604892952,0.471441844488956
"554",0.244628658972959,-1.14315334153063,-0.909433544388291
"555",0.226714491703111,-0.915303225171605,0.230007024114218
"556",-0.595911569822151,0.0337078622781687,0.444531226485222
"557",-0.921375885207387,0.648661928688693,-0.505989750056729
"558",-1.02438422346868,1.29972617821709,-0.646130975747501
"559",-0.867451437094596,0.127235145220126,-0.774037936415373
"560",0.522909458667518,-1.64492847481591,-0.791510656312067
"561",0.237692776370413,-1.20254147707202,-1.16610433209495
"562",0.382545471884973,-1.82640354718238,-1.75211457054698
"563",0.414406316895506,-2.29606041929691,-2.04763078645912
"564",-0.87322266555061,0.633112081289574,-0.277179121231687
"565",-0.727154158712275,-0.260501780404228,-0.804312576431475
"566",-0.893283038555225,0.607266915182448,-0.397771061306978
"567",0.171077695210292,-1.03723357175702,-0.796297018772386
"568",-0.861207442122481,0.265838750113158,-0.566151742064093
"569",-1.0233808818928,0.0360189820621661,-1.68915198032476
"570",-0.713684974859543,0.257219170339429,0.161359434469545
"571",-1.00419663902078,1.63869264875287,-0.414544092456272
"572",-0.674075575710914,-0.216504602349046,-0.430827651684255
"573",-0.733659560214388,0.480524910668538,0.292576950664356
"574",-1.19297128259651,2.39066528922005,-1.15298511052947
"575",-0.754494123294063,0.151044501305933,-0.176591283756901
"576",-1.21053480321948,1.77043395014614,-1.40310344205033
"577",-0.333838058931991,-0.683184980990974,-0.596943617289111
"578",-0.938055796233307,1.44170844432751,-0.155910418875983
"579",-1.14998372984607,1.12412620090217,-1.35585549855949
"580",-1.06797591873138,0.92730963856801,-1.05236143036062
"581",-1.14374464867517,1.12919690533715,-1.32213814066824
"582",-1.14629553716046,0.78854336679421,-1.53083684221851
"583",0.375459417859773,-1.28220921382419,-0.734280096928061
"584",-0.60792798390267,-0.220483752293324,-0.1095209846924
"585",-0.734475552725848,0.0994412770470459,-0.148636461772675
"586",-0.967344036053743,1.69703025388934,-0.210722351999183
"587",-0.671144069315775,0.305610570517538,0.429415401227431
"588",0.789648369910436,-2.88883231546004,-0.512855903913629
"589",-0.770725111488025,-0.254570934116683,-1.00709268710797
"590",0.193248778646765,-0.831770086095542,0.761641924309952
"591",-1.06410427954579,1.81521121183828,-0.657107086032151
"592",-0.681167218383325,-0.213221184491218,-0.458553058650538
"593",-0.496044757150208,-0.338787240274228,0.135772276365462
"594",-0.90600357867964,0.368795971152543,-0.677285462820741
"595",-1.27086729000858,1.70409475460998,-1.72602074983612
"596",-0.350898536930803,-0.736254150529803,-1.07279775380384
"597",0.450142744192702,-1.73616329190802,-1.29343614275224
"598",-1.07925153616141,2.4297934751555,-0.575930902087826
"599",0.183888488401926,-0.886294255455351,0.237241226673037
"600",-1.13289801659208,0.481481639507031,-1.70274611716934
"601",-0.958741101253252,0.0693823076318588,-1.31439290132743
"602",-0.589397689743161,-0.427770252057346,-0.620050332443586
"603",-0.377242396615704,-0.77116467170743,-1.50011256580704
"604",-1.0060739987595,0.637377158860096,-0.938138022713799
"605",-0.667955295210716,-0.155520970084838,-0.263508858676857
"606",-0.618288700643413,-0.233429517851613,-0.192471131816088
"607",0.522487911928297,-1.5248778120198,-0.581391558967975
"608",-0.619951926935533,0.455514886195068,0.838067045323142
"609",-0.94449434934224,1.00009396551437,-0.393477807748606
"610",0.693190582980335,-2.00229570130396,-0.398059359528516
"611",-1.05966726769724,1.04514101660841,-0.944932498864325
"612",-1.13862921014074,1.90386718604328,-1.0034441556309
"613",-0.708860385322065,-0.21027404110638,-0.590115809492584
"614",0.645083101328203,-1.74459696305635,-0.330638455312881
"615",-1.00713558706784,1.11581378172294,-0.645771415326981
"616",-0.103366541078497,-0.885367765822034,-1.19162176187755
"617",-0.41091259795626,-0.63688167461196,-0.688674055454962
"618",0.427186074601081,-1.25609663322673,-0.395968210769965
"619",-0.782492175364201,0.5875414102935,0.140334316022706
"620",0.044247922907321,-0.83064000085558,0.0275138184766053
"621",0.391828691888845,-1.22494713543064,-0.472025977812313
"622",-0.944888558952318,-0.213984558642504,-1.77895362195464
"623",-0.833879103005262,-0.317067205007538,-1.49036409485392
"624",0.388081814689235,-1.19651174195895,-0.392913887520137
"625",-1.02357157266558,1.82159335870075,-0.452502162611082
"626",-1.35119006732424,1.25250599794735,-2.30105540832627
"627",-0.898228405401188,0.843628470179127,-0.254701815984814
"628",-1.20556706814767,2.60318272677882,-1.17205114281536
"629",0.0203099977984571,-1.4784213858132,-2.99886757794695
"630",-1.03303063812969,0.253627522465256,-1.43960982145604
"631",-0.989747391277525,0.967333337204433,-0.63808983319422
"632",-0.850947786375936,1.65618107035391,0.357643002882867
"633",0.816646366377182,-2.33389139975092,-0.0640714664043521
"634",-0.951224613139708,2.23382967615018,0.020006232491849
"635",-0.8453229997688,1.85122289263428,0.447652512265324
"636",0.714435459882018,-2.56344578537152,-0.723320183036482
"637",-1.18830577604025,1.54512044503824,-1.36810448631523
"638",-0.853265046591751,-0.170438104846861,-1.2221999675607
"639",-0.216311826280597,-0.647794098923813,0.218586790127936
"640",-1.29618262030565,2.15040083901806,-1.72509975954733
"641",-0.901694227221221,0.85430556645553,-0.265298458862051
"642",-1.09208832262706,0.638709394307297,-1.36718244669493
"643",-0.348621629024853,-0.757466882396689,-1.2369127502337
"644",-0.811238378863577,-0.371760632811953,-1.54121048379486
"645",-1.03563255097162,0.75646821911195,-0.999227552177936
"646",-1.03383852107072,0.532538888099305,-1.1623396309801
"647",-0.617612706547507,-0.364239466590953,-0.54944929020882
"648",0.413277904352507,-1.43633118648253,-0.942985553361378
"649",-0.764821930106585,-0.0111793060768873,-0.473669128864886
"650",0.492786461012028,-1.34954366175748,-0.335371221491349
"651",-0.968801909994006,1.25653834867137,-0.387300780368814
"652",-0.914473417458283,0.920279977865227,-0.288995224821446
"653",-0.746826046777548,2.22367076715134,1.0395758852906
"654",-1.28787304896246,1.40291112430078,-1.92040474927387
"655",-0.869768879817879,-0.0116196380969178,-0.999150718702997
"656",-0.857576035179028,0.957054861859193,0.0169036033344998
"657",-1.23324642115453,0.527536014722876,-2.16369106335809
"658",-0.835164448952335,0.071409523841467,-0.693454449577126
"659",-0.776234176417491,0.0347565961157731,-0.455417950197033
"660",0.52619482877213,-1.88919418120885,-1.10992536328976
"661",-0.597657336087305,-0.15059343993928,0.0984235583420612
"662",0.586967431962201,-2.03260022843776,-0.959482897777487
"663",0.818057983350235,-2.14809742675699,0.0894129317144107
"664",-0.93349254807329,1.17713549479623,-0.24753405499391
"665",-0.169501703609948,-0.761787244272552,-0.378593863468681
"666",-0.145434861884146,-0.77888645842525,-0.411290662644482
"667",-0.614579023569753,-0.517972559658368,-1.10166166686063
"668",-0.903399788327653,0.661325024662494,-0.406509460358195
"669",-0.93304799795529,0.457779650951648,-0.725300029043506
"670",-0.674765572017569,-0.389615166987914,-0.916422375087274
"671",0.682148500508368,-2.7078592700464,-0.963701050553762
"672",-0.990451728023748,0.980256907337854,-0.634312511524989
"673",0.49150273663602,-1.23013015296996,0.00913191504148517
"674",0.140853659033696,-0.977521879844733,-0.613126908563279
"675",0.111425128126762,-0.935148086714976,-0.486802314258136
"676",-0.751203650837196,0.283419017091232,0.00413993841603875
"677",-1.02505901369446,2.29083557609397,-0.335818755382591
"678",-0.43390217735402,-0.704255916620233,-1.24471304925144
"679",-1.2302830184804,1.23854675412609,-1.70284289308785
"680",-0.672266812270746,0.194706838902828,0.29183163748149
"681",-0.14865841005565,-0.710394562574725,0.136737476431038
"682",-0.366041980733354,-0.813730633142579,-1.85582756009307
"683",-1.25221054471647,2.80067183262922,-1.36848657739888
"684",-1.32623876262871,2.05545555126096,-1.89970987277519
"685",-0.949111257452582,1.72974194979242,-0.108914926997846
"686",-0.835671797744764,-0.0472723594554775,-0.890803669673076
"687",-0.635053439397217,-0.398171114924424,-0.746213388320716
"688",-0.676530405883121,-0.234849201904983,-0.48713909640214
"689",-1.05991558222678,0.3150841893929,-1.50398129966923
"690",-0.676594793720808,-0.253935255393165,-0.534835000961558
"691",-0.183946520852171,-0.820555288139404,-1.01443496142846
"692",0.205607172272917,-1.11553527637633,-0.9907207577042
"693",-0.352193691793588,-0.421417741277417,0.588430924406441
"694",-1.21581960586396,2.00405239001429,-1.36135975373437
"695",0.686859178689009,-2.56138229143332,-0.860001531323303
"696",-1.07621302947241,0.394949368287219,-1.50178137421309
"697",-0.967516471059879,0.268393822581343,-1.09472323851814
"698",0.628139969780705,-1.97119850181554,-0.691091389045459
"699",0.650579671114644,-1.29343863009272,0.608302773781692
"700",-0.834380223025317,0.173542501609587,-0.546095133898545
"701",-0.949566440231076,0.537423293804235,-0.73679138952342
"702",-1.08399911750801,0.423646230506463,-1.51247645016055
"703",-0.936313535261797,2.30097837433027,0.11023979950818
"704",-0.518568250197163,-0.428772077456946,-0.269473507370262
"705",-0.446347338928299,-0.407824929385273,0.164712807878072
"706",-0.9314191596355,1.38770727665261,-0.144292257479621
"707",-0.737343862652129,0.00499480634879816,-0.309181090595632
"708",-0.432376147531811,-0.527170984618026,-0.231272985043286
"709",-1.24412189386162,0.565058454602143,-2.18627575102142
"710",-1.12471259312761,2.40564526815478,-0.808433754022451
"711",0.461145883167184,-1.48674780231167,-0.811954076642312
"712",-0.937559552485127,0.715592288462599,-0.537498095725269
"713",-1.12743052934524,1.35940270674335,-1.13599502067401
"714",-1.20683063056394,3.41497194447017,-1.04664408817374
"715",-0.812852278848472,-0.0191640358193774,-0.727440120252231
"716",-1.16236812908921,2.79385803969499,-0.920485238411174
"717",-0.285773196598883,-0.767739635167655,-1.01221261208081
"718",-0.936205301531268,1.04765714901342,-0.326286221456724
"719",-1.00418296027145,0.282664513333884,-1.26161773029517
"720",0.315822937324131,-1.19454768905429,-0.747228468061412
"721",-0.157489505598368,-0.786491615325812,-0.542581711101152
"722",-0.993807091440206,0.318349362603168,-1.16986084735662
"723",-0.715420021268196,-0.0628559678828657,-0.317781626567214
"724",0.504968891045604,-1.73826506807611,-1.02228482540242
"725",0.64385834623198,-1.6112258470588,-0.131013341680351
"726",-0.816641408949997,0.424201479818012,-0.175150566801159
"727",-0.280801634731562,-0.72101105034516,-0.603447642832107
"728",-0.856130076235316,1.77033120120251,0.368887969998147
"729",-0.324940399818095,-0.52299472485524,0.324461855447519
"730",0.342353401051095,-1.16186249786529,-0.49392304413601
"731",0.864443312576217,-2.31663330019354,0.187396206402618
"732",-0.95818641582473,0.782954051495254,-0.594026747720467
"733",-1.01615082484861,1.43247904760433,-0.550012075650146
"734",-0.155581672690231,-0.90921777326472,-1.63669375927822
"735",0.819769932974536,-2.11549616956195,0.126701592763089
"736",-1.02968458923103,0.377031989634655,-1.28724271141884
"737",0.385849632431035,-1.06394031416426,0.144259130141065
"738",-0.437605879852925,-0.594571047703153,-0.585063731662239
"739",-0.890430660980055,-0.339542525158754,-1.83839770094127
"740",-0.741253821086333,-0.0833902257086971,-0.485214176324384
"741",-1.21319933829775,-0.271482814820434,-3.26288479787731
"742",0.831916674232751,-2.03652350297265,0.261415510312197
"743",-0.883553810346801,0.119853247137175,-0.86488986825981
"744",0.632964547124153,-1.67027878602774,-0.281406530223907
"745",-1.09072516791359,0.803263961504396,-1.24323932435101
"746",-0.923970735741963,0.984670937333738,-0.299433052682773
"747",-0.895029778166165,-0.125245362695982,-1.33604189474809
"748",-0.496258549911624,-0.683933752247133,-1.41412723096108
"749",-1.13099739224894,1.1518681188184,-1.24725091752864
"750",0.440979854507431,-2.07767506614859,-1.73262384836247
"751",0.848650044973613,-3.11176513050461,-0.30943748327565
"752",-1.18776775058637,1.00064937797372,-1.6095381664376
"753",-0.795229239703114,0.701191853034882,0.163794151071089
"754",-1.14096094748756,3.363528678475,-0.724298156277926
"755",0.943716285879657,-2.29859688063363,0.597033616706344
"756",-0.597442651669603,-0.544090090895988,-1.13373537406754
"757",-1.15469529224582,1.11868669459744,-1.38213018094925
"758",0.500436861911658,-1.23355122543936,0.0425425972846679
"759",-0.671294390909078,-0.0803996072853342,-0.129767635289252
"760",-0.867013466240584,0.646687158414351,-0.235685659485861
"761",-0.913268365340873,1.32335181996618,-0.0803736739224059
"762",0.140448270224336,-0.940429719452792,-0.37764985639216
"763",-1.16778900934246,1.95807046925123,-1.13386411758317
"764",-0.914863281724572,0.408562075729046,-0.68152432116897
"765",-1.03548239881378,1.09409835197574,-0.79849739621904
"766",-0.655449994891658,-0.508517438728315,-1.26517673242365
"767",-1.22403406630823,2.14053617409431,-1.36682325982424
"768",-1.16652053973377,1.00185986527554,-1.5026342933622
"769",-0.973442644929107,2.16115947177635,-0.108725884812301
"770",-0.468003852062597,-0.563890270845653,-0.580991970509016
"771",-0.768648640661144,-0.0881921438746886,-0.631315051494568
"772",-1.19556023864821,0.122601371107868,-2.42106055564662
"773",-0.571197443187185,-0.569526113872863,-1.12471393133223
"774",0.267504385442041,-2.15169640239289,-2.66646563675555
"775",-1.05925290696593,4.07610914233353,-0.230567500404488
"776",-0.833903571630793,0.443305986570604,-0.24317511971724
"777",-1.300368899723,0.492545601822043,-2.53011400457289
"778",-0.703038618150024,-0.418763276163805,-1.15649826523147
"779",0.656037403329963,-1.73409017228814,-0.261015690326366
"780",0.923951728818252,-2.98165268798715,0.118698747288487
"781",-0.992223035860813,-0.00256481987568268,-1.59616152491626
"782",-0.752217891629101,0.740657372050433,0.406901935456186
"783",-0.0157841398828164,-0.777257204699225,0.251934162846395
"784",-0.766398832949226,0.590688880076469,0.223351480724341
"785",-1.22948650110661,2.64487808006591,-1.28358020391874
"786",-0.775343080314533,0.666152810706129,0.237402327006349
"787",-0.174437311144517,-0.637977311031138,0.487191906726277
"788",-1.18469689066407,0.913264750884133,-1.64427599276363
"789",-1.23894522174869,1.98747493413967,-1.48151093738252
"790",0.406238734244608,-1.34869054933144,-0.765877575876947
"791",-1.10128210084731,-0.138465658152131,-2.39435874168612
"792",-0.88760048250299,0.620331940427592,-0.35903507557565
"793",-0.939628729381266,0.113008712706047,-1.1549447018987
"794",-0.273454072294466,-0.663454632073067,-0.165095390370303
"795",-0.573598768243198,-0.362145529115621,-0.322863759898411
"796",-0.806975388075902,0.17075628418955,-0.412729297556269
"797",0.277464633621614,-1.23418738040434,-1.07440356968841
"798",-0.9475817752722,0.36769888044534,-0.886307842316155
"799",-0.958768072921425,1.15576013494912,-0.384210263197039
"800",-0.985201284215184,0.250655123084056,-1.20398713947652
"801",-0.777216463455028,0.574344708844436,0.155928783158201
"802",-1.02275326279293,0.656510421393327,-1.00691251277905
"803",-0.0287254947250604,-0.910320069661816,-1.01058698419593
"804",-0.855470519571927,0.673993344054076,-0.157379218916011
"805",-0.735301660235524,-0.606022151935408,-2.13506424815546
"806",-1.06570963003082,2.18610233787152,-0.563923893615237
"807",-0.933817429654757,2.20855533949021,0.100987958515823
"808",0.0927675782859146,-1.03157951555081,-1.15843168739393
"809",0.627874890024085,-1.60025451439749,-0.192173087829751
"810",0.556074602551333,-1.84178185894979,-0.903657289810105
"811",-0.919943504307811,0.622710296839568,-0.518885619191445
"812",-0.989779997076529,-0.0200204942192303,-1.61354921029998
"813",-0.693995218583317,0.0267465219293358,-0.0569954492368326
"814",0.398790458373139,-1.1009014389412,0.0385604644849404
"815",-0.177818499995013,-0.662059927088876,0.321987109856408
"816",0.26744611889282,-0.914995189747744,0.435911643694525
"817",-0.842741904718092,0.130167397243756,-0.646411487013647
"818",-0.860975565181641,0.231187789986873,-0.606265490751442
"819",0.631709527614596,-1.79291771771468,-0.463174247160988
"820",-1.07728836371433,1.04616936362737,-1.03249143290886
"821",0.49433495294598,-1.37378085125103,-0.389610906231521
"822",0.387882967467339,-1.222639559293,-0.484031286556244
"823",-0.849723882428587,0.18314755505297,-0.610303436917483
"824",-0.628443750471129,-0.0392411743473545,0.159627667353238
"825",-0.834992645766158,0.194885913317957,-0.521569222357767
"826",-0.623286626157722,-0.15025158553574,-0.0290015875821856
"827",-0.969845492549396,1.40910323707734,-0.327778813549161
"828",-1.16728536028166,1.21444571079615,-1.3989326442999
"829",0.411516515099734,-1.31537619358833,-0.649476538283261
"830",0.151990585154499,-0.992826717801085,-0.648366619421265
"831",0.796590237970258,-2.49418998819209,-0.271054407573839
"832",-0.756850754491494,-0.158078916892553,-0.713440945814576
"833",0.143238514295128,-1.03817960363947,-0.940372650027776
"834",-0.779466310307999,-0.0944944370309324,-0.697487344121442
"835",-1.07850275570543,0.461033193233849,-1.44954711851504
"836",-0.47713024627351,-0.602336475446563,-0.824201555891009
"837",-1.12853525869455,1.7438021482952,-1.00152914948241
"838",-1.00125884581415,1.8629341462907,-0.328549515701386
"839",-0.657168929558096,-0.192513800906648,-0.290799443544763
"840",-1.59256646510035,0.285970452687116,-4.1997680223553
"841",-0.0708827613292043,-0.874876497479596,-0.943693649521919
"842",-1.15976082791985,1.23312837998675,-1.35270452096277
"843",-0.726007883240138,0.326976794970172,0.178522367585163
"844",0.765680879082318,-3.19386235900796,-0.754497170448261
"845",0.0310889330301589,-0.981331491824346,-1.18494719209787
"846",-1.1544886796838,2.85745552353039,-0.869939700631182
"847",0.561873721938677,-1.61009245400027,-0.539012909729266
"848",-1.25997901604772,3.47781735709296,-1.30403374474722
"849",-0.844167736424696,0.336744300220303,-0.401764775558665
"850",-0.729336613234058,-0.0641145431678795,-0.389674812254814
"851",0.507833551902038,-1.47219805170009,-0.548189116026047
"852",-1.19342786631058,0.777788196899642,-1.77370390609514
"853",-0.981539457701127,0.310194391659077,-1.11748518206372
"854",-0.825535182231008,1.13598666284584,0.272270052054642
"855",-0.33497270514571,-0.421316938200297,0.674889816113819
"856",-0.899615143565591,-0.105321247895804,-1.31927512879934
"857",-0.695726076559776,-0.120453989541465,-0.329860873319423
"858",-1.04811718274781,1.75310050710898,-0.596481373179932
"859",-0.894443170441901,0.494093037553519,-0.499098138645034
"860",-0.732234730780421,0.336603154424661,0.157749210899107
"861",-0.896444034096208,0.986547627804398,-0.160750300866843
"862",-0.97938792676548,-0.255645857632924,-2.05312687459103
"863",-0.956972382194355,0.558210639662392,-0.756237331324807
"864",-0.837020516889944,0.435046040454067,-0.266618135776381
"865",-0.832532949814106,-0.103533735346976,-0.980364763137902
"866",-0.949612543668964,1.37005046362974,-0.242495692184232
"867",-0.669046981460336,-0.249573782851499,-0.486126091758764
"868",-0.590017052813947,-0.0130556830178065,0.397169355377148
"869",-1.08020624498022,1.05037745678104,-1.04484918891696
"870",-1.12235491592231,1.13827916474097,-1.21069798410064
"871",-0.752351175719134,-0.0704971103633279,-0.516533052878466
"872",0.842274664389301,-2.40586174300723,0.0141848332488362
"873",-1.09026721038853,0.135560993972934,-1.8765773678291
"874",0.695457982308758,-1.6217884957619,0.109213049790809
"875",0.492003553373863,-1.42995578186944,-0.534992432371474
"876",-1.12426573781104,1.88297521983256,-0.93769189784356
"877",-0.977492917089217,0.678139288796788,-0.764413084976462
"878",-0.966258431964442,0.503720968584823,-0.849595236312123
"879",0.537237203711907,-1.25642148142174,0.153270376607292
"880",-0.651736949856661,0.0296371970412697,0.158922191950116
"881",-1.22078194371363,1.17753203217935,-1.68379162475891
"882",-0.690708623910395,-0.118675995834561,-0.301207066420827
"883",-1.01462768693017,0.0437649735299216,-1.63319608739848
"884",-0.935148800381528,1.28978702959189,-0.204290010019357
"885",-0.764251725439017,0.212316664894288,-0.145891205564367
"886",-1.05356327425902,0.86801976400813,-1.0160910351049
"887",-0.838031491572005,0.819776481335635,0.0310041009274917
"888",-1.01866555945695,1.5585888237705,-0.515020786341783
"889",-0.887687439097039,0.217883694086353,-0.756154484690243
"890",0.417853543190578,-1.59586065242203,-1.23468084160369
"891",-1.12182845482068,2.36388431533294,-0.803160806455164
"892",-1.14258232229104,0.766017532024074,-1.52744566126708
"893",-0.977177332612858,0.611039736143461,-0.81424738742527
"894",-0.61508761682576,-0.210497917717211,-0.121775105295132
"895",-0.674935241977109,-0.362999065029598,-0.832198811494205
"896",-0.870540295627908,0.195320911794289,-0.698753097937936
"897",-1.06417344692142,0.566063436635542,-1.2856990698748
"898",-0.650736099922181,-0.224800455285232,-0.3338679804098
"899",0.78934661200273,-2.30404274696559,-0.178846996151499
"900",-0.986278950834405,0.878572103614789,-0.673160084675572
"901",-0.787531231581114,0.168093346579961,-0.319017490270319
"902",0.213769579252159,-1.01923529182182,-0.487662891537904
"903",-0.965876974538428,0.278139468789813,-1.07526896317713
"904",-0.0767771114307682,-0.783365870612363,-0.109602672864896
"905",-0.647926363246826,-0.335506430013419,-0.613942148431261
"906",-0.565585633610175,-0.4144315309571,-0.45417698121204
"907",-1.12579490827156,0.473879336877093,-1.67416256322146
"908",-0.992888971988168,0.357616615034614,-1.12330921130865
"909",0.3964017528878,-1.14110333597446,-0.142366648299274
"910",-0.999200428128886,0.508682749043761,-1.00991849960769
"911",0.0209180846154824,-0.975917647893474,-1.20304691714622
"912",-0.80129416382464,-0.151422345132381,-0.921511250517171
"913",-0.712420603876596,-0.0150951993817156,-0.218321412914203
"914",-1.03051198714392,0.276686134524827,-1.40011418422351
"915",0.598552071785927,-1.65330544068744,-0.426734651298855
"916",-0.847747572256922,0.178502576033655,-0.60645212599142
"917",0.574924617984301,-1.80328352055508,-0.760647816869209
"918",0.689476817289115,-1.60814122890456,0.102321731327015
"919",0.650578447627511,-1.60683298024555,-0.089939284979781
"920",-0.659416714286673,-0.0401682994543612,0.00312198453322943
"921",-1.06792662893031,2.29980968468646,-0.548093614338164
"922",0.701311084527356,-1.74682231429236,-0.052616991253876
"923",0.353898208582153,-1.22270339352244,-0.654169231720706
"924",-0.698251443228495,-0.166648678976202,-0.438890349899523
"925",-1.0609955817696,0.71558946345234,-1.15468026026296
"926",0.113846901034176,-1.05401885257531,-1.16728881742135
"927",0.150661861207528,-1.01021041424511,-0.753742967464858
"928",-1.15081124945975,0.739738450496371,-1.58670598301894
"929",-0.68685329725972,0.475087637746415,0.521651101839317
"930",-0.94392171704708,0.534901521405499,-0.710727212137281
"931",-1.07570702859319,2.2136565190285,-0.6072311979651
"932",-0.994430505855113,0.425110545293749,-1.06321702985844
"933",0.195522567994906,-1.03667981960292,-0.671210780844583
"934",-1.04697409261177,-0.0953945819201186,-2.03676204761269
"935",-0.938186141447024,1.08599265246687,-0.316169168038455
"936",0.495059563037406,-1.92159950314663,-1.30259564370983
"937",0.755086123382495,-1.79255734224839,0.154183086043342
"938",0.649630938580017,-2.03396693068786,-0.647507715275691
"939",-1.10363509193832,2.80398026059275,-0.625022871335358
"940",-0.979651438677433,0.807577641383834,-0.68503996485057
"941",-0.884883399770674,1.40256909561823,0.0944057349776798
"942",-1.2159969028532,1.26510868056081,-1.61943915736487
"943",-0.338524775688126,-0.855904607124517,-2.11953778663454
"944",0.94438421458727,-3.74398646079563,-0.026627557885608
"945",-1.06207238132087,0.0475586810706874,-1.86449847748823
"946",-1.18354370534066,0.352287868781073,-2.08216402548148
"947",0.726626398706822,-2.29643964205332,-0.486812566770242
"948",-1.00428467402786,2.25735251266265,-0.239735536632682
"949",0.648912535516712,-2.2845956597704,-0.866518392646719
"950",-0.508481666116323,-0.434997481854736,-0.241401285844497
"951",-0.92750713531452,2.12004658079207,0.110644042260802
"952",-0.301014545242999,-0.559989937535084,0.2729317275591
"953",-0.577983346259049,-0.461367297414213,-0.6870786506336
"954",-0.436743592919596,-0.54936739196522,-0.354960316668175
"955",-0.89876712363576,0.272729308638245,-0.745952122045665
"956",-1.19567501842845,2.06707403198702,-1.24384147394461
"957",-1.17857504947831,1.25794260429442,-1.43553612627813
"958",-0.0972068062014611,-0.887765517051465,-1.17996026396212
"959",0.405691108359998,-1.38114537530282,-0.851129383459901
"960",-1.03987629289091,2.98669856043349,-0.275228310063122
"961",-0.990355945598854,0.905276001145721,-0.677343901024126
"962",-0.697569803547021,0.56924183144281,0.549952463654249
"963",-0.99216687340162,0.269635997950714,-1.21653295764127
"964",-0.829424100520641,0.621871081874108,-0.066946009396842
"965",-0.61310515614455,-0.297817516009711,-0.332792256047367
"966",-0.789775265797193,0.016411555706554,-0.552595430661719
"967",-0.0878486116916433,-0.81324695500426,-0.459899033570864
"968",-0.897622363293998,1.13356609346753,-0.0893619071976874
"969",-0.712755056727957,-0.466489621699458,-1.3806819419986
"970",0.597598085329197,-1.44124948548319,-0.0323598406147939
"971",-1.06080206881811,0.44070244574547,-1.38013674425248
"972",0.573892168441622,-1.46096144920302,-0.193969343080145
"973",-0.886824924076869,0.5466729782558,-0.415212154557886
"974",-0.905350884157909,0.259867597417129,-0.793854986817245
"975",-0.776075770663245,-0.303138491515855,-1.16229313529286
"976",0.332156176820796,-1.03700901753244,0.0102554230091927
"977",0.572542069585221,-2.52904641674682,-1.41249566633493
"978",-0.101330514731885,-0.936934050581482,-1.56280481224166
"979",-0.316137627907169,-0.598445528211754,0.00167000310233831
"980",-0.997971914509913,1.13403791241355,-0.590876345182739
"981",-0.782703120999531,0.718640553095063,0.238958461081701
"982",0.0375390143572588,-1.03218971595937,-1.43777007313308
"983",-0.0625254155688762,-0.935788327622919,-1.36094475921337
"984",-0.989444573952515,0.447052761295864,-1.01733929376028
"985",-0.0321900921407607,-0.986871601045791,-1.53435077349392
"986",-0.320049403855305,-0.712881352569929,-0.738596717720022
"987",0.55680144598064,-1.35837615120963,-0.0382025600521478
"988",-1.2603119219142,2.18845488798553,-1.53636099203365
"989",-0.940780784644519,0.808740802497731,-0.489925339241529
"990",-1.02102320275255,0.784081777730847,-0.90745541644915
"991",-1.05069994376876,0.127809397857032,-1.68948040970176
"992",-1.00665459931466,1.91709355192479,-0.339771412546583
"993",-1.17688870242954,2.17972891953839,-1.12137912813993
"994",0.767698943353305,-2.63089990717291,-0.495078168712065
"995",-1.05058932516785,2.12692611838305,-0.50302514822001
"996",-0.52611512694016,-0.388911578448422,-0.170861015444685
"997",-0.794106168356864,-0.114169276078038,-0.809200359410264
"998",-0.909526947492021,0.785119734611961,-0.349279698239619
"999",-0.922343213297347,-0.316714725167947,-1.93168342294323
"1000",-1.10075425174896,0.638141488317286,-1.41094979778399
