"","x_pa","x_child","noisetmp"
"1",-0.585417303054425,-1.78359685849019,-2.20214934083865
"2",2.25467121253863,0.372303473807415,-0.907018602244301
"3",-2.24964566974884,-1.53180567561978,-0.306609924485567
"4",0.949793969350362,-0.969189225244611,0.156934732314905
"5",-0.754925177924632,-1.39742706095155,-0.177735317838935
"6",-0.460263890039477,-1.33807332905149,-0.0502250216041328
"7",-0.92692210900785,-1.44152139174014,-0.312412073245911
"8",0.512329601584765,-1.29300876725673,-0.719677486916383
"9",1.75881130306466,-0.296493030957904,0.157078305578193
"10",-0.629344392993033,-1.55065706439056,-1.01226602920518
"11",-0.701809209883696,-1.2263502606546,0.649357382211418
"12",1.39650090926697,-0.942155468797743,-1.01451319115929
"13",0.966027564811707,-1.21395090994513,-1.10198954209442
"14",-1.4017095719453,-2.0518144360256,-3.16514507402429
"15",1.06342125835365,-1.12053875900374,-0.860997967830249
"16",1.05990753894558,-0.816012716744103,0.670279428550849
"17",-0.148482369243346,-1.43594533859913,-0.757925466365376
"18",0.965291505585156,-1.0389197510117,-0.225226610972869
"19",-1.86340414336673,-1.51494424736328,-0.327919130506711
"20",-1.55304578203014,-1.59062034192472,-0.805336710314607
"21",-1.9177720101136,-1.51356391851283,-0.305063210534935
"22",-1.98743363060452,-1.51424460427737,-0.288574843059786
"23",0.148273627515453,-1.52356444370503,-1.45502887462631
"24",-1.50681402715523,-1.37741757741765,0.244649159827998
"25",0.552522559728053,-1.36822757581022,-1.15087307026661
"26",-2.85574809662021,-1.64983859951636,-0.761080344787303
"27",-0.741480540883701,-1.67314395574597,-1.56339630163845
"28",-0.244968247068623,-1.52767898087431,-1.14394487272445
"29",2.17935408915751,0.532999234900623,0.356185185898299
"30",0.354932206625822,-1.40370879507708,-1.0762309774026
"31",-0.693556454705898,-1.57152331449275,-1.08098501445422
"32",-0.199814957283267,-1.51963807781591,-1.13711924043654
"33",-0.261678593162862,-1.23143078570905,0.349383670106379
"34",-0.662075323784237,-1.52799369128387,-0.88062227674601
"35",1.80599444824012,-0.416675266895757,-0.846619514769579
"36",-0.997670744997064,-1.27539231402831,0.551155105909077
"37",2.89808658997161,0.907765509300862,-0.467308048433219
"38",0.380731992627003,-1.50370241617939,-1.60658336986293
"39",-1.30233431737205,-1.59885046132426,-0.937938383652838
"40",0.374329736842049,-1.2393463120168,-0.277197779365877
"41",-0.845102921329728,-1.58971996648603,-1.09315519729345
"42",-0.824916580306569,-1.69627573373323,-1.63603166836842
"43",-0.0270387695014228,-1.36441313145025,-0.499236817631211
"44",-0.478909243159001,-1.28657881114455,0.218912088632625
"45",0.566025999838373,-1.48705682651396,-1.7640157760329
"46",-0.746261659106201,-1.47946403263034,-0.592473692188644
"47",1.79203695986718,-0.436185037430468,-0.82022951957069
"48",-0.197381096444039,-1.63406922649354,-1.71110458097574
"49",0.661247803822344,-1.19387611607618,-0.439509143880964
"50",0.968878986212112,-1.05766560571068,-0.326802447541637
"51",1.39246568713923,-1.0569539925573,-1.57244218860797
"52",-1.30051983836562,-1.4010427629483,0.0503956029983891
"53",0.775229071501741,-1.22554205585947,-0.786298628461719
"54",-1.08687118823462,-1.63890058093934,-1.22666980627445
"55",0.0303271887274103,-1.36252074053779,-0.539755720757571
"56",-0.560457854845459,-1.40952470587898,-0.346408422502781
"57",-0.663244726025863,-1.48434819506631,-0.661746780631464
"58",-2.4521957022074,-1.68163990549177,-1.00682543649119
"59",-1.0506317112126,-1.57804007003665,-0.938269962120184
"60",1.73097072775389,-0.338902399769985,0.162613412502746
"61",1.83763870563276,-0.429884789402508,-1.21006366517218
"62",-0.953303352108741,-1.37481790972098,0.0335339192722265
"63",-1.51303715762924,-1.57935699661821,-0.762869566230881
"64",0.181307540643187,-1.14778715102409,0.391124722977869
"65",-1.05196362003662,-1.42177892438833,-0.156374203730139
"66",0.776823367494186,-1.0904492080993,-0.113635844450833
"67",-2.43329641920463,-1.5923175232479,-0.564615366426237
"68",0.156439823091427,-1.61994265907007,-1.94493000571386
"69",-0.222209823168881,-1.24498064314274,0.252855615139599
"70",-1.61497421336299,-1.48538562691355,-0.258241838318105
"71",-0.885054872101976,-1.58787798056641,-1.06430346685475
"72",0.985132453680524,-1.18801903461303,-1.01455104786213
"73",-1.26083697046718,-1.57074144625062,-0.81367022864753
"74",1.17473521487029,-1.07174949747926,-0.912776036716956
"75",0.971562950095643,-1.20289131643671,-1.05882373625647
"76",-0.799434642657832,-1.43410621133174,-0.338100958558459
"77",-0.946679601465842,-1.65972973904383,-1.39412847934277
"78",-0.275764061007249,-1.68737857839441,-1.92027485527936
"79",0.751325366187474,-1.34442850014304,-1.33930139259316
"80",-0.732654332957889,-1.37826733577591,-0.0936896980958689
"81",-0.595474009834429,-1.3665848413137,-0.111262773070722
"82",-0.675768623060019,-1.50650214570184,-0.765605360183113
"83",-0.70203381105489,-1.60137160299543,-1.22562779419369
"84",1.09472680785557,-1.06287627245632,-0.651487934520787
"85",0.489849732952022,-1.29992746028808,-0.724359977753565
"86",1.70015743536515,-0.643764700211894,-1.13625940739429
"87",0.752424374597727,-1.35056045933937,-1.37184269534637
"88",-1.00752779603208,-1.54828095680999,-0.808803236793463
"89",0.40550217748704,-1.42950142705323,-1.26541668233423
"90",-0.411802256717897,-1.48999729967261,-0.840833769743645
"91",0.934903329257114,-0.95215046385956,0.273743990891291
"92",1.78152438626423,-0.770004384645217,-2.39870559945711
"93",1.44056354465175,-0.689131042665436,0.0680415807976725
"94",1.71920244451671,-0.39271791319311,-0.018541275716016
"95",-1.7988146219954,-1.40315260901968,0.211574846374813
"96",-1.3246845548855,-1.70106974051804,-1.44041006038112
"97",0.738664910791835,-1.07282622919946,0.0402260876683951
"98",3.21433016572811,0.912656093503578,-1.01141908621585
"99",1.56207938899828,-0.653990888992657,-0.338634040474621
"100",0.528451111425308,-1.19010618022803,-0.227011425647873
"101",-1.89592480382254,-1.5767564084428,-0.627390552329032
"102",0.852735851853544,-1.10007951228535,-0.301032942031814
"103",1.51347597810352,-0.757214695667446,-0.606450724133525
"104",0.441823559261776,-1.17001383600571,-0.0129594277817866
"105",0.19623881765307,-1.18220894804981,0.203927596105625
"106",1.2039960992804,-0.922369801277763,-0.251338030465377
"107",0.87552097132097,-1.23877902891681,-1.03869132539242
"108",-1.36222467449595,-1.36262090075164,0.266102539224389
"109",1.11604011198784,-1.22605478296426,-1.52290894472404
"110",1.76357084676077,-0.472664409972631,-0.762393695923868
"111",-1.58388713548797,-1.71463954046832,-1.41493649094357
"112",-1.04883079164765,-1.54075695111473,-0.752652848964607
"113",-0.261135819979878,-1.63827970105231,-1.68525132195435
"114",-0.852936314961307,-1.7825656357032,-2.05349673921562
"115",-1.22999850712181,-1.7000377046581,-1.47247493963694
"116",-0.254165950935154,-1.48609270701228,-0.929342870351911
"117",1.0524435272627,-1.24338570906442,-1.44834550467335
"118",-0.333185070094578,-1.38831228797211,-0.38484478689312
"119",0.470911890028332,-1.20581003572348,-0.229060681395266
"120",-0.957574046079328,-1.66446929777743,-1.41272827990551
"121",-0.0340455589751637,-1.42194876894141,-0.780958382318985
"122",-0.702659651303009,-1.19960889591133,0.783524306720743
"123",0.28291655357111,-1.11060289107991,0.470559480511304
"124",-1.34687431884709,-1.35715937599147,0.287608384062392
"125",0.272368080782489,-1.22392164631192,-0.0845504456478427
"126",-0.452594356303844,-1.30341375950295,0.118233662188269
"127",-0.409805657364789,-1.40629954211411,-0.423642982804652
"128",-0.0530500487037162,-1.53180577104686,-1.314244552242
"129",-2.20197658362359,-1.71281414870637,-1.22377175706224
"130",-1.23513292009874,-1.50294119146307,-0.484926916314848
"131",-0.794651088715897,-1.56305134174265,-0.985272914093312
"132",3.08897496609897,1.01818007766624,-0.281539285603111
"133",-1.69061326852816,-1.64543702098007,-1.03376137351582
"134",3.10311478527648,1.09897172647146,0.0982515921512022
"135",-0.998855756040556,-1.59897048022269,-1.06619526302653
"136",-0.997440648408887,-1.44904668154874,-0.317221715638566
"137",-1.20632911662549,-1.62900082368501,-1.12688389104844
"138",1.87234795803532,-0.279823749561484,-0.814957485613021
"139",-0.4333231536424,-1.26067554602856,0.319658054550104
"140",1.32959873711588,-0.757756659410867,0.160821059975264
"141",1.31241664948638,-1.01559288505244,-1.06748403868364
"142",1.00569454368229,-1.17159106198932,-0.978969842185392
"143",-2.14347208743858,-1.71734380637688,-1.26162594428145
"144",0.491797114487956,-1.33687070596394,-0.911642315068706
"145",-0.514046571459093,-1.47087938672775,-0.680986272451496
"146",0.354620919984262,-1.50553099226743,-1.58497959029746
"147",-1.10719086311367,-1.52123496920138,-0.629560363394694
"148",-0.530690080746255,-1.51894755507303,-0.911261944633912
"149",1.69050315220461,-0.471263715401801,-0.206200243224316
"150",-0.326990413820197,-1.30312420027941,0.0368449848055549
"151",-1.57779420306207,-1.52683940309771,-0.477997178072754
"152",-0.409265758004505,-1.40633178609547,-0.424155488440459
"153",1.35290342964467,-0.659135012468573,0.568720122140942
"154",0.952230318430019,-1.11785726215237,-0.59163203149043
"155",0.535116887850907,-1.2604556796522,-0.587890757772224
"156",1.44966728482693,-0.776555502050374,-0.408516134061625
"157",1.04824519581893,-0.962042885998246,-0.031447985910785
"158",-1.37850779399393,-1.67442691610892,-1.28682191732854
"159",0.674258376481887,-1.03109510083495,0.354000916946854
"160",-0.176889375962016,-1.41145215856914,-0.613549726110137
"161",-0.0379182128333956,-1.54562862386376,-1.39607891238139
"162",-0.341106846860438,-1.30650709540983,0.0295910385300501
"163",0.297384639434897,-1.21786297656469,-0.0816617194405136
"164",-0.508532263321952,-1.60440615578414,-1.35197852574867
"165",-0.701229524561018,-1.79379947474845,-2.18820244128069
"166",-0.799231686120088,-1.40043961464339,-0.169871627740583
"167",-2.11000226442469,-1.45705420679791,0.0309537174347166
"168",0.35111065473251,-1.4980763254824,-1.54362679479395
"169",-0.477957319585189,-1.31663164824474,0.0680557829243917
"170",1.60548874481418,-0.591254433814453,-0.266856698316458
"171",0.896780564765129,-1.14396633959039,-0.606885894830573
"172",0.260835951232433,-1.25823693221197,-0.243689710056848
"173",-1.44053444460888,-1.7101665760413,-1.44271099298088
"174",1.57890366203128,-0.823866558605419,-1.27937117830508
"175",0.958547752699012,-1.296315654722,-1.49754793081292
"176",0.373357084316846,-1.32972081463287,-0.727918699103629
"177",-0.517335480598339,-1.41548578485313,-0.402020824166612
"178",1.50744940154871,-0.651997108726607,-0.0510880167636724
"179",0.906335396591574,-1.05316943296242,-0.17223539975313
"180",1.64808949206041,-0.615200235467696,-0.645019690653223
"181",1.38596187396929,-0.88190192524945,-0.671512467685083
"182",-0.475497798615998,-1.49705377668092,-0.835586429344419
"183",0.711994957825152,-1.30426568755592,-1.07258118457327
"184",1.49521107961721,-0.83504378582941,-0.907838786840292
"185",-0.333097717136348,-1.52722592993353,-1.07947281278696
"186",-2.03841979464527,-1.52777509134507,-0.342045398460406
"187",-0.924042252677933,-1.87448342475194,-2.47859018564493
"188",1.48494920667466,-0.760395199398205,-0.486531113955378
"189",-1.82315281878188,-1.23610355653846,1.0542209472728
"190",-0.121296833711738,-1.43171826018172,-0.758183221588599
"191",-0.322743735334762,-1.33957718338114,-0.148344272171573
"192",-1.64725337196768,-1.58679864892026,-0.754642886507165
"193",1.44693286890858,-0.795680081376028,-0.492229756850204
"194",2.82507429594928,0.865106358869242,-0.51735225121935
"195",0.682734062752505,-1.09349571358432,0.0285641501802786
"196",0.965395139757324,-0.939478113113982,0.271755386733018
"197",0.888572512617002,-1.03249840895392,-0.0331079006991108
"198",-1.87660517803929,-1.66013183407716,-1.04994773928664
"199",-0.195903578762865,-1.45009945848782,-0.792367973263132
"200",-1.17990711767285,-1.63958058791677,-1.19063293256128
"201",1.55168893240137,-0.832772219966351,-1.17755763365098
"202",0.259802521265814,-1.24293943248024,-0.166093615153764
"203",1.57746358296019,-0.536424940139825,0.165772327965932
"204",-1.18434691935968,-1.43171533905522,-0.149472941044959
"205",1.56548206934686,-0.702289221871126,-0.598367420060228
"206",-0.403186734203101,-1.19723152647347,0.617381827261372
"207",1.01552210458961,-1.09817389451611,-0.634558305056143
"208",2.04177726211252,0.0263507850233512,-1.11773370089351
"209",1.38629742376834,-0.787989308303458,-0.203267109806373
"210",0.657807250563752,-1.32953621872609,-1.11246158647789
"211",-1.40053662172606,-1.54086618366605,-0.610836922725513
"212",1.66744850002103,-0.735094980503663,-1.36958203633079
"213",0.502782018113015,-1.23150637627037,-0.399384190539926
"214",0.21694306523432,-1.174415147768,0.22166442461756
"215",0.943783553141264,-1.1973872768519,-0.971226698540097
"216",0.558732593887194,-1.32397068284415,-0.938293865752178
"217",-2.31987198351264,-1.35399005475777,0.599896412963436
"218",0.712158414820224,-1.3163206707572,-1.1331243794941
"219",0.918746866547272,-1.28436142278423,-1.35363424997376
"220",-0.610860214006817,-1.37845953545204,-0.161792274693376
"221",-0.843704549273037,-1.49560091769688,-0.623255653070807
"222",0.462850376447801,-1.56216532095242,-2.00044930005884
"223",0.237400049258111,-1.30944240173712,-0.474813056160404
"224",-0.881631055111594,-1.53780602176958,-0.815609377601961
"225",-0.593243312864479,-1.67149513944724,-1.63710349774763
"226",0.320590640241981,-1.3722894983396,-0.879748967198509
"227",-3.16827778791094,-1.56592175694417,-0.282633818473636
"228",-3.10340906118056,-1.68328871099429,-0.881157280816446
"229",1.67200004731053,-0.956670744940813,-2.50761350564154
"230",-0.312429004039175,-1.58142937136002,-1.36474341230479
"231",0.462688666476585,-0.972897371330533,0.946098027598307
"232",-0.58906619779023,-1.59991232161516,-1.28160839969216
"233",-0.388727630277486,-1.53889680769475,-1.10043739227834
"234",0.568268494653618,-1.11855374158791,0.0753207129355038
"235",-0.533355437050408,-1.30167972927606,0.176679185980726
"236",-1.69731173918059,-1.44179519711072,-0.0134033392788146
"237",-0.479193071106444,-1.64251422140911,-1.56058848505038
"238",1.2879979585496,-0.943006393766896,-0.620740805502905
"239",0.817323498377383,-1.09398602364364,-0.204148600177151
"240",-0.583035462559841,-1.75984456646935,-2.08477319141292
"241",-0.532799147054264,-1.69335035874533,-1.78200809346479
"242",-0.633963737278684,-1.35798895039553,-0.0463166164830768
"243",0.863538705085595,-1.07550984006103,-0.198979115401273
"244",-0.532901693670397,-1.58276779325982,-1.22903366318748
"245",0.0882109124565486,-1.39492063124464,-0.754483960822904
"246",0.571277449593022,-1.64981260524898,-2.58525000642623
"247",-0.00182640154167385,-1.26915843652468,-0.0446604360835845
"248",2.25945668828453,0.521147573686178,-0.189740469068769
"249",1.63319283349102,-0.59022580676404,-0.427237972177188
"250",-0.850912807909346,-1.50132016281353,-0.648271725265299
"251",1.51827624600905,-0.644214332521823,-0.0649961509439578
"252",0.462674879855411,-1.31151230288839,-0.746958934388852
"253",-0.253733279308151,-1.415744759351,-0.577915969568794
"254",-0.922635398552221,-1.22277720885977,0.779271821594364
"255",-2.32003543811047,-1.49690053362984,-0.114615994621668
"256",0.674437261954574,-1.29931636822597,-0.987387738147253
"257",-1.61750560492175,-1.94015962470727,-2.53126965918045
"258",-2.76538391387313,-1.48933740303083,0.02313276580512
"259",3.10378220806626,1.07705500573196,-0.012463748250507
"260",-0.346152823869756,-1.33971659693046,-0.133025591172876
"261",2.23618444852961,0.419099538190491,-0.566555742983709
"262",-0.188381706223892,-1.31707846669105,-0.132943413435952
"263",1.65129361136937,-1.02708288539383,-2.72479072088497
"264",0.634187190438107,-1.16641027103364,-0.260616941956893
"265",-0.34993349288875,-1.48155343487797,-0.839646858387136
"266",0.23032706753396,-1.4896025988382,-1.36819399194329
"267",0.384387694526791,-1.18607971748467,-0.0228319350945052
"268",-0.0882138537211731,-1.46292092674656,-0.940810205819954
"269",0.103284584368422,-1.36472040008321,-0.617612314142356
"270",-2.46533620125421,-1.51431758240869,-0.167172548522078
"271",-0.0149693750292923,-1.48564233108456,-1.11571758430024
"272",0.602953973828246,-1.55963030722835,-2.1801326041602
"273",2.45744604358582,0.629697700175045,-0.577891855093519
"274",-1.23867128357448,-1.45876824331342,-0.262641972824867
"275",1.07368506569137,-1.05061258015711,-0.536851307006163
"276",-1.45844376681778,-1.44142682890001,-0.0925555334661852
"277",-0.521950270224033,-1.45067712649975,-0.575181905227856
"278",0.171429955982438,-1.30237850716608,-0.371951882462135
"279",-0.343203941621659,-1.45118078116121,-0.692350106848731
"280",1.44052000031395,-0.859535701926398,-0.783794555287642
"281",-0.508620015423718,-1.40317390752406,-0.345763747591068
"282",0.135420952852111,-1.33423580533571,-0.495885460419112
"283",0.0559727198115956,-1.32770292863645,-0.388734413091246
"284",-1.7416432371243,-1.56355199052313,-0.608131898529323
"285",-1.1208206631809,-1.60105546743808,-1.0228260517607
"286",-2.50245608612355,-1.6362712710125,-0.768434179438783
"287",0.752616579522033,-1.07442125340104,0.0085240510744036
"288",-0.411026363435607,-1.52486158506669,-1.01565940622304
"289",-0.296482052758804,-1.29795439541041,0.0414961339848451
"290",0.68418356725214,-1.11805028534216,-0.0965179154081176
"291",0.589541102446607,-1.21977992562583,-0.461315468028269
"292",0.309419453121068,-1.73956558761168,-2.70356994161445
"293",-1.54825446032721,-1.73292884763848,-1.5185238090162
"294",-1.91951290804983,-1.49428864209212,-0.20818227717915
"295",-2.35212325686978,-1.4766229596293,-0.00542923899475139
"296",0.660015785599545,-1.13992564378653,-0.167839547298636
"297",0.466415719892611,-1.29736358601707,-0.681025215449697
"298",0.943080317128119,-1.17723322040291,-0.868961420299373
"299",1.40615599371021,-0.747718419267766,-0.0811973318847676
"300",-0.345464680994185,-1.35204817668181,-0.195150686529462
"301",0.379600966523332,-1.24885239683581,-0.330986594510494
"302",-1.4047496785432,-1.40545029507655,0.0677970111005716
"303",0.762177507946118,-1.10839554726379,-0.177813136868016
"304",-0.416138357619293,-1.68655878407971,-1.82082814935666
"305",0.520660590051747,-1.28442385271063,-0.688000635477463
"306",-2.72700611317498,-1.40036004555552,0.460063443676423
"307",0.936228565824877,-1.03778254120292,-0.157207421271924
"308",2.31353931428129,0.376628063132375,-1.20031909642787
"309",0.148071979715014,-1.17481878599157,0.288896536259766
"310",0.727109652802031,-1.26425411775502,-0.897526873156092
"311",1.94430026575567,0.0922075007162321,0.20826012310588
"312",0.308517158824998,-1.13131784390331,0.338677901279323
"313",0.405860417963384,-1.45921082200195,-1.41440009515044
"314",1.32880787683992,-0.830833153754809,-0.201723794619886
"315",1.52565454041364,-0.666409930503433,-0.212570870968264
"316",0.222491790281105,-1.22891919217017,-0.056608346094212
"317",2.00410168179202,0.0764184069261543,-0.511827286117159
"318",0.747134110680298,-1.09389512405527,-0.079479347618287
"319",0.510544231481966,-1.51139577982924,-1.80921367654087
"320",1.90622042599718,0.0387193628893016,0.397759885474286
"321",-1.89931476290159,-1.53316560913406,-0.408444901821809
"322",1.37749414722684,-0.801672353917411,-0.237347106918274
"323",-1.31502676147674,-1.4510748320147,-0.194150333099163
"324",-0.947526812865635,-1.70782098268035,-1.63418713289465
"325",2.79446547654443,0.6926776307286,-1.30653019115744
"326",0.354027493180501,-1.25930154296067,-0.353141803430691
"327",-0.197552373700187,-1.29945622361917,-0.0379107095516824
"328",-1.77142931434753,-1.62564686412293,-0.909321952884278
"329",-0.316941616108426,-1.38119324709225,-0.360433713655119
"330",-0.112582493439408,-1.61035443509241,-1.65831181586223
"331",0.462535411790211,-1.08143416193988,0.403610771708635
"332",-0.550419145115194,-1.3556847774007,-0.0831538284588169
"333",-1.90302402934692,-1.65056830794642,-0.994375039491182
"334",0.102519237327177,-1.3946090042553,-0.766333847234877
"335",0.632299615922126,-1.43092539776514,-1.58033565771986
"336",-0.112385254459724,-1.33310413464967,-0.272218080327434
"337",0.41354915816355,-1.28771969077977,-0.566345676738977
"338",-1.76430673633605,-1.61327700311869,-0.84968127441841
"339",1.2570867976156,-0.689573185120792,0.748208784361376
"340",0.113483275852939,-1.29538801420734,-0.280606701240798
"341",-1.06297965422722,-1.38557317141834,0.0295182523066249
"342",-0.0425815833697989,-1.59882973418205,-1.65814893026146
"343",-0.846622312219585,-1.70725860369319,-1.68009311235382
"344",-0.0249288710775761,-1.42238474748648,-0.790894753307896
"345",-0.902287051215121,-1.54360828361899,-0.834620618750786
"346",-0.506645456341341,-1.24313873356965,0.453206732189013
"347",1.72689011411998,-0.325703908992285,0.259355618452025
"348",-2.05265723073815,-1.58056290649703,-0.602079602087757
"349",0.838722614438183,-1.16896929656617,-0.618883675763632
"350",1.96841132769643,0.119543978028864,0.0739899957508592
"351",-0.934935524687617,-1.78049453940492,-2.0034830636253
"352",-1.55884270718859,-1.97613927438409,-2.7309466828075
"353",2.08317632492572,-0.0522550689272411,-1.865362788734
"354",0.644784363947446,-1.11331519831485,-0.0112822568201331
"355",-0.0320319721856478,-1.5510365126071,-1.42810566976637
"356",-0.928360231575142,-1.29077297617883,0.442012288997201
"357",-1.35471180284951,-1.42678445319125,-0.057549166817858
"358",1.14434479593462,-1.10200223952328,-0.978871244707226
"359",-0.178472873621578,-1.5406238046114,-1.25819972587383
"360",-2.28339928861646,-1.65556413805543,-0.916963196371767
"361",-2.08070922484281,-1.48813703091046,-0.132325695806443
"362",1.3225451451848,-1.06473749247883,-1.34889700078837
"363",-0.92750676401657,-1.62844816249618,-1.24676848404336
"364",-1.32439216163114,-1.67827549658192,-1.32655104098042
"365",0.438937041222757,-1.15216916018062,0.0798934684086497
"366",0.620835135366345,-1.14060422118574,-0.111493795813671
"367",-2.31949771664837,-1.54162881280045,-0.338388946130761
"368",-0.482164479607666,-1.56230018304514,-1.15767267976714
"369",-0.557220976261578,-1.64541498113699,-1.52777261308184
"370",-1.38911806672693,-1.49676276804885,-0.394549378925773
"371",0.379821611480337,-1.39048442467766,-1.03940934218626
"372",1.71805824824711,-0.702581740651406,-1.55943447284525
"373",2.2021303711568,0.373951149805907,-0.585573526455465
"374",0.797939946220519,-1.27866670464965,-1.09229162765971
"375",0.764864077030651,-1.37712405827168,-1.52611303537173
"376",0.242914229703678,-1.3418963845941,-0.642898376390822
"377",-0.601352473907973,-1.56493120057074,-1.09960565966333
"378",1.29805971947683,-0.875524077598095,-0.31748818453578
"379",-1.15488933036432,-1.47900682856386,-0.398177756684177
"380",-1.84485648498614,-1.4929070403008,-0.223264824980745
"381",-0.366657539254858,-1.34028956367477,-0.122068107373118
"382",1.14152506244915,-1.01333569784705,-0.527813942979446
"383",0.0540043468948835,-1.36585739292082,-0.577719869203637
"384",1.25551894282332,-1.10497968318301,-1.32378410630015
"385",1.57544565767489,-0.71390358442615,-0.710538169185323
"386",-0.827899871342736,-1.50737677448267,-0.690037118448361
"387",0.334959463885652,-1.30842488488024,-0.576761046165292
"388",-0.0551578259468064,-1.46293999010562,-0.968155235199169
"389",0.887806940968096,-1.1385677790668,-0.56192948234406
"390",-0.318208961640242,-1.47378477807171,-0.822514311583157
"391",-1.52539260174939,-1.61281282042522,-0.925843124261178
"392",-0.333744070744274,-1.53733139628813,-1.12955762922508
"393",-0.707594709267186,-1.38094416941744,-0.120486768664133
"394",-1.13210443573296,-1.47064533446405,-0.365975338296777
"395",-0.0117506855022269,-1.57572494800806,-1.56890278284305
"396",0.15153098502579,-1.39297696884566,-0.805280218796344
"397",-0.57872070964699,-1.30862890176857,0.16879035764988
"398",-1.07283153965177,-1.30096714190884,0.456873519542025
"399",-0.226750321908986,-1.49795837528814,-1.00868168951198
"400",3.24852622250301,0.859199207686516,-1.32952265186324
"401",0.541948693622995,-1.30702431549614,-0.83015405229975
"402",0.602721743710813,-1.41697644829962,-1.46652234295281
"403",2.22282430808059,0.323246148524741,-0.966406735331856
"404",-1.91132841857438,-1.52721470648547,-0.375188021669816
"405",-1.56531053184681,-1.63491831840722,-1.02263400863956
"406",-1.2752148960115,-1.60583336674053,-0.983450956737495
"407",0.811560371225783,-1.32011701766489,-1.32424092615309
"408",0.681848592420629,-1.30729267397088,-1.03901170877542
"409",0.743019579464387,-1.44183932613121,-1.81220727719646
"410",1.74153791032627,-0.26112041409937,0.470563975196769
"411",0.419634123436145,-1.37489498634221,-1.00970901156838
"412",-1.97700720374594,-1.64885742513298,-0.964577827783358
"413",1.18618285061577,-1.01869509243213,-0.680522690728374
"414",0.338948011266715,-1.24847758031712,-0.281595400284541
"415",-1.154100373115,-1.47764752535976,-0.391711889366597
"416",-0.00123455395653525,-1.34155745447904,-0.407169870447067
"417",0.0846462804519702,-1.67086365692432,-2.13088230876423
"418",0.901170614970461,-1.28001205239414,-1.29597093869625
"419",0.827562161918041,-1.30373152451379,-1.27180913955707
"420",-1.61413816247504,-1.75553809809166,-1.60928256107134
"421",0.344364714636501,-1.52078136545064,-1.64934753986707
"422",-2.79925785278448,-1.67984176552838,-0.922460280323143
"423",-0.287183486506275,-1.43650957770616,-0.657829127145108
"424",0.836664674354832,-1.40143555542156,-1.77734406914358
"425",0.186644803496103,-1.2161070837237,0.0441529994952713
"426",-1.09188869269428,-1.42476199843164,-0.153799578744582
"427",2.56665436249334,0.475612553964607,-1.74399511862862
"428",-1.26861780330119,-1.39736018690096,0.0563144926038757
"429",1.06762792674895,-1.08776970158642,-0.707556724191299
"430",-4.15425640938322,-1.54791029662329,-0.042477832361176
"431",-0.721318809124838,-1.51907442095711,-0.803767415458686
"432",-0.588876730141006,-1.55962340299598,-1.08027367775393
"433",-0.42768103232688,-1.40373662578479,-0.399268086252713
"434",-0.762074363839982,-1.55118395933821,-0.942779796742461
"435",-0.669736460186205,-1.50626332766725,-0.767733480952738
"436",-0.802448469021568,-1.44939476769441,-0.413005986076853
"437",-1.10351271708771,-1.81914183761272,-2.12067715257421
"438",1.62817322769883,-0.73377177577541,-1.11429026180152
"439",-0.414286735417879,-1.38425848761291,-0.310526921658553
"440",1.34681668479242,-0.779782916712407,-0.0119631206330802
"441",1.95013859045303,-0.375401095825304,-2.19705129006522
"442",-0.220611908750475,-1.60019608901576,-1.52440358953684
"443",-0.425617749122037,-1.91415966868687,-2.95271073134634
"444",-1.13155114999216,-1.43982436408442,-0.212105177379907
"445",0.762986620784634,-1.04175850631462,0.153970836799756
"446",-1.88551110954973,-1.60834295168494,-0.788378888955926
"447",-1.0956201850387,-1.68891610854201,-1.47295468533822
"448",-0.786378419602398,-1.54682920995345,-0.908409109021659
"449",0.194642095069519,-1.45316081122982,-1.1492093469768
"450",-0.571940691622525,-1.38964195758336,-0.240240270842468
"451",1.04806142990218,-0.987955759633276,-0.16056785806357
"452",-2.09973612400835,-1.64125001623216,-0.892770712267496
"453",-0.593080509469026,-1.35730410873675,-0.066242506732529
"454",-0.704873010014857,-1.43308867098541,-0.382678214230017
"455",2.25929393851724,0.265775715880103,-1.46568757774188
"456",2.08950741137086,0.103234312791912,-1.13914127556771
"457",-1.80813181914444,-1.3809096539503,0.325632438871822
"458",1.25706057393396,-1.10518928435245,-1.32978732485335
"459",2.0926865551221,-0.00986454054594893,-1.73007551107355
"460",-0.269295953457177,-1.35542921468243,-0.26514480830553
"461",-1.5310486753317,-1.66394261509589,-1.17952965319135
"462",-0.285852128773626,-1.25134509807882,0.267052111097012
"463",-0.92603330806582,-1.49965334778425,-0.603493801590082
"464",0.208495002615171,-1.4385704619465,-1.09040461824241
"465",1.69396473511403,-0.831855139734364,-2.03321702299238
"466",0.195695033205685,-1.42835561189145,-1.02625296304343
"467",1.48094953648333,-0.755803826330819,-0.445075330369956
"468",1.20940663100897,-1.10321693067611,-1.17176462891888
"469",0.191080484089917,-1.48923885153278,-1.32598841192129
"470",1.48552825124104,-0.668332435283369,-0.0289062592831736
"471",0.456738456436141,-1.22872157656083,-0.325406583446422
"472",0.170753675891444,-1.36029363966329,-0.660854003808182
"473",-1.1090211269575,-1.63042161566216,-1.17470732565727
"474",0.386144261372987,-1.32345860022702,-0.71182740146341
"475",-0.487822543536574,-1.21427791406267,0.585943262951066
"476",-1.97591426956491,-1.80860485420258,-1.76362380910588
"477",-0.934999709384768,-1.38448647926575,-0.0234124373922241
"478",1.41038435408394,-0.809173155419501,-0.405689097265275
"479",-0.893041997052036,-1.81025279214859,-2.17230437305248
"480",2.58405399018665,0.818674281946681,-0.0858438322523609
"481",-0.908839727649753,-1.35733670992055,0.0998850910195942
"482",0.0685334947258041,-1.26757733225894,-0.0995739137282998
"483",0.0293610976887775,-1.43799016155829,-0.916242772751933
"484",1.76156415663968,-0.427260702323786,-0.519042205990775
"485",-0.257656094523676,-1.51242029215609,-1.0584607351886
"486",-0.772230921824796,-1.53310083108339,-0.847077986774376
"487",2.2500486142351,0.426606191981577,-0.609240182879651
"488",0.687362092424961,-1.10948776408536,-0.0587811537150076
"489",0.995159963130349,-1.02486648313955,-0.221346220955077
"490",-1.71942281670616,-1.39243260190222,0.240455914272404
"491",-0.138456074430275,-1.29025613146908,-0.037320333198716
"492",1.70646752795055,-0.627662838149928,-1.10067655549196
"493",-2.28157575126941,-1.51796030232895,-0.229396965708748
"494",2.01212887687729,-0.235887800481143,-2.15197894081113
"495",0.373687697341094,-1.387776348716,-1.01858769413769
"496",-0.891618245875668,-1.60502296008371,-1.1468443335445
"497",-0.565721500392343,-1.52941678861487,-0.942766618953983
"498",0.196535572891766,-1.16693652684118,0.279987944043401
"499",1.60044076507233,-0.74551844842313,-1.00898648171945
"500",2.60386214401908,0.65183925282422,-0.983329138556502
"501",1.20122879257707,-0.914531903536542,-0.203915183183586
"502",-0.0415227838903513,-1.31258653608589,-0.227825276135754
"503",-2.33245160147094,-1.63308592507586,-0.792513236404838
"504",0.911894384562266,-1.46136709798602,-2.22457184260232
"505",0.125195558738415,-1.15434675217413,0.413412753276067
"506",2.08865008504287,0.21923742923813,-0.55223308405547
"507",-1.82304428485849,-1.53296815686921,-0.430134877701958
"508",-1.43716087460821,-1.73460563306295,-1.56612890996661
"509",-1.28656920154105,-1.47529421499189,-0.326300117174147
"510",-0.0400648433962954,-1.57630534830205,-1.54764922518979
"511",-1.0610124955892,-1.39796118634798,-0.0332882071444172
"512",0.288033486582149,-1.2391293380438,-0.177680868696073
"513",0.603672329958162,-1.33466117328273,-1.05634214194329
"514",1.39477467285939,-0.846023747832591,-0.526969731774893
"515",0.204510675640778,-1.3662891720544,-0.724912618730799
"516",-0.643918688684579,-1.32307207429733,0.133864855440973
"517",-0.175309708801471,-1.28301240769394,0.0274423560252378
"518",-0.290063457345122,-1.25805913023652,0.23645606408041
"519",0.0415654151930283,-1.43370873599832,-0.905747796330749
"520",0.536315918436678,-1.30156238280701,-0.795073098965966
"521",0.257478069011247,-1.413196791563,-1.0148904357396
"522",-0.13081253701172,-1.3807547264945,-0.495829227196811
"523",-0.598346251592658,-1.49565696217764,-0.75496599487434
"524",2.37185596763867,0.307608430450236,-1.82544172706182
"525",-1.93562451651219,-1.67523708668992,-1.10827329848452
"526",-0.655027324531341,-1.45960982863295,-0.542618359874854
"527",1.03059493332518,-1.2144348025006,-1.25118434696192
"528",-0.454306555671685,-1.62987085721752,-1.51296940393192
"529",0.723450279386207,-1.48804135066359,-2.01037291899406
"530",-2.15842991924225,-1.74201143307156,-1.38104095069966
"531",0.920962225116359,-0.919150290851351,0.467841629839279
"532",2.1238686860527,0.180861686470222,-1.01640228249241
"533",1.96705153411198,-0.151889544933021,-1.26836683188016
"534",-0.733198726985688,-1.42725786997362,-0.338353213562249
"535",-0.458242363502399,-1.31870672264753,0.0453348505982951
"536",1.68205740856861,-0.57892903530059,-0.686571079597066
"537",0.334465669664737,-1.31494094398754,-0.608776563721045
"538",0.966292264420212,-0.901230594180911,0.461033732692512
"539",-0.53570859674109,-1.42606550302046,-0.443837575739403
"540",0.947792318203519,-1.05591146347699,-0.272393820153536
"541",0.312248594156543,-1.17830104121622,0.0995835652263635
"542",-0.0285218344982845,-1.49851516632858,-1.16848357581419
"543",0.822722976139053,-1.19925621531307,-0.74045721204515
"544",1.68651245728625,-0.837337952621517,-2.00905591197933
"545",-0.501139508748937,-1.45431066242377,-0.606022133588542
"546",0.131961402557538,-1.5179702923848,-1.41121528534534
"547",-0.56676146099125,-1.3474157774375,-0.0321498578075788
"548",-0.74524646710106,-1.43446221930239,-0.367999742182302
"549",0.286513469313659,-1.33533356806353,-0.65703352374258
"550",-0.421004087549431,-1.87934338468195,-2.78160406903646
"551",-2.1213874632792,-1.63220061831806,-0.841747604592642
"552",0.601377921517021,-1.26782434310797,-0.718790322152531
"553",-1.03354432493155,-1.57290887423872,-0.920221800150414
"554",-1.38518934706174,-1.3658330914101,0.258638193653593
"555",0.841910509054116,-1.00783407830171,0.180778413753774
"556",0.441739632967529,-1.28635397187451,-0.594554442081811
"557",0.5818762834157,-1.29288541077253,-0.815777990579892
"558",0.395072342899893,-1.17614386411612,0.0140159724152303
"559",1.74710348663879,-0.509966950951474,-0.817097958251269
"560",-2.11962760142304,-1.61191941673483,-0.740809119596178
"561",-3.01012700346451,-1.73274374471461,-1.14571319192927
"562",1.30793747035184,-0.970563349557447,-0.82672889849727
"563",0.920456524089371,-1.3263153725182,-1.56693729741677
"564",0.620609063147571,-1.35657578626715,-1.19101372726782
"565",-1.23212931186147,-1.37495483586154,0.153797247112377
"566",0.138676307718816,-1.3703570738732,-0.679645636189313
"567",0.0366680212251848,-1.65782153587034,-2.02192053554768
"568",-4.19353158552773,-1.44603491135717,0.471978242257792
"569",-0.352141657045643,-1.47055646764084,-0.783168121142739
"570",-1.76523831317579,-1.63593404358553,-0.96267719794117
"571",-1.28278610056148,-1.93554970010482,-2.62905903488715
"572",0.933485672238077,-1.23931164069028,-1.15908108425867
"573",1.03944199347079,-1.03566336647489,-0.378373268368836
"574",-2.81466779076853,-1.71331116327933,-1.08668382391442
"575",-0.884310982774817,-1.41847091669284,-0.217629776640189
"576",0.649005930562071,-1.1689121935709,-0.295745522990635
"577",1.32531460185393,-0.939575559463199,-0.732943420254084
"578",-0.321539473649585,-1.38436696530598,-0.373123996060314
"579",2.34170263268004,0.309282469275443,-1.6759415328214
"580",-0.346704468381147,-1.59340798222641,-1.40110814962382
"581",-0.462272993481939,-1.7391493424781,-2.05434140830809
"582",0.477552216719086,-1.33107189737812,-0.863985250942142
"583",1.06421721486573,-0.960045898523376,-0.0604979270537522
"584",0.384570468027757,-1.58501620302614,-2.01773282658935
"585",1.85283851619526,-0.432131748673309,-1.37288457543783
"586",-0.585507747969295,-1.62027306911694,-1.38547783057226
"587",-0.796878277172945,-1.53899981460414,-0.86387544457846
"588",-0.421123422733156,-1.57765389578592,-1.27307956686801
"589",-0.942531523768541,-1.36068817122823,0.0991300916618414
"590",-3.08025777445067,-1.74213173252628,-1.17960844705664
"591",-3.74246026954662,-1.48000866104368,0.239999776196491
"592",-0.445886111992073,-1.37750588992058,-0.256479476519936
"593",-0.38933713691504,-1.45340303579251,-0.672566531947566
"594",0.674232263727582,-1.2136121550727,-0.558543147279128
"595",-0.974060920146842,-1.34395126610062,0.197518020917474
"596",0.988048096660513,-0.845156998735431,0.693228692833416
"597",-1.24965291702688,-1.45814254571168,-0.255122300404427
"598",-1.20795897050605,-1.79031494235024,-1.93279008954136
"599",0.996119605513673,-1.05480689929582,-0.373221735028898
"600",0.736460610131968,-1.12473062992984,-0.215579345915119
"601",-2.69069040926888,-1.53473375386018,-0.219439625960523
"602",-2.58207936212154,-1.94127963923708,-2.27563824776061
"603",0.866857323411244,-1.17291321378572,-0.692435521091567
"604",-2.10606686333123,-1.26901236421366,0.970111931182289
"605",-0.324589476244024,-1.67663249895527,-1.83234880188662
"606",-0.0261636579110226,-1.18064041672913,0.418880587785373
"607",0.401508209379739,-1.38208098106635,-1.02345822214991
"608",1.49411762292156,-0.893615460669552,-1.19553385786538
"609",-0.350297518543248,-1.52911472322418,-1.07720687093758
"610",0.0995293074197025,-1.30228879313252,-0.301918405263861
"611",-0.610962209486086,-1.38034680883288,-0.171170295880078
"612",-1.96006967561689,-1.56316812836933,-0.540934029326701
"613",0.228046732315275,-1.1119718018979,0.52234286383271
"614",-0.235729734233364,-1.65158704864283,-1.7702287155542
"615",0.0428786203491579,-1.41235913533363,-0.800180120552252
"616",-1.65402790099953,-1.8152961231846,-1.89491261380069
"617",0.73761650474313,-1.1563608719211,-0.375678370514168
"618",0.178698211874971,-1.19646780771434,0.150339227063179
"619",-0.330163023086487,-1.62166810563883,-1.55369532103687
"620",-0.731660939720392,-1.34955575786536,0.049340307304131
"621",-1.19796046128597,-1.42618410139417,-0.116220621068306
"622",1.96507547292743,0.00056309057303898,-0.484483165486282
"623",1.30866455895645,-0.749169425778909,0.277714474391849
"624",0.495922089163083,-1.33565853519428,-0.9110325823804
"625",-0.179684878728888,-1.30413710529348,-0.0748423765489641
"626",-0.405777449026551,-1.51320260279782,-0.960782264365693
"627",-1.09643312246078,-1.56880055339292,-0.872025401841683
"628",1.64174269178327,-0.827856726675409,-1.6683711346633
"629",0.857135227194427,-1.2083766908715,-0.850956460262086
"630",0.842789622803742,-1.38835371189192,-1.72348201078626
"631",-1.2358725046293,-1.54118055660499,-0.675826677399001
"632",-0.14426837607395,-1.38467685629657,-0.504871608069011
"633",1.31174565088764,-0.647720710064218,0.774221707530104
"634",-0.248329163018604,-1.31109377779255,-0.0585763914313501
"635",0.126920211377419,-1.49890747126979,-1.31104700750888
"636",-1.89961236918909,-1.73578366410285,-1.42144818989347
"637",2.32001908365394,0.431132257116293,-0.960389030158747
"638",0.109443482193201,-1.42196335583949,-0.909649067448375
"639",2.32722252020147,0.188197885348658,-2.21084074933
"640",-1.31638303614068,-1.47936806807293,-0.335093729536087
"641",-0.783899242030446,-1.60958456826089,-1.22346263162108
"642",-0.23909255299161,-1.45059386069234,-0.762803093643284
"643",0.889308179181991,-1.29450485979127,-1.34460711536719
"644",0.0151172661138932,-1.51859165647564,-1.30664389112034
"645",0.228543891015818,-1.62994165072397,-2.06802550629665
"646",0.843551950325393,-1.03066281821687,0.063529691361615
"647",-0.714468138950069,-1.58457237835074,-1.13492880952456
"648",0.881625580539934,-1.19564500371906,-0.835049564605292
"649",0.335529371636373,-1.44736003430827,-1.27208892993547
"650",-0.00445207055864815,-1.40429762735532,-0.718077353800004
"651",0.0635017284713754,-1.59165776635901,-1.71536874853039
"652",1.12430024753976,-0.853854922410078,0.316144019802973
"653",1.12504593661172,-1.07942269436464,-0.813688004705117
"654",0.749021696686385,-1.3197510456702,-1.21197740614704
"655",-1.19062147520843,-1.20935689579772,0.964903532013268
"656",0.187721701689537,-1.47849848340538,-1.26889077794787
"657",1.56393303325037,-0.786556419594286,-1.01138445792898
"658",0.596728285562513,-1.05273885687862,0.363438278646326
"659",-0.568333878671617,-1.3808175907645,-0.198234785812983
"660",0.205945101015709,-1.65939540568141,-2.19191309984671
"661",1.2216307184022,-0.876578788845358,-0.0756160666658096
"662",2.04004576886103,-0.0779295406609384,-1.62351707394491
"663",1.1596017973838,-1.08456013130361,-0.933974681292156
"664",1.45104917552543,-1.06984777641394,-1.8810173066424
"665",0.434202835236363,-1.5141968350113,-1.72431286576291
"666",0.0749988954085759,-1.16012892139018,0.431721340994099
"667",0.57945856715369,-1.41528430365302,-1.42429950487865
"668",-0.0514769651505097,-1.36303833039612,-0.471722997049014
"669",0.410341256679097,-1.3622219770202,-0.934926758702534
"670",-3.793236357731,-1.69644822764149,-0.834770030218535
"671",0.933398603206246,-1.15484958159924,-0.736587878244343
"672",-0.492500224969344,-1.48214616249103,-0.750510254142805
"673",-0.684560602035213,-1.65596872806181,-1.50811782342052
"674",0.0195705907596409,-1.47082936433116,-1.07175895341335
"675",-1.89067235038181,-1.62464875439805,-0.868391710313373
"676",-1.7550671726148,-1.64671390264927,-1.0197415686383
"677",-2.29177963030437,-1.42089606379113,0.258454440421109
"678",0.829674042616937,-1.20965984632882,-0.805382934689739
"679",0.929846963125421,-1.3423663568633,-1.66672670932704
"680",-1.11651747968149,-1.56839751070338,-0.861374454973335
"681",-0.0263206049748926,-1.69565828321522,-2.15607488662792
"682",0.85667192994406,-1.1893087934517,-0.754726423886481
"683",0.85552333115123,-1.22423300202868,-0.927141650208424
"684",0.253974415417325,-1.25513377228908,-0.220831442802984
"685",-0.62499454215553,-1.3283513588437,0.0967990634505141
"686",0.0417885859143625,-1.3086207431753,-0.280508336400059
"687",2.44949390163744,0.604494801446043,-0.672332047885279
"688",0.477187469609411,-1.53479717221309,-1.88213700993139
"689",1.10485911305911,-1.26833682592421,-1.70499386581443
"690",0.536909411903539,-1.23629982225974,-0.469577130834611
"691",-1.70232518611445,-1.86915407368902,-2.14859373359543
"692",1.27952427648219,-0.844018260068654,-0.0974307361198712
"693",-0.682661575708401,-1.34322721709402,0.0545507109473515
"694",1.84212467544974,-0.28862871625044,-0.547904253211786
"695",-2.00980259943963,-1.47834524812875,-0.102817630661524
"696",0.677137226404187,-1.23596318383822,-0.674889234361749
"697",-0.155843746231114,-1.50661342255924,-1.10554511601896
"698",-1.63037133284356,-1.40487835900764,0.14940145557789
"699",-0.166092843543135,-1.48794311727823,-1.00427904325043
"700",-1.41722291405617,-1.74139328066673,-1.6073346965338
"701",1.10813796050909,-1.13703322967489,-1.0570305933559
"702",-0.590467443585348,-1.49720112862028,-0.767240263418203
"703",-0.0824253095522474,-1.44412713558836,-0.851564863253464
"704",-0.630615204336108,-1.43957237889111,-0.45612415267224
"705",0.440986265203984,-1.43586737241405,-1.34117330292308
"706",-0.336158281504296,-1.59398726853096,-1.41118585279837
"707",2.07561372840367,0.400405053284609,0.460129967458068
"708",0.155905947427032,-1.64034000691591,-2.04639145440375
"709",-0.587612563873956,-1.45029918157303,-0.534385985450015
"710",0.799836632414362,-1.18239264815776,-0.614338413710044
"711",0.413991799798942,-1.22637994713874,-0.260190184925992
"712",0.856521707940067,-1.41907749619812,-1.90328128163733
"713",1.07469855727515,-1.08720580493147,-0.722352230254625
"714",-0.211661090685327,-1.69859306686148,-2.0230340631141
"715",1.36299419366848,-0.974429452980056,-1.04562819287025
"716",1.66700890068032,-0.567864361645071,-0.530531998913202
"717",-0.279950122192019,-1.50291673221902,-0.994988701707184
"718",-2.0412555094174,-1.52647262118802,-0.334753399142647
"719",0.787915353051282,-1.25572549406936,-0.959642870237282
"720",0.283739084775938,-1.35034519376588,-0.729051862082517
"721",-0.287246394605215,-1.84447278569284,-2.69760071758761
"722",-1.04878793907078,-1.74409014623804,-1.76933783386406
"723",-0.170255888082383,-1.54648375331905,-1.29378405402366
"724",-1.04330640936987,-1.51027685573035,-0.602706640663622
"725",0.441546735574848,-1.23045703304485,-0.314826916766621
"726",0.0524821221781859,-2.07865909600694,-4.1403484068619
"727",-1.14347612653459,-1.75776918305032,-1.79678626274069
"728",1.45908379940229,-0.823025247351487,-0.68230656424891
"729",-1.36584706618213,-1.56390958390176,-0.738978286136491
"730",-0.393126395178787,-1.75068309670301,-2.1564712767436
"731",0.920131844238698,-1.20617643014628,-0.965571032196695
"732",-1.00808000118993,-1.45315092112403,-0.332902530985455
"733",0.118415096970114,-1.20608998156546,0.161185662396591
"734",1.1076402969315,-1.12821902023167,-1.01165872244674
"735",-0.955885182148208,-1.66189208614239,-1.40063048077054
"736",0.943006461654353,-1.16054150494884,-0.785345907897035
"737",0.274794933859026,-1.46490834228846,-1.29211682345288
"738",0.249019076409465,-1.23767807835288,-0.128276751330686
"739",-0.336864266221056,-1.32433625163661,-0.0624484378750533
"740",1.37798412925943,-0.956023574160136,-1.01100147051692
"741",0.748786833041387,-1.24537693566482,-0.839706045205138
"742",-0.281627501260738,-1.28779390656813,0.0818158852959506
"743",-0.892355398916014,-1.70706007797996,-1.65667305811172
"744",0.454179953828768,-1.51290925157581,-1.74308288558523
"745",-0.410132555915253,-1.52934695856804,-1.03866742927346
"746",-1.36256397464658,-1.50470449745218,-0.44418770868042
"747",-3.16403509182155,-1.66079308779129,-0.757746949083654
"748",-1.24875968896621,-1.50088408092562,-0.469186216540025
"749",-0.327503365877858,-1.36094241228982,-0.251893417586576
"750",-1.57125356385391,-1.33760659644645,0.465947340038474
"751",-0.913151191755472,-1.37141820754491,0.0315424169171923
"752",0.3638530056109,-1.27271432825528,-0.431685985276555
"753",-0.920160876598441,-1.51594907457754,-0.687765631794267
"754",-2.42222472243826,-1.59872820389975,-0.599262815511922
"755",-1.86593795786797,-1.32021610841336,0.646473707162744
"756",-0.546296705320897,-1.51385604171853,-0.876462433087855
"757",0.900156185787768,-1.37762000343838,-1.78196016658127
"758",0.394731875118806,-1.20897745622804,-0.149741213435898
"759",1.30527378565188,-1.03906057176926,-1.15998401373085
"760",0.92649469562168,-1.30289154238143,-1.4623541899354
"761",0.34262532434324,-1.33624439849493,-0.724657886451536
"762",-0.401050457978645,-1.25198039428658,0.342240685216669
"763",-0.45467779855175,-1.74056466778558,-2.06620392261957
"764",-0.430991923559704,-1.33103622868927,-0.0336397646315187
"765",-0.446643852819386,-1.54529726743084,-1.09495508498184
"766",0.997854795261484,-1.23101219171355,-1.25818465213069
"767",-0.592406889966123,-1.77480840558594,-2.15415370178908
"768",-0.583351382567764,-1.97677688840156,-3.16925093917466
"769",-0.741566223739314,-1.56937545471385,-1.04450851849572
"770",-0.45535919170302,-1.5704202132026,-1.21505132429663
"771",0.789021400217509,-1.23820508610127,-0.874010860226683
"772",1.19999389888994,-0.957410362170399,-0.414643754516469
"773",0.519034677934271,-1.30670387229849,-0.797198569244194
"774",-0.0263356650246098,-1.31801438409884,-0.267842547369584
"775",-0.24923640253134,-1.30412528854184,-0.0230756115829317
"776",-0.679167848561386,-1.48376743155281,-0.650065021388656
"777",2.03681174517557,0.150091479074154,-0.454061737466094
"778",-1.14637546366395,-1.70670209618833,-1.54022954160164
"779",-0.331928485743178,-1.41685136574271,-0.528400979365273
"780",0.269464872785985,-1.31779915605542,-0.550795443935937
"781",-1.02819032932935,-1.36125247672373,0.135661759671084
"782",0.428498412028778,-1.19367819148252,-0.114605974818919
"783",-0.0552148725570755,-1.39023462526143,-0.604580804309157
"784",-1.17909022693478,-1.56221793776516,-0.804157544748395
"785",0.484129924523723,-1.29457352558974,-0.690080254236673
"786",1.01633741875208,-1.05671902503762,-0.429177556710719
"787",0.503799925958129,-1.2851394716032,-0.668906843903613
"788",-2.70558572933796,-1.61481134703924,-0.616683601033454
"789",0.484028250562445,-1.26394341410566,-0.536796563990097
"790",0.66311131139033,-1.15025436596355,-0.224304926119117
"791",1.63379869528185,-0.740028180434879,-1.17997374041493
"792",0.927208436049242,-0.992949169766288,0.0858699388835426
"793",0.194873284802056,-1.32903817549229,-0.528830939588255
"794",-0.145369692850966,-1.48449934087583,-1.00312360782868
"795",1.4975772540608,-0.678603963176009,-0.136847226715267
"796",-0.761124188329234,-1.56845676173551,-1.02963997026854
"797",0.362335361583633,-1.23179311998831,-0.225300180343177
"798",-0.837615015977734,-1.42491366181796,-0.272855521663523
"799",0.547435073794079,-1.19904883256755,-0.29788658548376
"800",0.419646756850635,-1.40872409236561,-1.17887012876278
"801",0.414194831540347,-1.74077298762978,-2.83240462851351
"802",2.21119793146143,0.333825581137932,-0.842643963120911
"803",0.0323555100213113,-1.32502610561564,-0.354090329884817
"804",1.98970522614306,-0.459031806073262,-3.04392675611183
"805",-0.363369559070884,-1.31935189994594,-0.0195834343394364
"806",0.903930185717829,-1.08649222844215,-0.333962183029522
"807",1.56974965393538,-0.608054882662015,-0.150241458301221
"808",0.392068802786144,-1.26573416956535,-0.43031611467187
"809",0.0934917566142252,-1.36944538887947,-0.632038623432558
"810",0.384358518971749,-1.16387894255757,0.0882068089155278
"811",0.933752538501927,-1.02472525293785,-0.0867098834471653
"812",-1.63048369639023,-1.56164229226229,-0.6343810777074
"813",-0.424385561711611,-1.70301568222593,-1.89778439562545
"814",2.39980066928075,0.63792697593243,-0.298159317047787
"815",0.656419313638252,-1.31776789156231,-1.05146781986038
"816",-0.919745827930073,-1.57860696421977,-1.00125284686289
"817",0.438701578565584,-1.2564574862071,-0.441252514209675
"818",-1.66308843546015,-1.50246051447403,-0.327779570320125
"819",-0.296020547915398,-1.20828567789385,0.489515650870958
"820",-1.94798605986498,-1.49243611330086,-0.190722072281731
"821",-1.64751604796069,-1.34594057681961,0.449733592304055
"822",-0.289249230629794,-1.39812619250335,-0.464453596650224
"823",-0.636450800888302,-1.53949412592281,-0.952440954655123
"824",0.192138260313664,-1.36867463292668,-0.72423869730625
"825",0.829225874750459,-1.31443073072859,-1.32840212116175
"826",-0.249335983224996,-1.39797012246869,-0.492227546375104
"827",0.348883736316201,-1.16077042349092,0.145484191499117
"828",1.06633543876547,-0.902105158058652,0.223968609414678
"829",-1.19807561089659,-1.38251297533629,0.102182173625548
"830",-1.17497148716658,-1.40237381189739,-0.00664262695545201
"831",-0.594065702999759,-1.36385503223669,-0.0984274519809226
"832",1.42507431883627,-1.04264181576108,-1.6337986543194
"833",0.762905358939915,-1.1046995096366,-0.160593394404437
"834",0.958245299450461,-0.903548002997635,0.466944949568097
"835",0.469541152536057,-1.19346089588234,-0.165543195276857
"836",0.471917934442349,-1.46890154893164,-1.54582007927959
"837",-1.54662272768399,-1.69748798899824,-1.34188045429699
"838",0.668671371083826,-1.51212443206536,-2.04235436387362
"839",-1.55167709283009,-1.73110242772625,-1.50821654176192
"840",1.24708668290241,-1.22545551383804,-1.89925680712491
"841",0.408024732291329,-1.36348476089121,-0.938409544303163
"842",2.18078659119214,0.429428399991259,-0.171090519143761
"843",1.08133379555219,-1.04208056903573,-0.513403714104126
"844",-2.40069945888423,-1.65023968800444,-0.861896254187285
"845",0.208049821794505,-1.3821582374515,-0.807886334824274
"846",0.366099409845601,-1.1324267112621,0.267113306368208
"847",-0.0211744905340326,-1.51736833372161,-1.26902248492548
"848",0.361849636885566,-1.39592302260586,-1.04538058251339
"849",-0.257325863354661,-1.46535440519505,-0.823369482082571
"850",0.0970470875509676,-1.32098162595937,-0.39305115476775
"851",0.723452838685004,-1.18233214101546,-0.481831121853104
"852",1.57431848410133,-0.890852094254425,-1.58910876656691
"853",-1.17901059849591,-1.70101305874156,-1.49816609142853
"854",1.39092182444612,-0.802784738216605,-0.295477953599517
"855",1.27498997350486,-1.10224207726406,-1.37351618485728
"856",-2.36061368430283,-1.6020725010071,-0.630630179640808
"857",-0.718212210209421,-1.42241564992043,-0.322136669533354
"858",-0.29303242606801,-1.43729645328365,-0.657638983981596
"859",0.47986380821445,-1.29634704014824,-0.693372610866908
"860",1.49197482045307,-0.938755274576539,-1.41114367321358
"861",-1.11302442205154,-1.48542054891991,-0.447984889477856
"862",-1.86100161242447,-1.92142182162608,-2.36102096010365
"863",-4.48382709884541,-2.068829946307,-2.60619728861888
"864",1.23785577077108,-1.06109186781554,-1.04836046070366
"865",0.108675155743677,-1.57387888346659,-1.66849885078087
"866",0.00394331600752733,-1.66827106984366,-2.04524769931369
"867",-0.41490213121525,-1.54021916987575,-1.08993125985172
"868",2.14129016183742,0.342066510091428,-0.337311438553753
"869",-0.860350070204137,-1.464542588667,-0.459719038940976
"870",0.22847097218572,-1.49107844415712,-1.37363331915002
"871",0.499931362052874,-1.09045145578842,0.309684252672979
"872",0.202907173184829,-1.12863361181647,0.465005619334893
"873",0.445257304362741,-1.27897184045946,-0.562079607068431
"874",0.191614391268646,-1.89669370680145,-3.36380334436268
"875",0.376619539234396,-1.48048494054371,-1.48560592861022
"876",0.114318763682903,-1.34798280222741,-0.544375182460001
"877",1.12252399396537,-0.925329428743496,-0.0364887364791971
"878",0.907931789931956,-1.18883996896264,-0.853839408973958
"879",0.132830971875278,-1.24436538038629,-0.0440300260897681
"880",0.960686644162996,-1.08152916200809,-0.428251643148615
"881",0.295030549109421,-1.21562405750431,-0.0678631640192546
"882",2.04150740512693,0.225224006155733,-0.120937827354636
"883",0.881642806226435,-1.14158899545849,-0.564803583963822
"884",-1.43901674842436,-1.55499738330671,-0.667414813384267
"885",-0.673430409970416,-1.47851055290424,-0.626933721073371
"886",0.852952953810088,-1.22512332004636,-0.926667377624819
"887",2.97135083129527,0.951963594997196,-0.396390903158558
"888",0.616004178233247,-1.29894983704154,-0.89601799116015
"889",1.46469040356909,-0.804147925661449,-0.612915589450846
"890",-1.57016757369006,-1.62030932046544,-0.947935473340279
"891",0.628056335901655,-1.18559776458173,-0.347294900449321
"892",0.118326137066623,-1.20177843300756,0.182828307943401
"893",0.25306598431662,-1.52266727181114,-1.55753002925818
"894",1.0455004455465,-1.08366276711872,-0.632919151414804
"895",-0.286958225590888,-1.43682416988112,-0.659561268255245
"896",-1.46786202357357,-1.36446215718029,0.295640618117261
"897",-0.934875487283429,-1.92374944502651,-2.71978595877801
"898",-1.19034532917556,-2.15078066175194,-3.74232885296125
"899",1.17844091305473,-1.2836507749869,-1.98291340381709
"900",-0.445984682068189,-1.55927864404136,-1.16528062687416
"901",0.520082252440997,-1.27794910152264,-0.65484317784078
"902",-0.671849899833716,-1.63908678689968,-1.43068541505008
"903",1.7758965404263,-0.561181348939493,-1.30700615166969
"904",-0.342494071401565,-1.4538010303479,-0.705934264357216
"905",-2.3471423969693,-1.61308521416994,-0.688944492472413
"906",2.64469909936368,0.78276059507982,-0.453658529234238
"907",-0.33078301361681,-1.55986829796144,-1.24427096740266
"908",-1.606035888072,-1.52804434126916,-0.474517172685847
"909",1.33543061154227,-1.07122991958785,-1.42757806590116
"910",0.932486022366884,-1.25890249225114,-1.25493646073564
"911",1.29774158212597,-0.92199412236398,-0.548750388617248
"912",0.0653130684317531,-1.33679910254577,-0.442731890753224
"913",0.326228729832648,-1.17423662008081,0.104130191740869
"914",-2.76420767788237,-1.67960408092468,-0.928442784177109
"915",-0.37343986085708,-1.5996401087579,-1.41429053384089
"916",-0.025444559675979,-1.36802922837866,-0.518676982763491
"917",-0.111976546253124,-1.28716529893533,-0.0428508900848562
"918",-0.167990939738338,-1.69499440258562,-2.03807611308131
"919",-0.0323736065009984,-1.63087429833198,-1.82700453194902
"920",-1.19315396209732,-1.56145512764945,-0.794546999667346
"921",-0.894912298137411,-1.54310089834014,-0.835640493789585
"922",1.01946311383663,-0.986262662182224,-0.0841731803906159
"923",0.696541353829584,-1.3182814774967,-1.11750248736093
"924",0.686347825548478,-1.15227664356845,-0.271104035923577
"925",2.18226118363633,0.355192094357742,-0.551940873111663
"926",-0.596141556389579,-1.52986622163963,-0.927284213167839
"927",0.423832596181726,-1.32952653535851,-0.788056701098111
"928",0.322507568284481,-1.31265301839096,-0.583734002993685
"929",-0.173636565563128,-1.66755233378166,-1.89653683972339
"930",-0.95927225102006,-1.5438189259352,-0.808684552149383
"931",1.397195753702,-1.18593831441224,-2.23620420237068
"932",-0.385956472114981,-1.46281227055069,-0.721844483570297
"933",-1.32933290501724,-1.87583417152636,-2.31245073275835
"934",0.0151088619161969,-1.46560505772552,-1.04170350003629
"935",-1.35576424851919,-1.58498815428353,-0.848170032057741
"936",-0.900278257278232,-1.60090594528742,-1.12207627967756
"937",-0.720068453324808,-1.53750659119778,-0.896597269089612
"938",-0.608748101503016,-1.48516900951023,-0.696548691294302
"939",-0.400255094221815,-1.69935777253001,-1.89516675912795
"940",0.83013075121144,-1.16705117702144,-0.593191171346629
"941",-0.894439050299028,-1.22556930235076,0.751788731554833
"942",1.77066819201023,-0.675115996335549,-1.83303878797284
"943",2.07633811932137,0.120717395086879,-0.944313455459535
"944",1.11700661958093,-0.857081550974483,0.319401774545827
"945",-0.236535899918445,-1.67941095023588,-1.90875803802524
"946",1.73144832727957,-0.327999779411245,0.213509041502286
"947",-0.0052766993210866,-1.71143973837853,-2.25307308618995
"948",-2.21774413928457,-1.74387136490438,-1.37502262700549
"949",-0.381102784797873,-1.34232518490635,-0.122622058111376
"950",-0.449031128558289,-1.5493219350488,-1.11356369931196
"951",0.964464111810225,-1.15857877927875,-0.821716900261196
"952",1.01703596367564,-1.08230065619888,-0.558709643812938
"953",-2.00868239418324,-1.67677833045086,-1.09529511592202
"954",-0.269729731831536,-1.52236032490713,-1.09949009257582
"955",-0.695465047596665,-1.68049399396747,-1.62480101638613
"956",-1.78332120531665,-1.57903871120748,-0.672609582588911
"957",-1.52704285366408,-1.49172361665272,-0.31982397692335
"958",0.683596391691854,-1.12973571871098,-0.154009235556754
"959",-1.3778289547262,-1.38072009131297,0.181458658664534
"960",0.618531013261957,-1.37407070041662,-1.27538596343963
"961",-1.82478370506195,-1.38764672216115,0.296998146109789
"962",0.706934962272002,-1.19414181370495,-0.513679629221662
"963",3.32635881567661,0.958419476497919,-0.942915073175667
"964",-0.302562268663682,-1.84447092775132,-2.6868265345575
"965",1.02884028711915,-0.930303900066363,0.17361642662839
"966",-0.271087962993917,-1.71490126861855,-2.06122391720465
"967",0.220600177806049,-1.3895030143478,-0.8575633685319
"968",-0.502700158592394,-1.51406317750606,-0.903828502856214
"969",0.943741216860359,-1.21006923735429,-1.03454646365102
"970",0.658835604941581,-1.20572735544468,-0.495013799090289
"971",0.0419517373537791,-1.27866964236989,-0.13089943516397
"972",0.159760289061359,-1.43557678823629,-1.02637284280262
"973",0.163897095562796,-1.54688349025529,-1.58699540007398
"974",-0.3500692790291,-1.55734768123546,-1.21852616192897
"975",1.66952943677511,-0.466485180200687,-0.0402827423937247
"976",-3.01132778598215,-1.5689026651355,-0.326281707796417
"977",-1.30664956319161,-1.62709426468976,-1.077484542337
"978",-1.95074825178822,-1.65069194909213,-0.981211438525528
"979",-1.81145167790531,-1.46337429514547,-0.085680717569376
"980",-0.509217043597362,-1.49958260897884,-0.827443092479105
"981",-0.931590559861808,-1.57985428368656,-1.00186370818096
"982",-1.3097583982663,-1.54921621028567,-0.686891369665436
"983",-0.502940135200704,-1.44698273313908,-0.568279332780234
"984",0.0765493865134596,-1.24564404708411,0.00271509232064188
"985",-1.86073510220674,-1.70870078891185,-1.29749504235921
"986",1.04506941529724,-0.954678667001732,0.0130401345917076
"987",-0.0684220176798416,-1.32213149370871,-0.253097892750959
"988",1.14194076612406,-0.825187473020879,0.411790224517339
"989",-0.336922370325089,-1.34435072098463,-0.162481098014104
"990",-1.2909926237626,-1.73576341605069,-1.62691751141951
"991",0.795112219851192,-1.40615535528187,-1.72465364863887
"992",-1.7337716372771,-1.58989271348847,-0.742310317257287
"993",-2.57083708912261,-1.52726767550247,-0.208063817103043
"994",1.34188432450986,-0.785879019228706,-0.0243230112499806
"995",-3.01757056750143,-1.61664207080619,-0.563804882424921
"996",1.98609156016458,0.232271938544093,0.449891685861343
"997",-0.125602040889711,-1.3711080182403,-0.451715864430595
"998",-0.667407450642299,-1.71717552461312,-1.8235804302436
"999",0.0903491605499501,-1.48411276573624,-1.20243869485447
"1000",-2.38669034757027,-1.56570418984926,-0.442545799285297
