"","x_pa","x_child","noisetmp"
"1",2.73657119895243,-1.08462481202483,-1.63322949756492
"2",-0.758969598734274,0.764923384697858,-1.83107566665771
"3",-2.7161637762653,0.789216152392619,-2.18121278146386
"4",0.399308599029851,0.947380690225601,-0.24633449845026
"5",-1.59846207023423,1.26493215148574,0.412960489062736
"6",1.1634981657674,0.464445887470368,-1.62762018150902
"7",1.0947266517065,0.7993821264798,-0.0886222205855828
"8",1.84417523278613,0.156316728436823,-0.510747181488412
"9",-2.64751760416585,0.954935786337808,-1.34201562890678
"10",0.29794040928852,0.883524153769889,-0.651372614246194
"11",-0.295988934907514,1.03455962153819,-0.278420648287656
"12",1.44895809395903,0.541383793723005,-0.507869761113495
"13",1.0325973278783,0.762558051051866,-0.385147607105905
"14",-1.75380948483372,1.25643726674893,0.333912638643958
"15",0.0943046978592786,0.701860973707958,-1.71107225175249
"16",-1.10477003723328,0.92057355329337,-1.17229402170765
"17",-0.315645649603814,0.904938317739264,-0.936524061408172
"18",-1.53134659012093,0.943412868956246,-1.17798610152015
"19",-1.66973352345888,0.78882378910933,-1.98469040378623
"20",0.705663248758068,0.906351459201924,-0.136816158580444
"21",-3.09159782522021,1.14574917358733,-0.451999728575877
"22",-0.665962603067928,0.91362008147897,-1.05115522139874
"23",-0.948912936934667,1.17518977930379,0.151759540232609
"24",1.25224076348948,0.78209647290836,0.156032764431847
"25",-0.592815349191267,1.15146149707332,0.168195176943452
"26",-1.2548646519853,1.01501233829723,-0.745301822538006
"27",-1.29972804971306,1.08612190194319,-0.402591085479991
"28",1.59272008983984,0.334441142946414,-1.01617063911375
"29",2.3863456347462,-0.562347616749093,-0.100359897420355
"30",1.44724065630147,0.209685597271528,-2.17186251975751
"31",-0.136113598059367,0.722635768488482,-1.75141540271716
"32",0.254182179416489,1.0434675542147,0.113606476626447
"33",-1.18035357343691,1.00230851896116,-0.786829031951851
"34",2.12795060890536,-0.412574756223583,-0.780932708059335
"35",-1.59032566160257,1.12985765977954,-0.260421855410085
"36",1.42971896287345,0.492625606273807,-0.812377754678444
"37",-0.714954489439515,1.05237709851478,-0.376817575558409
"38",1.30647844551446,0.605725264590623,-0.593297323989738
"39",0.531820735941171,0.807757528715632,-0.819730377427322
"40",0.00287371533316017,0.902055543316178,-0.770376368359411
"41",-0.31650744082125,0.870548820797434,-1.10890675759122
"42",0.693702493673495,0.705982034833726,-1.15283599631425
"43",0.178233867089994,0.880125531738055,-0.760427763470719
"44",-0.313609416048874,0.709938882229774,-1.91049190530053
"45",-0.748684130984103,0.612660839651532,-2.588458146168
"46",0.514136053187099,0.864196540575003,-0.55509208954909
"47",0.315364892049276,0.612175035141006,-1.99391675039513
"48",-0.697489887639628,0.826988755693493,-1.49689276302018
"49",-0.0225709090019267,0.819506651236422,-1.19915071575009
"50",0.887777068773218,0.876504917940032,-0.0459356526709012
"51",-1.53093888882738,1.11222364885627,-0.333829411297925
"52",-0.386380012648884,0.970425652723148,-0.643975763729276
"53",-0.920830528329357,1.02629408098956,-0.583056231355959
"54",-0.591771826458751,1.02229812926169,-0.477181670755408
"55",-0.0640035423804318,1.04903537447342,-0.0769564212838363
"56",-0.337257816405783,0.954959477453932,-0.697255732109366
"57",-0.533749542576467,0.984723679364535,-0.640129703228346
"58",1.24067483836932,0.606283244938499,-0.749935626474755
"59",-1.20550509197788,0.843194554301069,-1.58991834556539
"60",-1.39804345444507,0.952378136344077,-1.09843660089338
"61",0.587902411231981,0.889526848919649,-0.35317646432312
"62",0.89988924913122,0.682840350864816,-0.996474868056445
"63",2.4364440206602,-0.889288864652785,-1.53762432062896
"64",-0.229127479744675,0.752470255590983,-1.65382718598442
"65",0.216491429558341,0.882834577811859,-0.718461310310964
"66",1.83327433126894,0.249859188448311,-0.122303393742901
"67",2.53162260984654,-0.616864251539444,0.152944831265216
"68",-0.307490968236668,1.10331451052447,0.0594878100437366
"69",1.00102955002567,0.68222306660504,-0.840608948554304
"70",-0.80493314231081,1.0549231209451,-0.398351095846456
"71",-0.0457641371260242,1.2022101046658,0.70002264067058
"72",-1.58439942200442,1.01099548670829,-0.853278339997218
"73",-0.861995092854981,0.902999678524617,-1.1787770595584
"74",0.954691580843486,0.731702198782011,-0.668449457174286
"75",-1.08044867514271,0.943558886945444,-1.04969667141247
"76",1.91351300146557,0.0394850987848083,-0.532595507178937
"77",-0.218893099540328,1.00806825129406,-0.370327460261795
"78",-0.971280329239549,1.13737565027125,-0.0448989526158112
"79",0.404531047850913,0.871840241641838,-0.619405109457488
"80",-0.147514930123001,1.01242151018292,-0.308996868432497
"81",-1.05998118272647,1.1509666223711,-0.00612399463301311
"82",0.866106063906833,0.564418764663206,-1.63756824980863
"83",1.29195481677852,0.386371546624541,-1.72662281272772
"84",-2.12353113551231,1.1635329456837,-0.207996748581287
"85",0.732326328902279,0.836192697332285,-0.455365994757632
"86",1.79261959863498,0.185548059585627,-0.720838418867653
"87",1.91669973140656,-0.0385516445176357,-0.894231534275113
"88",0.778941878936672,0.59157634917325,-1.61981873529727
"89",0.539959850197905,0.827569218284323,-0.712490873666098
"90",0.387927876951394,0.926368332195408,-0.361414084196575
"91",-0.536468977208146,0.92636147871251,-0.933129407765576
"92",-0.519184814422662,1.16739848487278,0.279645929425874
"93",-0.22253113045958,0.917188057635719,-0.826691548271207
"94",-0.284033499811609,1.06231846273997,-0.133479798592632
"95",0.451850295177918,1.06064844043092,0.367623680882381
"96",-0.784191786023582,1.285139596741,0.760468412567832
"97",0.0488969638809204,1.20207792602117,0.759538932979539
"98",-0.472041648385675,0.574297699165159,-2.66472236743675
"99",1.04087516342863,0.507532197920005,-1.64581457310069
"100",0.519470866069626,0.731510584133739,-1.2132569356036
"101",0.478784251342039,0.940674615639975,-0.206924352506349
"102",1.24164116472485,0.463962826726595,-1.45930746346871
"103",0.485015841602468,1.01249810872913,0.15814298524954
"104",0.7488448231647,0.462317375024229,-2.3043030760091
"105",-3.54356043015532,0.932301461230407,-1.57493366032503
"106",1.96759964740914,-0.0656589515891199,-0.535388513723275
"107",1.68408785055007,0.117353025648463,-1.68207248299591
"108",1.12405317324542,0.633672419064088,-0.860846914297988
"109",1.56285165389144,0.644873409109906,0.414723786954051
"110",0.653040673830707,0.88519663542769,-0.303648867739463
"111",-2.34816793587983,1.10713430713806,-0.53137280934421
"112",0.99648734046479,0.936125044635054,0.42133496921407
"113",-0.0160555876770427,0.993122098357245,-0.326998474920837
"114",0.0762349764682873,0.959889143680518,-0.433189021483462
"115",2.04671531254093,-0.401664762011083,-1.3992464556373
"116",-0.736789608842967,0.695660647701864,-2.16888389092474
"117",-0.117263500160379,0.669526226298667,-2.00608028616163
"118",0.988061772292457,0.707138473000692,-0.737520160765464
"119",-0.367373925593803,1.19670239650153,0.496619465938125
"120",-2.0799224112469,1.06252583604203,-0.704539130271978
"121",-0.516688450922246,1.07571883363677,-0.177649117738693
"122",0.683573609326639,0.954023453884909,0.0755066682627874
"123",1.79891181040909,0.236407116295383,-0.42549111755974
"124",1.37726840186929,0.557350591511984,-0.64465437100649
"125",1.16122557965978,0.440732632960423,-1.75087599997355
"126",0.803740299417756,0.892810583994545,-0.0812249904461116
"127",1.07095671697884,0.757648595547919,-0.341366683448308
"128",1.58039692147321,0.528330452466546,-0.0976093499108454
"129",0.503876295832113,0.903027822545521,-0.370986072788227
"130",0.412060177893971,0.894426889460571,-0.49975576972554
"131",-0.92242248090752,1.19726908752418,0.271266927140016
"132",-0.697279987263055,1.02837249846717,-0.489891081935069
"133",-1.71158161113454,1.12039881477226,-0.336598158101456
"134",0.321095564333875,0.986359752074178,-0.118275248431633
"135",0.813317530661814,0.909777816459046,0.0163724774120123
"136",-2.16729090549645,0.826398474073016,-1.90203582055082
"137",-0.115920139803921,1.06080734988677,-0.0488933530312091
"138",2.00956173601233,-0.178645584254161,-0.648302413099643
"139",-0.0779438334725181,0.942616194576841,-0.617438511324702
"140",-0.759799033209417,1.02038830816689,-0.554066944358581
"141",0.221375240214765,0.811903238814026,-1.06942432926557
"142",0.345278806587862,1.05663551757509,0.253276029915473
"143",0.564144991348684,0.658576409424259,-1.53276101953411
"144",0.00548897764051976,0.725581112711108,-1.65108317758243
"145",2.2993316543678,-0.507198940838764,-0.217802042031042
"146",-0.838621193824475,1.03498527645207,-0.510408591942062
"147",-0.687281913533463,1.03846173680396,-0.435480721220152
"148",0.762446683113936,0.894353882969947,-0.127015553428105
"149",0.461008079225711,0.720476041113429,-1.32470014265205
"150",-0.733787852407054,1.09825801201036,-0.154737302989731
"151",0.736700561270991,0.842630162510869,-0.417801206447585
"152",0.784726072677481,0.8449337609845,-0.345547949870976
"153",1.93405680691259,-0.175921746711072,-1.42086494865298
"154",-0.428192097560342,0.949739184670104,-0.767267111571435
"155",-0.515590468454813,0.957852474710134,-0.766495126862918
"156",0.0774635504667596,0.890655464144025,-0.778529556863113
"157",-0.488944135448491,1.04613352380022,-0.313195065861513
"158",1.45607664359884,0.32232531571582,-1.58018337379177
"159",-0.220593783119968,0.810977936249144,-1.35669737037085
"160",0.863946525749394,0.895360062515876,0.0140713858263828
"161",-1.12430830607938,0.966718965944404,-0.94765672846725
"162",-3.0859504336391,1.18801166600882,-0.239935425662055
"163",0.634587846557713,0.773950099541316,-0.880522131243482
"164",0.821994650276856,0.668539593484616,-1.1781386443512
"165",-0.636818182678625,0.987610493932699,-0.669355786446383
"166",-0.786612009623023,1.11573461093751,-0.0874642002898569
"167",1.04094751818862,0.717799596528996,-0.59435049541551
"168",0.871740244336639,0.786467529028035,-0.519287205229827
"169",0.781329656900764,0.789231303984204,-0.628460336306758
"170",-0.128697098952733,1.12486113686676,0.263975369012196
"171",-1.32618225720449,1.03090692716376,-0.68609833353241
"172",0.32981256167733,0.806253318054304,-1.01158546002853
"173",-2.12936662049683,1.02995693759125,-0.87700144159369
"174",0.238001716224737,0.831803544594183,-0.957233983226749
"175",-1.2603747431507,0.952195815868507,-1.06097710786889
"176",-0.0556773822376823,0.942809310769009,-0.603036052101454
"177",0.733832981496795,0.862798853414298,-0.320485842285118
"178",1.55433430277075,0.180056394036368,-1.94268438241811
"179",-1.4441268436705,1.26543272119263,0.454574133646406
"180",-0.185386877822456,0.977117637769996,-0.506759955674968
"181",0.587268872045607,0.926790556815901,-0.167527700475422
"182",1.43616443347384,0.704837689128316,0.268802276280035
"183",-0.0629657305670868,0.798931726760849,-1.32684683503704
"184",0.107376234035988,1.02441989478327,-0.0893002063925808
"185",-0.678087606277045,1.04382113927855,-0.40501694806117
"186",1.50382364831431,0.434926642389724,-0.855402725251743
"187",1.44663549069953,0.142422045759377,-2.51011504187782
"188",0.519269179434889,0.971530999019051,-0.0133543948074306
"189",-0.554720682887236,1.07505648589033,-0.197579566443948
"190",-0.308815167748331,1.03340066935336,-0.290753763909442
"191",-0.974687699066441,0.963546804749449,-0.915190774533567
"192",-0.356895039733408,0.723838760696024,-1.86256952934807
"193",-1.41750520866408,0.9074738655648,-1.32817070561269
"194",0.547073782586086,0.858933230881757,-0.548467343697812
"195",-0.936035276574088,0.573373655687018,-2.85290907562787
"196",-0.702126671627087,0.98853993902017,-0.690966943576069
"197",-1.49777051057283,1.01056904306734,-0.833671584821942
"198",-2.08948752012296,1.26126360846695,0.287273350773133
"199",-0.312012148011518,0.843154282614076,-1.24360646648006
"200",1.32282462543252,0.438689134813297,-1.386346694329
"201",0.47079605236375,0.76268159399133,-1.10446582530671
"202",-0.784026028667015,0.937802360008045,-0.976155557871756
"203",0.186012915315488,0.862989522614327,-0.840401488643715
"204",-0.480985976683042,0.96116436374539,-0.734448602434815
"205",0.826859372196697,0.786687670943044,-0.580800275095514
"206",-0.414530820045514,0.863061147379557,-1.19422915340211
"207",1.2703921800402,0.670991074213186,-0.356337443589591
"208",1.07266211330544,0.925113645868452,0.499075507163489
"209",1.12295462527729,0.642078315369413,-0.820967334479272
"210",-1.28146194445406,1.28321973672638,0.588088973702527
"211",-0.529450318558778,0.810657124096805,-1.50857902962683
"212",0.683106966179296,0.828329020376599,-0.553509094039494
"213",-0.853651168536993,0.913401085049821,-1.12377005307224
"214",1.17961138926991,0.621195988335581,-0.810192136311743
"215",1.01166779428479,0.386701779135452,-2.30032690836906
"216",1.9238716103895,0.152863737879619,0.128063480503081
"217",-1.79668066129681,1.08579439957257,-0.528940829407574
"218",0.804105690655479,0.71247824576878,-0.982402295091181
"219",-0.639844788961982,1.10858189704066,-0.0657389919200091
"220",0.438025000223656,0.681561116345507,-1.5405664133268
"221",0.908129772674741,0.568507166065768,-1.55589699353409
"222",2.34718604875983,-0.469778840346498,0.194145830167474
"223",1.26108101672281,0.617010448499721,-0.648523888601961
"224",-0.966149037279411,0.927441815719236,-1.09283579144535
"225",-1.26488354906931,1.01457407807321,-0.750385682054203
"226",-1.30755522191873,1.09193772574327,-0.375721486163643
"227",1.23169675297445,0.636123675017578,-0.621305120589007
"228",-3.24798046869871,1.30327815848117,0.315401751817978
"229",-0.661463029898562,1.14155675520931,0.0903434693634152
"230",-0.710389405024938,1.01447438553591,-0.564543267567374
"231",2.07130161436703,-0.358232977080107,-0.96213752672428
"232",1.62539186753904,0.102316659557374,-2.03571721980866
"233",0.540224211467254,0.663308364869614,-1.5335283382249
"234",-2.21988822902466,0.932095219219139,-1.38340788219853
"235",-2.035302074488,1.13054113354061,-0.35560739482239
"236",0.361368387507559,1.04505410701842,0.209030493272526
"237",0.167583748959782,0.928264183530279,-0.527487945178447
"238",0.785740226692987,0.455472874961202,-2.29153535320079
"239",-1.36540972072741,0.913494436727096,-1.28399973849367
"240",-0.970518378066868,1.08136271369951,-0.324706713233871
"241",-1.70941982867265,1.06783485297228,-0.598917247791314
"242",1.71388803676109,0.245469935769157,-0.886146324221272
"243",0.398580218436258,0.830845361305584,-0.829655383313424
"244",-1.70664824093986,0.993559471769601,-0.969651455634765
"245",0.532112137410562,0.962223207368893,-0.0471101874061611
"246",1.01443310362145,0.870435176052077,0.123029080674768
"247",0.874932530440724,1.01363883426482,0.621146322036217
"248",-0.364655076936426,0.664091715456618,-2.1651065947332
"249",0.609962696771291,0.80922478212918,-0.731100078923017
"250",-0.594713885864427,1.13532502171275,0.0867130352850332
"251",-0.359093747198004,0.999210449595543,-0.486790305259169
"252",-1.11354373022249,0.827896243478948,-1.63842309848034
"253",1.17878981347627,0.430331148498624,-1.76625182418267
"254",-2.86209154019688,1.13517428858002,-0.47306983867983
"255",-0.0743064722754473,1.14526686545711,0.397994605033983
"256",-0.169754208696751,1.10665041672345,0.149602699995842
"257",-2.9996093609424,1.33211716619507,0.492275216911518
"258",-0.293279926271436,0.993232681165273,-0.483667004550084
"259",-1.28479162292469,1.05004926223401,-0.578713260029076
"260",0.183231928053018,0.925435629340153,-0.530215149907774
"261",1.47124881273914,0.607208510980545,-0.105832565758489
"262",-1.48919125440452,1.06072541910466,-0.58068678885952
"263",1.22683551781927,0.707509852190568,-0.275401403837857
"264",1.20978254941951,0.757637196079149,-0.0628419453531102
"265",-0.643960843041906,0.995038317449004,-0.635139834465544
"266",-0.031652990310324,0.789027863284214,-1.35719149792894
"267",0.80812546384643,0.594042051462312,-1.56924142265374
"268",-3.38806641761817,1.10494527880587,-0.693500174607015
"269",-0.637462698174994,1.00898908759704,-0.562727116800913
"270",-0.550292814163948,0.783165557498746,-1.65511996471856
"271",2.16214882075437,-0.300938660420673,0.0195548913557572
"272",-0.663034533165611,0.950258400106217,-0.866782885652871
"273",2.32917538307488,-0.824706214352853,-1.66249956426966
"274",-1.33372519037947,1.01987267787894,-0.743370515765396
"275",1.55424804133447,0.429188653726589,-0.69735782048348
"276",-1.62257239494017,1.04880794745782,-0.673512832496007
"277",1.01346910563492,0.6103913833201,-1.1788263333505
"278",1.33858670704707,0.610792020177267,-0.484180341692039
"279",-1.9968333691686,1.15164101535773,-0.242335875701021
"280",-0.414087908845302,0.82072465558818,-1.4057022339288
"281",-1.75690239744582,0.976468462975966,-1.06663312381515
"282",-0.541546072554603,0.870400461019265,-1.21514827202977
"283",-0.588816548306224,1.27677075293557,0.796429070111776
"284",-0.0299936129499425,0.958878146987665,-0.50691125193995
"285",-1.27324714975942,1.09231760147174,-0.364071291320951
"286",1.11151289927229,0.779285705426071,-0.157134878889693
"287",1.81158623486172,0.338532130839903,0.169790034434493
"288",0.0776283424167946,0.960599912929444,-0.42869620842513
"289",-1.67374093751855,1.05464909378529,-0.656508974700808
"290",-1.50639067036334,1.04075257789741,-0.684958080643785
"291",0.244694555341943,0.606141364284021,-2.08038675374203
"292",-3.18301195392315,0.699783972282402,-2.69379184086499
"293",0.449453880266038,0.887283955538537,-0.501421068690866
"294",0.168877010560911,0.833952770458381,-0.998107106438439
"295",1.29950582605373,0.452873876637554,-1.37520593198059
"296",-1.62540727704028,1.21903695809403,0.176948487378243
"297",-2.4489970590867,0.989477183430084,-1.13703824907679
"298",-0.357152915213507,0.986166016121927,-0.551059911420999
"299",1.75430803136604,0.182695020376502,-0.972026024001908
"300",-0.0265546556055331,0.960233856202031,-0.497996400984132
"301",0.126486821662136,0.876525197422965,-0.815478583057504
"302",0.617814105681131,0.856402428067088,-0.486691117317675
"303",-1.00761971541529,1.18209976312329,0.166594010843271
"304",-2.63456466920808,1.07810748225693,-0.724126095762339
"305",-1.3265312604703,0.627383661851173,-2.70381204575137
"306",2.14829819377452,-0.428604543185648,-0.714366232885899
"307",-1.81435757531487,0.919332739082342,-1.36516920593456
"308",-2.58668814571255,0.916415642216164,-1.52499025589971
"309",0.16230806901195,0.922583717544646,-0.559706054877868
"310",-1.82268479970563,0.804615832525811,-1.94058956974429
"311",1.90729701987397,-0.154521154407106,-1.55756609824103
"312",-0.742524175619717,0.955999325872152,-0.869400348127636
"313",-2.21085411813688,1.2058301171566,-0.0130558612137588
"314",0.379528730038548,0.889499604793366,-0.553085437833706
"315",-0.764104597991276,1.07635933328224,-0.275849122965991
"316",-0.863309428529691,1.13121626833087,-0.0381653525507551
"317",-0.941739786159991,1.26806694577353,0.618599011138399
"318",-1.35889762508936,0.928650975912399,-1.20643251612296
"319",0.677934582178562,0.750849950259053,-0.946912191000116
"320",0.75197841736833,0.97801311438224,0.278094059513137
"321",0.30659738989407,0.761192934786664,-1.25599987837932
"322",0.708451113456398,0.857326709782985,-0.378610843035634
"323",-0.0322867984915984,1.08963848264463,0.145468973714141
"324",0.040723985819053,0.816516435253476,-1.17363909223886
"325",-0.477714704683217,0.890139054019598,-1.08809314851617
"326",-2.05870960427987,1.02062801574449,-0.909839495385207
"327",-1.9547692154106,1.07032222315498,-0.640281372529196
"328",1.61104320873568,0.328430162770579,-0.968243477682654
"329",-0.328741429474456,0.799198290816818,-1.47181013606408
"330",0.64617851333745,0.673342143607498,-1.37064236875884
"331",-1.61213631812906,1.00773913214779,-0.876331963634721
"332",-0.0855326245323258,0.936463618902424,-0.652730184111558
"333",0.865838144916151,0.537852293129861,-1.77078150353077
"334",-0.569767524275878,1.14457783806088,0.143562029378303
"335",-1.69195364501067,1.22378654211081,0.184905233070461
"336",-0.331216580713342,0.985831856198418,-0.539880486087289
"337",0.322726380240655,0.859280838170683,-0.752322887025929
"338",1.68870312223225,0.427566140217583,-0.107606357258015
"339",-1.02531212994978,1.08711985656594,-0.314122275497139
"340",0.508364841834882,0.549962723760509,-2.13192669100846
"341",1.1834061841462,0.540465732950724,-1.2058013823802
"342",1.31958809971461,0.739782120631415,0.110691526472439
"343",0.422110607755946,0.730839648067465,-1.3086547966217
"344",2.67318540119873,-0.843694835866849,-0.581017325826265
"345",-1.09463374133705,1.02896874350828,-0.627133439261563
"346",1.18506264624222,0.619666756519167,-0.806272414352532
"347",-1.20889030187983,1.15187557190314,-0.0475177626992526
"348",-0.95077143539763,1.07143842703864,-0.367631324103953
"349",-1.12775483558231,1.17315023745981,0.0834320064349222
"350",-1.57419170393985,1.15061432418925,-0.152669378063291
"351",1.79066931977685,0.134120173280282,-0.990573938030582
"352",1.22948053632899,0.654489566713798,-0.534512535470783
"353",0.769642892867186,0.702502064193063,-1.0771227915519
"354",1.36003054431764,0.801683148859316,0.528628457202748
"355",-0.567877481452217,0.798484160355563,-1.58609762824492
"356",0.0661795428062797,0.993414216906451,-0.272309350178966
"357",-0.167945106560352,0.936990961509498,-0.69768158457232
"358",2.62009374112787,-1.12509415029288,-2.12753237257699
"359",-0.544970191415306,1.04639187342404,-0.336680211958185
"360",0.808062660498087,0.806867841907834,-0.505196112578106
"361",2.13063666507633,-0.39367961838681,-0.666643292474443
"362",0.19210442679289,0.92062204072703,-0.547744834320838
"363",1.0375271224514,0.590153952743399,-1.23857353960234
"364",-0.393077678274346,0.821385943595876,-1.39239262161084
"365",-0.478354402565073,0.871291964430894,-1.18261864930724
"366",1.90023038566187,0.112831834316952,-0.282089724963731
"367",0.413792393170001,0.92738210074706,-0.33342803393087
"368",0.586195187907484,0.976418835415805,0.0794795546613761
"369",0.761788860129374,0.7954455697698,-0.62239015724281
"370",0.485313599558329,0.806556051328217,-0.871282131099678
"371",0.769712103878174,0.853328307190438,-0.322903209192469
"372",0.887192239686999,0.948298057876354,0.312177705091105
"373",-2.14699719149601,1.11901589789126,-0.435087755908384
"374",0.19580346885889,0.789561899438874,-1.20030547328297
"375",0.331229720869677,0.670140097245782,-1.69097223773801
"376",-0.602591530549461,1.02892432958106,-0.448598810214404
"377",2.85193726421552,-1.00151247088558,-0.973546446870933
"378",0.0791291501850912,0.986460654934401,-0.298379971637029
"379",1.61605286984742,0.290437370301726,-1.13638602791931
"380",-0.523152660194429,0.831941280400952,-1.39938997087796
"381",-1.94056582943557,1.14393996309942,-0.269236321370137
"382",-0.334972233082491,0.895054500689488,-0.99564202701528
"383",1.26168551563689,0.412095398645691,-1.67166180464846
"384",1.80884698289879,0.103843278594779,-1.02217741831847
"385",-0.674546667908357,0.908173491248581,-1.0818375589183
"386",0.387851517310792,0.861036645389196,-0.688139386648703
"387",-1.33250892303503,1.21814305837808,0.248319610440052
"388",1.16413060244808,0.667916808277868,-0.608957903981705
"389",-2.17252603133802,0.999050109621063,-1.03976832583711
"390",-2.35453982553196,0.982949341643354,-1.15341685128107
"391",0.783453551710512,0.880942410590217,-0.167155186690586
"392",0.0716496839479631,0.836427250892724,-1.05358116156941
"393",0.301559055758692,0.880065487207869,-0.665734285694997
"394",2.5645837601251,-1.12226155365348,-2.27243530699668
"395",0.577615602996788,0.888480299839556,-0.369232731799018
"396",-0.631119366827776,0.766512012117204,-1.77250668860479
"397",1.43108110686855,0.514161730434713,-0.700463521337116
"398",1.65656198206635,0.420023791192056,-0.303575761597419
"399",-0.0843744431900841,1.06282553658849,-0.0202310727132745
"400",0.922358475414134,0.919569255773969,0.220836015914696
"401",-0.193921850872097,0.955496126228698,-0.619575840563665
"402",1.1074464754881,0.580909541051705,-1.15682578385387
"403",0.0552368959564692,1.00040235416203,-0.244649205506427
"404",-1.5495272161757,1.19149255476572,0.057849065373726
"405",1.88967424577083,0.0708724531611458,-0.581199048688121
"406",2.61788302714029,-0.82631640353314,-0.639709300410663
"407",2.38114424784668,-0.564976002246072,-0.135115108097755
"408",-0.260955726216969,1.13220672511126,0.227971274852061
"409",-2.52868843459996,1.13136944533115,-0.440830695462434
"410",0.316872685509857,0.761281021734106,-1.24714777542643
"411",1.05278803816066,0.656372349978879,-0.880530799099433
"412",-0.787383129787235,0.888365198268848,-1.22460019387439
"413",-0.0151120746324906,1.13964579483511,0.406211804198968
"414",0.988981413014647,1.05873329911173,1.02196653197572
"415",-0.312177444577192,0.898834067811145,-0.965291244249311
"416",-1.32174976597496,1.16967045138805,0.0089576314343803
"417",-0.0486624060520918,0.867600614609086,-0.974799659446925
"418",1.08914875124556,0.726751703229003,-0.462241227274762
"419",0.803433231773739,0.902799562619852,-0.0316870146990026
"420",-0.903253418936251,0.990660374681887,-0.755098146357213
"421",-0.0846722498547969,1.0203101302449,-0.232985460167006
"422",-1.08465122305972,0.99738920273957,-0.781877746343977
"423",-0.586169142153032,0.824398375312886,-1.46431320977642
"424",-0.776627221869224,0.927011317896234,-1.02732759268444
"425",-0.334701540735827,0.874836619952768,-1.09659646520743
"426",0.123535280624361,0.558773078858956,-2.40630588907387
"427",-1.21873261720423,0.900341086528754,-1.30810064369532
"428",0.678986088840488,0.558738603892443,-1.90625019994667
"429",-1.14425376363178,0.98122772491887,-0.881264233157443
"430",-1.36954930953139,0.995714358293244,-0.874031476464429
"431",-0.391168569875254,0.816522228634612,-1.4157953097021
"432",0.538806568814273,0.947268975931441,-0.115155220058805
"433",-0.285112923619925,0.883034439996456,-1.03045696106213
"434",1.13220853841212,0.786658016696575,-0.0798585976254638
"435",1.10950525711747,0.838968977557911,0.137420258842744
"436",-0.165277461240855,0.888276662131614,-0.939756946263248
"437",0.56173144453698,0.793182817409832,-0.862219494105054
"438",0.698678040442057,0.915829788771753,-0.097723076664836
"439",0.695718382848084,0.937979719245835,0.00952871234980418
"440",0.355097835653531,0.909948303128288,-0.471845981176817
"441",0.296617627329093,0.785590514748343,-1.14211017733573
"442",-0.58942289961473,0.838867675584407,-1.39334248642876
"443",-0.929762355855611,1.07490245454351,-0.343104294417013
"444",0.567013824262973,0.798166481466758,-0.831842684705684
"445",-1.8374611142416,1.13418362794888,-0.295991275419775
"446",-0.14389267982324,0.865318795279816,-1.04244797661065
"447",-1.57770333328486,1.10042802108737,-0.404467402350273
"448",-1.50799456096347,1.08500675843554,-0.464096273600816
"449",1.41869806424324,0.58343723139392,-0.392217030874014
"450",0.782106706361119,0.665158993206549,-1.24781665509496
"451",-0.353553238671642,1.18600419021809,0.449900985114891
"452",0.502586031646367,0.878980660421881,-0.492478890147775
"453",1.09653980313687,0.357523835964008,-2.29449468963441
"454",1.95047294376606,-0.233130915091928,-1.54761715254241
"455",-0.799858329795906,0.972640041307421,-0.80788213941053
"456",-1.3393520423617,1.02718421790792,-0.708374838143788
"457",-1.02744149713061,1.0326760881858,-0.587037376487116
"458",1.00776288848166,0.882209362443987,0.170617212397109
"459",1.18439331137696,0.598300230966877,-0.914529927841553
"460",1.86164651347237,-0.0457399988322918,-1.3891662426323
"461",-1.15523966511923,0.966962026560591,-0.955953008519954
"462",0.229972006018453,1.04983094511063,0.126752853948629
"463",0.297366042302486,0.935865256070974,-0.39013158477282
"464",-0.871595863997734,1.05063750901315,-0.444021975123925
"465",0.962879896505407,0.616192633489065,-1.23301037434422
"466",1.09512313756414,0.889264624565321,0.361537207319206
"467",0.134898882728975,0.835608925580662,-1.01414264593866
"468",-0.0613687211154294,0.97494507296692,-0.445813039322188
"469",1.75880421824593,0.395346023073659,0.117928980469538
"470",-2.89738766662133,1.1723887931913,-0.292061039055158
"471",-1.11976574757288,0.957226409241058,-0.993709360971443
"472",-1.02807979792692,0.990673301893303,-0.79725986034118
"473",0.381192238610221,0.995938781209873,-0.0194426376391568
"474",-0.20012541094024,1.10591820739474,0.129130314614648
"475",-0.744103623994656,0.97710720112423,-0.764468294007523
"476",-0.333238985495635,1.04111446159166,-0.264477606762514
"477",-0.433742883237945,0.769021083415446,-1.67345298410535
"478",-1.93306437170513,1.1908377280785,-0.0331786521074863
"479",-0.774935185949506,1.13240967709374,0.000302398310635943
"480",1.30500119212582,0.641200993010315,-0.419674201601407
"481",-1.79449004921588,0.86503462399102,-1.63225172062461
"482",-1.99457246879879,1.06184107679919,-0.690874741820586
"483",1.49654615143003,0.486623870822606,-0.622470185717396
"484",0.933983712305536,0.847115753103066,-0.123658655285213
"485",-0.459712465348647,0.932555875339389,-0.86779686387172
"486",1.28780921657522,0.540804752310141,-0.964744164184926
"487",-0.293741696515756,0.89013878176024,-0.999373338352157
"488",-0.841975851889153,1.18003321196826,0.213612669519698
"489",3.11448673535745,-1.14616368157553,-1.26115703424089
"490",-0.273098784942474,1.10673978650016,0.0942933188042103
"491",0.37302771375997,0.987474867954651,-0.0688430595834524
"492",-0.272569812711234,0.986640481817331,-0.505927994720696
"493",-0.508895359333717,1.01349169626433,-0.485329468800984
"494",-0.806091456966923,0.972999399830241,-0.808399016345914
"495",1.16911940428546,0.79892865646163,0.0564568054449805
"496",-0.675787968904142,1.04067286977396,-0.419837974099585
"497",0.972158497181321,0.548323182186948,-1.55748453673522
"498",-2.27733766074031,1.33635223627033,0.627354620266393
"499",-0.11837971392338,0.762098550108915,-1.54386728571388
"500",-0.0721940829404187,0.466915120880308,-2.99249551213342
"501",0.928616251806767,0.700626573566699,-0.864340953881033
"502",0.204511491967078,0.984515226322834,-0.219055092765765
"503",1.93964302552839,-0.115215655495117,-1.06400471735471
"504",2.62764593990087,-0.862012030930477,-0.791560437977941
"505",-0.594647927435796,1.03313076316115,-0.424230488156644
"506",0.320262433490927,0.948505452284021,-0.308234110093384
"507",0.231759738826314,0.930255880372521,-0.469756792469177
"508",-0.777357081086123,1.25501167680495,0.612399113457825
"509",-0.302235550112633,0.841824065590788,-1.24528992379881
"510",-0.14124331731965,0.905361281148053,-0.840723592703297
"511",-0.34879750734998,0.879958984573668,-1.07797995988577
"512",-0.832855411021009,1.08060295404484,-0.280220516365241
"513",0.133503871547343,1.12471820081109,0.430419656785491
"514",1.48749602205248,0.468099704605842,-0.746406580700764
"515",0.449935707971639,1.04563512975968,0.290781231213731
"516",-0.416863137546703,0.987904532807757,-0.571113777108381
"517",-0.0108963591236361,1.13300060550872,0.375635273114294
"518",-0.485238552545997,0.920051111217353,-0.941936749801438
"519",0.456089896645953,0.744981898578834,-1.20676530263087
"520",1.52700758719952,0.33930887510565,-1.24979524786287
"521",-0.502229981420432,0.978687105797588,-0.656383365648723
"522",1.60807278697511,0.451871038680351,-0.363874782733686
"523",0.203537103739831,0.790010484679489,-1.19230663445062
"524",-1.25878132426918,0.56041271590592,-3.01943250164919
"525",1.95409800977631,-0.26147960134704,-1.6531097033007
"526",-1.27931969669574,1.03949603838725,-0.629917536633094
"527",-0.709125116043626,1.01319067325914,-0.570465812243187
"528",-0.904711021399279,1.02421406382247,-0.587840087766095
"529",1.5301472263157,0.443792514804476,-0.715766291376827
"530",-0.129440503302855,1.11682823247861,0.223382404218858
"531",0.280616855935527,0.974808884543073,-0.208857519064748
"532",2.43333884687028,-0.496221068989953,0.416014580564686
"533",0.750976549822323,0.93261174719508,0.0498329901132927
"534",-0.0202731932144485,0.800350881527546,-1.29349476338912
"535",-1.16368894082197,1.19110684655213,0.162200002400875
"536",-0.250594520189575,0.632968574027353,-2.26276443491683
"537",-1.10526069034554,1.07604621103512,-0.395084445916353
"538",1.20422287550842,0.422814430359063,-1.7491701526301
"539",-0.383461144016791,0.947622118470637,-0.75658637602388
"540",-3.53775353830268,1.09490658133467,-0.76124440941188
"541",-1.06914133729835,0.962797750644391,-0.949901609762142
"542",0.183047653921626,0.897578232537806,-0.669637421110946
"543",-0.681823897872746,0.985168152402167,-0.69977441515532
"544",0.572908828264885,0.807754058826758,-0.777779833078722
"545",0.296864809230854,0.89349062217609,-0.602409905473438
"546",1.71232764426661,0.289797713286159,-0.672897351464666
"547",1.95977819249547,-0.0934822378504787,-0.755507574118179
"548",-2.62169857929458,0.885670180184824,-1.68428521344511
"549",-1.16017960480398,0.791586161202774,-1.83433694329341
"550",-1.65224644664157,1.20394033323678,0.0950372056637464
"551",-0.110584152039956,1.16086215206186,0.454491755039824
"552",-1.5448693801951,1.10482471254327,-0.374324853345878
"553",-0.187867936461899,1.04333710923625,-0.177034238748955
"554",0.800942604933904,0.914418605952456,0.0231127983135558
"555",-2.38322665552172,0.773236997940877,-2.20698199551268
"556",-0.421819840988402,0.87623067728763,-1.1318184713383
"557",-1.32242031438311,0.977249418137742,-0.953335051015861
"558",-3.2204440734207,1.0509334380895,-0.94283608960025
"559",-1.18189263943604,0.87045574400785,-1.44655590308576
"560",0.892778175188926,0.712119885092225,-0.860548389567843
"561",0.161724397561501,0.760915385833123,-1.36846885936008
"562",-0.307561792832927,1.12647331270055,0.175245843975374
"563",0.0837253943856202,0.920335387262777,-0.625897948591432
"564",0.701170988059922,0.641711897475139,-1.46535783272653
"565",-1.79045194056894,1.12264254144472,-0.343311319985284
"566",0.442430032651696,0.890486189182659,-0.491895183413589
"567",3.21692178447681,-1.09126307785798,-0.850160008795921
"568",0.277798770697532,0.812768460079449,-1.02130265522434
"569",1.69739199622342,0.216022840644734,-1.12062576790144
"570",-1.03443330231255,1.12428321940183,-0.131282174213966
"571",-1.69597387266497,0.541543242133623,-3.22724961533186
"572",0.301970232545018,0.913382062345239,-0.498817711766635
"573",-1.38239525670203,0.929764048661823,-1.20727887284529
"574",0.709806824146451,0.939117163327718,0.0319638450526986
"575",-1.07738997544656,0.987541506186127,-0.828811732537873
"576",1.04359387738717,0.643323544034774,-0.962074597098639
"577",-0.0978638288857969,0.822536701313714,-1.22966957721582
"578",-1.35316786972629,1.14820694274285,-0.107077692001881
"579",1.89306013052062,-0.011462286793658,-0.964512349948429
"580",-0.719573800066354,0.998007396959061,-0.650470202812125
"581",-1.01404873113643,1.15115052380154,0.00972757046266448
"582",0.946218241245478,0.831121944064391,-0.184655098032255
"583",-1.13116003982303,1.09243322005533,-0.321205970088947
"584",-0.924845168640636,0.899686894039412,-1.21748294731864
"585",-0.554794708291627,0.764289588807222,-1.75144600878687
"586",-0.77115728721684,0.839406124800439,-1.46328812581752
"587",0.16519918339477,0.810912546684414,-1.1159728713761
"588",-0.18424323546732,1.02176421207508,-0.282894007178907
"589",0.764650820686808,0.8987914056708,-0.1020323885988
"590",0.40406117909358,0.77717511189318,-1.09314836845736
"591",0.712138277552246,0.829264323607007,-0.514504810878354
"592",-1.28947951489561,1.0906320260312,-0.377134011711766
"593",0.0974134468161834,0.912419491313334,-0.656153063137676
"594",-1.24364463346289,1.10592640542489,-0.287474298277088
"595",-0.589304121530818,0.910859573668306,-1.03333282258942
"596",-1.12296339107154,0.95161065949502,-1.0227811150447
"597",-0.976937770326932,0.938765967353091,-1.03985158500845
"598",-0.504435900995421,0.83508502299844,-1.37537780130279
"599",1.57410367794175,0.545857878084829,-0.0354914058520423
"600",-0.918537109287303,0.949464344849364,-0.966408988536694
"601",-2.25469389347178,0.98318953751748,-1.13434105944688
"602",-1.24795104148925,0.992480336308787,-0.85595704117646
"603",0.982757467264614,0.962996442124954,0.533078899215079
"604",-0.548439332487157,0.821045639608151,-1.4649166685439
"605",0.518288042962449,0.616589866535248,-1.78903017112565
"606",-2.09512606035402,1.12727249507404,-0.383784750582765
"607",0.0169371557295343,1.03639010752806,-0.0897087054463151
"608",-1.51282633648466,1.2375718412632,0.297498649720671
"609",-0.712734876046914,0.793748293428113,-1.66909292369145
"610",0.270024516491417,1.00266875541072,-0.077960970158257
"611",0.218712962620497,0.683693315407967,-1.71248932484383
"612",-0.652956268566485,0.728024174290372,-1.97387375941363
"613",0.112837163628507,0.711930623424146,-1.64796819835679
"614",0.887399303226228,0.86753889451931,-0.0913163992276289
"615",1.55658089370837,0.380464760091674,-0.931905371866948
"616",-0.378514904415204,0.946661581412955,-0.758998419885762
"617",-1.25720943720022,0.903519392939781,-1.30344485631721
"618",-0.666535116544094,1.0815696657038,-0.211637919357908
"619",0.195217506058686,0.681762762671456,-1.73973576900795
"620",-0.660374246995898,0.962149438500532,-0.806253101494465
"621",1.74730403232234,0.225566380262629,-0.79870693988156
"622",0.861620212118526,0.734450567902492,-0.793771308606493
"623",0.0374622207192969,1.1140974696259,0.312132258644758
"624",-0.0693374936154634,1.13588381489605,0.354066678393008
"625",-0.735566291678366,1.16693389834364,0.187954755009272
"626",0.33467503356777,1.07727316726433,0.347566347701492
"627",-0.0448945328696786,0.808660848223003,-1.26719035508213
"628",-0.90673975501395,0.993876636168628,-0.740236893431159
"629",-0.912318191161998,1.09290582309638,-0.247038126140926
"630",-1.30573488764649,1.17543275743499,0.0422667431761918
"631",1.39504474602674,0.540759368581394,-0.676281134783783
"632",1.33647168010414,0.613397014380997,-0.476804314504755
"633",0.727568269740833,0.679949553585125,-1.24240265339107
"634",-1.7527807657426,1.12948848113823,-0.30059766526648
"635",0.197365252164183,0.673987420650333,-1.77701845252131
"636",0.556133823290629,0.883643020844117,-0.415672073418853
"637",-0.605572146432688,1.01041504976701,-0.542392755255242
"638",0.302243813281924,1.01578050480097,0.0133965959823477
"639",-0.454096777080234,0.965144865626684,-0.702270426746522
"640",-1.41845210570244,1.1787267230682,0.0278412443745756
"641",-0.42620689655684,0.912550769122271,-0.952278670079698
"642",1.52995628750167,0.510364390060584,-0.383614957654099
"643",0.708750685814215,0.811310437427051,-0.608333896601234
"644",0.542747861948069,0.850593224149046,-0.594553651386611
"645",-1.92140853748843,0.959837867856315,-1.18572996219205
"646",1.23578372952199,0.520789142537614,-1.18864655713449
"647",0.834015791764771,0.627735137390223,-1.36579104449685
"648",-0.664113916322141,0.885163261422315,-1.19269408552777
"649",-0.829278166572304,1.08168578793667,-0.273500105986224
"650",1.19056310124685,0.625979955100217,-0.76294610241939
"651",1.72250945025379,0.0779302874156071,-1.67695703143898
"652",-1.90228237521782,0.886478032439986,-1.54848480497112
"653",3.39518011728139,-1.07153431265204,-0.546808366317698
"654",-0.423733292632452,1.18199540467243,0.396105659210881
"655",0.445879895120186,1.02126596859427,0.165183791443624
"656",2.04960196488307,-0.332236793421726,-1.02546548322161
"657",0.125226374903032,0.835659503898641,-1.02069023507856
"658",0.036673222531333,0.688698386726176,-1.81537849967689
"659",0.40450024122199,0.817857870440729,-0.889344351249777
"660",-1.26163010556037,0.945726968877391,-1.09368356696985
"661",2.80939188696308,-0.791815384728665,-0.0105546144314564
"662",0.468957505770824,0.77590394105431,-1.04008984558247
"663",-0.533541558375158,0.929058240073988,-0.918365902335133
"664",-1.39332358230223,1.00026182878833,-0.857746303701948
"665",1.41084845879483,0.536050334824128,-0.652914851107144
"666",-1.40399037896196,1.20177521881107,0.146950588854354
"667",-1.47428579245311,1.14235101969794,-0.168709467203581
"668",0.187446558284564,0.632953686387256,-1.98952502142056
"669",-1.55963683280206,1.26530346372675,0.424383355223583
"670",-2.85110909878333,1.13150653537817,-0.489819667408337
"671",-1.29998695355451,0.820580083545072,-1.73037340448742
"672",-0.994223067172414,0.923463303697103,-1.12214586275243
"673",0.707656058599659,0.849931272265057,-0.416538421212035
"674",0.986032233289385,0.90204771204539,0.233694050211686
"675",0.647882424604703,0.786280904090072,-0.804036430827828
"676",1.2215317318445,0.689306009575936,-0.378363570786591
"677",-0.857105196108886,1.19703692307416,0.293165524678965
"678",0.151427972690975,0.89410023701713,-0.709941069516083
"679",-2.37920342967302,1.17936841330206,-0.175626675031873
"680",-1.38333359123663,1.1281191695729,-0.215757741671749
"681",-1.64170495198184,1.01923802304945,-0.82595926643158
"682",-0.696324541037723,1.13399612651612,0.0386048501781944
"683",0.270524401128915,0.896208339803427,-0.609868205182995
"684",-1.15099548262366,0.959834403828703,-0.990295271234358
"685",-0.18513413601904,1.08610750349544,0.0383292366186082
"686",0.422990161872698,0.973303001150275,-0.0955431977818159
"687",-0.8276946752398,1.16270000527124,0.132150065102015
"688",1.25764053348959,0.611248324533743,-0.685490565333768
"689",1.02727339806301,0.778759597698311,-0.31336142551605
"690",0.451534241902059,0.941805889565714,-0.226882449247821
"691",-0.98686234952474,1.00546964170166,-0.709659219637497
"692",0.139815414273901,0.957394668488806,-0.401736832991394
"693",0.425996146494337,0.914504652942553,-0.386813664369312
"694",-0.450532893017127,0.597345525331295,-2.53962392594418
"695",-0.60001666988476,0.916213013921171,-1.01107580735577
"696",1.3581955152405,0.678577868796885,-0.091969672896315
"697",-1.5682134946184,1.13899965820728,-0.209264209972676
"698",0.156417262755888,0.968611394185352,-0.333808966001336
"699",2.58383695260537,-0.729590621413677,-0.252270445633699
"700",-0.140360743781536,0.90463293349218,-0.843861011612674
"701",0.361241142090035,0.823666830203698,-0.898014700710171
"702",-0.850946287069693,0.919113384215438,-1.09423293953281
"703",0.35275106855241,0.93844181147525,-0.331372094756142
"704",1.28554862265975,0.366548033554398,-1.84161032408187
"705",-0.345634582725004,1.14819448065802,0.26476135890181
"706",-1.89683606512794,1.04926785728641,-0.733377748522076
"707",2.67897105464356,-0.761688908561404,-0.156464304620907
"708",0.181526815140363,0.819281883486043,-1.06223492542876
"709",1.25884541717203,0.713396644428553,-0.171897378731813
"710",-0.403757173855595,0.596348952221205,-2.52267961923835
"711",-2.04498983340733,1.13381100937425,-0.3411950542113
"712",-3.60148487229919,1.08919269133065,-0.797029577113834
"713",-0.25544018473966,0.988588818051425,-0.487219307685162
"714",-1.27345034840004,1.13030736960731,-0.17418070964209
"715",-0.61849236838836,1.05800429525426,-0.309827690650196
"716",0.27329022503725,0.915501640320003,-0.511214012629095
"717",-0.458845110891585,0.955651615182598,-0.75192006590998
"718",0.311884980654512,0.664746651560908,-1.73391210789526
"719",0.510469296186797,0.975811572347327,-0.000620143088556693
"720",-1.85832676047736,0.913736522352761,-1.40276647048599
"721",-2.36822771831961,0.920681295892515,-1.46715165295044
"722",-2.53233995443897,0.871717974467073,-1.73968550405911
"723",-2.1294867541262,1.1290513560918,-0.381552472928773
"724",-1.12885368089326,0.786852084947993,-1.84839872880565
"725",0.379054695182949,0.927585065842675,-0.363070052547951
"726",-0.73939964532904,0.919714821159585,-1.04961975442284
"727",-1.28040748956597,1.18722558648114,0.108419367052729
"728",1.25153434913482,0.520685676941597,-1.1526774665571
"729",1.23815766924009,0.635874116036456,-0.607776072326089
"730",0.931127758771275,0.8246445613355,-0.240403649005735
"731",-0.325412462791573,1.19653645035426,0.516549246666438
"732",-0.484054809699495,1.17695787807595,0.343131527791851
"733",0.896157910495023,0.927749880168987,0.222567474342022
"734",-0.559495802485145,1.08659322075662,-0.141954263814007
"735",3.32949273169634,-0.846529870726378,0.507099728638217
"736",-0.194158535363147,1.32026246404491,1.20412568971512
"737",1.12606388435749,0.83640343882391,0.156751471579667
"738",-0.19016647622722,1.13136024044293,0.261812850663475
"739",1.07576424834109,0.684913736818629,-0.69623652260755
"740",1.275903876793,0.458134818764829,-1.40728164385211
"741",0.958242032130692,0.803403503817995,-0.304327625075515
"742",-0.12999671652134,1.06101066357756,-0.0560258480673775
"743",0.724107763035339,0.908577359339383,-0.103478706494965
"744",1.41334534611271,0.485941611913781,-0.89593338365404
"745",-0.918921952417729,0.689362651310405,-2.26705108700925
"746",0.479399877628512,0.753688313865493,-1.14126961583776
"747",-2.6758265317759,1.19532168158946,-0.14449041332848
"748",-0.88925568083293,1.16016199035713,0.0973329625056011
"749",-0.937294699073281,0.720673806937912,-2.11684122215591
"750",0.213777757382407,1.01351055870698,-0.067127276073732
"751",0.324522233724919,1.02648155834375,0.0851661774020173
"752",-0.0822789770873972,0.952233689159735,-0.571941266873746
"753",0.257351530290356,1.02951383431098,0.0463104870700839
"754",0.68118210955463,0.836239909509911,-0.516194142322419
"755",-1.42783813141018,0.988229056241582,-0.927141960092917
"756",-1.40429744074838,1.07367823921716,-0.493616702709664
"757",-1.12112982793562,1.07598658251016,-0.400332308217588
"758",1.75807530266376,0.082096917155105,-1.4526642603503
"759",1.67612086634035,0.342723419694146,-0.595070708820298
"760",2.04690520572239,-0.447474135110386,-1.62653386484792
"761",-2.22833000829451,1.2611149105396,0.260128694472941
"762",0.954336554111609,0.700231784698616,-0.826361704523731
"763",-3.58976629254145,1.04393868667375,-1.02198394389881
"764",-0.77122080334193,1.05503395020042,-0.385173020683326
"765",0.259847834996993,1.18342221153513,0.81780459291999
"766",0.0616456235158941,1.01546947228743,-0.165057241798633
"767",0.466598561174574,0.990737712438336,0.0318563143174619
"768",-1.48979500306471,1.09934440386898,-0.387747192594154
"769",-0.280692017531982,0.923121648492083,-0.827736823034691
"770",-1.13850679327488,1.11509280283342,-0.210173157025291
"771",1.88173566076949,-0.135907282823456,-1.68055758718615
"772",-0.573337588258656,0.898728337363389,-1.087210449374
"773",-0.405728249513876,0.880841233689524,-1.10115592658351
"774",-0.627782013581254,0.794919306310278,-1.62909515197676
"775",-1.57908876760627,0.910013608714973,-1.35688092609107
"776",0.602407804170453,0.968459922048334,0.05693960778978
"777",0.601767987749718,0.617073520861155,-1.70067861716073
"778",-1.22017389000975,1.10106781388243,-0.304891947599336
"779",-0.563618188992564,0.889187972182122,-1.13075252778751
"780",0.455232127274148,0.764208592383134,-1.11143099288672
"781",-1.70537517626619,1.11154365819333,-0.379435038286131
"782",-2.28439160810083,1.15309357730735,-0.290213665074569
"783",-1.98887223958937,1.0903603827177,-0.547114355035548
"784",0.184832226119482,1.08723916711184,0.279978282691133
"785",-0.689362717107968,1.01138407206962,-0.571696049401694
"786",-0.842605525278199,0.975495662029086,-0.809303514425466
"787",1.24702044516695,0.896010190665926,0.713402394174416
"788",0.670517190707713,0.845795373511464,-0.480744476475585
"789",0.281825052831142,1.0726143352351,0.281133044280334
"790",0.14972790255252,0.750126428416864,-1.43102540733122
"791",0.0853583546377229,0.813943147628045,-1.15675207862394
"792",-0.0442237399329175,0.853099984544506,-1.04458306967602
"793",-1.58377615568042,1.15535147091954,-0.131345221916862
"794",-0.243987178911546,0.487739616083322,-2.98540985776424
"795",0.278764124114709,0.88655538867273,-0.651600263985609
"796",0.534523306876357,1.11696460170606,0.729014368744807
"797",0.73073403319512,0.84082988728516,-0.434131318127876
"798",1.20536924805943,0.916694281647515,0.722739723659397
"799",1.0974306122636,0.782843364653797,-0.166214281574564
"800",0.652708611667535,0.507528722399279,-2.1923633032399
"801",0.181831421327191,0.693630124097385,-1.69027036085057
"802",-1.44840695973038,1.12477770686167,-0.249825687285852
"803",-0.125379052729351,0.950737760247587,-0.604726400049634
"804",-0.689459929525572,1.02018442048637,-0.527732918379454
"805",-0.58076253896722,0.926796564551163,-0.950029998072834
"806",-1.60028305407383,1.09684084949305,-0.427940368591963
"807",-0.322150620406396,0.984401671372469,-0.542486032828744
"808",-0.20845024572792,1.02667519500068,-0.27162951342451
"809",0.236769748330069,0.989393550851377,-0.170230251436304
"810",0.0674521234442064,1.03651611431476,-0.0559491007626589
"811",0.486582217409724,0.793405983402379,-0.9358165855784
"812",-0.523009211872549,1.09521884103015,-0.0829389821551281
"813",-0.560394945005243,1.24901742676144,0.66977987393865
"814",-1.78980421839971,1.07053050741954,-0.603726843624991
"815",-0.400776907691338,0.987485064884808,-0.56557889960062
"816",0.0391376510882485,0.815518003273063,-1.1796696961641
"817",0.446835903700269,1.08025018385453,0.460987910015888
"818",1.05409617498981,0.667030107917108,-0.824907237243306
"819",-0.527046999921639,1.06267424308144,-0.24743831354188
"820",-0.494818488206392,1.08009244301133,-0.146040302037673
"821",0.583284325609407,0.715775085756888,-1.22680790626197
"822",0.387809206479378,1.01926872176422,0.102983945452949
"823",0.388382834776551,1.16548930021008,0.834589259426223
"824",-2.67127422762954,1.17949594993142,-0.222914016920018
"825",0.433366364313396,0.934967051916682,-0.277797708134074
"826",0.024861262452586,0.951095026915402,-0.511072815630374
"827",0.153423087733301,0.744644310150078,-1.45579235076711
"828",-1.14186297492382,0.984330922853038,-0.865014359920191
"829",1.30885099592922,0.611913491767857,-0.556306767537984
"830",-0.462773337277958,1.17053923943305,0.320716872310145
"831",0.911064838093299,0.757113949561692,-0.608473456098775
"832",1.23942539177139,0.419771682758043,-1.6853724623399
"833",2.62684973027298,-0.82784410978797,-0.622876968770027
"834",1.54360450924287,0.408710898940555,-0.840633050023449
"835",-0.0667839162848038,0.719786135707062,-1.72488220441013
"836",-0.251988867630845,0.926200670504642,-0.797340359234534
"837",1.55961231941884,0.248356650991823,-1.58059719762978
"838",0.400492591153138,0.913008120381121,-0.417149220277829
"839",-0.0387359921066172,0.749008950784804,-1.56166308352365
"840",2.39456546205353,-0.604777868445783,-0.278800070735695
"841",0.296640108717884,0.829128706428027,-0.924401054671421
"842",-0.0532939493888346,0.495794936179608,-2.83665630926019
"843",0.738303964980177,0.256182546211077,-3.34806184773388
"844",-1.86725296019644,1.01698238953822,-0.888466254198808
"845",2.45064026084935,-0.80305752371849,-1.05382863931062
"846",0.433121209434273,0.987995225099266,-0.012880565411071
"847",-1.74447249219806,0.925323017440536,-1.31953411240366
"848",1.97422869606584,-0.539989977910381,-2.83682920820857
"849",0.305649247064993,0.876696439065756,-0.679254754683768
"850",-0.697562785031986,1.01305587786854,-0.566585963796929
"851",0.956655773269464,0.655979548671271,-1.04395916985747
"852",0.566220475919291,0.682026281826202,-1.41336528152189
"853",0.43868655466871,0.959439461881878,-0.150568119059979
"854",0.0168969821320996,0.877788720544934,-0.882741473975336
"855",-1.03209805165554,0.988933942087214,-0.807267867091778
"856",0.792712242969836,0.816829032572033,-0.475660592485946
"857",0.204051348692562,0.866338664765986,-0.810281684736559
"858",-2.51691365723411,1.16375382322215,-0.276976443755935
"859",0.992234594111988,0.770729464288199,-0.412688229358065
"860",-1.33494821662555,1.24788663290309,0.396359366415328
"861",-3.48455011349351,1.13141190692959,-0.57257846298998
"862",0.590848359633487,0.886568263913207,-0.364849420239333
"863",0.290172784479412,0.690530426390953,-1.62260333432371
"864",1.49780111002441,0.460785437558239,-0.747279659610359
"865",-0.102864821864071,0.982405107165734,-0.43327112643589
"866",-3.11766705865037,0.640572602870004,-2.98133397667451
"867",-1.09825818457904,0.806133017644709,-1.74245279947281
"868",-2.99072038621891,0.976924084295585,-1.28246693915535
"869",-1.25774188836929,0.876232151843997,-1.44003497638994
"870",0.152457773956168,0.885656175141966,-0.751424407858609
"871",-0.0565141060730387,0.954660449564268,-0.544289344411
"872",-1.46657464410197,0.9630368115753,-1.06327806378458
"873",0.723781994603952,0.952130743505036,0.113892207598054
"874",0.879713969983212,0.886990277661841,-0.00520938489768255
"875",0.164442035402078,0.883586312914799,-0.753151611459802
"876",-0.265125910614815,1.06827919092866,-0.0938508486305318
"877",-0.828680512832622,0.951409336999547,-0.924663860745612
"878",-2.92820920453417,1.07369432888478,-0.78990235051839
"879",-1.21797439736556,0.966804275325199,-0.975561019930489
"880",0.131569102297824,0.894390567548935,-0.722581507081423
"881",0.640758735478159,0.946171146855809,-0.0125574431679412
"882",2.07566220194154,-0.168180639550401,0.0255480106177008
"883",0.714359715866021,0.786348826831544,-0.726412268217838
"884",1.39835807729707,0.571734199802304,-0.511673151221788
"885",-0.15035624076359,0.858016873012334,-1.08263407436538
"886",1.00728576746421,0.913902531653885,0.328279598398776
"887",-0.499354188219892,1.06787798141689,-0.209144050412069
"888",0.517482727011486,0.621245796746516,-1.76654610883564
"889",-0.0450499520070933,0.933078285140882,-0.645198507213616
"890",-0.0950558877423128,1.11849221468042,0.251765511913722
"891",-0.539301158457986,0.93665619910845,-0.882891607650722
"892",-2.51755655957983,1.02228813591532,-0.984410616250587
"893",0.900623232396117,0.914152111997323,0.16116970287997
"894",0.598209724993188,0.651176345382243,-1.53397285534462
"895",-0.626498721315789,0.78164668123477,-1.69492877674914
"896",1.14252278749417,0.794428888840762,-0.0204367482966425
"897",-0.950023254910646,1.14357948384262,-0.00667084723078776
"898",-0.951034526912618,0.974763718524496,-0.851094577657692
"899",-0.893169676561701,0.686155570811111,-2.27407965739213
"900",2.31499615337606,-0.626704971829206,-0.73924082158679
"901",-2.44096778657536,1.19280116275256,-0.119059783079648
"902",-0.347831738215677,0.904974857008707,-0.952423449174917
"903",-0.832862647184036,1.08195736710407,-0.2734510906233
"904",1.10291823606395,0.872921096490843,0.294584539295632
"905",1.53500480704151,0.419464677875437,-0.819307902220084
"906",-0.302345522657311,1.02503566066933,-0.329288012497264
"907",-0.801733069503596,0.885133141661348,-1.24611340981374
"908",-0.0278105818287502,1.04526830046791,-0.0736050157302192
"909",0.297922459106389,0.884773186193021,-0.645141971669316
"910",-1.93085564018643,1.06144790458796,-0.679664850703617
"911",0.0452155874215945,0.841652333714076,-1.04501234621386
"912",0.0982060076032822,1.00060803647482,-0.214667328448371
"913",0.803665038655041,0.682345257621144,-1.13365136855295
"914",0.482261181751429,0.948278870015608,-0.165587633695162
"915",-0.848261613786276,1.01704608668832,-0.603599589115337
"916",-0.679114428428667,1.03887196638098,-0.430173334096392
"917",-1.48778048266048,0.964143746147542,-1.06323202329792
"918",-1.91516521235227,1.04210325155648,-0.773086616214458
"919",-0.0885342081636964,0.864827346394852,-1.01269578386667
"920",1.38146824341313,0.608771582617442,-0.375556374035977
"921",-1.75125572067736,1.24197200312411,0.262166488229284
"922",-1.77445588987447,1.15051688054222,-0.200354950926163
"923",1.3219186645184,0.786468889592175,0.35018902607274
"924",0.171291722921332,0.926146489772914,-0.535384640109909
"925",-0.184287208258993,1.06956563909918,-0.0439112233058828
"926",0.733202117198027,0.696352636917989,-1.15349165365993
"927",-0.614157716210483,1.1006285423749,-0.0949059169206128
"928",0.281485166908343,0.847012939090505,-0.847145032631677
"929",3.58810421318615,-0.868360853264206,0.65363844731019
"930",1.49965875715072,0.690591748742584,0.40825754764824
"931",0.9534707169915,0.844233136848701,-0.107720093024369
"932",0.302565347467503,0.825697976972556,-0.936754951291935
"933",2.24960760910022,-0.655491815241958,-1.21863283980481
"934",-1.53127216586979,1.10234760324659,-0.383293667540721
"935",-0.917925796678647,0.856386920721288,-1.43158378046316
"936",-0.917643212042673,1.01371357831407,-0.644852316809057
"937",-0.0452357065067297,0.689111768980486,-1.86514501831744
"938",-1.06598365841138,1.03532982018472,-0.586231764139158
"939",0.168462700997928,0.737941075209643,-1.47846615801679
"940",0.896832786578022,0.79193359317424,-0.455520009391533
"941",-0.514734197285371,1.09472011332219,-0.0817778528020284
"942",0.538054842344138,0.84101677666513,-0.647173668224416
"943",-2.13160063444077,0.941676844715956,-1.31883172687146
"944",-1.43951384274075,1.15299547259743,-0.106397220685499
"945",-0.877979525875414,1.1157486320298,-0.120739246342317
"946",0.576242359725271,0.829396908659094,-0.666086295140416
"947",-0.31812054911102,0.837199011690271,-1.27646974715692
"948",-0.0527431862243203,0.87082753988267,-0.961157482008878
"949",-0.852793416343989,1.04398888074997,-0.470521858870897
"950",0.536566314338312,0.909196594453855,-0.307772823647069
"951",-1.24921026802725,1.18656568500653,0.11410401995316
"952",0.541034704504654,0.903119686857684,-0.33365332575439
"953",-1.04162345411082,1.29044767034987,0.697204042237851
"954",-0.436932876522416,1.08569228771341,-0.0915842203128542
"955",-0.428244277283124,0.84015807975927,-1.31519707781885
"956",-0.199170703480512,1.02027718223383,-0.298551887195168
"957",-0.536478601898997,1.09941621175238,-0.0678599459982179
"958",-1.25491706460869,1.00744509940808,-0.783153188069131
"959",-0.358701402307425,1.02767362351706,-0.344281973052235
"960",0.463072380171917,0.917113997398384,-0.339575668760392
"961",0.473783654256108,1.00793943627035,0.124650327468443
"962",-0.914386445880812,0.897987063473056,-1.22235228741154
"963",-1.08803864224504,0.81298364797832,-1.70497748691528
"964",0.833789677121865,0.599370915104664,-1.50792211419569
"965",-0.0603930416138798,0.890786472987708,-0.866014649931717
"966",0.105570261131076,1.2313571492761,0.944140156697923
"967",-0.240732292378927,1.03514530193844,-0.246651617855952
"968",-1.9897623250881,0.983167477609094,-1.08326080585417
"969",-1.52343270980857,0.928198732442739,-1.25205789225819
"970",0.406752065674285,0.786507358050927,-1.0440931186458
"971",-0.15843307683664,0.978582770478225,-0.48437457654626
"972",1.2642690380502,0.536019612262555,-1.04588327163035
"973",0.790859928858631,0.782237606793234,-0.651040593888965
"974",0.128947279615276,0.3651196413474,-3.37077975555373
"975",0.332195789287286,0.691542394900484,-1.58315596897426
"976",1.51088752069675,0.0747188298103483,-2.63131459071091
"977",1.5544704894518,0.525877875509224,-0.213048392802388
"978",0.841845402147346,0.527390453510628,-1.85673271852598
"979",1.13449424086278,0.809629812068629,0.0395334602372861
"980",-0.178849456222191,0.990549999452496,-0.435972279384965
"981",0.91976108684511,0.554944148010714,-1.60622703318043
"982",0.223236633427514,1.00676161253668,-0.0937206910214154
"983",1.79844373410837,0.343191917303264,0.105357115211599
"984",-1.68834905168079,1.2321936686236,0.227783694781022
"985",0.108023917196842,0.694533513356185,-1.73828484992165
"986",1.27935926016355,0.511083693514059,-1.13411965863785
"987",-0.974185258542032,0.998469596011287,-0.740407734571754
"988",-0.469123755607803,0.927245402277697,-0.89865440699311
"989",0.367480477043225,0.845282653764505,-0.784585669138933
"990",1.87957727215461,-0.233726949031648,-2.18720743299142
"991",-0.45321079504843,1.09369276911944,-0.0591227661269373
"992",1.37446238352695,0.438083440394944,-1.24895753260798
"993",2.27459247918124,-0.399045460098023,0.197462563621132
"994",1.95624023562043,-0.233516080437076,-1.49168066976569
"995",0.812513851817626,0.780343034043574,-0.631877534449002
"996",1.12122218512863,0.594475722617684,-1.06236430395956
"997",-0.706972190596316,1.01061821142941,-0.582482596962918
"998",-1.0193281221707,0.876258621515601,-1.36646742946416
"999",1.73428381768705,0.115254863697918,-1.42480754575309
"1000",0.710688038808627,0.797035170969522,-0.677390298089698
