"","x_pa","x_child","noisetmp"
"1",0.317032622318782,0.687141671932609,-0.652243035821095
"2",-0.109034785099893,0.71262499039162,0.0546292912837341
"3",1.70407016678545,0.769290759853107,-1.06657088688248
"4",2.09870006865972,0.791183691517132,-1.07622792124506
"5",0.0591812705072495,0.442330012400004,-1.5630099693349
"6",-0.596002744770936,0.209030521023059,-1.14561636342187
"7",1.18892454196184,0.924145187956066,-0.0845470227698099
"8",-1.38112807699947,-0.753201905052016,-1.16241035124386
"9",-1.66310748120281,-0.616099126669443,0.251621910999141
"10",0.354595595559941,0.692715641783737,-0.662814737285597
"11",-0.283479449836556,0.489719352721365,-0.707300220105803
"12",-0.278674054174632,0.383150950379242,-1.25118411774552
"13",-0.461488754170502,0.223215809137625,-1.56004660740737
"14",-0.712146296209794,0.314219271141633,-0.0703404390368807
"15",0.449094430078075,0.632955065814974,-1.05183596377038
"16",0.425859454576703,0.772900506446411,-0.330739252493333
"17",-0.702109093469537,0.296949490440799,-0.210332692510816
"18",1.12175388514615,0.840128142320901,-0.471568727926939
"19",1.04606988373095,0.76667708082247,-0.799494854147095
"20",-0.413017666419444,0.541447497336809,-0.114834861808282
"21",2.37304389611879,0.910264119876919,-0.549402686794412
"22",-1.73718684107815,-1.07962444565527,-1.92361948814184
"23",0.67836726803168,0.887225593059178,0.0328876467653948
"24",-0.31439754638395,0.373170689164409,-1.21689199168249
"25",-0.374710117252588,0.267697584911872,-1.59017801442499
"26",0.261348773732664,0.370971564454723,-2.17312188239847
"27",-0.622098397571712,0.322449691140963,-0.467492056965112
"28",-3.38792295048477,-0.958323581765238,0.0563151640213868
"29",0.294941279577589,0.703241918562159,-0.548390073778081
"30",-0.343120368621051,0.247227273789418,-1.77520337741863
"31",-0.0874346580968961,0.62556349615044,-0.418356965458969
"32",1.74644156120266,0.785982675358009,-0.997281313121326
"33",1.60509548896823,1.05956248618561,0.419384994049785
"34",0.390495708841896,0.769033955481351,-0.316549168198803
"35",-0.063051373097096,0.630292828701995,-0.435900215315987
"36",-0.446667661854699,0.37516083503752,-0.846348822948653
"37",-0.987742916287046,-0.135372953427689,-0.160198594874272
"38",0.67167844905812,0.820689782438432,-0.294900003280582
"39",1.69822736147838,0.720790742456993,-1.30708771381273
"40",2.03611155461958,0.873510358144368,-0.647466594391172
"41",1.77050345289872,0.733231941889438,-1.26891931770831
"42",0.144765511315032,0.719784534031524,-0.290492428382102
"43",1.68593718700842,1.01022886791698,0.144298250662729
"44",0.248426877960072,0.739768033555064,-0.314682267843792
"45",1.14128638212092,0.965377374877257,0.144890724640306
"46",0.403115854288267,0.713284673209318,-0.607400354476801
"47",0.755560812665624,0.915167364228842,0.118228565246454
"48",1.18133670660035,0.905468943929536,-0.174275695664664
"49",0.262766487829657,0.383617974603366,-2.11146322926397
"50",-0.794402394143314,0.297866503066343,0.343537931826641
"51",0.667610699274652,0.747484214291811,-0.657938541625045
"52",2.74232528190429,0.980296822554946,-0.277603789345023
"53",1.67615686356266,0.394955070513188,-2.92870909003346
"54",-3.22060845332138,-1.07564299728448,-0.597637423084156
"55",-1.14408571845491,-0.420997673067009,-0.51238379003648
"56",0.159540902518574,0.693884501569764,-0.438619241390879
"57",-1.25627271492534,-0.437982623217553,-0.0531539056180043
"58",-2.1114617346004,-0.851559840661507,-0.246671077675899
"59",1.08603810847199,0.746897388862475,-0.91944759995907
"60",0.5197831993201,0.606370483784141,-1.24677653378555
"61",0.999982336901293,0.99198175813474,0.352135873192313
"62",2.0971713935566,0.701768465095369,-1.52289278019648
"63",1.23067801376666,0.856055591779838,-0.444733103590629
"64",0.907294365361514,0.828454493141891,-0.412117758870324
"65",-1.2856453236174,-0.501807428160444,-0.251285292827443
"66",-0.831984654755775,0.147904585870228,-0.140289322326556
"67",0.727098516435558,0.714212296131299,-0.866935593250157
"68",0.15959974036269,0.493704875468258,-1.43959089037236
"69",-2.85045205858169,-1.1789268256462,-1.29505657115941
"70",0.492734817094361,0.651011364247222,-1.00035656195564
"71",-0.698550818035786,-0.176248671759466,-2.5950252402803
"72",0.992207727414724,0.888169463877069,-0.162599325601413
"73",-0.106606537344367,0.202906643589112,-2.49825573917834
"74",-0.497417018033575,0.505406467906987,-0.031971832405821
"75",1.41548662687407,0.726060319738227,-1.17532781867308
"76",0.0713773673780889,0.467040868698791,-1.45656356676334
"77",-1.49709102912523,-0.631189119104061,-0.209513649617186
"78",-2.40034445781764,-0.913011078079471,-0.273478127444314
"79",0.165017965732772,0.703767347862386,-0.39602663035554
"80",0.734848503103841,0.435962638231527,-2.26357288537572
"81",-0.7196185787599,0.219357759245121,-0.503837526348845
"82",0.409010570103562,0.905291466667367,0.347033928481238
"83",-1.70975149825418,-0.658110105982634,0.13302413672021
"84",1.00230471600993,0.841095237542168,-0.403583868625704
"85",-0.18696867298305,0.656279368513595,-0.0809909341644693
"86",1.69149088047503,0.813385145588783,-0.841820131590965
"87",1.62450844290916,0.845891839593026,-0.655925939383752
"88",2.18016567502373,0.766046110869774,-1.22334144975109
"89",1.4218549948634,0.9829063608804,0.106304958638927
"90",1.08220819854054,0.720058804804839,-1.05165105080724
"91",-1.71359640376475,-1.39815400944155,-3.55993493532379
"92",0.899865578992103,0.916051181421557,0.0303213369393934
"93",0.449906539347928,0.708793007759816,-0.673384037132976
"94",0.111984403947822,0.366137196560875,-2.0161981891987
"95",-1.39829120447724,-0.772081142347087,-1.20129869089717
"96",-1.27837890320999,-0.747931589958244,-1.51112805734152
"97",1.1090480918766,0.800220318558099,-0.664663532453701
"98",-0.512711081920906,0.523547564606392,0.111129240874489
"99",-0.0367279551273828,0.693969432114198,-0.160462892125272
"100",1.99127913218936,0.706164233718881,-1.47155286436139
"101",2.33143260203452,0.776672070043873,-1.20759025405764
"102",-0.628267309288981,0.185554075374682,-1.12477224583223
"103",0.856063929229369,0.795628954123094,-0.544951562602481
"104",0.79374459431936,0.810407769010773,-0.431120619420167
"105",1.0652950575985,0.869448325236614,-0.295847286641121
"106",1.20462873680406,0.948502345881889,0.0297439155049646
"107",-1.38387648356285,-0.525279770490522,-0.0137874410611465
"108",-1.2658064571742,-0.456157917492136,-0.103911082447369
"109",-0.258175516261308,0.376025890387049,-1.33296553022667
"110",0.525751343977021,0.797134178250529,-0.297997777687209
"111",-0.479910907340146,0.235957685959241,-1.43729558182388
"112",-1.37923252443149,-0.753970235496476,-1.17249561974878
"113",-0.476969730144413,0.611633059648122,0.431514929920844
"114",-1.61124430808928,-0.703330667751582,-0.294147346243126
"115",-0.0652475544285563,0.483268448421518,-1.16736881509271
"116",0.510616152727311,0.786917499395165,-0.336242733174193
"117",-1.95746945587294,-0.832517193977678,-0.342055416065837
"118",-1.27319910911227,-0.497084748223097,-0.278004221709421
"119",3.41831638193091,1.07153464235356,0.0655068342009116
"120",0.245289360212681,0.666870513037548,-0.675627593808776
"121",-1.20187136296208,-0.486535255069764,-0.541958698181394
"122",1.29956208482877,0.848855773266023,-0.512017309906169
"123",-0.975366568840313,-0.243788921353788,-0.810306110405423
"124",-0.255779154072797,0.776873074472673,0.665972382967503
"125",1.8260072949923,0.874468904365289,-0.580488738772971
"126",-1.27899187163113,-0.523789381837501,-0.38793437003451
"127",0.519093122574761,0.661096215437739,-0.972563245756855
"128",-0.854534057973543,-0.024648422353565,-0.829012791038332
"129",-1.76811721047154,-0.697481670970497,0.0421528385430818
"130",0.849002410310128,0.879544926912207,-0.120951997208739
"131",-0.797115549973189,0.0909135646659185,-0.672952915430943
"132",0.846342275084042,0.716456958281882,-0.934720056370599
"133",-1.11528191320918,-0.388714224718347,-0.516302734101551
"134",1.42981309763037,0.803495996246262,-0.793976916786564
"135",2.22037775269756,1.0910447332459,0.391419975695203
"136",-0.561871648990821,0.663506446997076,0.990688509042603
"137",-0.811257100531684,0.105711381209398,-0.501446933581855
"138",-0.548377461792369,0.0361031768349783,-2.19748588679492
"139",0.987033586572691,0.939757022436916,0.0982325580457475
"140",-0.289323949534379,0.484892354374992,-0.717889310943193
"141",0.138735184236959,0.500189452141248,-1.38077024644931
"142",-2.26647451384274,-0.976253352927185,-0.709158033137111
"143",0.111848565702757,0.748392859437036,-0.104740077136571
"144",-0.462426563039876,0.393353624649428,-0.706401679633299
"145",1.36639218418397,0.980516210728686,0.11736045076133
"146",-1.03140711698835,-0.247680625284856,-0.371800323896398
"147",-0.797093491713171,0.302729318850174,0.385976732925071
"148",-0.316081087228592,0.571459643337946,-0.221356006471951
"149",0.0211852586307894,0.468573989012631,-1.37675439071213
"150",-1.16531785843553,-0.33320878014282,0.0409865707531732
"151",-1.42966772093186,-0.627020958640099,-0.379069738151613
"152",-0.398854727320035,0.56166816009701,-0.053990773988525
"153",0.0670847072154217,0.592869937682755,-0.821426774948617
"154",-0.389602372811785,0.642688207262624,0.325354433495901
"155",2.23930566114797,0.849686597288113,-0.820110986405096
"156",-1.49634181269691,-0.763716424490466,-0.874143200163787
"157",-0.34438944779747,0.442960494221188,-0.793301723637846
"158",-1.10709132939004,-0.337609576051143,-0.310081142986292
"159",-0.425306097593225,-0.124013893947637,-3.40636586922368
"160",0.481594952326232,0.829966534952247,-0.0958368350147227
"161",0.445636100279321,0.791802804509941,-0.25444862436345
"162",-2.31678427096,-1.06428036500106,-1.10249133260011
"163",-0.118256771715469,0.304464205733014,-1.96973391848406
"164",-0.725137178733497,0.230579844625419,-0.417093328484195
"165",0.0772469548400073,0.498203876947531,-1.3088887862078
"166",-0.263330716386808,0.453382754475199,-0.934715246640983
"167",0.415869848870909,0.789495535669681,-0.2384187364555
"168",-0.564404249861101,0.46693396709194,0.017588769048805
"169",-0.447812655371765,0.271809910354638,-1.35959305132014
"170",-0.133467032923771,0.707137936439446,0.0712295046669928
"171",-0.626639063970739,0.346616571935348,-0.326675020445196
"172",-0.817508133628016,-0.0209585409231703,-1.09043696686694
"173",-0.291867544484349,0.572173156656439,-0.275549652112181
"174",-0.553228909349492,0.368198537583693,-0.51878134654877
"175",-1.20101917331582,-0.352019010164047,0.126519075363123
"176",-0.406860111941898,0.463114059587193,-0.524131406962162
"177",1.05937361470546,0.966774622898067,0.193912288113286
"178",1.06430895633953,0.955825912935482,0.13656057849466
"179",1.70893894529647,0.920721812808945,-0.311062777265299
"180",3.66407852424713,0.904189336256801,-0.805018620002095
"181",0.678036803813023,0.793574728327493,-0.435125714369789
"182",-0.867831567095991,-0.193406206566907,-1.56451462590772
"183",-1.48152386615706,-0.620819082764665,-0.199615036745474
"184",-0.485072952351059,0.335485546891423,-0.92273476993092
"185",0.707742762662744,0.586875123655637,-1.48999844070308
"186",-1.52609214760677,-0.581704391612814,0.113111262402834
"187",-0.24272930290428,0.718950992205064,0.347859951170372
"188",2.80016917081732,0.961693536499066,-0.38168117738922
"189",0.0623638581763957,0.535715046748136,-1.10057457429199
"190",-1.76633858875087,-0.885593969695994,-0.90150972987208
"191",0.760727878705426,0.813889398367255,-0.391668963578614
"192",0.349782982091812,0.524115954608373,-1.50097432919898
"193",-1.92727154305987,-1.09210277051149,-1.68171482885991
"194",-1.52456747931015,-0.718508528182623,-0.57477074037505
"195",0.0147184956234483,0.582232336048185,-0.798824184814433
"196",3.1658902992729,0.945639229755357,-0.525562873846778
"197",-1.72465247092848,-0.887098721240934,-0.984006755048142
"198",3.36947684993387,0.934765559716167,-0.611217007651747
"199",0.16499276011248,0.578344708453555,-1.0231085357452
"200",-0.454733427332974,0.38762021879265,-0.759162486976085
"201",1.34859549505653,0.727878615642723,-1.13825674821563
"202",-0.683071651701541,0.0387412812133927,-1.59957776226874
"203",-0.44957361978131,0.366092363753958,-0.882767229512014
"204",1.28529972981352,0.649106834952519,-1.50441064875683
"205",0.107216962756331,0.693604172403401,-0.372535071287028
"206",2.58047092931739,0.91162678392304,-0.58834521314418
"207",1.02798878097162,0.569956753945436,-1.77335468659796
"208",0.620577584215066,0.704894422817223,-0.835498193242086
"209",-0.26396409547596,0.53394794872971,-0.530474042468479
"210",-0.977062178581213,-0.228136512224293,-0.716993104212999
"211",-0.64216193665853,0.298019054024019,-0.499785411187609
"212",2.05147807478958,0.953853997496818,-0.250009228257695
"213",0.0572786341762238,0.645157390357976,-0.546180308918947
"214",0.745984504258712,0.544161197026817,-1.73025900114751
"215",0.526710275900676,0.733681396327301,-0.616068701400974
"216",0.913374709640053,0.835534697967117,-0.380343359451797
"217",-1.31724120397917,-0.67528818639211,-0.996713354948198
"218",-0.640985006705429,0.338038484235032,-0.305072893362867
"219",0.593724931639996,0.676709361161496,-0.955511911223668
"220",-1.51381722476794,-0.815481423291815,-1.08714723844224
"221",1.51553009882113,0.890245740447778,-0.393945056272612
"222",0.559764750233089,0.819216369690307,-0.215756426161599
"223",1.49180399004702,0.756470301636378,-1.05368174710005
"224",-1.17399283867473,-0.472464367639707,-0.610229387288049
"225",0.570616561353604,0.722264788940584,-0.709308700460175
"226",-0.108179602215952,0.751640817141313,0.248194720884377
"227",1.08639908794325,0.780607167185914,-0.751085919597161
"228",0.310328587182662,0.415881664452815,-2.00151617238989
"229",0.219322543800279,0.821746504141162,0.128560022357795
"230",0.385496088659261,0.665141700495846,-0.831170616919177
"231",-2.840881969279,-0.947495027096211,-0.14328960154427
"232",-0.161796167846509,0.462570452224913,-1.09856330814076
"233",-0.30438856058388,0.646893192478765,0.12763167280924
"234",2.70231190034433,0.758876436027556,-1.37687693809439
"235",-0.625280145784844,0.399708354723642,-0.0672177551981083
"236",0.0281211896302341,0.552140801054132,-0.969168497453517
"237",1.2007377293484,1.01934020394115,0.38578212800341
"238",0.65520817152797,0.870141149593512,-0.0354704545879737
"239",1.04881685964371,0.767442661250948,-0.797134970778084
"240",0.502760099498129,0.801133733795155,-0.258421859654277
"241",-0.221246777395631,0.605426630831591,-0.265432650023468
"242",-0.996662582492973,-0.50293682232423,-1.92271264934285
"243",-1.57033767721801,-0.695950644488082,-0.350256423024622
"244",-1.93536947196901,-0.777250631349975,-0.0961076624901247
"245",-0.394338760518974,0.562282172107476,-0.0635444051945557
"246",2.2228204641296,0.83365912726259,-0.896122499373183
"247",0.883609125345264,0.931538468541637,0.117604243027651
"248",0.383978736025784,0.609195111832552,-1.10942967261488
"249",1.43908630700851,0.701411726916519,-1.30814016589347
"250",0.799844337038729,0.610050016011064,-1.43691314757152
"251",0.702621967829781,0.728124017850565,-0.780110123030548
"252",-0.131907220284178,0.52602526003692,-0.837191579086256
"253",-0.710270445205243,-0.0664591410433136,-1.98385912301905
"254",-0.0329351036144509,0.518011599467248,-1.04631451414957
"255",-0.232754677032115,0.585801125470671,-0.339284736165843
"256",1.93161526705029,0.963299769266733,-0.168538181270197
"257",-0.373056564456623,0.710590433429587,0.619845606543228
"258",-0.825512025936101,0.124011255857815,-0.307621229197514
"259",-1.45514055990855,-0.711753005819952,-0.728074999908273
"260",0.981357838693506,0.651159116134066,-1.34156853667958
"261",-0.910340469255976,0.0395978489651446,-0.0215647097264184
"262",0.83772718678892,0.701568488632689,-1.0037222731506
"263",1.04231109756196,0.923914046960491,-0.0112961773386339
"264",1.78548849681788,0.759540531492587,-1.1422284773102
"265",-1.0096171683011,-0.175923429043304,-0.18188346306173
"266",-0.870896324369196,0.0318474113996559,-0.412658440529029
"267",0.653467515045385,0.825914177206721,-0.25530806075344
"268",-0.91524935888617,-0.0856610187292975,-0.600785911849816
"269",-1.61583169092728,-0.630526082933751,0.0799320258791686
"270",-0.577593738435553,0.159208668914457,-1.46934543057108
"271",2.46679531403773,1.05320573929257,0.144035129010589
"272",-0.329755904950652,0.55116951057884,-0.289145833195613
"273",0.356090276674282,0.317298955924856,-2.54139593795944
"274",-2.31275927605316,-1.057351511635,-1.07150326178806
"275",-0.359331086294414,0.557745207173144,-0.180751338056033
"276",-0.574219730220624,0.219032741110283,-1.1835859391821
"277",-1.56371211057109,-0.869164745513804,-1.23197976146412
"278",0.192656332490647,0.767373801013563,-0.11175147984178
"279",-0.181186719291635,0.605734710062433,-0.345138855971602
"280",-1.61118893618391,-0.618345283615659,0.130657742647425
"281",1.97555606932322,0.884588168049108,-0.574921872234758
"282",1.29978584480251,0.685844780822919,-1.32717140538193
"283",4.28553931442367,1.08254475254217,0.0140610351340249
"284",-0.551592267207718,0.178731885243241,-1.47228420248633
"285",0.307310944814965,0.784890294876111,-0.153293207590895
"286",2.44851157169216,0.817120704977927,-1.03232074850592
"287",1.22870582985288,0.705858128160894,-1.19480161221316
"288",-0.93691895751335,-0.0544274071919588,-0.227983691867408
"289",-1.34396008569909,-0.944435716364684,-2.24533386291201
"290",-1.9882331310463,-0.997762826217946,-1.12734892016677
"291",-2.1654735803398,-0.979997927648246,-0.829655561336897
"292",0.847780506766096,0.931209029530442,0.138135964544087
"293",0.670373273696535,0.796993801146305,-0.412421974762685
"294",0.889818686674957,0.618194281192808,-1.4528934907546
"295",1.28696416710682,0.886282595856159,-0.319276384549621
"296",-0.769469914843226,-0.00892266026081578,-1.35213748204365
"297",-0.29972735326028,0.496816968231233,-0.633832655680602
"298",-2.32942601009217,-0.891115218253103,-0.225278710690507
"299",1.77532498215584,1.05600409006448,0.343375410775433
"300",-0.0972513783815481,0.448128242872068,-1.28855112901219
"301",-0.920882701882254,-0.314600415352897,-1.69050986617898
"302",0.18867909138228,0.254868360856225,-2.66948825881037
"303",1.26188741597217,0.796312720479878,-0.757813911222997
"304",0.167074757931836,0.520097038135196,-1.3169284410309
"305",-0.527621708957667,0.261001324043152,-1.14896295486754
"306",0.239503047024144,0.659935630378786,-0.703736064267098
"307",-1.41063902390875,-0.613166919469287,-0.367900652611796
"308",-0.800677478561546,0.0993538635769286,-0.606551156054323
"309",0.598965387563449,0.578298613424906,-1.45168832428119
"310",-0.728587891623837,0.10492668255951,-1.02598673321204
"311",-0.602847530543232,0.249442606476155,-0.915045848169855
"312",1.0264560081189,0.852268345873378,-0.360964529545586
"313",-1.01945893856668,-0.302186104268158,-0.735570078947402
"314",-2.20138093693565,-0.813187214430633,0.0418502517938677
"315",1.52300616892077,0.880814904199012,-0.443949853365411
"316",-1.70724615263461,-0.737813502504161,-0.270245841347431
"317",-1.22397202171568,-0.647335071179402,-1.24232301521116
"318",0.207104439604582,0.855759808265357,0.312962218189939
"319",1.22071517174526,0.849275579942144,-0.473978091676459
"320",-0.147441472029875,0.593579048116141,-0.470672580496372
"321",-0.0644585735553323,0.479187112593815,-1.18908921750242
"322",0.394417259073756,0.971214377291191,0.690574431800879
"323",1.98168868502982,0.871186387692496,-0.643695188404936
"324",-0.496110118728588,0.31224707539408,-1.00217337680851
"325",-0.50192566865019,0.48517197682084,-0.117862069624476
"326",-0.288067893305179,0.49809990427458,-0.654773600966698
"327",1.00572229304018,0.548462050416176,-1.86863963074247
"328",0.927070576986103,0.502298518737099,-2.05462710664911
"329",-0.271375258601652,0.476361796578109,-0.801738363296136
"330",2.18458332188575,0.812223421312699,-0.993589802302513
"331",0.0650736037456164,0.467878671971719,-1.44356494815555
"332",0.97855470316467,0.912577039336681,-0.0328988702347272
"333",-0.359432194515128,0.540054652996781,-0.268939333881586
"334",1.25054229881123,0.89823991257806,-0.242992979215139
"335",0.481018581910565,0.771565049265449,-0.387337166901006
"336",-0.79500240175465,-0.171662141874511,-2.00007588027575
"337",0.871629597785532,0.416339188772521,-2.45105048614205
"338",0.750125976890832,0.721001181549791,-0.848895629776484
"339",2.47895187039546,0.565952172898502,-2.29491770625515
"340",-3.14488730653927,-1.18178391857233,-1.16147244898176
"341",5.12834732335508,0.7782952876797,-1.58405777048463
"342",-0.925806797265939,-0.0594703391990585,-0.365951811781613
"343",1.63710639533113,0.865016179063317,-0.564773609999156
"344",0.368424305387073,0.452294120218948,-1.87868906944507
"345",-1.48402261622879,-0.809754709852085,-1.13748198339457
"346",-0.225728479651263,0.365734813437578,-1.45448915034712
"347",-0.457940796950728,0.38697283111849,-0.752396896113273
"348",-0.942944470930869,-0.128057329215054,-0.535905548207259
"349",0.399018429619266,0.900967532729717,0.334926573318654
"350",-0.363181784992711,0.483623768924174,-0.541241866170392
"351",1.08343928411273,0.82307916879982,-0.537189364252314
"352",-0.100878535429772,0.677441836374519,-0.135648981198883
"353",0.41936944898591,0.744071560898255,-0.468823483193102
"354",-0.535469907831895,0.402386637679775,-0.413688465532488
"355",-0.105919663988035,0.723268234469978,0.102340457497486
"356",1.01924930155972,0.624663085976989,-1.49506457481562
"357",1.0782796504143,0.997871419401021,0.33945882673765
"358",0.0910456535793167,0.505592185737101,-1.29085018396678
"359",1.05083253782333,0.87292735466499,-0.270786710978917
"360",0.554161787322982,0.752155240937888,-0.546485349173859
"361",0.506732261426058,0.675304046188908,-0.890984547048723
"362",-2.74511013149098,-0.884554869556748,0.115081068043143
"363",-0.387658673116993,0.685560889176844,0.534360888744997
"364",0.597012021823996,0.419866774003757,-2.2423131933765
"365",-0.958015943750081,-0.0538281144340826,-0.0193112739855411
"366",0.170842645968988,0.734814035924299,-0.247999231998682
"367",-0.0647021211017944,0.546900880285621,-0.850115002873423
"368",-0.906956831678151,-0.258261528315113,-1.54286859573593
"369",-1.4517217652082,-0.982603438055767,-2.09214689966292
"370",-0.531098607094699,0.247489797281605,-1.20401752687191
"371",0.82815517484773,0.496051115906176,-2.0252178967828
"372",0.378322708131861,0.876786870343285,0.234043905769475
"373",0.80144823368252,0.997688428085897,0.500229639179827
"374",-0.814006084682128,-0.459648590909932,-3.30883597990278
"375",-0.049510747146649,0.578919261368403,-0.715051311153694
"376",0.531730386419155,0.485384548089077,-1.86176542680205
"377",-1.68245614641971,-0.858979711614229,-0.924067997542191
"378",-0.0631552718119607,0.585368104687823,-0.660351250516149
"379",1.12858989795421,0.864054075922016,-0.355380655630947
"380",-1.13609201000002,-0.281625548870634,0.139801752629653
"381",0.429781680950354,0.736755605726007,-0.515106835765833
"382",-0.781463776198274,0.141482657544898,-0.523675945630841
"383",0.833771440937214,0.881584336285194,-0.10113176881562
"384",0.242897388866149,0.732170490720952,-0.346418677742662
"385",-0.287659429045338,0.147462365253735,-2.40891024618327
"386",-0.614889820962461,0.181646538288345,-1.20281897215743
"387",-2.27488648856798,-1.03469718580976,-0.993381742119355
"388",1.19275789988481,0.385999272816449,-2.77711408439432
"389",-1.21365994037567,-0.454555440465373,-0.326122997069381
"390",0.108143244643039,0.717102435793226,-0.256276192043253
"391",-2.54201904975565,-0.820376007756866,0.30026228685407
"392",-1.11762925624666,-0.393793225072435,-0.527761464013474
"393",-1.54835061880324,-0.694823228009532,-0.397227520823024
"394",3.18916100715732,0.76664080082429,-1.42426807281331
"395",0.190470659747813,0.776736522611517,-0.06230807945295
"396",-0.0661004902916386,0.546500432841924,-0.849787073512341
"397",0.576342489772801,0.710422797441971,-0.77312226287252
"398",1.22532427210229,0.807621376256384,-0.684406883278715
"399",0.256880469418048,0.798461227480894,-0.0306981445812722
"400",0.280098700749433,0.432651565079735,-1.88533027438583
"401",-0.863078759891283,-0.0463193660008679,-0.86828902435343
"402",0.798292388896362,0.797228785830404,-0.50000262675413
"403",1.25860151405425,0.958531747457348,0.0547785961463347
"404",0.0670449820516475,0.367849470664494,-1.94647351245621
"405",1.10605857130854,0.894944643106911,-0.189516572601504
"406",-0.111725119044201,0.389192871992113,-1.55775731266101
"407",1.44478535445887,0.975355655110416,0.0592914286029369
"408",2.67493129979037,0.851069567557888,-0.910468057604171
"409",-0.702887507408512,0.392091223833735,0.269488947666027
"410",0.821281396271246,0.729668699487602,-0.852725040678686
"411",-1.91288148518911,-0.899932406654186,-0.741315228429722
"412",0.836817198255086,0.667170610460345,-1.17513471382999
"413",-1.98104562139275,-0.843287490429169,-0.364398107265805
"414",-0.523306878406859,0.328417432239759,-0.827277238007929
"415",0.0271970948807449,0.679563793460991,-0.330693451965621
"416",0.424052125692966,0.726488885009677,-0.561113708070991
"417",-1.28162553585829,-0.419014162159393,0.146571565994113
"418",-0.204852952819332,0.527827549402212,-0.687275668779789
"419",-1.14775296453147,-0.3558897993784,-0.166647304185203
"420",0.45066221374401,0.742680193550249,-0.504634074885309
"421",-1.43424447157136,-0.696494853726522,-0.712768119940452
"422",-1.53603476773364,-0.85092634515923,-1.20806094599839
"423",2.17591003576451,0.925530319167965,-0.424824557022287
"424",-0.148711308534248,0.441531298475036,-1.22853234577827
"425",-0.312825482337528,0.55161626482396,-0.328474109968116
"426",0.518645547399092,0.670663901054785,-0.924345422345535
"427",-0.850959276836848,0.103307524085438,-0.21760825099323
"428",0.460729823815957,0.636935039579015,-1.04244878733303
"429",-0.639158194664975,0.178929340090184,-1.1089480086038
"430",0.718154892479278,0.901854702248654,0.0775418585042555
"431",-0.824444553535057,0.0742127488887209,-0.564421998406414
"432",-0.535902731588745,0.614772573984086,0.649817762714719
"433",0.350336394013642,0.573545611358245,-1.2543837417639
"434",-1.20147452539308,-0.395030979959375,-0.0863471512082733
"435",-1.09416592962461,-0.240367658858226,0.0961288620387011
"436",-1.62661781940516,-0.770855563955306,-0.598354046874007
"437",1.89133679680751,0.648572382089628,-1.73012804132475
"438",1.54645655307552,0.721304039204274,-1.25035555741929
"439",-0.132767071942638,0.617711590932319,-0.377185403161963
"440",-1.43608894953054,-0.603168739502611,-0.240660428679171
"441",-1.60224723217039,-0.750648765614675,-0.550674581087673
"442",1.33316462040717,1.01598851209243,0.308933570509256
"443",-0.235322561995735,0.742582498452312,0.450098393598604
"444",0.391433564198421,0.667586483359025,-0.824691586892679
"445",-1.96121170203267,-1.10710984320178,-1.70995583282536
"446",-0.811200899981204,0.15422591338125,-0.25926953591614
"447",-1.006801751496,-0.25828667011086,-0.616331945538409
"448",-0.0206244041103198,0.598648000831951,-0.662598274742378
"449",1.55432416571562,0.989760264041438,0.0889861915518085
"450",0.973047841853358,0.906628399044146,-0.0595276527092863
"451",-0.130585593558468,0.352175948813214,-1.70885443458458
"452",-0.368809648794485,0.484372959883867,-0.522588337032186
"453",0.424884948310961,0.74190931925543,-0.484787757623643
"454",0.37042704786415,0.86863382961138,0.201032421679736
"455",0.0546614481731366,0.357192332328914,-1.98229089610134
"456",0.970757133444834,0.916083906001166,-0.0109505440466449
"457",-1.35477176720035,-0.640240314307202,-0.686521733812594
"458",-0.82094756925934,-0.172805091296499,-1.82492320546199
"459",1.45421720733513,0.755719375015841,-1.04265738685358
"460",-0.683536332347235,0.22318429896447,-0.675018948973637
"461",-1.41389787160001,-0.648755227011977,-0.535744794182826
"462",0.0856603786864164,0.420556991360866,-1.70868751788307
"463",1.74710236209097,0.625208357147864,-1.801370979741
"464",-0.3785467713125,0.480427958055038,-0.516173181217231
"465",-0.341217477161012,0.499927188746729,-0.516542205047398
"466",2.73756896961017,0.814234274969305,-1.10699364393863
"467",0.858063455951096,0.737363406545947,-0.837526003693368
"468",-0.744138258487201,0.292517080303097,0.00140746498849487
"469",2.11408188375486,0.945064654982521,-0.310942146988978
"470",1.04762659004625,0.816621683029201,-0.550604152584888
"471",0.281795003434186,0.777123057197455,-0.164816077765035
"472",-0.905220205942888,0.0820456663857566,0.142377171790284
"473",0.862049153171216,0.675094270136572,-1.15135051667933
"474",-0.344904157655374,0.418461018501252,-0.914484841101154
"475",-1.78029589048179,-0.997881148940894,-1.43881741046796
"476",-1.41238522264166,-0.541439990001843,-0.00384780632745541
"477",-2.2096832753141,-0.95945711319643,-0.681045185659259
"478",-0.603602458200079,0.0258069103391697,-2.03005376560532
"479",1.58087747838079,0.915035877224079,-0.294446006918872
"480",0.17111779397184,0.516292902283361,-1.34094407252109
"481",-0.941094920948764,-0.104575861630259,-0.436855445733246
"482",0.0307893466326711,0.477760447764804,-1.34498815473332
"483",2.803996709593,0.732823382272916,-1.52675341140056
"484",-0.670005658503333,0.302960823613492,-0.343330581084826
"485",-2.00748436784245,-0.883018388631783,-0.528782101290947
"486",0.933494249952111,0.820043573038976,-0.469671073251542
"487",1.41053024523525,0.947651953296859,-0.0653403051141595
"488",-0.963488496043835,-0.24442158553699,-0.921224229383986
"489",1.03172694381477,0.717082028802418,-1.03975370038726
"490",-0.0827352248335078,0.568957253870413,-0.709435611976463
"491",-1.20439513999588,-0.615305126472661,-1.17370342876409
"492",0.254449108918264,0.479479855760581,-1.62288716639469
"493",-0.136811488894452,0.514413081129858,-0.886245712762678
"494",1.33922735631795,0.829758782243029,-0.62483279294694
"495",0.185916643467454,0.663656709614795,-0.622206104844099
"496",-0.987714122281084,-0.316718892310007,-1.06717477898226
"497",-0.464347529823471,0.487036535802061,-0.231916070471474
"498",1.20639225517361,0.85096319299698,-0.458788095635364
"499",1.3009481985569,0.968088398887236,0.0835319759527274
"500",0.931674505251549,0.626659476443346,-1.43552578542655
"501",-0.782275091097653,-0.023045063381658,-1.34105424982487
"502",-1.37705071901297,-0.919198961044927,-2.00585416612608
"503",-0.0140326574200312,0.671514110005678,-0.308559696055291
"504",0.0290243827649785,0.681408009661547,-0.324160205279329
"505",-0.930389828833609,-0.288687127165057,-1.4657798486751
"506",-0.621088804380825,0.377017656840276,-0.199067784078615
"507",-0.466272997517577,0.412192097445718,-0.600030740530227
"508",-0.0482419808608706,0.45474771002166,-1.33797599472337
"509",-0.912408019537746,-0.160650025189157,-1.00307052215132
"510",-0.247415473754799,0.501122871883829,-0.73111298468311
"511",1.48163118847448,0.706316472756018,-1.30048752983238
"512",2.31618987899139,0.746580215600151,-1.35441659914829
"513",0.202827979963197,0.51026694004525,-1.40943641247043
"514",1.03634864287091,0.531159743521866,-1.971861033331
"515",0.512706473394621,0.744181450980268,-0.55170747854511
"516",-0.6972682093232,0.288825755570128,-0.276354559419858
"517",0.37311206132885,0.815506559399207,-0.0672479371826918
"518",-0.733238647590922,0.14074949066613,-0.820493860681723
"519",-0.337747886053293,0.330713493018792,-1.37139252923403
"520",0.756016680986374,0.857322293000072,-0.17130690133402
"521",1.27842999637956,0.64998058602994,-1.49695953049722
"522",-0.429526001278504,0.301943641338887,-1.26410633357032
"523",0.781245605936918,0.859069318432924,-0.179542410168676
"524",-2.73095126422137,-1.05221638590686,-0.73193828844774
"525",1.17366651865349,0.907433736881563,-0.160738616451687
"526",2.11640406777595,0.915955429599706,-0.457107094828723
"527",-0.617192111009046,0.200731031993746,-1.09745071651825
"528",-0.111241016514545,0.487916908506606,-1.06499751501291
"529",-1.19923919629163,-0.568456415429198,-0.964265329040534
"530",-0.730099458370643,-0.191445852203769,-2.49931001836169
"531",0.802498766810249,0.610735076148362,-1.43522359621481
"532",-0.964355188861846,-0.450028372856317,-1.9412556078945
"533",-0.432595544938362,0.400691754574793,-0.761232884216667
"534",1.05014352967878,0.568741028391599,-1.79135100000114
"535",-1.64472226449476,-0.883636563300595,-1.12391988575165
"536",0.0595328452403192,0.45183088559504,-1.51600247066951
"537",-0.698221423091181,0.28814196318377,-0.274795109086531
"538",-0.0835020203880683,0.499471608039087,-1.05555435830451
"539",-2.24878651139258,-0.79926052124113,0.158763264829739
"540",0.229624758585614,0.755900236069944,-0.212603337333307
"541",0.0843562815745509,0.601741898925882,-0.800978440546237
"542",-1.8792810759588,-0.646706333400595,0.475564453337323
"543",0.753482683941403,0.860958764649772,-0.15139918151678
"544",-1.92679147107933,-0.73266380863433,0.114803672784998
"545",0.674353770231529,0.534824694265079,-1.72618543506883
"546",0.312806248201935,0.888688853255768,0.35991679343953
"547",1.09025873499583,0.89925517164159,-0.15984434995191
"548",-1.21320531651704,-0.444848093799311,-0.27971523456059
"549",-0.241028504934039,0.279227753934135,-1.85442804162094
"550",-0.117119212592169,0.577383814920146,-0.607175581720387
"551",-0.153414498554872,0.59526565390466,-0.451010796261626
"552",0.828520671255777,0.609269585743965,-1.45935904700932
"553",0.915332684880666,0.735451666373094,-0.881922495873742
"554",1.19380729414552,0.774774903712891,-0.833738042167161
"555",-0.171793855170125,0.661240145719431,-0.0859620265200902
"556",-0.210771961208279,0.523316121914108,-0.697709971498384
"557",0.0551841840047442,0.506398240198392,-1.23700428929157
"558",0.514963064927822,0.41704111727355,-2.18933147751137
"559",-0.226373806347715,0.511123063364408,-0.726188636998317
"560",-0.540022890824736,0.100294868109378,-1.90749339026092
"561",-1.59161401138569,-0.730297774609013,-0.47285343666411
"562",-2.01666689935356,-0.949553112684791,-0.849806991128278
"563",1.53685446280652,0.988175706140375,0.0876106723663007
"564",-0.561164813903962,0.332820182583754,-0.665458298746463
"565",1.92329168318017,0.759180206096175,-1.1866695709568
"566",-0.91488525347404,-0.0784912438741844,-0.568454863585858
"567",-0.0525419741271565,0.576266975347286,-0.723360133868654
"568",-1.45630069148103,-1.05023480068033,-2.41716550012307
"569",1.91089638222269,0.945120568999621,-0.253272618041561
"570",0.0995051362750031,0.817093776280725,0.255228474313262
"571",-0.341644931142512,0.381470421048242,-1.10774053675637
"572",0.630793694961663,0.649871855727991,-1.11842964809294
"573",0.865953613854814,0.745890251282092,-0.799790883255698
"574",-0.287772276196177,0.482208268358726,-0.734918625484301
"575",0.642348376807443,0.631038592308635,-1.22134993082897
"576",-1.13802785080765,-0.451313925370211,-0.697738329359603
"577",0.820967884735323,0.958832589722766,0.29329593597647
"578",0.0165257972522739,0.641748375768481,-0.503945878608819
"579",-0.988475211623988,-0.145041024798846,-0.202277605920904
"580",0.538142039085701,1.01444406817355,0.778181920570281
"581",2.19348399061654,0.955089354665594,-0.281538536045967
"582",1.73037466409129,0.865651177485248,-0.593609152213778
"583",0.543823676344677,0.864312544935939,0.0228110188396038
"584",-1.72622666414508,-1.1150345921339,-2.12077257743952
"585",0.341095237313109,0.813931245097603,-0.0430993672704171
"586",-0.348671028015129,0.296242153845397,-1.51592562904225
"587",-1.48336243633327,-0.700386890110193,-0.592439517838746
"588",1.77080183036492,0.646569177932846,-1.70233018249722
"589",-0.322250516990098,0.421563195683174,-0.955747344908615
"590",-0.310388744197718,0.626345629122334,0.0392867178065213
"591",1.90431345856453,0.609834457843387,-1.92772987089686
"592",-0.426536818984655,0.369214046858496,-0.936598743957499
"593",-1.34862351755365,-0.696425131932177,-0.98886128293456
"594",-1.4684228070617,-0.691749950206757,-0.590477336047966
"595",0.810802989652751,0.573469223920247,-1.62695749735433
"596",0.535967692168922,0.533318684183061,-1.62563434087896
"597",-0.375961187176538,0.668236451940859,0.415884614120921
"598",0.976972116269164,0.497543143789024,-2.10717471951548
"599",-0.448357682528998,0.513116571360344,-0.151386128103011
"600",1.08950625509975,0.657797255542265,-1.3667447746954
"601",0.960643145679346,0.590561752229055,-1.6327946951901
"602",0.460421371428917,0.506315467172035,-1.69526955472533
"603",0.160565799042198,0.723517782823301,-0.291732716783304
"604",-1.29538785937039,-0.687889558110466,-1.14321864670925
"605",0.210305373106137,0.505355555153339,-1.44283433656927
"606",-2.21988299980769,-0.878756723164327,-0.267259701466468
"607",0.281160039622756,0.541073807833375,-1.34437275679309
"608",-0.444709049239672,0.416714453759636,-0.644568215355417
"609",0.806232337582521,0.726343482995068,-0.859616260377171
"610",-0.525483728051365,0.420703078339157,-0.358098976773146
"611",-0.431195948338608,0.62116994434464,0.336987417630747
"612",0.709233717227474,0.788037709008067,-0.485243296238095
"613",-0.362196465949551,0.278080209034213,-1.57155473781501
"614",0.0860620917804936,0.672768442531266,-0.448179385867799
"615",-0.847822429578693,-0.0620523924606114,-1.06905773238334
"616",1.78701444729908,0.74557526127131,-1.21254645816534
"617",0.755577817067239,0.800573889455138,-0.454750378322792
"618",-0.198853634879892,0.606405542651965,-0.306562053462285
"619",-0.812723845754582,-0.0673522350920603,-1.35642701495735
"620",1.3996003334797,0.776184453555104,-0.918178287544293
"621",1.19813880850893,0.712575214490449,-1.14680491835764
"622",-1.30832883674928,-0.418461045939192,0.253827707862343
"623",-1.53143203854996,-0.684828111093422,-0.38906207136425
"624",-1.44691058058945,-0.490920456816586,0.352345570985135
"625",2.27391680734977,0.9903933823461,-0.125122667074786
"626",2.92848874953018,1.08640457915407,0.218363846558654
"627",-3.98229675387979,-1.17694910080178,-0.847665325886431
"628",-0.581587511764395,0.375440381444015,-0.372247405402796
"629",1.83872157337815,0.805542759886407,-0.929103789137406
"630",0.206106798619854,0.578595063457308,-1.07168198986971
"631",1.21994114334136,0.854783027789986,-0.446077774895186
"632",0.658850662909651,0.94138207064171,0.318026229288345
"633",2.21696863728192,0.959785907938251,-0.264015270891085
"634",-0.378767547599598,0.312897076176181,-1.35322971905964
"635",-0.668174084300237,0.345761994172307,-0.138256136995788
"636",-0.985726893859792,-0.286141095844656,-0.931351029508945
"637",-2.00124223651129,-0.724050782380027,0.258063500278063
"638",0.960339643123607,0.834651092668526,-0.412174219962674
"639",1.56227974918858,0.799669523749948,-0.864424485980295
"640",0.0508461407095304,0.586360734610548,-0.831011432625339
"641",0.307539804533615,0.657802800755713,-0.788972205293599
"642",0.54645044031742,0.693971709046744,-0.831063463883331
"643",2.2624292047203,0.696402182500012,-1.59225968562737
"644",-0.128842744936087,0.368291079003142,-1.63145816682896
"645",-0.385431931498212,0.304236156612676,-1.37837722195616
"646",-1.05544796340545,-0.464389416683212,-1.28107710380514
"647",0.834230549155601,0.755898140727639,-0.729854640066845
"648",1.0405579657147,0.934373949855741,0.0419446362174009
"649",1.06635528944246,0.670127272270503,-1.29301112128245
"650",-0.0649878481146442,0.657991128854786,-0.294188004477195
"651",-0.929248230218438,-0.0585765276749477,-0.326816133540098
"652",1.35608268863747,1.03218465334196,0.38007693799501
"653",1.00778851318836,0.824495703897143,-0.489611446388495
"654",-0.0819547258687211,0.615011016323397,-0.480498248737096
"655",0.50959990776935,0.963132221256022,0.545699771635965
"656",-1.43409578911281,-0.49591508269817,0.289688418055385
"657",3.38419416845706,1.07791046931415,0.102346588142135
"658",0.224494503634231,0.821938550468921,0.123512462467291
"659",1.26424852009355,0.75365662337876,-0.972168159159707
"660",-1.00619122385097,-0.391098023215404,-1.28532204805663
"661",0.0887276534790614,0.825592765973105,0.312305481171056
"662",1.44492332333446,0.974313501116822,0.0540253761644706
"663",-0.401091553154687,0.2400173090551,-1.65595454159249
"664",2.13154383937702,0.823317478041357,-0.924312032889478
"665",0.8889859396228,0.812263260471722,-0.48204322974739
"666",-0.0238030428072515,0.505968566620857,-1.12100006556848
"667",0.511815148193812,1.03003580386287,0.87832475937058
"668",-0.243460948334403,0.463543546329204,-0.927594737772192
"669",0.504008443041219,0.791670248418399,-0.306813738215554
"670",-1.23239371160177,-0.47981769617825,-0.366605782551546
"671",-0.217205561974779,0.270983172843936,-1.94607286003208
"672",0.267809649035404,0.597588851204709,-1.04718556948595
"673",-0.291835933264545,0.428011326671149,-0.99643271996917
"674",-3.36480234663805,-1.11567877258504,-0.739323742880023
"675",-0.844402630963356,0.00224272401869313,-0.774194168059257
"676",0.0357780906866306,0.657933268461387,-0.451413379143497
"677",1.38211007590293,0.912619661347756,-0.228731488818808
"678",-0.515695930802325,0.346032736342752,-0.766032792356048
"679",-0.582436443561946,0.410864670472042,-0.191720279472003
"680",-0.73184247817975,-0.147385151762529,-2.26911882916837
"681",0.780497094492024,0.790106177820354,-0.52385997641113
"682",-0.837315239229625,0.00518052904705138,-0.813806811173425
"683",0.764042829592027,0.890611554394067,-0.0103001991503145
"684",1.4408461552006,0.691493696667363,-1.3584377992616
"685",-0.748572390129555,0.141855266297124,-0.725735535880786
"686",0.0384901274620424,0.676555849519635,-0.362243581161259
"687",1.5048171648497,0.501502509636737,-2.33355180765436
"688",0.447707472302214,0.666441925739363,-0.883140234863621
"689",1.74306133971236,0.91466052712726,-0.352775141404277
"690",-0.115388992322243,0.85010979366126,0.753358267773908
"691",-0.697307340256969,0.251582617965187,-0.462366103214913
"692",1.76447913356589,0.848393063977822,-0.691150569657925
"693",-0.234670548109499,0.433686501042661,-1.09577415151789
"694",-2.36189115001831,-1.05718865701307,-1.02705785170746
"695",-2.17814916252579,-0.791089035022123,0.128277539636316
"696",-0.205099985896749,0.675457131649786,0.0513760107654556
"697",0.376344150287358,0.534957186940634,-1.47316758929232
"698",-1.16652250665118,-0.359671249900403,-0.0850112492445403
"699",0.214858432413303,0.577648134904341,-1.0867174484734
"700",-0.51810345585064,0.322102523023213,-0.877240375476279
"701",-1.22819743055887,-0.792671467969947,-1.94978281913369
"702",-0.188871831515111,0.358499068811338,-1.56611022543208
"703",-1.01120010021388,-0.191054634550855,-0.244898995869825
"704",1.16326302261985,0.739375290149014,-0.995960608321877
"705",0.530651660569576,0.954734280675798,0.485886677518384
"706",-0.0212655355530624,0.609407257464633,-0.607796130913577
"707",-1.30776829224873,-0.545042534381298,-0.381213497847435
"708",0.503157071460309,0.449566789329992,-2.01659840039158
"709",-0.885304618773536,0.0693214424786789,-0.101672096369625
"710",2.21066335137059,0.93426204342754,-0.390041924964221
"711",-0.968434643645752,-0.339250918680187,-1.35000053647604
"712",0.0489621913171442,0.727426728244135,-0.122986759056693
"713",1.34212246938949,0.579239721365215,-1.87867420922635
"714",-2.12668065743665,-1.24068824480623,-2.17526707511036
"715",0.0411824610222405,0.671508498676039,-0.391381232362671
"716",-0.767566911605379,0.0689785853618466,-0.974534371377925
"717",-0.193329476167551,0.421186413498609,-1.24377216325298
"718",1.04901792669024,0.684371038108596,-1.21260041589487
"719",-0.438310254160257,0.502363309254507,-0.235733742350544
"720",-0.406013784637508,0.512569036827656,-0.279264339906969
"721",1.28736475539542,0.824748812909186,-0.627124359576803
"722",-1.9746649684009,-1.0242962828977,-1.27787954110795
"723",0.0687293656688295,0.565313404663883,-0.96150878874317
"724",-2.12097354822726,-1.12369126907182,-1.59664020314935
"725",0.67559145050866,0.916990635051375,0.183739137943335
"726",-0.760103030016529,0.344704810210925,0.357987399291836
"727",0.858141018317484,0.69304726662034,-1.05915502112697
"728",-1.84810146040127,-1.01998018049906,-1.43847887945989
"729",0.265231010903085,0.66351495505497,-0.714707534085771
"730",-0.0746822624746342,0.771621340120259,0.29021650619396
"731",2.22951446054736,0.967400608331914,-0.229094812340142
"732",-0.32771027301449,0.719289771289982,0.546370933864419
"733",-1.27190866389356,-0.457611543521881,-0.0859342133536213
"734",-0.54846498853241,0.529823574212056,0.271443338427007
"735",0.0939732819832979,0.926051423907508,0.807477027161949
"736",1.03926232859483,0.954676226152969,0.144152505933111
"737",1.39670719181697,0.424115215432086,-2.6773278113143
"738",1.63273149712696,0.654610075177458,-1.61525609947086
"739",-2.05226190473239,-1.13108831436972,-1.71351348209751
"740",-3.0940604994267,-1.02734680261699,-0.412549516872481
"741",1.61452723684845,0.619907534517223,-1.78228091927402
"742",1.23656024346268,0.739949667284684,-1.02799535182367
"743",2.50745263868818,0.742548265731854,-1.41816860055853
"744",-0.0532417471073526,0.779441268777031,0.293657577107968
"745",-1.99099813674617,-0.850246831128807,-0.386164798863534
"746",-0.800492859182481,0.115244231613714,-0.528359546525828
"747",0.780327159296842,0.545532118397904,-1.74661713591144
"748",-1.43830590044926,-0.82481199106198,-1.34231801044199
"749",-1.61352794670509,-0.695952148585112,-0.252239461043041
"750",1.96501354884548,1.01727352858915,0.0915526374449477
"751",3.50682612357681,0.858925403996177,-1.01009273086738
"752",0.839625023432317,0.977745298609709,0.375959944599592
"753",-1.23916528157877,-0.485073085320332,-0.362745394932129
"754",-0.595144929449915,0.194540675570974,-1.22160878251021
"755",-0.927522112622062,-0.204758850006777,-1.07516592546371
"756",0.144916929481909,0.659562673944075,-0.591794292800159
"757",-2.08369610831678,-1.05578941476524,-1.2996875090366
"758",-2.15827292354563,-0.939577832865959,-0.635244255768001
"759",0.838485229464986,0.458439588837278,-2.219847045602
"760",0.676080618816268,0.959665242464555,0.39675472164892
"761",0.454858933220624,0.683984655212746,-0.801911796487484
"762",0.778422881991606,0.837057865590362,-0.287719445997497
"763",-0.29367826718317,0.353671492305245,-1.36381751144899
"764",0.323952166093533,0.64291220361023,-0.880589538483686
"765",0.994866622683531,0.87087705071068,-0.250543976299677
"766",0.306089680957557,0.754508494390701,-0.303912324913636
"767",-1.1970169998404,-0.340603690124364,0.164214465225833
"768",0.615969381382462,0.785496543634951,-0.428936334476283
"769",-0.192144515371614,0.463802176903545,-1.03306539758086
"770",-0.134842637701423,0.466892157701665,-1.12747382445436
"771",-0.877019774214047,-0.200104691066073,-1.52056117105012
"772",0.688155928684802,0.483385575439316,-1.99341724775974
"773",0.862680963422236,0.75478789276927,-0.753274584296273
"774",-2.98203330727159,-1.02389372337561,-0.449725611303738
"775",1.62004390953875,0.700124568028466,-1.38316980690774
"776",-0.928228540763619,-0.327485887856816,-1.68167672018214
"777",-1.42624062730855,-0.623236852892618,-0.370462083251752
"778",-1.25242112514528,-0.551422145030485,-0.636799037868666
"779",-0.283259215249778,0.736768344805335,0.527436804719128
"780",0.966848963663174,0.849430225365444,-0.341996218744519
"781",-0.100199038515883,0.761402586991019,0.282965686143172
"782",-1.17752815889402,-0.29055664435123,0.317403510499231
"783",2.15161491860858,0.591685296263472,-2.0877448738948
"784",-0.338467452996313,0.451872401945984,-0.763780940512345
"785",0.0100865904287474,0.751431972676369,0.0541278053212011
"786",-1.40636528327177,-0.775831996676774,-1.19456215696953
"787",-0.0526365723427593,0.538470745504737,-0.91218639305311
"788",-0.17208521830195,0.645296950386008,-0.165112629881393
"789",0.786136459420153,0.627891975320862,-1.33867604038721
"790",0.75763941374854,0.416471499512386,-2.3766637460761
"791",-2.16335763612867,-0.99088566411189,-0.886347415272775
"792",-0.0787660144124888,0.784293233707018,0.360488228152453
"793",-0.445946779974043,0.395044274192083,-0.749137908735831
"794",1.89910237578162,0.969738210582883,-0.1266436379129
"795",0.720838029655666,0.735552313211005,-0.755855002857378
"796",2.81296025796259,1.10615497766226,0.338219991990165
"797",1.58825406081557,0.784356456114933,-0.950538667043876
"798",-1.03069206739217,-0.531231113248107,-1.79492358227478
"799",0.922982771161282,0.86910150462717,-0.218203236288707
"800",-2.3435401954283,-0.780573777754533,0.33997133072589
"801",-0.185332858399252,0.284431386964109,-1.94347311871745
"802",-0.893127380639347,0.00240693455996076,-0.366743500330696
"803",0.146777641479326,0.500385794941143,-1.39004216371984
"804",-2.04507971045858,-0.939443261766967,-0.764011770064012
"805",0.0451646338225099,0.501850466915238,-1.24541649701777
"806",0.835153638556577,0.990599751318109,0.443066872451124
"807",1.78920716249005,0.816932165354521,-0.856467591121047
"808",-1.59943810924903,-0.461043699622318,0.891067314953524
"809",2.49791882796907,0.859406252013711,-0.831804056729683
"810",-0.235740979681107,0.464289626449684,-0.940471572693552
"811",-1.58076609453816,-0.792591218424317,-0.809162702793754
"812",-0.750567718485575,0.152434576989627,-0.660965859627107
"813",1.21387606370317,0.714794343478955,-1.14316909710392
"814",0.265632391793462,0.691924053225893,-0.573105817518653
"815",-1.25016657020667,-0.526024360485961,-0.519502849450876
"816",-2.38660416845805,-0.770354214342008,0.42826612898384
"817",-1.14666235094941,-0.671036003543367,-1.74836546379078
"818",1.75900326727843,0.660989582886074,-1.62637730015277
"819",-1.44026340799353,-0.60618376669365,-0.243407859916481
"820",-0.137529781245663,0.688003068003779,-0.0169712533621955
"821",0.866348463937991,0.828765027030054,-0.385661320451551
"822",-0.0996365909052695,0.380105397631082,-1.62450365445712
"823",0.771568400545631,0.735483924016417,-0.79100406140427
"824",2.25899339630711,0.799521068828992,-1.07581879882544
"825",0.112092274973421,0.716053380181365,-0.266760029577846
"826",0.213892974452425,0.700995124669593,-0.46885124701708
"827",2.45740858535592,0.793747372062477,-1.15117223863278
"828",-0.729183049613083,0.079736447344569,-1.14857954933511
"829",-1.58096829921869,-0.647473385812844,-0.0831064915320103
"830",0.996251236828518,0.793630294621116,-0.63754856834596
"831",2.31620180383937,0.964248671447895,-0.266077173347833
"832",0.168154693210584,0.519561845002171,-1.32094095212113
"833",-2.32828393435498,-0.868199125342673,-0.111720986980611
"834",0.617393148356138,0.673455496103369,-0.990240416391334
"835",-1.56102903998909,-0.61952542814977,0.00982951218037331
"836",-1.36282069663997,-0.541324275818024,-0.16429734610696
"837",-1.96518331788157,-1.36258725879119,-2.98199537788027
"838",-1.09267897137812,-0.276968753340503,-0.0962576708404898
"839",-1.31836840956736,-0.653733120353467,-0.884732986798208
"840",1.39850411084363,0.81033768063642,-0.74695900972167
"841",0.999880024477949,0.895753498264835,-0.128948666654378
"842",-0.27050742608629,0.465423366369825,-0.85839235337572
"843",-0.977560507483296,-0.569839777424839,-2.42110142942975
"844",-1.13918287785577,-0.225386937172531,0.438375847707533
"845",0.900409864876528,0.914500381549913,0.02223995545302
"846",0.291184266337724,0.681987779286274,-0.65063268404414
"847",1.23958834289949,0.694871056604076,-1.254790582845
"848",0.144707459256069,0.848516745035752,0.353242462847977
"849",2.09922725001858,1.04616189315821,0.198521335234811
"850",1.49989074380265,0.77605976860965,-0.958865982697568
"851",1.87311145876195,1.12360951208296,0.650602737587076
"852",-0.837879567760164,0.206126771241799,0.19520669656802
"853",0.77416444790427,0.766762066081266,-0.636353121731854
"854",-0.519923086392624,0.360296357169435,-0.679862525762593
"855",-1.30411622738725,-0.548214917653951,-0.411038491982812
"856",-2.12500079577605,-0.856925150476367,-0.258318815889251
"857",0.143672728207216,0.520919194361308,-1.2834283545448
"858",1.40124023903158,1.102567228639,0.713058340047491
"859",-0.718197763439054,-0.0515991192136217,-1.86644048769563
"860",-0.969031955242717,-0.257500415038072,-0.935817754861121
"861",1.64962748740894,0.764052802175311,-1.07399737541669
"862",-1.57624528585453,-0.905499208386186,-1.3841848307761
"863",0.140539889914039,0.764226949026025,-0.0628922998732696
"864",-0.525716163775303,0.135920906292001,-1.78118031010969
"865",1.16669457133452,0.566695266612671,-1.86103746577838
"866",-0.270626315897347,0.662150155736666,0.125510196776194
"867",-2.06629061104058,-1.3592509789727,-2.83749759117864
"868",0.77025933866321,0.561078847331703,-1.66215066533328
"869",-0.512271878311486,0.348288906326288,-0.766690920114945
"870",0.590360043299352,0.848342136510075,-0.0946900702621735
"871",-0.808812739133076,0.0324057698906745,-0.885108543560313
"872",-0.58155400291456,0.403305825932966,-0.233054484643678
"873",0.245815921837556,0.89302666668603,0.454557803416784
"874",-2.53048959698059,-1.07968146948497,-1.00472658112761
"875",1.40306082323637,0.717753745728739,-1.21176004842146
"876",0.576849916017029,0.861269208449065,-0.0192969612504976
"877",0.957616497552203,1.09175051751515,0.874883970743765
"878",0.0149973327236251,0.619245987474756,-0.614173200988146
"879",-1.88626023012571,-1.08961957544789,-1.72859500014995
"880",-0.729275208875165,0.239211350527771,-0.350684543902359
"881",-0.0928201473373815,0.605830666208847,-0.507733626140145
"882",1.26308006270796,0.75101278228612,-0.984856211551788
"883",0.376080556832333,0.675272573759788,-0.771332303308346
"884",0.291791609416719,0.657815072167983,-0.772148516125724
"885",-0.323639375245097,0.59242992139606,-0.0979949733869254
"886",-1.37166420403725,-0.657954670390384,-0.717576661417271
"887",0.763424776592044,0.467273190280517,-2.1265745031548
"888",-0.483070697389938,0.256992390954892,-1.32178409546787
"889",-0.0628406477036305,0.699987098415211,-0.0877788244430708
"890",-0.201697347190137,0.651734341630258,-0.0741602266306929
"891",-0.4037984792301,0.480434501655822,-0.446222296947756
"892",-1.5779078373406,-0.661037063563282,-0.158010281402746
"893",-0.118974128826491,0.611940694803444,-0.431063505697933
"894",-0.649590579722363,0.423082545536422,0.159855797888084
"895",-2.24690713156814,-1.20703306831445,-1.88192894898159
"896",-0.463060420667046,0.409616362912923,-0.623087177610086
"897",0.352498237314589,0.553458414328668,-1.35699514519774
"898",-1.36964214649913,-0.541494099522989,-0.142058611683613
"899",-1.99166276258718,-0.90324115205554,-0.650271879229962
"900",-0.340078739602669,0.659791255214114,0.279890179998577
"901",-2.77212369867181,-1.07317743905019,-0.8116928052018
"902",0.055770528510614,0.827008280535296,0.365213163794516
"903",2.43378792088399,0.5866270713521,-2.18148460218543
"904",1.17350665352284,0.645093042505674,-1.4723644730173
"905",2.7394444314748,0.908994719994174,-0.63355556721894
"906",-0.422454400272761,0.377943157455487,-0.904954384178666
"907",-0.112188550744818,0.508788418143672,-0.958955379867614
"908",-1.28224990478094,-0.569506131083895,-0.603377013241889
"909",-0.929927001174604,-0.24973853810628,-1.27574085584246
"910",-0.44490265844914,0.429208493185818,-0.58150712712962
"911",1.12513813782484,0.648995798460563,-1.42893647632797
"912",-0.770123170757131,0.246381259706334,-0.0715178682826096
"913",-0.801556097633124,0.267000552984691,0.237688727816531
"914",0.52092296470542,0.375945775480202,-2.39986481281033
"915",-0.381866641232016,0.405822717856736,-0.880184522230743
"916",0.629189448245682,0.967218162103916,0.469524726899127
"917",-0.635629461714738,0.0753989632141758,-1.64259164552889
"918",-1.7818591081882,-1.33418749168634,-3.11767598675291
"919",-2.23396673781441,-0.958434035495926,-0.651629495756671
"920",-1.82954586077341,-1.13621251909662,-2.04896389553785
"921",1.31502716108093,0.839370445940174,-0.566258646843945
"922",-0.140467496052944,0.559800244400813,-0.652553878736309
"923",1.05287351032525,0.619714668030933,-1.53793712645577
"924",-0.196852822836367,0.695028536228867,0.13251660128127
"925",-0.0301162679583963,0.766761263645384,0.192948219832957
"926",2.55999496078929,0.87725449833928,-0.755896931508598
"927",1.47589569211682,0.832770352258084,-0.665971690070225
"928",-1.62853720486391,-0.801396752483235,-0.746944055675962
"929",-0.769775285576537,0.0547398253057505,-1.03190935388255
"930",0.204095396574103,0.584768459981807,-1.0384327625152
"931",-0.302064466302343,0.365520778918834,-1.28476713761912
"932",-1.33553574728502,-0.686656183942801,-0.986490326126616
"933",-0.616060037607372,0.307312157697823,-0.56944193424612
"934",-1.67511318241698,-0.88135293052946,-1.05049320356422
"935",-0.777579356296088,0.221386609190795,-0.149181891413814
"936",-2.32926479143133,-1.26293875401693,-2.08454069109353
"937",-0.407116391705053,0.598796548217868,0.155010880882344
"938",-0.308909146411397,-0.0419611722025046,-3.30580971819735
"939",0.667460352954075,0.719728192912324,-0.796607949032462
"940",-1.65041281581841,-0.858531754592098,-0.986565086558215
"941",4.12617243404437,0.985073140773754,-0.456180682648935
"942",-0.224481692530006,0.67483968670495,0.0884129246621843
"943",-0.793319623329189,-0.353581139811417,-2.92095486892568
"944",1.48916873779233,0.790160656788119,-0.884205840155831
"945",0.678748107012336,0.764630679116746,-0.580364527025595
"946",1.43882361437103,1.0163291753658,0.266552754472064
"947",2.44088836294904,0.81815028442492,-1.02546510180925
"948",0.524085277646129,0.728507663699928,-0.639726427130148
"949",-0.00117103462535872,0.328798245017224,-2.04196295624874
"950",1.52633546853337,0.840047848350477,-0.649050085336302
"951",-0.540870632696901,0.420399059444488,-0.303854430148804
"952",-0.134809216042047,0.627975530713842,-0.322118379965015
"953",1.36050395802716,0.92037094540114,-0.180871363721134
"954",-1.21644428759404,-0.686608932576486,-1.47340011167519
"955",0.984468733537019,0.775481892147234,-0.721704039367089
"956",0.649425509275103,0.867088418395204,-0.0464164418977172
"957",0.224842243250962,0.308265701910667,-2.44525443866724
"958",0.848894404126454,0.43389345236647,-2.34914156572997
"959",-0.187721964551581,0.682255340717195,0.0503846735836725
"960",0.705898347927819,0.527940591403008,-1.78336058947354
"961",-0.756177242683457,0.370076660618354,0.460956773112399
"962",-1.48755438289338,-0.755129974781556,-0.854782166526065
"963",1.2345121801324,0.81889700244522,-0.632308560741353
"964",-1.29720722106045,-0.761147331860013,-1.50240949833247
"965",-0.662216988446567,0.252392940836298,-0.633886118743863
"966",0.262988667727178,0.78817729125394,-0.0889129971890207
"967",-1.24240527017443,-0.6888080483851,-1.36716157601059
"968",-0.698500064727197,0.0275435505344958,-1.57632970627316
"969",-2.74210052557797,-0.973583757941438,-0.331906528320297
"970",-0.572998300770735,0.528518648978085,0.359030319830875
"971",0.210188481986192,0.386432522587331,-2.03731188000842
"972",1.61073111215707,0.934646160748183,-0.207225361605092
"973",-0.722093577365681,0.136892284630452,-0.902478672981159
"974",-0.424194883161753,0.290856001455372,-1.33528457042482
"975",0.277587860398155,0.654248716714926,-0.774609755395345
"976",-0.722636569655515,0.153913897953997,-0.814356586751337
"977",-0.21021189156104,0.700793374862892,0.188524505417808
"978",-0.84804876294188,0.193186968631461,0.208909920241243
"979",-1.96422040100607,-1.07624125203746,-1.55155944015447
"980",0.809612618315627,0.669114859397973,-1.14795695743586
"981",0.8772257691511,0.67101629648758,-1.18110370667936
"982",1.12698924740228,1.05788296713422,0.61456805441565
"983",-1.53562978092124,-0.669202253556886,-0.300448106902218
"984",1.07245809816904,0.614425630073137,-1.57472563168225
"985",1.22445058460015,0.89312038484052,-0.256503376226351
"986",-0.83344451774513,0.317436463468837,0.718290786529386
"987",-1.99607641856784,-0.888252595941386,-0.56960562995644
"988",-0.763970745692843,0.302494484545494,0.170715349714396
"989",-2.04694011170547,-0.963395027153898,-0.881503866311379
"990",-0.201346350524486,0.54614209238338,-0.602833501412816
"991",1.84459918539752,0.902137352357936,-0.447962537105096
"992",-0.93066214961256,-0.107849973773091,-0.55882288642168
"993",0.129813282077178,0.719513218259023,-0.272659481845645
"994",0.461064351559353,0.70029994030699,-0.725924705222924
"995",0.022460727231077,0.527757479781471,-1.08272842457442
"996",-0.781987857024466,0.364541443877108,0.595014629614407
"997",0.409059766174255,0.914707957044285,0.394069790672466
"998",1.60488518700832,0.84656697301763,-0.645516724970676
"999",3.78973596151905,1.0246927827221,-0.218573509228494
"1000",0.777075439740106,0.818005040294054,-0.382084405051719
