"","x_pa","x_child","noisetmp"
"1",-0.257260106888771,-0.87681837492471,-1.18913760897351
"2",-1.78324085222334,-0.297241235733514,-1.12619733938038
"3",1.57115567030226,-1.01553989222153,-0.831724824821132
"4",-2.38211706673638,0.300717663410917,-0.0811886067622189
"5",-1.20772713503192,-0.349732521108325,0.169462428664534
"6",-0.363020837785587,-0.473765391584865,0.725107371979588
"7",0.402612538652636,-0.749237096647874,-0.051759874314363
"8",1.2313298423171,-0.982653378809398,-0.798264898701842
"9",-1.13412793787892,-0.517037507219606,-0.527905629628174
"10",-0.586759173791022,-0.733765762257752,-0.814689680165426
"11",0.662066319515539,-1.05114232553012,-1.4106275525495
"12",0.668917752077532,-0.995338235707573,-1.12789652322012
"13",-0.324872728728231,-0.771957997164261,-0.728585602112894
"14",-1.25019288074702,-0.504519797399338,-0.689342788269283
"15",-0.134500174455991,-0.740696208920976,-0.399771710162742
"16",0.255522504033276,-0.858315671158944,-0.692368569324642
"17",-0.679197991655212,-0.636819563122307,-0.441047194077247
"18",-1.40827176997171,-0.361406803067847,-0.323440661537539
"19",0.438377338384849,-1.15921661436932,-2.0796424471292
"20",0.502415670790156,-0.722930271548926,0.140169636091736
"21",0.23788768010531,-0.943202367755311,-1.12875120379592
"22",-0.60284328781338,-0.570264387820729,-0.0159619045980556
"23",-1.02532705549529,-0.465836606731209,-0.0827836648013555
"24",-0.014994110110953,-0.444422566869551,1.1796279052008
"25",-1.74908017877767,-0.0538464128833033,0.215834265608047
"26",-1.67840280567212,-0.0497527947529302,0.478170659904244
"27",1.8367071802588,-1.01971888314619,-0.76236771701889
"28",0.184444028730473,-0.960454587988576,-1.25196674325964
"29",1.07665189680573,-0.915497159310827,-0.52885541434652
"30",0.288430698764361,-0.79643144960347,-0.360964537302107
"31",1.99742397306359,-1.27884337381907,-2.0077747183814
"32",0.490711863205644,-1.22678660978354,-2.38602935168182
"33",-3.21062991508305,0.427127230386538,-0.775659212622819
"34",-1.73053492341269,-0.244100650569203,-0.669845530892247
"35",0.0943244283173384,-0.556281899481754,0.703935722852703
"36",-1.42749069509348,-0.742564065769832,-2.27579343387591
"37",0.943235384666359,-0.92384483660514,-0.63174182352322
"38",-1.370814598121,-0.561539010948671,-1.23603044939402
"39",-0.0598136531495856,-0.681715504265827,-0.042751385296337
"40",-0.601969556257465,-0.692287873957937,-0.62505342444282
"41",-2.17871741149984,-0.125589837623048,-1.69142034527086
"42",0.145730536307374,-1.05253647143522,-1.73986403522169
"43",-0.831848049544243,-0.559136799934886,-0.254399964110619
"44",0.106454725623964,-0.923425898906463,-1.12283937945553
"45",0.301835708784043,-0.862286865975165,-0.681402555361687
"46",0.514751452040864,-0.931711020712439,-0.89648941004157
"47",-0.961295994396697,-0.466008624073847,0.019380908430721
"48",0.0746730918245677,-0.523907382582786,0.851180357069963
"49",-1.54006077504398,-0.670712253425104,-2.20987201994643
"50",0.945568068268465,-1.22959709479462,-2.15940087136938
"51",-3.55315852141005,0.499499587681938,-0.754517551428129
"52",-1.34428858183529,-0.38386035369533,-0.287322829496767
"53",-1.67696613904811,-0.420478205904856,-1.37076023791975
"54",-1.49586671042485,-0.358049318005437,-0.526997134075011
"55",-2.33749484960587,0.101765779757711,-0.971260120398131
"56",-0.911260131044204,-1.04689789630884,-2.80842551994474
"57",-3.08248938615648,0.359055279520189,-0.965669246420872
"58",0.593097412383613,-0.873965418444959,-0.562825056292613
"59",-1.64330897490645,-0.165415225552778,0.0122226342837083
"60",-0.45486812291373,-0.874757256271077,-1.37370517269729
"61",-0.188843174764567,-0.832643585710681,-0.906588521774383
"62",-1.89816285398491,-0.167797050647145,-0.941260085640163
"63",0.363396219770985,-0.882194086691641,-0.741180376010226
"64",-1.26414746910902,-0.551893529263109,-0.954878209565954
"65",1.36103862283089,-0.991974342617975,-0.792618231741035
"66",0.321812504436153,-0.859391122202843,-0.653873309140004
"67",-0.288839269694809,-0.675532891938648,-0.212127273491391
"68",1.13414766856279,-1.18456694398551,-1.84899075513045
"69",2.16471581661775,-0.937695616550131,-0.252911479221958
"70",-0.301468329876395,-0.581598278728166,0.245607137425659
"71",-0.057316231462095,-0.735290241189012,-0.30859761568895
"72",-0.773365585154198,-0.616775523687669,-0.462397040810934
"73",0.102893133472987,-0.741871443837805,-0.217686785908506
"74",-1.31638289710273,-0.464317534164306,-0.62791070958074
"75",-0.759978732618888,-0.623654725375783,-0.478958023536991
"76",-0.0337249862459856,-0.53775835070249,0.698060034724574
"77",0.585824392304518,-0.840182525297021,-0.398005554339526
"78",-0.0517463837006039,-0.676257996034459,-0.00892596003414814
"79",2.15198035882913,-1.14490166470761,-1.29257514112327
"80",2.12874413785875,-0.876347336129411,0.0435231781708215
"81",1.7990395284843,-1.04764537936072,-0.914228474926028
"82",0.248962081884365,-1.11528183412157,-1.98163072428184
"83",-0.344654214179621,-0.805723923322494,-0.916620736315324
"84",-0.109968080259094,-0.923219945046099,-1.29166485747133
"85",-0.112537371367324,-0.937892367624461,-1.36718257179132
"86",1.82515843902729,-1.27156708258385,-2.02533869355926
"87",1.56841257082198,-0.89851498021284,-0.2475840764869
"88",-0.0446861060485597,-0.81600063654921,-0.701944068591596
"89",1.48165422247811,-0.924366753678705,-0.408542902653954
"90",-2.68494696179914,0.455067662703978,0.0910949571961306
"91",1.98304491067217,-0.890173703803397,-0.0687942886495251
"92",0.4154969194852,-0.728573605786705,0.0595375805228609
"93",1.39705497073224,-1.07030154934486,-1.170258970447
"94",-0.143857472525524,-0.842394720090025,-0.916254882507676
"95",1.05458036549646,-1.06471529651502,-1.28480253381796
"96",-0.747467322162233,-0.548537915447181,-0.0868753253560126
"97",1.12574561217865,-0.979003225621303,-0.82481571156395
"98",-0.0432169325320934,-0.800219072293518,-0.621854271898879
"99",0.756079428613447,-1.07168196953581,-1.46350828064222
"100",-1.00978630783734,-0.568922366307272,-0.572675080812832
"101",2.01287524051483,-0.987842325660374,-0.548102276265901
"102",-1.19367358554167,-0.405570125781115,-0.082397858029985
"103",1.49946691140576,-0.802420727000148,0.207789436545711
"104",-2.68287270399492,0.408505712829152,-0.138164519913801
"105",0.711046232313521,-1.04193351555285,-1.33833666882268
"106",0.494576696516498,-0.749912876117079,0.000628283611741831
"107",-0.634373451116977,-0.881837843987937,-1.6113034025382
"108",-2.3216689572394,0.156766596396638,-0.657920748985611
"109",-0.667778379283227,-0.601920577547027,-0.252404087994532
"110",-0.798679793716233,-0.721330762520192,-1.01942354244188
"111",0.590556365794597,-0.751892155458959,0.0461123071729236
"112",-1.45759289460453,-0.495391036582415,-1.11483162154422
"113",0.298099387552925,-0.649747009313767,0.378839699270197
"114",-0.382993990245369,-0.605967599042046,0.0441922471812369
"115",0.668222801674721,-0.948836555891723,-0.895763907530981
"116",0.287569985110147,-0.639916676330694,0.421039521781078
"117",-1.22001417374264,-0.398584088276359,-0.0989926857083925
"118",0.606723013594112,-0.954010865247917,-0.955421786701826
"119",-0.371059808398521,-0.557421624683178,0.298847830760994
"120",-0.133165423296521,-0.785242204285236,-0.621365748260705
"121",1.37879664311183,-0.989500301819558,-0.77332057759865
"122",-0.547259377435288,-0.597499971980396,-0.0881784541608648
"123",-0.605650603936354,-0.629970201038412,-0.317791768391144
"124",-0.0218813591528927,-1.21883372209457,-2.69788260034581
"125",0.606996118146016,-0.993198841595664,-1.15120927255281
"126",-1.31377233016327,-0.684932303592284,-1.7253020284473
"127",1.22807233004928,-0.955344369748273,-0.663070751651321
"128",0.174615148160286,-0.797424737688128,-0.44373807854864
"129",0.835443109351401,-0.827722352838035,-0.203424475842326
"130",0.308356919815045,-0.813001990808828,-0.430702027147598
"131",-0.174703083424597,-0.725938534097308,-0.360654745500277
"132",0.575674291327372,-0.897148878466291,-0.688577964017779
"133",-0.724746024987101,-0.750223135569642,-1.06575125681334
"134",1.39601400267502,-1.24522885193174,-2.04529696297433
"135",-0.260126342845855,-0.787117151925077,-0.743276157057899
"136",1.13226987109088,-0.846214016551611,-0.158039221649548
"137",-1.49474937813695,-0.251188063059628,0.0102554536458986
"138",0.367188040306874,-0.948141649112422,-1.06851308301625
"139",0.0306431230605953,-0.75878089397303,-0.356591239601116
"140",1.03103052152675,-0.886161584996706,-0.402661709101882
"141",0.269133884065354,-0.815746713643817,-0.470381925759331
"142",-1.59046315490827,-0.331051142616779,-0.655529055268961
"143",-0.129057467839579,-1.11982324471266,-2.29078090581892
"144",-2.49258412699476,0.350722329740955,-0.0705462628908348
"145",1.86556783283722,-1.23440105771153,-1.82653037402864
"146",0.561766576704066,-0.826343511805611,-0.342466165496468
"147",0.727271023019644,-1.02092991690237,-1.22476556149179
"148",0.606809135033148,-0.859821840917498,-0.484428605859765
"149",1.1347704801492,-0.897362016236679,-0.412696585744439
"150",-0.463101037412936,-0.633952159324969,-0.178390647062432
"151",0.0920949344045237,-0.905601809671083,-1.04431484759611
"152",-1.0716003265092,-0.413890935967086,0.0987835643087979
"153",1.60812104303506,-1.04074456795456,-0.944598147037696
"154",-0.179589282078096,-0.726522858272516,-0.367851436246564
"155",-1.51874926096958,-0.0995653266725939,0.704264073028284
"156",-1.92908084686409,-0.244097683044225,-1.44670294035451
"157",-0.792560378591123,-0.610128656035696,-0.455069663855265
"158",-1.82447132653873,-0.148470313675882,-0.541066899860187
"159",-1.80066874800067,-0.378636219921813,-1.59918906538981
"160",1.63654796020784,-1.16302663375535,-1.54603022202755
"161",-0.841502263138621,-0.574369254882632,-0.344169970758098
"162",-0.356367788744173,-0.808541960786099,-0.942205684765146
"163",2.02341263999271,-1.0168591148504,-0.690018880509812
"164",1.63270641976327,-1.17011730567943,-1.58282527750709
"165",-0.150920408188286,-0.648418025564395,0.0475656445328991
"166",-0.778611982533284,-0.782196113555992,-1.29654159559874
"167",-0.126841005324085,-0.777983305924844,-0.579701915027729
"168",-1.48459764629513,-0.52032387875608,-1.30882179173213
"169",0.648912319832079,-0.830400355452439,-0.314077826568974
"170",0.319815231695956,-0.730517956197221,-0.0108057603716775
"171",0.872274769306505,-1.0566519788569,-1.32989892939265
"172",-0.148977917459402,-0.77634851082264,-0.590416592668231
"173",-0.938333511885499,-0.48112909541825,-0.0206442414696538
"174",-1.68462564043088,-0.339564028535035,-0.991323916751669
"175",0.870201074855104,-1.04206372328665,-1.2579723083477
"176",-3.08308945333342,0.43675741659465,-0.577896878596378
"177",1.72859066634325,-0.963814862093351,-0.518439202181307
"178",-1.57956997599788,-0.235304643188699,-0.144962432619736
"179",0.711161999641247,-0.967819250491925,-0.967704069291669
"180",0.730863000058855,-0.897129212977228,-0.603877824709132
"181",1.10501614852778,-0.762194916496088,0.250176874753241
"182",-0.437789422792417,-1.13422263227521,-2.65312225632451
"183",-0.492835878719522,-0.918674178471404,-1.6338897715894
"184",1.40615148862799,-0.847540345269405,-0.0529521930631054
"185",-1.15346112714092,-0.370386257772366,0.169726708102233
"186",-0.614998672399101,-0.8999308516967,-1.67863634902439
"187",2.11138764558211,-1.01575464758091,-0.658535562513227
"188",-3.20805156842493,0.258465447514261,-1.61608118368969
"189",0.106495624163029,-0.979796197425462,-1.4046608216163
"190",-1.00543849001969,-0.491602507415703,-0.178993523768879
"191",0.52114754673033,-0.986747630465702,-1.16793456789955
"192",-1.33531023358348,-0.803382052197111,-2.3648880670043
"193",1.13280240071166,-1.14636588399635,-1.65856789841901
"194",-0.968065088512549,-0.488684092517216,-0.104618728143199
"195",-0.20388301610973,-1.07256198676005,-2.11950355937894
"196",2.35233479328142,-0.966837509632561,-0.346995336080128
"197",-1.23145215675985,-0.752123631853062,-1.88947569838724
"198",-1.15062813412006,-0.433396247937242,-0.140062752077989
"199",0.972786314654632,-0.968696396967153,-0.842125414291656
"200",1.60551436506421,-1.03534261624191,-0.91850917446479
"201",-0.947293621769933,-0.602800853724054,-0.642802378722019
"202",0.968593042244604,-1.00143948919284,-1.00779789041502
"203",-0.900158033864441,-0.515777740596571,-0.136255389237146
"204",-1.84627381644667,-0.12726274633925,-0.52263594136904
"205",0.540463648143911,-1.11455487392715,-1.79575826547341
"206",1.65453881054167,-1.04726509958066,-0.960966835335451
"207",-1.70592339749426,-0.214327027244939,-0.436307928489197
"208",2.42229987616121,-1.11476923181521,-1.06827091548714
"209",-0.232805527814024,-0.777153017888372,-0.668448592179132
"210",-1.69222553172334,-0.413023201128954,-1.3837974855692
"211",-0.658032481501182,-0.740865259620609,-0.935150188427782
"212",-1.34107386819277,-0.508683243220292,-0.904239488594667
"213",0.935134541215793,-0.935539465388446,-0.694052250943977
"214",3.23219418549528,-1.06866522748687,-0.653678178333702
"215",2.86708663646997,-1.28477331900907,-1.81120194028096
"216",0.467134341616477,-0.836059720238516,-0.446460907130375
"217",-0.279837616845861,-0.684350966156871,-0.24776932051959
"218",0.477081130800766,-0.665844834985005,0.410569121244061
"219",1.3666518687463,-0.895149415285597,-0.30629813750943
"220",-1.04432809020427,-0.676466591976026,-1.16763818577861
"221",-0.159075578322905,-0.831224976240999,-0.873503715702805
"222",-0.418525553969774,-0.678698401810211,-0.355555820466836
"223",-0.502530102138191,-0.611991116185584,-0.111018259571457
"224",0.906374196458367,-0.897828568004694,-0.519241012635266
"225",-0.497209799509193,-0.864642024527852,-1.36847716639939
"226",-2.01655280436877,0.066795178074852,-0.216195956931801
"227",-0.485862593397185,-0.669495099657945,-0.380455114652457
"228",2.2750001543448,-0.813150029970828,0.400584508126279
"229",0.822628228038679,-1.07732170642266,-1.45782083474891
"230",1.31549249603553,-0.838179906859409,-0.0416581424953777
"231",-0.401422355859999,-0.738223799137719,-0.635697864564029
"232",-0.119808615729733,-0.786631489711448,-0.616997619873309
"233",0.0540896394038055,-0.66965314527701,0.106945192701394
"234",1.34796428368446,-0.933892139108628,-0.507341482246414
"235",-0.235235885509524,-0.908966674594272,-1.3297232473509
"236",-0.776930009632878,-0.757400540588963,-1.17030301487819
"237",0.577700978449716,-0.998738153392588,-1.19537568511738
"238",-1.75695374861242,-0.255704516923948,-0.82178481818055
"239",-0.464731389015541,-1.06716374523398,-2.34617962503406
"240",-0.465668585438983,-0.568675859201674,0.145263817986415
"241",0.179709249054276,-0.860641176154039,-0.756228577164284
"242",-0.877090382917923,-0.617641921310024,-0.611637230126438
"243",1.08545133941122,-0.819096591356937,-0.0429507767533624
"244",-2.6352819723483,0.386042048168006,-0.167166511726104
"245",0.0460251265497787,-0.771078354437918,-0.406308409857462
"246",-2.11287564088139,0.0923489748822021,-0.405470469050091
"247",-0.457986667884017,-0.775295402770621,-0.87968956172628
"248",0.317855390849852,-0.666965279571222,0.305682274480857
"249",0.0774255988551704,-0.734644049727895,-0.200443789361788
"250",0.0511253496149891,-0.866536839381544,-0.879722154510567
"251",-0.433076517410516,-0.950402955628149,-1.72911937322164
"252",-0.869644737522248,-0.78951927047219,-1.46020764191194
"253",1.36836236769565,-0.746320096396561,0.438516416088107
"254",0.994589112806891,-1.04164759735888,-1.19676776679225
"255",-0.985841273501566,-0.748686719040589,-1.43282450863799
"256",2.19303798968983,-1.10850943017411,-1.09896079107456
"257",-0.790310739281099,-0.614451170817336,-0.473625314587937
"258",-0.0129852831132742,-0.86225472927469,-0.907946231750281
"259",-0.275746779628239,-0.761886687104498,-0.631625248190005
"260",0.226112428274146,-0.871925656420667,-0.780413231028429
"261",-0.0194134689232557,-0.860150963683431,-0.902511584918502
"262",-0.974399006964923,-0.761371548761179,-1.47805174733133
"263",-2.39119846157979,0.00410193973353851,-1.58498022214916
"264",-1.4380337457797,-0.35960899792335,-0.386974735790227
"265",0.763985686548676,-0.881352329328562,-0.507775984626013
"266",2.47086487033059,-0.981622405131334,-0.390039251505826
"267",0.12738371226981,-0.733145860272217,-0.15615559298671
"268",1.55730781388412,-0.943953561427586,-0.47877108680297
"269",-1.0372139379724,-0.733645912872576,-1.44160157330698
"270",-1.53002520548913,-0.226397737307753,0.0393783277425702
"271",-2.11409398420707,0.166005739529233,-0.0409601556721892
"272",-1.10364608332273,-0.622924548276038,-1.00245604457699
"273",0.884776058048877,-0.952242225139982,-0.801754666463165
"274",-1.6314703031327,-0.334072756192507,-0.794234839362858
"275",0.562271925356181,-0.946987549385155,-0.945397752287553
"276",1.66020498036313,-0.780529782306927,0.374670548889618
"277",1.28621038547063,-0.779059627663574,0.242173568346311
"278",-1.08313640218327,-0.481405453368358,-0.258786167369585
"279",-0.20460271839534,-0.821622971695278,-0.865449292301423
"280",0.318573120446518,-0.799538141749712,-0.35671481958773
"281",-1.38549396494185,-0.272699406042965,0.174066313183664
"282",-0.302224933582735,-0.844185662512422,-1.06804823171872
"283",-1.60838338767055,-0.556543357146765,-1.83625942589001
"284",1.94328856958342,-0.917851800112426,-0.21938655222233
"285",-0.69424043132091,-0.764960102492945,-1.10057679241248
"286",-0.324184668995928,-0.626015588727374,0.00178984884791888
"287",1.66130396818398,-0.826034354357771,0.147527477176194
"288",0.132527751199943,-0.874156465239562,-0.857480783256132
"289",-0.742614322307487,-0.810255928792421,-1.38910948771942
"290",0.718075070950728,-1.03724693858631,-1.31118992875336
"291",0.906482537091792,-1.02236923593257,-1.14189222746274
"292",-2.22043939025422,0.249647576848578,0.0680083655953882
"293",-1.36027958774285,-0.708248956222062,-1.94542697941729
"294",2.22672319203055,-0.968697440346441,-0.390469765591809
"295",-0.769919187027097,-0.546725822709401,-0.107538832230058
"296",1.57781555038076,-1.0057789661707,-0.780536248346052
"297",-1.80524540486064,-0.161483177338323,-0.53101780751899
"298",1.89770350551178,-1.04961695036178,-0.89243332997313
"299",0.96381236168971,-0.945275594145244,-0.72921428678093
"300",0.409090746060752,-1.00672611426753,-1.33518569903852
"301",-1.56750367803713,-0.241033071612605,-0.138813205068872
"302",-0.820480614317349,-0.536501275815572,-0.125336407856154
"303",-0.777695868795493,-0.407418009705764,0.578580635053367
"304",-0.522973751454434,-0.881602474269598,-1.48155284444548
"305",-0.856474614482723,-0.85901739110634,-1.78872826423406
"306",-1.4218754600979,-0.378177734129419,-0.440157074013819
"307",1.16757622982693,-1.12127627187694,-1.51817726546297
"308",-0.835229638318479,-0.582285354510495,-0.374896929131906
"309",-1.17984235149994,-0.328793767619713,0.32802330945025
"310",-0.214025335527456,-0.844993792900689,-0.990720802223204
"311",-1.43792692641334,-0.538574079852632,-1.28153567472909
"312",-1.67256853589261,-0.201345921755618,-0.26077596178477
"313",0.224553091982187,-0.898196143297731,-0.912835147674037
"314",-0.351048750436164,-1.04403466291214,-2.11443814672853
"315",0.11687053273138,-0.855010900459099,-0.773134645780894
"316",0.327589386049922,-1.07104995756453,-1.70842043505918
"317",-2.17070429797997,-0.248981875448346,-2.28530359914156
"318",3.0710638129219,-0.9684519629663,-0.185496260290713
"319",0.00747826431802658,-0.855178287016483,-0.856511136718022
"320",-0.122060218277045,-0.73785620752803,-0.375021847866477
"321",0.0941090663852681,-0.841413289548538,-0.721880615620341
"322",-0.922211275887926,-0.741377546131865,-1.29732030514004
"323",0.260368054078291,-0.999247244859349,-1.39376396124069
"324",-0.679847333939983,-0.908431664018361,-1.79991591795286
"325",2.00625658827002,-0.94653636464691,-0.343568361100874
"326",0.139807373184373,-0.691936837457332,0.0588736957981722
"327",-0.172015027199579,-1.06420174241211,-2.04962465279049
"328",0.517470775086725,-0.894967743318998,-0.711182308913278
"329",-3.49363370033537,0.541709238437928,-0.489784362526183
"330",0.887461130306561,-0.732374004522425,0.298890885303281
"331",0.120621978252515,-0.816715974291629,-0.578923450115173
"332",0.46354530016934,-0.714366706702947,0.15984747840342
"333",-1.17578532859677,-0.647404862035712,-1.25731353055716
"334",-2.13856111821622,0.0809837011182823,-0.54069076177111
"335",-0.0992297649355646,-0.746313498924978,-0.398160941542922
"336",2.15961445169375,-1.16005361917161,-1.36615486948518
"337",-0.225942689928711,-0.954936120550826,-1.55115267898521
"338",-0.81334785936368,-0.563462774925637,-0.250250487628726
"339",-0.0951433128254261,-1.09747850568701,-2.15058767344896
"340",-0.658392298620087,-0.709623957807282,-0.779384300404805
"341",-1.39269873714497,-0.253194168433005,0.254661835152695
"342",-0.359985940904149,-0.654231281090742,-0.174221453359646
"343",-0.147079635358966,-0.780776893153258,-0.610928323640939
"344",-2.02492713643785,-0.0445971308245889,-0.80227147559803
"345",-1.60277224353114,-0.196039886100701,-0.01694054233612
"346",0.638873359097283,-0.842098590745243,-0.378065806125219
"347",1.01602885634044,-0.860026125680167,-0.27881513117372
"348",0.834573515531931,-0.763699590845603,0.116256328728577
"349",0.427495692282627,-0.625020940184022,0.584682609400501
"350",-0.319613173514946,-0.958514160212012,-1.65630310966243
"351",1.37714559466387,-1.01967942823345,-0.924858063353569
"352",-1.49836828968478,-0.466255424449126,-1.07463747700026
"353",1.60107932638802,-1.00860706947447,-0.786400336170591
"354",2.19593960353361,-0.754569248000198,0.671557066227654
"355",0.255543413224862,-0.801247459405369,-0.407013413359708
"356",0.713922836831179,-0.942950510093984,-0.84190014090215
"357",3.56887597235112,-1.10442506188419,-0.768755263689759
"358",2.195763791484,-1.12480788801135,-1.1796856089193
"359",-0.920271873932595,-0.447302429518808,0.175987873411764
"360",-0.708243670887046,-0.765801239662641,-1.12250620165769
"361",-0.935843475182925,-0.884123004782568,-2.03179759845468
"362",0.820091782957699,-0.993914137302147,-1.04205439347025
"363",0.211360065134441,-1.02891452368636,-1.57551375027181
"364",0.444551842738211,-0.882979256519054,-0.694697669060117
"365",2.45098639726794,-0.897382348526096,0.0260711589300539
"366",0.179769521892158,-0.571281179906796,0.690613837395575
"367",1.81082310935298,-1.12413431512654,-1.2928283524492
"368",-0.633546788773382,-0.705979089423595,-0.731015753040039
"369",0.655840697759661,-0.879951216290031,-0.558054846644003
"370",-1.05769501307617,-0.654665909177365,-1.08126240019197
"371",0.430200904352078,-0.864069625126053,-0.608903140976024
"372",0.59280813056345,-1.00872683782679,-1.23679473570581
"373",-3.36710303446764,0.572380359917518,-0.215005627773982
"374",1.27802235194416,-1.05924302587798,-1.16206154898534
"375",0.834336969962515,-0.769989086043457,0.084691035661461
"376",0.930387675427646,-0.812005808187156,-0.0786393560769181
"377",0.871423374143642,-0.759972779174567,0.153080604614633
"378",0.454868256005032,-0.893593476600375,-0.741517568503916
"379",0.490620645176905,-0.648910032620635,0.503299453207928
"380",1.30375264190216,-0.769109935166708,0.298991020082768
"381",1.87535242898272,-0.980377126699202,-0.553298781677058
"382",-0.042201960169044,-0.713996577509183,-0.189925860521875
"383",0.675100837354758,-0.93129659245298,-0.804350707038393
"384",-1.83584497316661,-0.144338291396967,-0.565779807012625
"385",1.21266339941462,-0.995030124688715,-0.867916161087123
"386",-1.34107081514996,-0.531786221639073,-1.01974755619174
"387",-0.285582051499708,-0.820898398522035,-0.935891955961665
"388",-1.36782299887488,-0.245431076226165,0.351394914212675
"389",0.00988985110278003,-0.739230383862268,-0.274892951141469
"390",0.100052721678416,-1.16012307810453,-2.31103813431133
"391",0.580241389225803,-0.659065501258675,0.504425688471563
"392",-0.154142664740647,-0.699614946145451,-0.211194082227616
"393",2.0414683128292,-0.767869434939406,0.560327583225753
"394",0.328057683826825,-0.830042167083374,-0.503078256166846
"395",-0.598945726287261,-0.556798294449865,0.055939818926294
"396",2.09800285750209,-0.638803652632542,1.22232434738056
"397",-0.228039105375416,-0.845632129618083,-1.00652719347739
"398",-2.40570574962251,-0.0716449982358993,-1.99640201140245
"399",-0.340131491686016,-0.496936625706551,0.631729528135551
"400",0.866002517441285,-0.737074118089004,0.264918264027558
"401",0.152443459997606,-0.968926531663136,-1.31700357864497
"402",-1.22507740336791,-0.467471142978298,-0.453483085164695
"403",0.154066807450857,-0.936079375872891,-1.1516072610342
"404",2.01742932657106,-0.979916399689611,-0.507102230520988
"405",-1.94339357272265,0.0268999130949487,-0.147339108330081
"406",1.34802163098027,-0.93874709736581,-0.531593690101591
"407",-1.22344934792379,-0.578059161973666,-1.00318462169893
"408",-3.20371368193095,0.165191991920088,-2.07757913483489
"409",-1.50431665827922,-0.636517263794176,-1.94173831554145
"410",-0.733463089686272,-0.815762073861414,-1.40472072634584
"411",-1.03270656578969,-0.595575671745604,-0.743728732460024
"412",-0.541488236433733,-0.671556383592609,-0.451968013124069
"413",1.18233340761499,-0.897903987318921,-0.395044863578027
"414",1.29473120451518,-1.01163369061216,-0.917256356609945
"415",-0.53111464280287,-0.953643133508813,-1.85079992004971
"416",-1.65460429189304,-0.282737658107947,-0.610027576793494
"417",-1.04867707643849,-0.724297095862316,-1.41412303042592
"418",-0.133303165697104,-1.00063315660736,-1.69843769090665
"419",2.16943982493041,-0.954503756827055,-0.335608736089007
"420",-1.79060096425468,-0.285644330442558,-1.09590520827025
"421",1.54812060459659,-0.829650081768272,0.0894280310449022
"422",1.36994881563865,-0.926062304932213,-0.459575548704425
"423",0.333685886412345,-0.786779367841612,-0.283126092288029
"424",-1.54079376488897,-0.403237300319884,-0.874531288622677
"425",-0.491081170328058,-0.781708283301487,-0.947159626705598
"426",1.87903779344813,-0.804313175351608,0.32819002841241
"427",1.51239506399627,-0.851922315646286,-0.0349574331451776
"428",2.28390206898979,-1.12375781488598,-1.15002402691992
"429",-1.89182198392722,-0.342120993598568,-1.78679948671175
"430",-0.329408972100001,-0.729086259127948,-0.518608364314038
"431",-0.113114758355469,-0.939047141642367,-1.3734413423593
"432",-1.88979280115203,0.015089601642561,0.00764851387562854
"433",-1.08570419320778,-0.396194897167738,0.162786961424969
"434",0.175008831318617,-0.923850515891026,-1.07558901873136
"435",-0.650729377979585,-0.720212582356615,-0.822969648349033
"436",1.6109932507376,-0.885432431596944,-0.1670240183274
"437",-1.94610255533864,-0.00995082762506175,-0.342000171614042
"438",0.475596194136906,-0.704980891957338,0.214001736191495
"439",1.79371969477842,-0.928739254956291,-0.321439477047569
"440",-0.00381333538347309,-0.749562689942782,-0.33726623523109
"441",-0.29131767922958,-0.602129290786853,0.15255575336691
"442",-0.318563117535783,-0.775030290710048,-0.737875035748709
"443",1.70160469868273,-0.959954090500494,-0.508259663658746
"444",2.53304387620559,-1.14254251662076,-1.1789434099654
"445",0.228810770676635,-0.884171565351612,-0.839794339427277
"446",0.0585908544643663,-0.648478570969274,0.216225316737203
"447",0.328517186299337,-0.717187010008991,0.0614949842940111
"448",-0.388255382327722,-0.884208652669799,-1.35230187666686
"449",-0.675655813432349,-0.58735522997749,-0.1893237505669
"450",2.70368806110603,-1.00866382821491,-0.468147134240034
"451",0.234461321210223,-0.930015367143901,-1.06515175035197
"452",-1.49143175180028,-0.423325840253487,-0.841706743483573
"453",0.843502574953421,-1.12937908623396,-1.70770369103852
"454",-0.627466703720963,-0.987804906786671,-2.13285388642876
"455",0.64242725471243,-0.797426534768123,-0.152756389059947
"456",-1.08855228855373,-0.561309331724283,-0.667766114779232
"457",0.17498497643176,-0.810812115248276,-0.510413855905699
"458",0.466603605361095,-0.635577879671877,0.55562963217922
"459",-0.656187168051673,-0.596603586050602,-0.211584000820245
"460",-2.14679906559597,0.174900635694295,-0.0957429284539782
"461",0.310937914034579,-0.867914804575959,-0.70357794374969
"462",-0.898577190549989,-0.598219465270423,-0.546117211973608
"463",1.07342168436658,-0.925509657158641,-0.580354177944132
"464",0.322816504777226,-1.0248182797342,-1.48035701217349
"465",0.733799390938008,-0.73105341577784,0.228038980941722
"466",-0.949882855909994,-0.562701014591455,-0.446310540821906
"467",1.43754092807105,-0.940120349684002,-0.503875656266918
"468",-0.321621631155003,-0.666239509977124,-0.19686125500024
"469",0.559864799716394,-0.963492996050427,-1.02930035810941
"470",0.539588457917656,-0.997919882388136,-1.2130888852966
"471",-0.862489285959779,-0.702739364227597,-1.01597596479766
"472",1.14139023881137,-1.03166408397254,-1.08134681518535
"473",-1.05154172748973,-0.592595684422961,-0.760461322750544
"474",1.12338145101337,-0.887330574104501,-0.367480174625352
"475",-1.57828036230412,-0.439075553278791,-1.16007511142215
"476",-1.89063590052138,-0.00362811579235618,-0.0894309919868302
"477",0.6614809302948,-0.999240561085273,-1.15143636107495
"478",0.356098333020737,-0.955096592840576,-1.110335960428
"479",2.32093258393693,-1.15046780857432,-1.27354679044523
"480",-1.10612415713035,-0.401694188776432,0.0992911173707629
"481",1.9919762862705,-1.05887361561971,-0.90957796815564
"482",2.33097778235373,-1.1869754140544,-1.45338755282457
"483",0.0175874291510735,-0.765542213324311,-0.400473894533383
"484",-0.498286397074913,-0.635050427561247,-0.221690180471157
"485",2.41239309496371,-1.01174852627233,-0.555742919709295
"486",0.32714983478393,-0.985303907183703,-1.27997486755942
"487",0.860149802845287,-0.89191403838347,-0.512156343882373
"488",1.11589853172127,-0.941624359337324,-0.642209264893731
"489",-1.42739307073569,-0.324297369672684,-0.184220981347171
"490",-0.163819157451258,-0.750183426786616,-0.472404658437299
"491",-2.07220010559931,0.000421683629825448,-0.735848888756461
"492",1.86183568777938,-1.1071163578107,-1.19129697943873
"493",-0.479109282995526,-0.743124792935342,-0.741337851305672
"494",0.378777681514072,-0.831602352804351,-0.478496286928091
"495",0.0130772896142169,-0.846985270045348,-0.811188523628345
"496",-2.27528801325489,-0.0580535642575333,-1.61582005214408
"497",-0.638284880875054,-0.867324212190644,-1.54344627829725
"498",-2.69209112469354,-0.0874398586405215,-2.63361997997439
"499",-2.84295214243799,0.192605372312265,-1.47348068202529
"500",2.84521625744745,-0.964937553022405,-0.21692554717778
"501",0.721040516835085,-0.869710038108752,-0.471942469890633
"502",1.46362379260979,-1.16271352135535,-1.60701008263781
"503",-2.53824327903631,0.15492896612127,-1.14101920044905
"504",2.83800027764429,-0.889384414750213,0.159214936830963
"505",-0.217788735176019,-0.617595039274989,0.142896601632827
"506",0.773295000558607,-1.0449870896662,-1.32116131555696
"507",1.10171769660551,-1.12975883549788,-1.58909046642158
"508",1.0076282864751,-0.803004801461176,0.00244560520197323
"509",-0.8250851171287,-0.821860401550193,-1.55854912446126
"510",-0.897597287253513,-0.798329813633261,-1.54521582288584
"511",0.290818079807021,-0.841593592244251,-0.585196198257121
"512",-0.209644756242914,-0.988598627927495,-1.70482530885447
"513",0.515210421742556,-0.907863571095683,-0.776983520198986
"514",-1.28770418990229,-0.429467815052454,-0.392050286836
"515",1.92125385816703,-1.22260459730769,-1.74999354873812
"516",3.38351412949228,-1.20302320755791,-1.29603256298674
"517",-1.61751155812362,-0.413282675138904,-1.14753005623889
"518",0.927111369151269,-0.960462836136242,-0.822484140378787
"519",0.280263110787973,-0.953403463112139,-1.15124276691695
"520",-0.529436001804908,-0.614976608582981,-0.155598108653982
"521",1.38672890810887,-1.03269992256486,-0.9862412961472
"522",0.200366078586818,-0.907122291914082,-0.97417723226338
"523",1.18496769836259,-0.958977679093864,-0.699298249783744
"524",0.283518392487659,-0.866083607068964,-0.712481047145737
"525",-0.345786396921854,-0.773368374630692,-0.755950027834472
"526",-0.456522751923005,-0.756344916082312,-0.783390106883555
"527",-3.07722825770231,0.110287698426012,-2.20301940171549
"528",1.0092143739094,-0.953803263434161,-0.750819422248298
"529",-0.508649129280249,-0.9686985595542,-1.90124864939298
"530",0.102096743724845,-0.783913022116047,-0.428481204622186
"531",-2.09619818929774,0.168934937181551,0.0296788546755643
"532",-0.682472340236732,-0.574474335910216,-0.133400663098439
"533",1.19406737176122,-1.11075065462773,-1.45432140188623
"534",-0.566122506651929,-0.721075456617543,-0.727468973523819
"535",-0.721936324508901,-0.856787944149611,-1.59495752840639
"536",1.24822514591391,-0.979111428091639,-0.773579761697055
"537",0.50719690888119,-1.030589438711,-1.39531262700882
"538",-0.0729218687160348,-0.826790707369016,-0.778820580601888
"539",-0.690196070514386,-0.594184747216267,-0.241616707042334
"540",-2.47438148810735,-0.0189852699659194,-1.88144697162859
"541",-0.673837859563399,-0.685352882149576,-0.677057520263821
"542",0.28052086359686,-0.708574124391946,0.0730752922836886
"543",2.21752116373395,-0.884302423059932,0.0289404270047465
"544",0.0508821775021268,-0.617502752013495,0.365263620989864
"545",-1.43418148728591,-0.619694450745348,-1.67788360326553
"546",-2.15608990951028,0.229383514854215,0.149173119791668
"547",0.173898915955488,-0.804584554746167,-0.480043005129293
"548",0.55731165240929,-1.19715987215465,-2.19909542701115
"549",-0.360649683805964,-0.760710785211218,-0.707274688971909
"550",0.19047781107314,-0.782945461411752,-0.360192064083098
"551",-0.0602421581268183,-0.782525845694787,-0.547151276415049
"552",-0.54290721729427,-0.538672601696007,0.210857083970176
"553",-0.616291092340011,-0.729736024908876,-0.829194820810376
"554",-2.8923506865868,0.255176374710658,-1.23276535412058
"555",0.563249321864458,-1.16232175345962,-2.02151080330539
"556",-1.05639546893173,-0.523186226652688,-0.421652203783481
"557",-0.223376708709455,-0.72035509716199,-0.375932289913604
"558",-0.355983739532367,-0.803999276947683,-0.919113933342953
"559",-0.755942020264963,-0.579088691356263,-0.250786859413737
"560",-2.19548773747097,0.208602307816414,-0.0680662974932505
"561",-0.688013688842907,-0.76887042147785,-1.11230864269605
"562",-0.534733424192128,-1.0170492616258,-2.17186787509504
"563",-0.873195080968375,-0.572596257902551,-0.38074185841239
"564",1.71622856151646,-0.835155511383498,0.120689976177944
"565",-1.26265976694064,-0.614241236113182,-1.26354174396249
"566",-0.667373414182367,-0.672216609667917,-0.603384787858993
"567",-1.87696700196909,-0.402204101226138,-2.02520110110289
"568",1.15813185142994,-0.958986131735246,-0.71076175458227
"569",1.59053423593372,-1.21907376653368,-1.84247560739625
"570",-0.876368490683188,-0.671494405194849,-0.879848026295227
"571",-1.84548534127532,-0.375160686520453,-1.75891117454193
"572",0.158920795312938,-0.932427128395054,-1.129882409538
"573",-1.54154591562047,-0.158882903272634,0.345151714508456
"574",1.04294354612817,-0.926042537561116,-0.596675830189597
"575",-0.858049473108853,-0.578269632505478,-0.387247033455275
"576",1.20277904802048,-0.896395219266902,-0.378880898575491
"577",-0.39144267820416,-0.590134469991833,0.114855752508006
"578",-0.773181530806715,-0.509106683900583,0.076193658212006
"579",-2.35144785782526,0.115952434665631,-0.933592997381275
"580",-0.655982839708517,-0.765448403398066,-1.05555827793239
"581",0.0614651772085056,-0.754449753585719,-0.311459634510291
"582",-2.8372606285084,0.267126860313974,-1.09236888131817
"583",0.648497664143078,-0.745037492756268,0.112509998777788
"584",0.731360475272627,-1.13208889480321,-1.77841554252892
"585",0.754131995352363,-0.963619771896421,-0.924205721450444
"586",0.982089499232161,-0.894915014520356,-0.468890402166049
"587",-1.27633227370278,-0.5358702869778,-0.900118660561305
"588",-0.945698214255626,-0.574152346449961,-0.497095044919821
"589",-2.76733160611993,0.407701481214334,-0.281580490224328
"590",-0.393850349780703,-0.765056733627729,-0.762187564178534
"591",-0.34567384422394,-0.645798626626887,-0.117991196949009
"592",-1.460519019601,-0.263307052615627,0.0381754943156925
"593",-0.801095600045462,-0.908578306683661,-1.95896633989218
"594",0.670782063938505,-1.14450667841041,-1.87273129172631
"595",-1.87937059906963,0.126899569803054,0.610195056725903
"596",0.0897576991153898,-0.708217123360347,-0.0591245631850236
"597",-0.362785111523775,-0.671976403323898,-0.265714399473267
"598",2.0639998522704,-0.943489527141035,-0.311087775677127
"599",0.124571841838151,-1.0226076280771,-1.6055069201717
"600",0.620528789861548,-0.991103484319879,-1.13320776529541
"601",-0.306705467045915,-0.879289733991507,-1.24783065986069
"602",1.19861036790499,-1.04178990104467,-1.10760549362291
"603",0.944082240036294,-1.03618439499757,-1.19303931758422
"604",-1.06056798083182,-0.655154442965399,-1.08860393817737
"605",2.18255300343574,-1.24000316630859,-1.75938873512691
"606",-0.732608567659551,-0.662221731259625,-0.635910359009419
"607",-0.055614223084981,-1.04172441815818,-1.83938857401722
"608",-0.346435745181346,-0.716819312457101,-0.473840026838824
"609",-0.990893481112604,-0.533273822923432,-0.363852413774564
"610",0.421854984921444,-0.884917015728111,-0.718262007478606
"611",0.712385558196403,-0.864219534317824,-0.449058090808389
"612",2.01989542545832,-1.10228156276068,-1.11818692906219
"613",-0.547177516396568,-0.756700828491875,-0.884090452248478
"614",0.128375676654434,-0.964706761418295,-1.31324035771498
"615",-0.366771709714903,-0.610110913993811,0.0396626286080147
"616",-2.42859628389506,0.138272033676936,-0.997412340128312
"617",1.43883314314227,-1.2130114498005,-1.8678415257994
"618",1.78084916516143,-1.1433326428494,-1.39863513821379
"619",2.72835878511839,-1.16122521002999,-1.22516264853785
"620",-0.15950447543757,-0.916761182268418,-1.30155572595018
"621",-0.606443846948638,-0.628294021601183,-0.310344806920152
"622",-0.165551749893792,-0.777710678856261,-0.611544732336012
"623",1.30374761375815,-0.907277468966267,-0.39184866736056
"624",0.816803962952253,-0.984900297211782,-0.998635566773521
"625",-0.169627866933182,-0.800720453291106,-0.730138087716954
"626",-0.210479799864648,-0.794873749282187,-0.736947237260353
"627",0.229280953145778,-0.713235601842785,0.0152072753013728
"628",0.540842957221365,-0.783932686023298,-0.142428279541462
"629",-0.75841209420673,-0.493299313707267,0.174893887343527
"630",0.994660758050286,-0.694425578322443,0.539375392599873
"631",0.783618020732993,-0.868046845252026,-0.431175812988003
"632",-1.41978087886168,-0.264933310385082,0.131156021576216
"633",0.872004246809737,-0.740308913776711,0.251684086997124
"634",1.02605165069604,-0.814950409323663,-0.0488675942437078
"635",0.0609310511123467,-0.819590191843767,-0.637564966552566
"636",0.707272397959079,-1.13658612157218,-1.81359908865394
"637",-0.0556708175279197,-0.850204558812832,-0.881835138636573
"638",-0.608124771165388,-0.737945632312875,-0.860583748428107
"639",3.25060129904477,-1.10923790524015,-0.852888117257156
"640",0.422164733570627,-1.14161634905584,-2.00156816858341
"641",0.978195912909296,-0.93476175809875,-0.669933226697503
"642",-0.428136588802427,-0.66117086896207,-0.277835550187824
"643",-0.360523115679171,-0.614881340931579,0.0219975926845379
"644",-0.911679974703189,-0.538167409011233,-0.26540272064812
"645",-0.736984289063612,-0.471221348476807,0.313406665274343
"646",1.71716130017241,-1.02934308552823,-0.849932726667256
"647",1.44623739099254,-1.02513090397706,-0.925638421082333
"648",-1.08085215327684,-0.632676239192231,-1.01116386667426
"649",-0.346307088665511,-0.650400707290387,-0.141621103645529
"650",-0.510798523673036,-1.15386598239553,-2.82944383914745
"651",-1.77446203724499,-0.261084798160511,-0.912737521855404
"652",-1.35165033619469,-0.637740431491606,-1.57329640575854
"653",-0.0252295304925212,-0.81338290811028,-0.673288619179983
"654",1.61241688852678,-1.06778769197181,-1.07829843585762
"655",-0.147700980006194,-0.919626726926433,-1.30571086524549
"656",-1.44676737188571,-0.422508590260582,-0.723199932597869
"657",-0.0973233927707109,-0.683255670276166,-0.0812853714874189
"658",0.0699178176967053,-0.773523097673094,-0.40046366429504
"659",-0.342545042497952,-0.666123663773432,-0.216559386207467
"660",-1.79153342819242,-0.0131517860244762,0.263029656180599
"661",1.50373924054911,-0.961599531536477,-0.586528364705622
"662",-0.329454582748346,-0.867508934314954,-1.21076586278614
"663",-0.740700715584109,-0.719439210252282,-0.932526334005647
"664",0.855321336893469,-0.981752501913747,-0.963726647469027
"665",0.427475311527135,-0.756710950973584,-0.0737799424403942
"666",0.130186669313831,-0.857132233229645,-0.774054790344398
"667",-1.75504701234261,-0.449823530479663,-1.7854928449049
"668",0.387032442770071,-0.858468732994987,-0.607642437139036
"669",0.704479019669685,-0.678455775993979,0.475570262852158
"670",0.205492081900656,-1.00710765509367,-1.4705430452916
"671",0.729016266782605,-0.882055216154646,-0.529476146912871
"672",-0.933866523028833,-0.538205097537224,-0.299183971081837
"673",-0.377095164626823,-0.846182165248403,-1.1509737153944
"674",-3.79328857582075,0.505032435130349,-0.923949139655869
"675",0.101574736395934,-0.881551670368244,-0.917059044898327
"676",0.310962129110693,-0.768868975196651,-0.208332969956594
"677",0.755014658258934,-1.08301369894061,-1.52071817160686
"678",0.480313353946985,-0.598870073541562,0.747371438148003
"679",0.637755782915665,-0.896281126414921,-0.649592149821101
"680",4.14104131273168,-0.933042850738363,0.183195418652653
"681",0.68076769582837,-1.11192778237918,-1.70445685113666
"682",-1.19615445350165,-0.732781089112075,-1.72325011805083
"683",0.077129943752663,-1.01681078930557,-1.61149850942588
"684",0.32747203361702,-0.99191953594153,-1.31284432588059
"685",-0.688769816735072,-0.617709729099257,-0.357452750694901
"686",1.37374883376552,-0.935976154940056,-0.507663635810096
"687",2.93428388647634,-1.23178843366368,-1.53143033968724
"688",1.49856332501498,-0.806690647449826,0.186106106983593
"689",0.601554433079934,-1.09380641643474,-1.65728771466104
"690",-0.232253934160106,-0.801483135669454,-0.789598912233173
"691",0.0776154265317608,-0.819590714369237,-0.625035224028906
"692",-2.74992761768032,0.397719389167812,-0.303608128014849
"693",-0.346288208644391,-0.784578347057139,-0.812490828284577
"694",-1.35152222050848,-0.430043209429707,-0.534520795945825
"695",-0.300886199581931,-0.64478685724812,-0.0697832280287617
"696",-0.565605511880715,-0.548439628675701,0.136301007312873
"697",1.60091668556016,-0.921365887167321,-0.350252012977294
"698",0.0385727111334347,-0.656664731262575,0.160070804113813
"699",-0.782532266163862,-0.661474481111478,-0.698214421542041
"700",1.34728498179268,-0.804144314972376,0.141130086042232
"701",0.334175777618701,-0.821191554156939,-0.454870884855113
"702",1.21431401780759,-0.941171976004568,-0.597935960731903
"703",-0.928050596640802,-0.723840764851454,-1.21849523990366
"704",0.521115615074766,-0.728933932121719,0.121115294088267
"705",-0.981458546036327,-0.786376580574241,-1.61428251044413
"706",-1.13142054509014,-0.652769088424464,-1.20162584210341
"707",0.150003844169202,-0.877089356983216,-0.859563860203747
"708",0.563846418363166,-0.736989383829015,0.105491771764602
"709",-2.02605538339235,0.185419202984266,0.343911577732681
"710",-1.737927067581,-0.252312281043576,-0.736860091163885
"711",-0.764724170136181,-0.749566182862073,-1.11481589142513
"712",-0.200884458776154,-0.661176614887838,-0.0599100632867857
"713",-0.0215240948309566,-0.738584898648777,-0.296354962341741
"714",1.66951510785506,-0.907531050284566,-0.257123725297941
"715",-0.0513668194689572,-0.781882546703534,-0.53674190981222
"716",1.63133750986719,-1.09022171000828,-1.18382591101036
"717",0.492603095401971,-0.881451515637067,-0.658233204162722
"718",0.707763294234742,-1.05775593592031,-1.41918786816879
"719",1.26218309625623,-0.910375127131079,-0.42417467759205
"720",-0.456389596473573,-0.697627194385825,-0.489660863230654
"721",-0.485819050774801,-0.75047376842446,-0.785301499742933
"722",0.893335843563588,-1.18659870117526,-1.96938441863905
"723",0.791832970358255,-0.903762814162097,-0.605569599427284
"724",-0.912304022834244,-0.721754279395659,-1.18427336561672
"725",-1.25357019793656,-0.666991265127409,-1.50860200951705
"726",-0.706090824052072,-0.789563282180939,-1.23857906794851
"727",0.0653100995428278,-0.734976800492074,-0.211196640328899
"728",0.742797602737533,-1.1200046884924,-1.71201888107474
"729",-1.12046649579025,-0.44787716412602,-0.157314447301182
"730",2.21623446710045,-1.05244090713274,-0.812111319706134
"731",-1.85094352866888,-0.223830396113658,-1.02458414530658
"732",0.157279752380895,-0.744881560235605,-0.193324459591141
"733",0.202598751467646,-0.87895485817861,-0.831787753205766
"734",-0.655798564438452,-0.747647249792075,-0.966327250232002
"735",-1.25949316162039,-0.286456187299549,0.381913670669912
"736",-3.8122004361864,0.391711501904299,-1.50487653720676
"737",-0.322057855770456,-0.692117933832306,-0.326673207666837
"738",-0.232177591803785,-0.682897453985083,-0.196601279210972
"739",-0.616826201789254,-0.658918686541383,-0.475743118621802
"740",-3.66075988488868,0.511168477451524,-0.788149040018924
"741",0.372184564185569,-0.745462528958525,-0.0519558619986854
"742",0.808834481019974,-0.929681364601221,-0.726552309706981
"743",0.59942885463169,-0.833729637095474,-0.358093808249793
"744",-0.450533862598642,-1.09984397671777,-2.49457316984808
"745",-1.40764233965328,-0.562948207000935,-1.32963871804546
"746",0.710077453730185,-1.2402485699802,-2.33042484273828
"747",0.973817902776121,-0.965506463138774,-0.825694889834222
"748",0.853810088812584,-0.887573735970697,-0.493578236679121
"749",-1.95136737360395,-0.251423300640062,-1.56948067661526
"750",0.652097945164639,-1.20600243469965,-2.19034980037364
"751",-0.262039343619941,-0.834908002056899,-0.983998314501631
"752",-0.887591001024452,-0.701357754051265,-1.04558483870746
"753",-1.22586035443898,-0.507179087261548,-0.653582090113401
"754",-0.82187423346532,-0.472987993741903,0.190290308997879
"755",0.1847448301113,-0.956714621479456,-1.23305573237634
"756",-0.33121590005727,-0.778095706635001,-0.765404618143137
"757",-0.36448098349082,-0.664126865947731,-0.228145876423117
"758",1.39334078693595,-0.922994055146265,-0.435154800729342
"759",0.037023414544949,-0.7433705294183,-0.274644066711765
"760",1.22375065731254,-0.866266009401891,-0.219474170020552
"761",-0.577887795414667,-0.513366009157655,0.297571469976448
"762",-0.321123847942228,-0.91850183548519,-1.45769395454183
"763",-0.36447581387837,-0.718045861004428,-0.49773573006437
"764",2.63831004687782,-0.886500479846343,0.127089000670815
"765",-1.53307311790253,-0.473604128825039,-1.2050261652668
"766",-0.516116515391857,-1.0384884304011,-2.2584061138198
"767",0.990496507044707,-0.84129577025883,-0.196899203948503
"768",-2.12368880126442,-0.153425786820516,-1.66764203051903
"769",-0.778518008590028,-0.659462158625641,-0.682745431917869
"770",-0.627895637705827,-0.762222543296677,-1.005455333078
"771",1.35505912673918,-1.011124322257,-0.89071267715304
"772",0.69873645104748,-1.0341750151821,-1.30607989926579
"773",1.16915748912248,-1.1932688802216,-1.87746637282914
"774",-0.15446416089461,-0.734057480571129,-0.383683951783526
"775",2.04921804711595,-1.13125619261254,-1.25430049053306
"776",0.524426714648787,-0.85944150965085,-0.529492477043829
"777",0.42177167292136,-0.684833980572015,0.282101923269669
"778",-1.46551155923056,-0.299378308029073,-0.15488348052608
"779",-1.76990975903639,-0.203237719815917,-0.606706039992165
"780",-0.679574138556162,-0.636393233177488,-0.4393836755144
"781",0.908809256433049,-0.877282225226621,-0.415338393242072
"782",1.57555260019294,-1.29951280294721,-2.25001473697299
"783",-0.777274566364349,-0.626854205232613,-0.518034205032951
"784",-0.89331730549585,-0.705770782777011,-1.07608769417466
"785",-2.02948153739112,-0.0279667033019591,-0.734822524308634
"786",0.0406369365873873,-0.847323926753611,-0.791646866837931
"787",-2.76458942366436,0.154362398638237,-1.54391063215627
"788",-1.85778520263777,-0.0878558317073005,-0.372935279751249
"789",0.44324467880231,-0.762958686468973,-0.0953893597165171
"790",-2.53415207029156,0.245211210883495,-0.681573134891965
"791",0.290146909488258,-0.854248994636204,-0.648916920037981
"792",0.338763552484326,-0.868080365649827,-0.686358483920741
"793",0.725292067462634,-1.04038654942144,-1.32308825199539
"794",0.95540807407978,-0.934454733535649,-0.679052794697279
"795",0.366842012708967,-1.00852076368561,-1.37062792989772
"796",0.504541563938842,-0.884769518546724,-0.667774717125224
"797",1.3515289177061,-0.730779029134731,0.509626762980903
"798",1.90017272689941,-1.18274884585804,-1.55731608846519
"799",0.896002486766966,-0.838684894799152,-0.228525184826064
"800",1.4117353789662,-0.898930471886535,-0.307760604403964
"801",1.36836185829655,-0.824174738592717,0.0492430062572874
"802",-0.521508411612868,-0.49273179081219,0.464422774006626
"803",0.800064787257694,-0.898916301097014,-0.577159264160485
"804",0.529826813697929,-0.866418191533621,-0.561235229776474
"805",-0.277841486274806,-0.666171101456008,-0.155003416817038
"806",1.49243580001879,-1.1550286601036,-1.55785040399155
"807",-0.831124304947453,-0.531824342520296,-0.116821862476188
"808",-0.802292754624125,-0.776739209477143,-1.30141106932065
"809",-1.84590322753699,-0.132779032956415,-0.548706113516295
"810",-0.252514927230428,-0.90910911737694,-1.34622395048593
"811",-1.54721594763029,-0.248942823508208,-0.120953680146803
"812",1.3727391353873,-0.978494097310609,-0.720646670025501
"813",0.0962923086346031,-0.711687070204254,-0.0716346538061182
"814",0.14555459789843,-0.90977753535435,-1.02619569263397
"815",0.171284649733426,-0.922725401492335,-1.07259535129855
"816",-0.0411541784668164,-0.844056383052069,-0.839383110747648
"817",2.01861094094378,-1.05578481741898,-0.886089132144693
"818",-1.40678964305365,-0.401940623285538,-0.5225582015841
"819",1.55565442698214,-0.911408123226985,-0.3166401448323
"820",-0.0309559605913562,-1.14114043174823,-2.3166385119728
"821",-0.448844179114942,-0.60923308786355,-0.0397426326865196
"822",-0.248715845079899,-0.874783018704232,-1.17110669189522
"823",-0.0748960594163887,-1.1769542703484,-2.53125642850385
"824",0.555138333500211,-0.871374786876883,-0.571414914195623
"825",-0.501969269331207,-0.779531429381183,-0.948107841833246
"826",0.784066155045711,-0.747379700178162,0.1723887020858
"827",-0.349329222020006,-0.904773772315827,-1.41644666338456
"828",1.11821947138091,-0.846481095300386,-0.165480570788404
"829",-1.12662562958797,-0.440620443953433,-0.132168120350566
"830",0.967996049328231,-0.756619196563331,0.216024640307132
"831",-1.01437126496833,-0.684520268836459,-1.15816250441411
"832",-0.509725199141622,-0.836039228157487,-1.23913207974011
"833",-2.80897386232935,0.134160926758827,-1.71432029411443
"834",-0.90564708592963,-0.404718808126911,0.410866440237677
"835",0.663212405069287,-0.935915407150082,-0.833871370085363
"836",1.71948258011674,-1.416168413335,-2.78327552632153
"837",0.18113912555064,-1.10936537032734,-1.99884328306032
"838",0.830771122866477,-0.692173268270732,0.471992430250168
"839",-1.08282027729285,-0.709015550998222,-1.39628588016137
"840",-0.699617723427855,-0.675781038201752,-0.661464744229708
"841",-0.444646064771639,-0.871210142834538,-1.34522424772132
"842",-1.45219346897734,-0.606153248767066,-1.65502631755361
"843",-0.97302451203182,-0.606159313720794,-0.699816791682304
"844",0.0363366940038872,-0.946784088033267,-1.2922378509084
"845",-0.171095834778777,-0.651635117486602,0.0140098135464256
"846",-0.777453329537787,-0.761185988096587,-1.18993331440716
"847",1.15199178223553,-0.779616077770195,0.18345590724698
"848",1.15419621958598,-0.928705803818777,-0.561046713600372
"849",1.15953183146057,-1.00851338619567,-0.9577987913366
"850",0.135796156768087,-0.913921323787337,-1.05394231737771
"851",0.985873719799381,-1.14071456792144,-1.69613303801597
"852",0.31452046361196,-0.839795353987572,-0.560641461825306
"853",2.02015083538378,-0.850590344403273,0.140345879643492
"854",-1.19007703937508,-0.614465889059534,-1.11994192424126
"855",-2.3668866483781,0.247453031513998,-0.312330838486621
"856",0.481223520591285,-1.11721850737657,-1.84382827615026
"857",0.250691088091857,-0.70255883633998,0.0831537443684964
"858",0.411837098156424,-1.04603502953717,-1.53003061111938
"859",0.221046436460959,-0.84809105806356,-0.664718260969628
"860",0.777800227250142,-0.881212097463436,-0.499976859645817
"861",-0.999041367383698,-0.384220769522887,0.36828663376739
"862",-1.70535895674149,-0.390976735937,-1.31764558720736
"863",3.34530390220578,-0.909292444631075,0.165315184656318
"864",0.796533642110459,-1.09051743973393,-1.53695500284297
"865",-0.655728703847941,-0.648595522765026,-0.470983225162427
"866",-1.5124039029096,-0.683206069779517,-2.19682213333221
"867",-0.527514375125874,-0.817881276237615,-1.16798448526284
"868",2.12925962851549,-1.06060235256535,-0.877603236597034
"869",0.582767353137522,-0.893642772283734,-0.667032604528499
"870",0.732589714372777,-0.958488755724009,-0.90977096728531
"871",0.899618500288204,-0.82136165770872,-0.140162089584903
"872",0.420017137039126,-0.817144405709283,-0.380529948833897
"873",1.66227885067851,-1.02489416364508,-0.846434810268738
"874",0.606470732563666,-0.981563527438192,-1.09332589274588
"875",1.69127461027164,-0.893828084846105,-0.181148562745877
"876",-2.70929999887808,0.0639622743235931,-1.90562435957206
"877",-1.80344385332652,-0.36726059387762,-1.55296625758629
"878",1.12243160498529,-0.937590454268801,-0.619192791852463
"879",-0.693355995004353,-0.678743246495074,-0.668379520156733
"880",-0.0326499418547255,-1.03559794068688,-1.79027873783376
"881",0.282317700451344,-0.969200794185405,-1.22886412696181
"882",0.319780357025438,-0.926611252144149,-0.991294922360171
"883",-1.31851659322064,-0.353636032283719,-0.0791589026612347
"884",1.40295440711116,-1.04746445478271,-1.0538015761694
"885",-3.12581970162572,0.512959379684959,-0.248607102299385
"886",-0.28894202461874,-0.549688127422372,0.416999817535902
"887",-0.329808316662695,-0.623737621189155,0.00774846376943042
"888",-0.717703361312853,-0.773491856417526,-1.17304166964196
"889",-0.770152804040678,-0.75479232075838,-1.1481833961338
"890",-1.59255136755606,-0.325067327404268,-0.631759328201599
"891",1.70461488271455,-0.952787814819504,-0.471405612006891
"892",-0.430701498406972,-0.881586162476567,-1.38256997144956
"893",-1.70659825862582,-0.202782286755812,-0.380870725763511
"894",-0.376638631750847,-0.824569614222351,-1.04245480349851
"895",0.424512802129996,-0.949222618744391,-1.03815641256908
"896",0.598949851101749,-0.856012564055632,-0.46977678961858
"897",-0.947856873925401,-0.413084555209038,0.304908123780292
"898",-2.83387744653781,0.280331527131561,-1.02127100359086
"899",-0.513322269675814,-0.648922606883999,-0.307500400206226
"900",-0.0236417346045373,-0.573421733631846,0.527779421885384
"901",-0.981849479604397,-0.694962560772243,-1.15783494649367
"902",-0.134485858263172,-0.683977965920279,-0.11616830627223
"903",0.181119362648808,-0.717077302806251,-0.0374168477940917
"904",-2.27874069435886,-0.0292119040634845,-1.48046629384009
"905",2.03748364907111,-0.960003473305866,-0.401530745926766
"906",0.503134383100392,-0.671121084973634,0.399638956647062
"907",-0.375221781610535,-0.838358082598517,-1.10998237358226
"908",1.22034398374254,-1.18712297757118,-1.82517656774527
"909",1.01105586786452,-0.814195776895942,-0.0519382668908607
"910",0.740060414540163,-0.758575277942804,0.0937011454864003
"911",0.772647605450802,-0.832869007677689,-0.260903198279165
"912",-1.3627877364041,-0.279175188316807,0.194215526069639
"913",-0.299583336455253,-0.895010898658742,-1.31966760711692
"914",-0.528015025851211,-0.689347441373035,-0.525871777099728
"915",1.93243841197784,-0.957526511933721,-0.421122470522537
"916",1.09371617851006,-0.769023716980745,0.211064064091858
"917",-2.3397383022942,0.147483540530039,-0.748053396263708
"918",1.06380082876645,-0.966319278991298,-0.788692720450304
"919",-0.256196739719465,-0.926353468397159,-1.43583318469375
"920",-0.466671100177285,-0.717620790766103,-0.600526975695291
"921",-0.404555260482585,-1.00396762115305,-1.9676042782898
"922",0.0288410711189391,-1.04296127020346,-1.77887917803715
"923",0.591908600001444,-0.941417526384674,-0.900753888681292
"924",-3.02235276676068,0.572588102888502,0.17774103968206
"925",-0.966997507233007,-0.752820231961579,-1.42362002168149
"926",-0.225399293734433,-0.782016788358411,-0.686065390334633
"927",0.115971432009162,-0.82409339966939,-0.619203904859857
"928",-0.048011752291404,-0.67839198576913,-0.0165803161504026
"929",0.604472594606302,-0.875655375953814,-0.56490091776645
"930",-2.24938581403759,0.145837609458413,-0.528846542958702
"931",3.6218759407631,-0.899761407677597,0.264028197986439
"932",0.477590183262144,-0.990119226777809,-1.21049889122503
"933",-1.34357234165432,-0.366099949383703,-0.196915073650756
"934",-0.590550283894015,-1.013387639516,-2.217205212397
"935",0.796524041178177,-0.606824894937581,0.881502849911539
"936",-0.470127911624561,-0.875725984825079,-1.3947349533978
"937",-0.205363732092128,-0.672379328707471,-0.119908994115615
"938",-0.714298522960824,-0.717067656100098,-0.886561601925357
"939",0.15451689162792,-0.546105657763286,0.798582902885441
"940",-1.31024600155696,-0.238445619243374,0.514783457456645
"941",-0.110998484136642,-0.889782655645076,-1.12534248677033
"942",0.976081157122246,-0.807536750594988,-0.0347921693813624
"943",-0.917570132157675,-0.508549590293543,-0.126170595812397
"944",-0.152194599195783,-0.664387093694619,-0.033376393359764
"945",1.24749403946217,-0.685221327682703,0.695569972428411
"946",1.24640227925624,-0.893607443729996,-0.34680992473589
"947",0.0991776198237316,-1.02483400958585,-1.6352383859696
"948",2.56039792669875,-1.06186766983111,-0.768769695160838
"949",-0.703701920727931,-0.878515960694362,-1.68031031022172
"950",0.885541047299141,-1.01664475278517,-1.12339549029733
"951",1.02807320531571,-0.957252178803581,-0.759457475713441
"952",-0.110627045855401,-0.988588002118878,-1.61905767370967
"953",-0.142336190580467,-0.972765155878535,-1.56680473257508
"954",0.539807628695133,-0.967222201077413,-1.05947384705304
"955",-1.47695110489447,-0.134796235534164,0.638656481433765
"956",0.809357475333623,-0.913361664044668,-0.644690081249093
"957",-1.19011363736587,-0.51636849540032,-0.629525403218649
"958",-1.21164868852898,-0.605909815362423,-1.11911574742865
"959",-1.34100983225791,-0.403543331645447,-0.378396795048685
"960",0.0529790548123887,-0.800613010073555,-0.548696215378403
"961",-2.08526277903247,0.130406472437935,-0.128141002415302
"962",-1.81986256398257,-0.232197649786164,-0.941518192582476
"963",-0.344585017261991,-0.583670697340134,0.193713025896034
"964",0.913513543393422,-1.0283532848368,-1.16843546701099
"965",1.96836982396025,-0.971834505200518,-0.481580788096711
"966",-1.45810825873095,-0.372433113902378,-0.501345867417822
"967",-0.476013796715681,-0.791922769614046,-0.982009044925582
"968",1.93316874556525,-0.920587372027962,-0.236200008838247
"969",0.297797917240386,-0.914051580088727,-0.942881626757664
"970",-0.194407495502055,-0.744991654545701,-0.47324290867346
"971",-1.52573392633385,-0.63731502579258,-2.00346922740823
"972",-0.543991934746928,-0.792987995003255,-1.06193935962077
"973",-1.48043340039961,-0.345135767327352,-0.422055660047597
"974",-1.01671457851027,-0.678503639746777,-1.13192314507413
"975",0.0190585411688399,-0.894019240248502,-1.0417196822921
"976",-1.22339637672497,-0.518728711243849,-0.706427082618002
"977",-0.449563354718931,-0.678624079374548,-0.387453285417393
"978",-1.94488369756974,0.0164077010477702,-0.205529627341372
"979",0.767378945212598,-1.04700581095399,-1.33429544073378
"980",0.454128700051699,-1.12036305529881,-1.87581244637863
"981",1.7300266587773,-1.34207858227124,-2.40927502569576
"982",0.412730389156135,-0.972091633137982,-1.15976133256175
"983",1.65891521532646,-1.01472837836528,-0.796768364097015
"984",-1.4369221538687,-0.314845685046199,-0.160407511336377
"985",1.37124580293444,-0.995767637392128,-0.807596402380883
"986",0.636563469167532,-0.990523881405385,-1.12146101432488
"987",-0.36702863721844,-0.876556270886922,-1.29281912176763
"988",1.16759091614968,-0.826056640597657,-0.0420728475388429
"989",0.655868252940711,-1.14541126106173,-1.88534007419496
"990",0.386733724006532,-0.658650427835688,0.391261836056936
"991",1.03260178821017,-0.956455008438798,-0.753416125826832
"992",1.182846032673,-0.86327567815425,-0.221686224950372
"993",1.37652538680169,-0.796272250167864,0.191936600489621
"994",1.33169252906381,-0.8313225987408,-0.000924274599844011
"995",-0.54810650272501,-1.2043205725561,-3.12323677148012
"996",-1.49981444136295,-0.240225170780504,0.0516842452023863
"997",-1.07208672185344,-0.35188527778631,0.407972923780537
"998",0.258386280439732,-0.998428852541941,-1.39100523660786
"999",1.67937568098638,-0.900038702483958,-0.216273146768124
"1000",0.349024996931178,-0.712467110746652,0.098293468872262
