"","x_child","x_pa","noisetmp"
"1",1.01557979371736,0.871566324847357,-0.963849293698387
"2",-1.22084952008534,-1.49928221916325,-1.1770688863368
"3",1.24783600479994,1.87659332130975,-0.576954378909353
"4",-1.61224129424283,-1.32584260065012,-3.61083124954955
"5",0.84079866740569,0.227394196588911,-0.790528992255423
"6",1.4730195285692,2.24652922233009,0.375738517630781
"7",-0.566602991348493,-0.744518637523586,-1.69701533709279
"8",1.30967900508194,0.889958091923698,0.485967967315044
"9",1.03216746742164,0.537930470927119,-0.432279229879484
"10",0.907504821143486,0.391742265674247,-0.80186150257311
"11",1.18891295732593,0.587187766198315,0.275008008252842
"12",-1.02509290438088,-1.46061589944565,-0.294486964662298
"13",-0.855629838396669,-1.37085677875548,0.307931553947935
"14",0.429412613873371,-0.459794329899278,0.131824964462026
"15",1.07721247309879,1.62204166413909,-1.28503593837055
"16",0.895654585442308,1.41721235771444,-2.05608313031703
"17",0.867192668100961,0.000506322012491255,-0.0345205862888296
"18",0.866247125900135,0.610934685130157,-1.37373384140352
"19",1.06658594321384,0.512921220480507,-0.219748994127459
"20",-1.40621515300049,-1.56771356455822,-1.94558986718401
"21",-0.417534730872291,-0.918814481972464,0.503211318033452
"22",0.738988114429214,1.19205813796639,-2.6627306916683
"23",-1.23744041416552,-1.93095989247052,-0.453398913776506
"24",0.348713852949503,-0.360923077787193,-0.981274924938357
"25",-0.782718492903307,-0.995430498069192,-0.851429033870132
"26",1.06834154294878,1.22618457266347,-1.0448023925581
"27",1.109548207377,0.640368531294951,-0.199892495970001
"28",1.29352217609976,2.61121556048338,-0.660096917180292
"29",1.15994920580597,1.97253891775086,-1.06512524263203
"30",0.704052942631265,0.0214959346591006,-0.917235835930277
"31",0.931955199777535,0.422907376157539,-0.737401490972843
"32",0.954186663309423,0.831127085588851,-1.22406698027549
"33",0.618252504890414,-0.45567549564367,1.04297443996961
"34",1.14135715387216,0.590863183211724,0.031688524603306
"35",0.608521261063664,-0.317327344437696,0.0522337775072908
"36",-1.15293745900216,-1.5574572552429,-0.702017421352102
"37",0.275167562176528,-0.330569592806461,-1.53651842596198
"38",1.06825604145419,1.3186948142835,-1.1195651358266
"39",0.615374907964911,-0.226171895690118,-0.396228868546454
"40",1.05090285888847,1.11093809209965,-1.03127155393774
"41",1.02692145123972,1.44821764920318,-1.42177691914104
"42",-1.35465961033755,-2.02960473404479,-0.904342725071477
"43",0.411372080911442,0.292772479645087,-3.08360216019122
"44",-0.938494495415338,-1.30331031306312,-0.313662903637135
"45",-0.301303803497265,-0.762631965667912,-0.186568098209142
"46",-0.639289729447905,-0.789660443123907,-1.61857445836668
"47",1.11067070443333,0.635045858269912,-0.186663088502996
"48",-0.727184683197224,-1.03555986523079,-0.355913281740424
"49",1.25232003384217,2.00747264211605,-0.620305059163186
"50",0.298215032922854,-0.392547381730095,-1.0244243103442
"51",0.189314839292045,-0.356376326912898,-1.807161537385
"52",-0.738240549508938,-0.781384805492957,-2.1902979177881
"53",1.11706782675775,0.932665399293979,-0.523766982965967
"54",0.322087598032236,-0.436157913466593,-0.589960018481917
"55",0.617276769240001,-0.163906410746426,-0.67024230048376
"56",-0.516715445822326,-0.727076876392797,-1.63389784609163
"57",1.00598969247292,0.203591403223804,0.0918006172703412
"58",1.23853590354762,1.59022926622956,-0.458470962329748
"59",0.912123514705488,0.40513008882876,-0.803859397035357
"60",1.00949378797741,0.777505478381431,-0.882680830582861
"61",-0.356048385536615,-0.709739408421107,-1.02541093012963
"62",0.735228305665143,-0.152963355460609,-0.127013695762108
"63",-0.0580336933522469,-0.594003320895796,-1.00432841254172
"64",-0.715141538213204,-0.995421024226061,-0.513597854745938
"65",0.455426124640215,-0.38117675430185,-0.315377093501065
"66",0.946749278696189,0.470725049198883,-0.74805306027189
"67",-0.950587280958008,-1.56652937672304,0.32993084068284
"68",0.124580453630031,-0.559557446806182,-0.47285231730454
"69",-0.301396489573715,-0.736787296933743,-0.452418469949271
"70",1.1606944828939,1.16873946409633,-0.534026833430776
"71",1.26048402150916,1.09696485921513,0.029516686240936
"72",1.00369201732868,0.373554484092519,-0.286178627835285
"73",-1.39887365238197,-2.29222382304515,-0.823360233655876
"74",0.78339835924877,0.462797178659426,-1.55110299144906
"75",1.47303003097732,1.61097609518773,0.70094030023388
"76",1.08392714116482,0.703241300695281,-0.414843186923219
"77",1.11282446432771,0.715530710203193,-0.286685446029105
"78",0.988737818689281,0.475575033598846,-0.546432600941388
"79",1.30454267334466,0.693935418007058,0.700735912347554
"80",0.163387869666349,-0.544744437147982,-0.431590428253197
"81",1.34891978370122,1.75156909532438,-0.00336565296400887
"82",-0.720021240648699,-1.10401523011098,0.0135362066290699
"83",0.532221691832308,-0.163446865270187,-1.09749034732844
"84",0.345928177796562,-0.494157994281325,0.00402277581814559
"85",0.564491432726756,-0.0225631542364077,-1.47174374913325
"86",-0.674569055557826,-1.0110905093159,-0.22352385236641
"87",-0.763971169808048,-0.931117767429979,-1.1478188706177
"88",0.676041850408337,0.0465503847567507,-1.13446403928248
"89",0.826365766517931,0.798827011173006,-1.82451226335579
"90",0.674624146092722,0.192558917409244,-1.53827052910517
"91",-1.33555044946194,-2.2196142844452,-0.582970501817365
"92",-0.769058645807921,-0.826021246073091,-1.94848394017211
"93",0.780536235523177,0.314891753494801,-1.28441121731241
"94",-1.17271464397088,-1.43804582837482,-1.09121225385456
"95",-0.857140128360024,-1.24384198670551,-0.108654620032007
"96",-1.25860505734901,-1.85403220853081,-0.674830486857084
"97",-0.682966501426654,-1.04103757438388,-0.106443121414274
"98",1.09044984542731,0.38045098709733,0.134344302293677
"99",-0.928119821788872,-1.30252136104883,-0.264341705856438
"100",0.956520490854165,0.572868762740014,-0.865157217802151
"101",0.557827931322167,-0.107618559243466,-1.19738887452699
"102",-0.019483808162756,-0.500667582594233,-1.76521484603316
"103",1.18012261799458,0.594230194247699,0.220459574481723
"104",0.886540921223793,0.39955132350338,-0.921365925626505
"105",-1.2297800105142,-1.74090653611992,-0.719727746639947
"106",1.28458570912523,1.87830607347295,-0.394102008946901
"107",0.788376721096153,0.315364794050969,-1.2461916957414
"108",0.819188409243768,0.587789564756004,-1.57452341688274
"109",0.664365699464556,0.440734179593798,-2.10745352178129
"110",0.91644708720148,1.04111307323419,-1.63761274156964
"111",0.17756028281044,-0.499534242277122,-0.790132750479391
"112",1.06957718601502,1.02077385210745,-0.851995582627522
"113",0.883760340044532,0.056846777481975,-0.126734205823934
"114",0.996271848361918,0.981342438994601,-1.17878017914516
"115",0.679667660460741,0.821031360286978,-2.58470767699881
"116",-0.637094219886639,-0.848819890496202,-1.1033435933112
"117",1.34975645422352,2.23646288030582,-0.23634857788556
"118",-0.224763297323079,-0.774119647854623,0.30808340190471
"119",0.81644785735954,0.404145660307172,-1.28040643849723
"120",1.08313132225658,2.58240578906965,-1.70207754881751
"121",1.06772711740721,0.686667114119224,-0.473494497347809
"122",0.432889940131686,-0.355827512451423,-0.592753694588075
"123",1.37013963920516,1.86347055672526,0.0414625553784359
"124",0.872035539751166,-0.0175346878380395,0.0491076126431549
"125",0.947087713339436,0.0331200652596641,0.261761068020981
"126",1.12559460237188,2.69735855021578,-1.52868999431632
"127",0.923203392975571,1.03280158632602,-1.59571479827115
"128",0.872835099279201,0.736548090352401,-1.51409174995966
"129",1.39400072086402,3.21947888556406,-0.338320696980669
"130",0.681118710404146,-0.348854261317711,0.604694292205061
"131",0.949993755832746,0.372061893226323,-0.551783994820886
"132",-1.22228275214711,-2.26569007060322,0.0323159460314826
"133",1.2653419508107,2.31030168818013,-0.688882198190175
"134",-0.976835857880706,-1.32361781476763,-0.440758353735767
"135",0.738454460025645,0.64174234487409,-2.05732027763746
"136",0.550622454206556,-0.177169848941247,-0.945856274648505
"137",-1.39430239284899,-1.50670316255665,-2.0264509001531
"138",1.19827349140608,1.30612649157427,-0.459693591670219
"139",-1.1731220356846,-1.5986787589851,-0.713063350005993
"140",0.516381404062912,-0.281039129653238,-0.611423337946236
"141",-0.865444244547477,-1.21654107795168,-0.249642520482097
"142",0.956341401781188,0.772058943547864,-1.14166405248441
"143",-1.30458286511486,-2.07806070332132,-0.592365795776212
"144",1.15310822100412,2.56682335921694,-1.34673598151296
"145",-0.845573741494089,-1.16246551881685,-0.361612411193462
"146",0.896284212676702,0.365792038040709,-0.808150944406735
"147",1.34246592589414,2.0485368759054,-0.189138695758456
"148",0.856236989452318,0.586382807088392,-1.38715545766685
"149",-0.583143973497548,-0.815681454246799,-1.10655586521708
"150",-0.460930687913321,-0.818513940599279,-0.471247819007662
"151",-0.216367842880098,-0.753688274513644,0.148453144117687
"152",1.26373478123244,0.996888733428466,0.142699767751659
"153",0.768342198339745,0.69900869002716,-1.98709658661315
"154",1.13765357197111,0.846175873614876,-0.32433877770516
"155",1.10838048496781,0.359431115363002,0.264784576479214
"156",0.407751502972994,-0.389293375827418,-0.49898568955261
"157",-0.973514602959612,-1.11942605187937,-1.18466735545391
"158",0.705644755818095,-0.19991853016122,-0.0684896756186302
"159",-1.06700532136212,-1.46046507166351,-0.504434573588112
"160",1.38048465042255,0.936379459522954,0.789343526054702
"161",-0.672137871654591,-1.12636499429001,0.352760452448158
"162",-1.35143262997875,-2.03530170223537,-0.880810993091102
"163",1.26711819185529,2.62148762100819,-0.795637097943711
"164",1.18671968776643,1.21149313756147,-0.440594228841711
"165",0.997827206547642,0.503330195062839,-0.547730243029731
"166",0.515202808307063,-0.401004102653925,0.119112468568082
"167",1.21082556687824,1.68341443011818,-0.654235036508423
"168",-0.91988022628596,-1.40080919740346,0.0719972578579067
"169",1.06857245999656,0.669013504793162,-0.445040771873115
"170",-1.46637912857241,-1.71935080781196,-1.94163245708994
"171",1.18713958909545,2.09163894032664,-0.985788429436752
"172",0.802037953187875,0.212131937328245,-0.948395378259295
"173",-0.937022483964345,-1.31384014648292,-0.272543102315065
"174",-0.950868991658849,-1.24960065636298,-0.556892212027693
"175",-0.944943079592507,-1.13113403281224,-0.990498622817483
"176",-1.27370582188105,-1.59050855393763,-1.23341597191504
"177",1.00123558680833,0.337374088707068,-0.22698508057323
"178",1.09541502047209,1.0123522888423,-0.714434400164465
"179",0.577879262691395,-0.235063530411634,-0.540404548907809
"180",0.824052833715142,1.14276921218348,-2.19430816121976
"181",0.170914113565731,-0.520967318062596,-0.626355832783988
"182",0.925932800252222,0.187969498915323,-0.270476542999581
"183",-1.06906825807483,-1.408666255063,-0.652181580971326
"184",-1.28046350687322,-2.73818763343064,0.146830583150724
"185",0.0523271528482192,-0.550259847972189,-0.930757096971276
"186",0.713932365489623,0.0756094798591752,-1.03088881089098
"187",1.08040660642355,1.06452720645074,-0.840367484951605
"188",-1.47104536061107,-2.04184011016734,-1.47043723914089
"189",1.12049370419232,1.45352831552836,-0.957638164162948
"190",0.090120587012384,-0.57222111074042,-0.509314943760658
"191",0.543030080477992,0.158077829243416,-2.10992867174946
"192",0.984609217146553,0.837751107926222,-1.07973513667946
"193",1.31395857555645,1.31084929154274,0.115043957185069
"194",0.938360264914725,0.593512112750785,-0.987275383819606
"195",1.19282474437284,0.734885411214186,0.0880076955762615
"196",-0.77863471813183,-1.12358936796522,-0.191894640696875
"197",0.919360235367657,1.12379197321275,-1.70070168071199
"198",0.536952741324336,-0.286711322042094,-0.477841856017544
"199",0.808653884463367,-0.323774678073096,1.09060504233003
"200",0.269027872365993,-0.369714469587745,-1.32300311898617
"201",1.24967467602016,1.5107908503969,-0.350964530976033
"202",-0.428908148835375,-0.791402661460865,-0.550679202218179
"203",-0.712154312351071,-0.973318200234042,-0.626667094413834
"204",-0.935936108358614,-1.33267185506344,-0.208107997558564
"205",-0.78121275545196,-0.866803456263167,-1.68498252877482
"206",-0.540481683411762,-0.846154462862401,-0.641404532899118
"207",1.27418292349,1.91593482077322,-0.465560171806161
"208",0.678870166286602,1.14509109644472,-2.92229145895529
"209",-1.12801894094635,-1.90868958131292,0.0612200230378146
"210",1.13660118859352,2.00362110703841,-1.19703914104784
"211",0.683180279304905,-0.230015904418127,-0.0385734406418379
"212",1.17589251505961,1.47134037855866,-0.693023714968179
"213",-1.04599496549512,-1.088128493042,-1.68987022805975
"214",1.23352212884515,1.62105061790083,-0.502872879912661
"215",0.807410734464445,-0.113180165108924,0.0722349292733477
"216",-0.389482836514764,-0.829338587151152,-0.0229730166272898
"217",1.24626694111153,1.78491486971731,-0.535359446831874
"218",1.26445813449868,1.94198440407699,-0.527377127030407
"219",-0.949344468164663,-0.998114297076733,-1.66941918814984
"220",0.887877525203163,-0.00137201509012642,0.0750100336377825
"221",0.877332171660264,0.434961025165446,-1.03229821148782
"222",1.14565358031968,1.13315865730077,-0.577693869332236
"223",0.549890495515798,-0.00274523540885908,-1.61044931840846
"224",-0.657356466218175,-1.02213356667762,-0.0776732001004649
"225",1.23162889649031,1.18143879502739,-0.190388241386938
"226",0.11045133465087,-0.290466896876285,-2.58980779726348
"227",0.699184476722556,0.0596654186625996,-1.05797811634662
"228",1.23435487948685,0.836982304399642,0.169893728788202
"229",1.5642925957547,2.06599427733105,0.911824306708447
"230",0.890874978558466,1.0172152105928,-1.74197647724569
"231",-0.00337780565017428,-0.651465974728912,0.00182192210985972
"232",0.987833886594482,0.343712183225114,-0.306747931171308
"233",0.677503831779564,-0.164282747837223,-0.367490276943695
"234",0.296080036233413,-0.522583000609905,0.0147898652773971
"235",1.12294095298879,1.68986111224427,-1.09748239065463
"236",1.30000903173668,0.77168997614691,0.577134626262532
"237",1.03011861603301,0.616095417003161,-0.561953677986016
"238",-1.123796668903,-1.29302353449647,-1.27370291211807
"239",1.179311276651,1.57022532061991,-0.741820944399227
"240",-0.897537214199639,-1.32361339681605,-0.0442789690781543
"241",-0.18836214121058,-0.66909248297492,-0.686012921785521
"242",1.1286429330329,0.861342590285753,-0.386883365630888
"243",-0.503373549739633,-0.801743649294853,-0.829621440832725
"244",0.983627389398647,0.518399391856622,-0.643496865971446
"245",1.10948812930212,1.46695066262383,-1.0220097616519
"246",0.925815264466834,0.316566539832971,-0.5614933686623
"247",1.14750059803677,0.611303291283427,0.0319909231996627
"248",-0.288026649051257,-0.769684199364794,-0.0510386531812925
"249",0.536137691916752,-0.136137245424721,-1.19224009926292
"250",0.764965192492673,1.04520715532701,-2.39899867903745
"251",0.150381469255008,-0.539491797550546,-0.549284171971502
"252",1.12554583862214,0.40546102314681,0.26263710135102
"253",1.16573760641294,0.307039956242735,0.657997230584285
"254",0.576473825566951,-0.266253717547335,-0.389398790590378
"255",1.08020986408318,1.60616024622388,-1.26014599050589
"256",0.781975917412101,0.442017617369903,-1.5216878179032
"257",-1.20050152650844,-2.1214430144679,-0.0192501963403754
"258",1.36935722641093,2.004991240092,-0.0339211770401018
"259",-1.5182743440096,-2.68700125899505,-1.07914819554854
"260",1.06462862055191,1.2915388178229,-1.11644067481268
"261",0.370267060565448,-0.382490414468385,-0.732377709830662
"262",-1.57319997850233,-2.5798364360946,-1.4359054841467
"263",1.17398842128481,1.3337121157284,-0.602469623726992
"264",1.08150823218116,1.24512213166282,-0.994633111277286
"265",0.891656725200559,0.299941908126333,-0.697437854947716
"266",1.33011955810336,2.04452165454081,-0.248979129703179
"267",1.36360143165088,1.28903959672319,0.380402903123821
"268",0.505991009712831,-0.375045273171668,-0.10325584075689
"269",0.904161484813775,0.380014394574032,-0.796260976277786
"270",1.11962445079308,0.979741728937836,-0.560374269433188
"271",-0.106714505747394,-0.659012883997069,-0.411693738257545
"272",0.571143654025091,-0.102227818875838,-1.15165375825284
"273",0.964373121014733,1.1762671039501,-1.52218772439009
"274",1.34269883901402,1.11005710604306,0.428516070018053
"275",-1.69552112266726,-2.39935979900375,-2.20269988909852
"276",1.02091671797631,1.02532107628178,-1.0997927213957
"277",-1.19278205821047,-1.66794569734434,-0.670598733751603
"278",0.596327851826985,-0.103902187703347,-1.01927959797863
"279",1.23087753010734,0.734453446717378,0.278831099210341
"280",1.01739143426797,1.00566790697051,-1.09786294714023
"281",0.955044526279585,0.481523002938525,-0.725042034770938
"282",1.03253704013993,0.791990439557814,-0.785317189384393
"283",0.934895047924354,0.470378912333089,-0.806728481933186
"284",1.23889281207821,1.23511623977956,-0.199463501939113
"285",1.04461545982359,0.89461563753637,-0.844530414684023
"286",-0.776265981028886,-0.894439604756215,-1.45813607878737
"287",1.15423590997737,2.14640906306342,-1.17501274458591
"288",-1.05380259472964,-1.01475362748665,-2.09970881406224
"289",1.27351065232719,1.21927320139198,-0.0131804803157997
"290",-0.491320313754719,-0.797393661693668,-0.808326594020606
"291",-1.17594876280274,-1.8008896521502,-0.347317589208477
"292",0.0851889799666098,-0.517737797528202,-1.08539594586308
"293",-1.20042849303018,-2.15999195363745,0.0261398523286493
"294",-1.10496472266546,-1.61048329917824,-0.347408821838655
"295",-0.371452383762175,-0.739622519730058,-0.772624508236337
"296",1.44986758309041,2.13242843987957,0.309376195198387
"297",0.494787705727674,0.219943085851401,-2.50313178191192
"298",1.09799787154022,1.02551210151941,-0.714575384742292
"299",-1.45008623658081,-2.77223452061537,-0.677489135070489
"300",0.982873102088971,0.346517205477251,-0.337164334715598
"301",0.850299696358873,0.205027821118188,-0.690103362638089
"302",-0.195077214913068,-0.553662535814426,-2.13270753481159
"303",0.96847585664203,0.425830768464342,-0.560109566479674
"304",0.720832422111537,0.520116199578604,-1.96026679527998
"305",1.20849048169135,1.24025142592354,-0.355715749080469
"306",0.519808117990654,-0.148521368120159,-1.22273986173142
"307",-1.27114800513977,-1.5752851290207,-1.25360635193336
"308",1.25817421491158,1.62423396164598,-0.381585684337601
"309",0.36610289016057,-0.268538147767958,-1.42928745090256
"310",0.999256005127012,0.460819337269096,-0.468376030280017
"311",0.510392423584223,0.374669206225734,-2.75482848292156
"312",-0.694299318607004,-0.840130965229096,-1.45874866893812
"313",-0.723690855772742,-0.835093259804112,-1.64662752123664
"314",1.30286195100831,0.705380129366763,0.67697432339148
"315",-1.38829230570602,-1.3215068833521,-2.50466134411972
"316",-1.40271960185402,-2.09768137263676,-1.05893512407708
"317",0.457317913205276,-0.121219417098165,-1.64647258693074
"318",-1.11948322173124,-1.01158977742872,-2.4453622332748
"319",-0.800341115861634,-1.12365222114577,-0.300150333023202
"320",-1.12381978678196,-2.72249974233132,0.918882179860777
"321",1.08320478816432,0.327263762598996,0.203417287161284
"322",0.915589448657257,0.631262300377288,-1.15662888006448
"323",-0.23426460866349,-0.607731990108159,-1.72213733116895
"324",1.0825814229677,0.789404338465847,-0.531926441736305
"325",1.27505688189746,0.97756838091036,0.219022278602177
"326",0.959426535050289,0.563266858820703,-0.835818575551405
"327",1.02635767893264,0.917779610999113,-0.961255560267381
"328",0.0739545885238146,-0.429387019711643,-1.88172082810707
"329",-1.02867463033522,-1.05050626357749,-1.78665461571575
"330",-0.747143490642877,-1.12302941116448,-0.0369014353482316
"331",0.668633256847396,-0.302297011617004,0.266861179659421
"332",1.08934203043871,1.01893497492123,-0.751348587155903
"333",1.14006399840934,0.514684222856745,0.144753284273363
"334",-1.1079491212332,-1.09369158074588,-1.97363743111295
"335",-1.30963949403645,-1.98671665473743,-0.736318148464772
"336",1.11171887843688,2.30213275363542,-1.45368974048723
"337",1.01407744872395,0.800546364719115,-0.888042268853104
"338",1.35541863599901,2.80563474212458,-0.414223622102989
"339",0.189010786350428,-0.343750691466756,-1.88740317561829
"340",-0.296177097520888,-0.830740135013731,0.455160088044123
"341",0.27270637520455,-0.308801825533865,-1.67591725231826
"342",-0.956264408211227,-1.10616855468154,-1.15788107367176
"343",0.642949176102145,-0.0692539211898813,-0.916008098666401
"344",0.929536074882237,0.928097006992464,-1.45651958448045
"345",0.90528330216002,0.538166080201727,-1.06707566381223
"346",0.267797804231164,-0.160183426753902,-2.43357104270997
"347",-1.23804855157575,-1.55202579353051,-1.13978113266838
"348",-0.00064167178424852,-0.658129638897441,0.10672680932089
"349",0.651505221371758,0.440216051531284,-2.17083231597402
"350",1.17221292792447,1.19271045366467,-0.497165397115733
"351",1.24220776446954,1.200540254476,-0.153875078707321
"352",-0.867970350422561,-1.18961356635432,-0.36501463170922
"353",0.618404374576385,0.307236807440581,-2.07908214076601
"354",-0.907698880546607,-1.23712042769622,-0.385515922252157
"355",-1.0339644044672,-1.37716156296137,-0.565464475346484
"356",1.13909115967452,0.756355197178146,-0.208165357281134
"357",0.77720658065173,-0.131683107590336,-0.00501695736887869
"358",-1.5493824579282,-2.8923080388642,-1.09459284234226
"359",0.840445385112296,0.0759531648166388,-0.399317014502876
"360",-0.457837126226407,-0.863253416651439,-0.095052585441898
"361",1.3494598656413,0.963269999464117,0.605846169662376
"362",-0.363668007211216,-0.823776739478779,0.0596406196437021
"363",0.494128567993551,-0.436405565499213,0.272129663424106
"364",-1.30870401971819,-1.64306690975937,-1.29936593439149
"365",-1.31491203068025,-1.84668767303407,-0.967918185515075
"366",-1.36794702826635,-2.31463524779424,-0.646182946566253
"367",0.526978284591131,-0.032538001567865,-1.62543700715519
"368",1.10292411247671,1.42749685042627,-1.02709861500839
"369",0.860287360671389,0.512615852183179,-1.25074109480652
"370",-0.0432667024279009,-0.604141492720055,-0.81052989977104
"371",0.257770444007434,-0.470443838272567,-0.639331705153282
"372",0.52747223439459,-0.0824984967227871,-1.44466557381504
"373",-0.0371805334311021,-0.541123311453011,-1.47081957056197
"374",0.275882290299854,-0.311932893664758,-1.64211659890369
"375",-1.10530427824066,-1.3372937656851,-1.04072969684218
"376",-1.57131918632563,-1.91916783890528,-2.13989927809209
"377",-0.847007137664926,-1.10465620179127,-0.61847243041264
"378",-0.809528020264053,-1.17968892565531,-0.111896611390309
"379",-0.936611976809435,-1.48685203185848,0.213754185451334
"380",0.640881997954687,-0.293547096367511,0.0793119930513593
"381",1.19158202958329,0.714717659288361,0.108176393807988
"382",0.465244337483887,-0.398462793535793,-0.148410115309577
"383",1.10497358231744,1.34710421941074,-0.957746010111038
"384",0.332346536639858,-0.221071647792025,-1.83587410702864
"385",0.548103023355881,-0.268196312030498,-0.52108085844027
"386",0.240853023774718,-0.516233388646962,-0.321153344833009
"387",-1.54633719786197,-2.53129751105625,-1.34111742319423
"388",0.808750919777688,0.116805625730549,-0.672322540250999
"389",0.588100889424539,-0.01184435225495,-1.38949107861945
"390",-1.62243273617574,-2.43360141255421,-1.80601406987271
"391",-1.49032433707001,-1.78175524381369,-1.9513598745402
"392",0.987907255173425,0.386748848184563,-0.390386149224069
"393",0.0504657185960959,-0.598472775302577,-0.409399131977295
"394",0.856879517726843,0.0984734433976292,-0.381136731198748
"395",-1.13721557485957,-1.42726215658814,-0.942397294509831
"396",1.05335669102361,1.24399222489938,-1.13446286741129
"397",1.11425650140583,1.37870111090972,-0.934991504489707
"398",0.687792773825878,-0.0432101444621716,-0.78450852222218
"399",-0.541088884515313,-0.978117341346958,0.256967179843412
"400",1.15255118190104,1.09588290753102,-0.509143643125407
"401",0.971681037021946,1.01516710349608,-1.33590946976627
"402",1.17084515959523,1.2562345725733,-0.557030273014103
"403",0.920042428833864,0.332566696623635,-0.623209036054388
"404",-0.937053976359767,-1.02971758223288,-1.43587459795196
"405",-0.669402770456081,-0.885390720788173,-0.988539634672462
"406",0.998891362204085,0.814643708301519,-0.980965432318869
"407",-1.69505172817804,-2.9432846937664,-1.79122648709034
"408",-1.06878457418463,-1.20325113773214,-1.3164564151181
"409",1.13846378585751,1.27120412754001,-0.731045085602305
"410",-1.19807751502956,-1.37169768862197,-1.40185911943425
"411",0.0118188911014118,-0.407724921062088,-2.35040678716459
"412",0.984898550760927,2.32390124300684,-2.09657255906094
"413",0.787286814548009,0.632118397215746,-1.79937496309629
"414",1.32920115840339,1.60737641966254,-0.0159517547911845
"415",-0.113105763550379,-0.428785006083145,-2.82152524589628
"416",-0.734537624936176,-0.879304908619205,-1.35852747333847
"417",1.10194324814748,0.866712251410981,-0.526514644704175
"418",1.34629310720737,1.62715649111785,0.0572010444466232
"419",0.825374782166974,0.320527367892996,-1.0718901486142
"420",-0.483629439213363,-1.00557111188723,0.700778435193099
"421",-0.562989621725079,-1.06256513830551,0.602022203077133
"422",0.824068626404438,0.314000993084774,-1.0648967931255
"423",0.704914521701711,0.163946976268938,-1.31549347378594
"424",0.980652682493145,1.17529660361963,-1.43994720912213
"425",-0.302167666892298,-0.654044824325985,-1.45658794578455
"426",1.13672778639789,1.12485310969664,-0.614825561621483
"427",0.482628178560813,0.0817394694903966,-2.20504985899854
"428",0.808350397331545,0.549006053585652,-1.56891535319398
"429",-1.22217323862923,-1.67407200122275,-0.80567973921758
"430",-1.22853990420811,-1.89310764637265,-0.464580814984706
"431",-0.0418978430535242,-0.650732032613471,-0.200947828167519
"432",0.621088188404815,-0.400754256734367,0.646791585040267
"433",1.07725102073183,0.611929885056761,-0.320178831903591
"434",0.851355624345813,0.328414543024233,-0.958181513798893
"435",-1.28327694778666,-2.11236098660326,-0.443979053951288
"436",1.2050827505055,0.651721004695963,0.261676266955332
"437",-1.15296412136438,-1.43953995995485,-0.988520733897939
"438",0.980488265497493,0.152444941316178,0.0918632222275217
"439",0.241941388631969,-0.375805959402168,-1.41848493755221
"440",1.45630611135966,1.78344552846208,0.515653052584056
"441",1.12634856209766,1.44823223484857,-0.924651608658616
"442",0.385400456724594,-0.38655064049386,-0.629360768525076
"443",-0.697241680315062,-1.12435270816867,0.218423944805032
"444",0.696940013253786,0.560250622289216,-2.14356715736693
"445",-0.900551736170386,-0.85733270905352,-2.35409135204583
"446",1.11158308051149,1.16957968058033,-0.780317410482279
"447",0.879962793610618,0.168452111413818,-0.451672450139372
"448",0.949736468130423,0.14970030871935,-0.0547881137697023
"449",0.704380646096062,0.105891469321058,-1.1642465859552
"450",1.02869213652193,1.16164587525022,-1.18782508571744
"451",1.26467815162412,1.74547586894823,-0.42110645094485
"452",0.929075295560361,0.269862737779895,-0.445366972722499
"453",-0.806487774737267,-1.1835436972739,-0.081430538395573
"454",1.20256236415745,1.67249666315772,-0.689036069805577
"455",1.30622576158866,0.899925948448429,0.457641635752498
"456",-1.03115922087249,-1.45433948743048,-0.34093096432097
"457",-0.0306694803851141,-0.643040971256324,-0.250578801632055
"458",1.42264157078377,2.35969040610683,0.0779352278447131
"459",1.03669694762724,0.122606124478712,0.451694745022001
"460",-0.811500392899718,-1.03315187195333,-0.79006653640655
"461",-0.741649876197584,-1.13119249262365,0.0262208317099049
"462",1.2558936342274,1.51341508630851,-0.321628791509308
"463",1.19049968209209,1.61179981786169,-0.7122260511059
"464",1.17708996938394,0.969870006756844,-0.262862618254032
"465",1.12485871075576,0.22035013817526,0.646265302639079
"466",1.10000569558304,1.19365099746734,-0.859006704292043
"467",1.2540154236618,0.807254490878183,0.303532806232717
"468",0.54195342682265,-0.309467707003782,-0.325880634328474
"469",1.07668294620006,1.3123329037655,-1.07248989451815
"470",1.14029436296581,0.474170133790784,0.213756038998974
"471",0.419167640360118,-0.332834227208841,-0.802952511290776
"472",-0.129185513729167,-0.657811163526848,-0.54030736213264
"473",1.22406658793273,1.876545953922,-0.695776665615013
"474",-0.949220289262649,-1.15907587177538,-0.893772836894784
"475",0.259627802530576,-0.132457268735885,-2.58977152846695
"476",1.17573930033223,0.809986397364103,-0.0911375073362936
"477",-1.63097464119085,-4.30702396042434,-0.903847141556258
"478",0.96012325666819,0.149445983335588,-0.00219415330353379
"479",1.24687922004005,1.40219406103913,-0.289105448055446
"480",0.781883402069996,0.279369996808678,-1.20213906781872
"481",-0.107170294228628,-0.564133050185215,-1.58309754741495
"482",1.175115754071,1.00514622955176,-0.308717618391311
"483",1.21438654270577,2.23946388136183,-0.914461224993892
"484",1.32091574460963,1.27490785299548,0.178241075141552
"485",1.16228399233224,0.530519240756823,0.230168856581001
"486",1.36406262321859,2.17566572805497,-0.138753482938668
"487",1.19758959318617,1.1783508932632,-0.357912498135823
"488",1.27455149408438,1.17372364586375,0.0309141127068926
"489",1.0898386524612,1.49982731296199,-1.14275947865644
"490",0.275054108322453,-0.483581159799367,-0.442226282338861
"491",-1.44860115758996,-2.10552247132853,-1.2788342036037
"492",1.0010272687553,0.905199418892962,-1.07416093822137
"493",1.06949902533318,0.497804406883564,-0.180182536832602
"494",-0.780155401119306,-1.03161403809801,-0.641404262206707
"495",0.216577482480543,-0.267598093879369,-2.18184524244392
"496",1.29051063507277,1.82303129012993,-0.335053639601439
"497",-0.384676016868077,-0.84651097495937,0.140457278398562
"498",0.576054519451328,-0.148394550325739,-0.94203741228661
"499",1.4251291868583,1.58879947494682,0.475402465591011
"500",1.34396091014525,1.6989778362406,0.00223765466532132
"501",-1.22826151001847,-1.59590411085167,-0.994660748409052
"502",0.753408617488689,0.491614516651853,-1.75027275281182
"503",1.18693932918885,3.45821057389662,-1.43178655821956
"504",0.741739735794454,-0.0407539271597498,-0.523313440017476
"505",-1.0271780620601,-1.1167020208303,-1.46508319769248
"506",0.995158116210468,0.417517224254278,-0.411545245553867
"507",0.450947925912477,-0.164750588118885,-1.49825845465849
"508",1.00266653273024,0.938671242337878,-1.10219229935437
"509",-1.23870654883673,-2.37550071740763,0.0590606924703503
"510",0.659261292527644,-0.0917978908199144,-0.750846430732641
"511",1.3446597729815,1.02038269928607,0.523804833222024
"512",1.10704622368652,1.39097549393577,-0.980081891597237
"513",-0.469295429458382,-0.81453444445365,-0.547180289162731
"514",0.929488347008221,0.823142809876775,-1.33811399468738
"515",-1.45135830074939,-3.08832138105237,-0.488336737548903
"516",0.634084816635921,-0.0186159939896034,-1.13703005496097
"517",-1.08724382774646,-1.64406365844775,-0.190066169610437
"518",1.16594789255887,1.1024017082275,-0.448194508977782
"519",-0.726670824304386,-1.0905724048521,-0.0817919576849179
"520",1.11130523140893,0.485427583992023,0.0496406917190333
"521",1.01720349949014,0.333843570876566,-0.139996913491022
"522",0.280086517474638,-0.496898562489457,-0.300962521198411
"523",0.875466910595045,0.165793186431957,-0.467420334395956
"524",-0.267306572428846,-0.744823886471102,-0.197354748945039
"525",-0.887381197238058,-1.21489552213474,-0.365470578932334
"526",-0.541154111209962,-0.760579268515414,-1.40620022357452
"527",-1.55770275458725,-3.02031988482521,-1.05861745249034
"528",0.448663960008036,-0.374422501983688,-0.393993704391533
"529",-0.863858587387567,-1.19516907185975,-0.322866105331556
"530",-0.893182201988873,-1.35243188102749,0.0657504770573658
"531",-1.09477797135583,-1.40891697100298,-0.780039869206046
"532",0.396431851626702,-0.378695487345943,-0.626888417178202
"533",-0.968351907048279,-1.46373194425932,-0.00283549568022151
"534",0.936378352099487,0.798172192371516,-1.27365304021297
"535",0.602164632456222,-0.151976061177683,-0.796484705477681
"536",0.401884739968939,-0.254910384465958,-1.32095464051264
"537",1.24425763783505,0.754406197254342,0.320139700290819
"538",0.453646554870932,-0.353190904285417,-0.505571304404979
"539",1.48867139838879,1.52501020929187,0.834527406426924
"540",1.16218446907005,0.602548341904859,0.11835582296568
"541",1.18702059654296,0.654236375116919,0.167823209970598
"542",0.314730864577584,-0.494497532788296,-0.148972149314205
"543",-1.24513560870604,-1.57792420831805,-1.11778033207227
"544",-0.13129561308283,-0.543252550712884,-1.9200437903497
"545",1.07301002928754,1.22231558159618,-1.01823031254617
"546",1.14966184262053,0.716127617222052,-0.103286486128211
"547",-0.633492455464982,-1.0171561583366,0.0148664686559606
"548",-0.108359724281679,-0.38399347141156,-3.11541654461197
"549",1.15357292977045,1.11414590922009,-0.520857186545039
"550",0.611723831207236,-0.347980944108878,0.252294664126148
"551",1.20220531547025,0.925188489081366,-0.0900391265300319
"552",-1.35995107257232,-2.00422581692206,-0.964273294369504
"553",0.263737445634548,-0.340960509310859,-1.53087450186073
"554",1.06387125898735,0.445527832288536,-0.118444079437202
"555",1.38365102975084,0.964680612594788,0.775332535280046
"556",0.787107804133986,-0.218403369024584,0.425208628162851
"557",0.990666221305518,1.89361122536012,-1.87166422454063
"558",0.446987661035432,-0.218392092912999,-1.27544571858895
"559",1.19443858749077,2.3988631040352,-1.0783114492937
"560",-1.30412420385142,-2.30260599041842,-0.339113764376384
"561",-0.215504091302792,-0.755936938717965,0.175525579425826
"562",1.04845771618093,0.606630839934938,-0.456329667688006
"563",0.755609839115084,-0.146031930083291,-0.0541044201035665
"564",-1.26531406604407,-1.5305115098394,-1.32534138842515
"565",1.27256041095336,2.14513122519752,-0.582822886602918
"566",-0.55226619600718,-0.857780666666619,-0.609200670322092
"567",1.39416313447981,1.50672569084214,0.374209270239231
"568",0.934549282865401,0.643653819881163,-1.07956720067586
"569",1.11473230720326,1.46753889715463,-0.996196256362872
"570",-1.41487639434108,-1.75064414330098,-1.62795467926216
"571",-0.931472151888092,-1.2488191214337,-0.462666082334609
"572",1.13811538284616,1.96528597369129,-1.1707114855882
"573",1.06319809458495,1.65605036180881,-1.37595124331533
"574",1.36048952825196,1.74528769090127,0.058057739206636
"575",-0.824018926177716,-1.08415681869157,-0.59872465695251
"576",0.560372665033728,0.632784761023245,-2.93490460559423
"577",0.38571039760817,-0.408277507845385,-0.477018652826748
"578",-0.696755382533687,-0.890619587661943,-1.08773640161428
"579",0.51384668755177,-0.280166285060748,-0.628793264141425
"580",1.21735653626137,1.51139511296641,-0.512960568390995
"581",0.878267474304172,0.402411992287375,-0.968078086926872
"582",0.332055905516569,-0.339742433120207,-1.19671678537044
"583",-0.360184184206125,-0.818150349194397,0.0293828248959614
"584",0.866109642947751,0.526852654716459,-1.24479622195562
"585",-0.4497026905238,-1.06164308838794,1.16390017107968
"586",1.11550873407803,0.797672374673409,-0.377392983540459
"587",0.347653396615923,-0.395648914759958,-0.755874876504633
"588",0.844904812755299,0.373255966200104,-1.07953788550925
"589",0.232714068297144,-0.403702666234372,-1.2743884597984
"590",0.224112753169421,-0.11592465721903,-2.83346394395396
"591",1.11401412071232,0.225937328675069,0.578946776869368
"592",-0.410311805502968,-0.73885982122621,-0.974987570021796
"593",-0.664579402290291,-0.996340492819661,-0.255590622362793
"594",-1.03657997173835,-1.34951211218666,-0.66000286684854
"595",1.11432533851088,0.676716308626211,-0.226901712646793
"596",-0.940239369383619,-1.37729672221537,-0.0964493789539781
"597",-0.448915015440657,-0.75524937193585,-0.998471138292628
"598",0.766669238675345,0.317966119636864,-1.36012372580464
"599",1.11716425757973,1.29145287141064,-0.853694479748474
"600",-1.37006432613677,-1.90075928530781,-1.16076373521785
"601",1.10078715125017,1.49966765091655,-1.08790900071865
"602",1.14686538993127,1.3893037028058,-0.779759863676477
"603",0.817261466535649,0.310273845805018,-1.09115861480899
"604",-0.418312770709126,-0.78287307771458,-0.576690265001553
"605",-0.981700205052031,-1.1170349416048,-1.23621198609861
"606",1.19951016711857,2.04400853021649,-0.901784041514679
"607",1.29037434768833,1.52635989396082,-0.157853748805518
"608",0.94702810408743,0.334136669057329,-0.491468562972292
"609",1.03294056831026,0.900014563745332,-0.908882198130301
"610",1.40775420283482,2.6013056182926,-0.0855228651818534
"611",-0.355104745649908,-0.768825514501511,-0.394776405250887
"612",0.793032347961199,0.253279520444256,-1.08865238137097
"613",0.225121086120073,-0.451764356528642,-0.953753694943189
"614",1.11617292074008,1.35576078989758,-0.908288331036441
"615",-0.751297574399342,-0.954671780808752,-0.935191440116842
"616",0.483755201559111,-0.309968332748544,-0.614010291990723
"617",0.906684633166656,0.490128350652639,-0.981393924457555
"618",0.934169380005331,0.888679096559093,-1.39015357963158
"619",-0.731084640209914,-1.0166056419232,-0.476073241899164
"620",-0.823542337558521,-1.03249303550143,-0.853727398398236
"621",-0.0307854711624889,-0.381950728662444,-2.74125665210861
"622",-1.01523640773991,-1.41871945894502,-0.355540601855482
"623",0.998671143161747,1.80644215073133,-1.78521335629993
"624",0.477560238161765,-0.352330050254143,-0.391402101343914
"625",0.86763432521749,1.13498400124507,-1.96943087777393
"626",1.23201158856249,1.07040754214923,-0.087935231692176
"627",-0.932792316376094,-1.18309614084287,-0.714720273587501
"628",1.34080724826493,1.27451419476531,0.278014239229685
"629",1.06972308373506,0.958294598563219,-0.787639866368399
"630",-1.30963680446248,-1.54908409909066,-1.50437114605567
"631",1.04410394200756,0.75486905505068,-0.681216432986457
"632",-1.02092801078952,-1.33927369431103,-0.612788167928701
"633",0.142323154499613,-0.318456580508797,-2.27218962005826
"634",0.754620957503981,0.349820581908042,-1.48500957696726
"635",-0.456414235833246,-0.849954261055745,-0.19099600467571
"636",-1.25789979538847,-1.76911694718408,-0.810872553353954
"637",1.03198445017318,0.601404154263464,-0.530943408799647
"638",1.28893630297011,2.08517500548203,-0.47383568586908
"639",1.13215518090687,1.21614326261793,-0.717331291987336
"640",1.23130551432666,0.998249585118413,-0.0208222814274972
"641",0.931796269632854,0.351699769572673,-0.602866687941882
"642",1.00712320947336,0.374831398619006,-0.271487408791951
"643",1.2592479100162,1.47870340902403,-0.281317071658117
"644",0.833584313646634,1.29406562799824,-2.27365964317693
"645",0.194278628973398,-0.407318590070316,-1.44099511239544
"646",1.13225054829126,1.80806747850099,-1.11820612802324
"647",1.13144310801125,0.519653670241028,0.0935391358089116
"648",-0.12472711927739,-0.507596162234947,-2.22878599197803
"649",1.19070949881178,1.17843328721377,-0.392384361393396
"650",0.852493421369894,0.581104273719991,-1.39787053081864
"651",1.19217601796729,1.07495864399608,-0.291422187542992
"652",-0.621049162055078,-1.01583564432816,0.0699321244048638
"653",0.335633515946397,-0.541702776955583,0.399048767082773
"654",-1.31789120998488,-1.69125055951141,-1.25144204276739
"655",1.26139093929285,2.24741257346071,-0.682774313591386
"656",0.49898176039916,-0.353455992804361,-0.277230592641545
"657",1.04531708887292,1.01475350631581,-0.967317468444223
"658",1.2460789484069,1.1492841629949,-0.0899755541327847
"659",0.862258114124117,0.25121593564607,-0.737871375385896
"660",0.621475678003163,-0.0598742642606978,-1.05723232789382
"661",1.17694318345769,1.25810169619285,-0.528058216735668
"662",0.743907195748076,-0.266165560769366,0.447307392532925
"663",-1.31158766419885,-1.84452072604064,-0.954722907961422
"664",-0.031309750377815,-0.34203026381567,-2.99956488813993
"665",-0.00472560479366177,-0.550148520950139,-1.21716263736524
"666",1.00408744840871,1.79163516292748,-1.74998196717965
"667",0.820007705719472,0.447281812509395,-1.34086671745497
"668",0.0252520206895976,-0.51952850276086,-1.3682493685983
"669",1.0791005974187,0.456868036516887,-0.0622594788352467
"670",1.20027611525718,1.35358030724316,-0.486129345811378
"671",0.778526762182007,-0.0563125129309412,-0.284694982234218
"672",-1.3900067244364,-2.33011426713737,-0.741168539564766
"673",0.969273386388772,0.368377126913273,-0.448238634052704
"674",1.12931089224064,0.962087379473285,-0.493665307299691
"675",0.912824644251967,0.160864971528881,-0.268088341397106
"676",-1.24290024916845,-1.65373837594642,-0.949075757422738
"677",-0.0446541678063842,-0.649800419207513,-0.2276687426838
"678",0.21708138865894,-0.534096822678761,-0.269078343533115
"679",1.04309833130828,0.508897774287052,-0.330574614961113
"680",0.179042288050474,-0.491364294452836,-0.854921159470424
"681",0.896688967399934,0.374185860556694,-0.822413062580191
"682",1.12878068807294,2.05696786297899,-1.26152146599864
"683",-1.46394230157076,-2.14182467215409,-1.31244251022831
"684",0.860808317701439,0.541324607785202,-1.29447640611113
"685",0.396336703093497,-0.44104653593508,-0.181296898682265
"686",-1.28690535276345,-2.66698220948246,0.0628638195095793
"687",0.735851037740949,-0.168966828513367,-0.0555383932704182
"688",1.15747836567985,1.15537483570996,-0.538370543010858
"689",-0.702869491091858,-0.812263613706296,-1.73467205146583
"690",0.642945359719356,-0.104951143979583,-0.782139740612298
"691",1.06147286166706,0.622151811435029,-0.414021763422128
"692",0.723884680694245,-0.119894730193888,-0.318902375190899
"693",-0.12448377140227,-0.656415723363111,-0.535757916570652
"694",-1.28145122222448,-2.83323668751834,0.206866196729811
"695",0.976567054190315,0.344032806884558,-0.363724613550996
"696",1.06097985118667,0.620834420974449,-0.414568931528332
"697",1.21704397371083,2.33068110321635,-0.938558615343326
"698",-1.03129262961467,-1.47763477071994,-0.282504582824043
"699",0.773314864186852,0.199424130392079,-1.06151441764266
"700",-0.823126766357162,-1.07330357102907,-0.646194998843288
"701",0.974562195567701,0.780056708272262,-1.0605015736973
"702",0.898125629302309,0.780459390755374,-1.44318289065933
"703",-1.19037693494724,-1.82622487740729,-0.377931909151811
"704",0.987475893988575,1.08327093356024,-1.32274987052556
"705",-1.35194348855208,-2.25540254306675,-0.626739862307651
"706",0.190941179166694,0.115961265315455,-3.75907291477428
"707",-0.440530558848267,-0.81191547619198,-0.425995753413138
"708",0.868160910865047,0.00244770649471776,-0.0359715511498259
"709",-0.327490361872533,-0.781978206960702,-0.130970646157344
"710",-0.496886567455219,-0.919859171362507,0.113431211531616
"711",1.17776418072041,0.877534704159966,-0.159676938772789
"712",0.678539108408098,0.314623585829695,-1.79383937874943
"713",0.768833013072145,0.0324032654725451,-0.627300437522631
"714",1.19350209412238,0.785426393741168,0.0275668722477827
"715",-0.751264725525798,-1.06399085090691,-0.332323753279264
"716",1.19084596608147,0.839846172585889,-0.0510021395655593
"717",0.483680182643053,-0.455515134684119,0.368832931770413
"718",0.792828111703472,0.0616349725809257,-0.59558358657321
"719",0.893318873718681,0.510770091485695,-1.08255275314082
"720",-0.901837648725374,-1.33130349201026,-0.0418449760731429
"721",-0.0782288009184334,-0.572561317173824,-1.34734348285818
"722",-0.31647425138202,-0.7312322174852,-0.587447438330666
"723",-1.09783319063762,-1.50912278175714,-0.538313399473178
"724",0.938527166010992,0.824376460968318,-1.29438390999156
"725",0.667999438204457,-0.0257731559186934,-0.943363048932023
"726",1.19299175746838,1.50042515934023,-0.627398183152088
"727",1.23940040008056,1.46455958154291,-0.37079064306189
"728",1.10555934187699,0.510858994764094,-0.0214965382794942
"729",-0.966690588094186,-1.36378803642669,-0.268070898493963
"730",0.6918765173553,-0.239275032205119,0.050355544486308
"731",0.655269945371223,-0.222018696651111,-0.216725339393492
"732",0.871915460666539,0.123053617862653,-0.373419413552155
"733",0.820200455109737,0.852823095950688,-1.9193013698456
"734",0.51432089791526,-0.231926802268409,-0.873557973334874
"735",-1.42166751246181,-3.16234671516236,-0.299819022539347
"736",0.764727649698898,0.0614055488057028,-0.735408422770164
"737",-1.40183164078118,-2.44210315602358,-0.695389280985075
"738",1.28578113894687,1.76248673269141,-0.325236596876497
"739",0.690708082218573,0.18326254401291,-1.43498688333003
"740",0.412994928217879,-0.251713277753935,-1.2816844137404
"741",-0.889937249997805,-1.39457159691289,0.204256164985641
"742",-0.00834460134346687,-0.402650136653471,-2.48708432852689
"743",0.612473229473415,-0.0110276892035472,-1.27033134374861
"744",1.08137685224155,1.56074691217483,-1.22537751151542
"745",1.23119804459917,2.61531287971423,-0.973123973891573
"746",0.74146485942089,0.250609887533195,-1.3404689484127
"747",1.37975458351952,2.00956624123776,0.0158584001884255
"748",-0.921303818708304,-1.04653511543784,-1.26995880540684
"749",1.28328518363319,1.81666172516089,-0.367722297659292
"750",1.082595570205,1.33576452849716,-1.06100425476881
"751",0.462686121411842,-0.366987317932679,-0.372420785318536
"752",0.911042327342032,0.308670923087912,-0.618899609479796
"753",1.13546405971956,0.605715390223303,-0.0199432305782753
"754",0.331408738698202,-0.0773942569830401,-2.44389114208017
"755",1.28867561372169,1.72682001926141,-0.290414982797034
"756",1.10726763974375,0.941138726754665,-0.581813771331881
"757",-0.913384616939112,-1.28361982212887,-0.25277946032277
"758",0.802015032997994,0.496304181021723,-1.51509784471593
"759",1.01062120603777,0.845653561333667,-0.958893746397863
"760",0.313757273994163,-0.176157016103836,-2.13463490304616
"761",-0.939463330336855,-1.17154764330494,-0.794154834768155
"762",0.454667932803965,-0.434617492621273,0.0612432513852563
"763",1.2533862042425,0.752222112117094,0.368559143764752
"764",0.730970337547168,0.100917117128148,-1.01749871565251
"765",1.28166342590808,2.50996754934547,-0.683665927044575
"766",0.330155189722211,-0.304897489537101,-1.41085529234271
"767",0.793332019734582,-0.0751115412422205,-0.14267802071735
"768",1.27270868690227,1.44103954448817,-0.187785973971247
"769",1.25525290286538,1.25097485594638,-0.130703004445276
"770",1.53335911931884,1.58264017030799,1.0204698197706
"771",1.31265415777847,4.07243364539552,-0.92890551215174
"772",-1.28512463012267,-1.84549290868678,-0.820869424151444
"773",1.41200305575251,2.18972574195913,0.0948393357368715
"774",-0.4723709855163,-0.915007679090817,0.203457311864516
"775",-1.21879156986709,-2.22215581072548,0.00357775733917946
"776",-1.1443503634166,-1.23587194019686,-1.573273567853
"777",-1.0922148662469,-1.86659571994278,0.176667073297959
"778",0.73799290312474,0.18120849181187,-1.19347111305037
"779",0.631770525195551,-0.310984502637597,0.131883831456644
"780",0.773121259919257,-0.214973433553705,0.339015946057761
"781",1.22491102255201,2.09169609993988,-0.796957467012835
"782",0.790929851716892,1.0530834022269,-2.27678574024087
"783",0.568788000904476,-0.291365556466494,-0.293185599892577
"784",-1.07727571329104,-2.17373610511761,0.657563080290339
"785",-0.0397631314771126,-0.637196035489803,-0.374692302566502
"786",1.0341675295096,0.620077757357347,-0.547527757186977
"787",-0.974315830663306,-1.26457316323534,-0.621968523751014
"788",-0.681725321258884,-0.846431598436852,-1.34541989317917
"789",0.347402418899795,-0.54378578815579,0.47881338452967
"790",1.20268780499898,0.699381973874882,0.184130294278198
"791",-1.19222128455903,-1.3990916131908,-1.29449870054272
"792",0.808569158974396,0.0195559488797243,-0.388552998237907
"793",1.13020435916476,1.07855601693517,-0.604674693156067
"794",0.981426838845878,0.497756622031628,-0.620463757583766
"795",-1.46727036986609,-1.98159967089894,-1.53145079099136
"796",-1.03608089546372,-1.82658119676993,0.394123918672535
"797",1.45143817995048,3.11013737226885,-0.0223737077556819
"798",-0.948995976652677,-1.32537836931028,-0.29605377622249
"799",-0.762615476454632,-1.00119342898173,-0.718508702129336
"800",1.15382110564879,0.73610709822117,-0.108591499810544
"801",-0.93180348768292,-1.49098268809262,0.247944843605394
"802",1.05229887832932,0.800871179100089,-0.69732926570221
"803",1.09531940523798,1.12414694150171,-0.821227610396773
"804",-1.23191078469749,-1.84431727953248,-0.556660639847362
"805",0.675642434898769,-0.265985759804214,0.105044282739752
"806",1.37755401849187,2.66793766742371,-0.259146545070039
"807",-1.15211750306287,-1.60678437538489,-0.59092468239129
"808",1.09427996420381,1.19863563003852,-0.891892128978642
"809",1.28525826906374,1.7466743524234,-0.318888973927586
"810",1.11457301228064,0.475083595687769,0.083584520656709
"811",0.95055180832929,0.06324825299058,0.188277623488693
"812",-1.50057521438908,-2.18827762147248,-1.44258493872569
"813",-1.19514931260982,-1.49566554142955,-1.0573491678935
"814",0.0483800773333939,-0.524963684005789,-1.20101896576811
"815",1.24466823068878,0.724114238107618,0.361248565559383
"816",0.313818843196061,-0.432636284873866,-0.657983908371835
"817",0.360706124930676,-0.446788433740884,-0.314925660970621
"818",1.2670965869446,2.85553738476462,-0.871191137182295
"819",1.20678547217381,1.4143021361155,-0.498334855541928
"820",-1.31802800436191,-2.39368016030673,-0.320504668590754
"821",0.907464703949816,0.505143902922229,-1.00254614749787
"822",0.450113970599324,-0.279185093107399,-0.952726161421788
"823",1.16555847587761,2.05517553451931,-1.07679308957206
"824",1.08287219098254,0.237681486934404,0.396029355962721
"825",1.00894822860704,1.47977958319031,-1.53355427004228
"826",-0.313029090581399,-0.774309026250661,-0.131429463123416
"827",0.719387912179428,-0.213806804772999,0.0648430171677582
"828",1.09137661715925,0.500601003870905,-0.0754521418065172
"829",-0.650186658191497,-1.01770331874519,-0.0656472468800532
"830",1.12781321601003,1.10212112259603,-0.638608841471574
"831",1.18178473443363,2.57609087370157,-1.20660430618143
"832",-0.864394987341926,-1.04883363093458,-0.973727601177842
"833",0.821843223811994,0.216458332435093,-0.859631674415849
"834",-0.564441586271773,-1.00583324871846,0.298169181707157
"835",0.136098570561334,-0.365258739570782,-2.01652716985675
"836",-0.295916191602888,-0.674094974819015,-1.15890447835492
"837",0.275939562536175,-0.336261758187243,-1.49843472031699
"838",1.10648859745976,0.996965761628261,-0.643609064921934
"839",0.241679071333513,-0.494101243447268,-0.517722523388869
"840",0.510282049989206,0.238962234669061,-2.46986265859582
"841",-1.72958101978281,-1.97845192632918,-2.84731508134956
"842",-0.874648050804255,-1.22720580090621,-0.256260754255509
"843",-0.936210623417824,-1.00422318067556,-1.56960362107632
"844",1.21890437946547,0.975072396103694,-0.059168777710293
"845",0.343981771601766,-0.392279330693791,-0.797429275979461
"846",0.477119009055559,0.010092266971554,-2.01577046022821
"847",0.894557379324642,-0.114827929001282,0.51444076249331
"848",0.92198210287574,0.537912604812697,-0.983177566482223
"849",0.85411303107679,0.0790765537305691,-0.339982454797378
"850",0.594264587269437,0.587630602203173,-2.69890255908851
"851",1.12445332382621,0.926019323664394,-0.479695253932967
"852",1.13429343339345,2.25036614040857,-1.31949723521294
"853",1.42837961192728,2.0132583684223,0.257206777158761
"854",-1.41340271515112,-2.13499950360967,-1.06773321301383
"855",0.978562780842557,0.0143507568685834,0.477878684315771
"856",-1.01199746372063,-1.49955739155215,-0.132142267623954
"857",-0.957906566578064,-1.10464867605267,-1.17300384862864
"858",-0.0745927078248505,-0.577124006702966,-1.27893474263235
"859",-0.19346219355952,-0.670512562334332,-0.692990855697912
"860",-0.972402495140115,-1.39340182849619,-0.211361606466052
"861",0.966787232912222,0.529415317186249,-0.745539129311602
"862",1.05534769329661,0.271441309969553,0.182521407606751
"863",1.02541367944876,2.10165801291116,-1.79899760991568
"864",0.0490351241496408,-0.610162564474239,-0.27599858774766
"865",0.681570547813862,-0.22516607450732,-0.0701021342970597
"866",0.801535509669292,0.00186625596111044,-0.367216063912787
"867",-0.628391966825998,-1.1316107197307,0.594322702171703
"868",0.948781140997298,0.295353045063572,-0.402065376560336
"869",1.22048696100332,0.877805873484657,0.0536311956464736
"870",0.515751627191879,-0.295004562203144,-0.538273983282802
"871",0.644121594940147,-0.0840903872147304,-0.85548816730986
"872",-1.11130850400725,-1.27296454072817,-1.27825457555277
"873",0.968395894310142,0.498908864758568,-0.687539371187097
"874",0.648090784333933,-0.0544948188255748,-0.943336379345625
"875",-0.816411501367105,-1.16995438628191,-0.185326970204476
"876",-1.08843583964865,-1.56986128217194,-0.351954302902766
"877",-1.83625232681089,-2.56028014760395,-2.76690889422233
"878",-1.15108173155502,-1.6742371431447,-0.44990333527325
"879",0.591868171197819,0.554986339268539,-2.66071393690095
"880",1.00837282665723,0.126085607006003,0.300711812035613
"881",-0.811390744772907,-1.04825009592819,-0.711668379008026
"882",0.447336016905674,0.253869940884863,-2.81846275318192
"883",0.337046053488075,-0.130157167391027,-2.21199485648482
"884",0.98988490669314,0.687154663079738,-0.863368402522612
"885",1.00699660363566,0.853532158099467,-0.986138810760133
"886",0.649394463284591,-0.117415093347396,-0.701173418055654
"887",1.33621220194556,1.72422687647293,-0.0512335759303168
"888",-1.2060042682968,-1.61587229292829,-0.841377856752245
"889",1.04635737056768,1.30961904063712,-1.22200271363277
"890",-0.043717844428377,-0.475434277901341,-2.10516415984277
"891",-1.65041037317342,-3.29861317353658,-1.37454546577221
"892",1.14635838964823,1.46153779129315,-0.833901483331985
"893",0.933973045204599,1.15229627416376,-1.65317509870505
"894",1.20847275454754,0.597268583302775,0.357663229825873
"895",0.512495483332004,-0.0467137105979344,-1.64875393767386
"896",0.742561616381024,0.382943216928268,-1.60986351054788
"897",-1.43954849825993,-2.3576003814779,-0.962190752014332
"898",0.915017553218462,-0.0474749308740241,0.366525389462503
"899",0.979134834013914,0.901739518216286,-1.17981432474616
"900",1.11447544624479,0.602574371159269,-0.120227959950136
"901",-0.51866525207789,-0.838654741574963,-0.592516079261787
"902",1.29455327274328,1.86676141110116,-0.338204752953598
"903",1.28515934927422,1.69074004455588,-0.286910512173473
"904",1.27297883170873,0.869056965335938,0.325995013437164
"905",-1.41152116017394,-2.23377115955696,-0.947565708866734
"906",1.24298571573678,0.859601514830548,0.18682575924679
"907",0.710551473805785,1.03476150043285,-2.66089360944675
"908",-0.657981566611123,-0.896228339769569,-0.854082835502389
"909",1.15441849516502,1.48037528265301,-0.806611634072784
"910",-0.91464383950499,-0.994296084954569,-1.51748081572981
"911",1.30269366577092,2.73877826733254,-0.656672776206297
"912",1.04934258699638,1.23682512433802,-1.14862774806154
"913",-1.1903017004288,-1.31926528794572,-1.52176283767387
"914",1.08480170746846,1.70651880011951,-1.29798325017869
"915",-0.354633578701335,-0.868935230249138,0.463984414924459
"916",-1.32832530846899,-1.58214238413444,-1.52455688531786
"917",-1.38796188361919,-1.7913216325661,-1.42337883055626
"918",-0.506661331701951,-0.84383018107238,-0.490837385963701
"919",1.00478111244739,0.496928438781373,-0.502310176975954
"920",-1.16165339576858,-1.41240709299693,-1.10483411397822
"921",1.24957681836373,1.49316033365156,-0.339548917718608
"922",1.30111904252317,1.51559505628033,-0.0969604751047631
"923",-0.801068840779519,-1.18737686531307,-0.0392584328646263
"924",0.962107440582485,0.644659201918869,-0.943205407601579
"925",0.674347059131758,-0.279487711323903,0.170063310806432
"926",1.14168618253076,1.44800622380802,-0.847804761758758
"927",-0.406033055591081,-0.659139360806053,-1.90657901027664
"928",1.21074867657342,1.14212606646081,-0.260254874143199
"929",0.109677069872214,-0.549399874271003,-0.652817953696586
"930",-1.45096652385198,-2.64735502851334,-0.772205898330119
"931",0.948471205889346,-0.0341538175866696,0.487566513605567
"932",-0.842434586859878,-1.04710569858189,-0.872706469113854
"933",0.788735548675465,0.134906704985289,-0.821000197525052
"934",0.992833153785471,0.541173520808591,-0.634112219226264
"935",1.08505908994957,1.71218829666324,-1.30000829475151
"936",0.988862990350222,1.1768756694551,-1.40026646658682
"937",0.223542742201159,-0.475844108437278,-0.765420589597096
"938",-1.22900722684578,-1.64542248658757,-0.896162275650896
"939",0.662908831406693,-0.18323708888629,-0.357575292442637
"940",1.075501273987,0.810970455081974,-0.593510490265052
"941",1.1794238614252,1.18694291010038,-0.456159923947375
"942",-1.1863735506562,-1.60968056713523,-0.756132166850662
"943",-1.28456234759969,-2.91812944004501,0.245711749689525
"944",1.12455453140239,1.93389817075648,-1.22282285184375
"945",0.6757527722,0.273521370771743,-1.72001938881436
"946",0.997532184035625,1.23772755327011,-1.40842522398443
"947",0.894582356347331,0.211574754813187,-0.48434727827997
"948",-1.38979615522098,-2.2146705570748,-0.859574240238569
"949",0.554317463657126,-0.333554732256207,-0.122873525120542
"950",1.21820629080402,1.47304767930114,-0.482632952267898
"951",1.32815202396424,1.22537987780129,0.254920904549153
"952",0.750859508288186,0.312945343873891,-1.42874428377286
"953",0.686134363969949,0.183836610309278,-1.45927589991767
"954",1.05172763007351,0.623609588916115,-0.46486705478501
"955",0.929192793265159,0.277908297901723,-0.462409018713126
"956",1.02651921991198,0.962481810624516,-1.00803517906611
"957",0.443230172974531,-0.0941895423980031,-1.82194298873313
"958",-0.570823668163146,-0.942156585060106,-0.11115721604927
"959",1.09126859862091,3.15030731199065,-1.83395313445577
"960",1.1890770499807,1.08462894346574,-0.31601754980178
"961",0.817111279510158,0.0627699325492644,-0.477515751430309
"962",0.839653063868027,-0.123103996430618,0.272712682966248
"963",1.09336655669126,1.1571169620978,-0.86046689223972
"964",0.728133192522613,0.0394795215647309,-0.852529401649961
"965",-0.716773584889175,-1.10640558453166,0.0406492096656023
"966",0.0164055294043913,-0.679702722890484,0.474223038741571
"967",1.35226620634359,0.886170392297502,0.703133677115593
"968",0.100951215394138,-0.613817949402021,0.0285789161595962
"969",1.10930209863754,0.571930335070699,-0.0998087499695702
"970",0.714042184141302,-0.050216559344038,-0.628710937623352
"971",0.442770216633827,-0.441449388731594,0.0539740794629997
"972",-0.741357097698597,-1.06381193655059,-0.283666686177593
"973",0.777946016607829,0.0954125073488489,-0.767231725976871
"974",1.20974942773605,0.817726131791061,0.0696401309960541
"975",1.02749862334997,0.959416683000939,-0.999936462792773
"976",0.912074733322195,0.419455820250683,-0.830509045918312
"977",0.18125215751655,-0.382346112052337,-1.67841959153972
"978",1.27622553615593,1.02163129813484,0.180397236135252
"979",0.88158959885929,0.916341001980764,-1.68353201177294
"980",-0.711690979476234,-0.915220230693474,-0.991708937523014
"981",-0.288466311543071,-0.685012851848083,-0.983562333156581
"982",-1.02206085901979,-1.5397442217369,-0.0877742585123903
"983",0.974393739036797,0.740316554004499,-1.01116104515375
"984",1.429310285263,2.27331906264284,0.146056897895882
"985",0.173146396858283,-0.412973405092195,-1.50622896346178
"986",-0.599101674918935,-0.935257012424602,-0.296671492554139
"987",1.36542317580196,1.86288018057906,0.0181919682417909
"988",0.815439260890817,0.792032244871038,-1.87085724538734
"989",0.328538089371329,-0.459079640836683,-0.378306821058207
"990",0.441312936947012,-0.355296183556481,-0.553991875342851
"991",0.326342696198705,-0.607937382933165,1.08339532642444
"992",1.05750922118106,1.06346153814394,-0.953837845679969
"993",1.15468106918758,1.15508539389508,-0.552101398398095
"994",1.34580614134669,1.99463499713525,-0.146657303032315
"995",1.05779158452866,0.929194395960492,-0.816422430853768
"996",0.452993882855883,-0.250352556968112,-1.08858755022191
"997",1.34912948563763,2.28347484617304,-0.259024398263272
"998",0.519971485723541,-0.242058583744667,-0.795344869497072
"999",0.616566730641558,-0.397587033218227,0.602116088184044
"1000",0.463238534792562,-0.207787382351342,-1.24411970948828
