"","x_pa","x_child","noisetmp"
"1",-1.44429727324922,0.953095832561712,1.70529019375456
"2",0.379312702087847,-1.08671279550228,-0.876535410531158
"3",-0.58410208844434,-0.465465216849099,0.156469315590002
"4",2.02471196133014,-1.16727900179782,-0.345699868950509
"5",-0.62701236430985,-0.454979507183257,0.0123034395475403
"6",-0.0742501212682951,-0.968900285469986,-0.918921873751216
"7",0.529870930237575,-1.14280397692234,-1.00920767797088
"8",-1.38662492475636,0.460126182662901,-0.563196578330542
"9",0.407633969413655,-1.06729020241833,-0.749858758603403
"10",0.398488322257799,-0.804927968329302,0.552501060653446
"11",0.524128900606616,-0.699840707001041,1.20037207835911
"12",-0.156597264226534,-0.691826713664528,0.306685438364767
"13",1.27357403039952,-0.775984311407174,1.32106849592371
"14",-0.990285323141838,0.0228886344888666,-0.433248827749002
"15",-0.863413451939282,-0.259347749478797,-0.554510954521244
"16",-0.450417087891053,-0.611280374231464,-0.0614058372360093
"17",1.17585245068267,-1.0031023523235,0.135913284636619
"18",-1.39781806211623,0.438700350636802,-0.710136930333729
"19",-0.737041048734877,-0.404953800433446,-0.340342064256554
"20",0.167146812929628,-0.992606316541593,-0.659076115313221
"21",-0.864938966708304,-0.156992517427552,-0.0563349063480274
"22",1.58566845103605,-1.15143654913918,-0.418795844672628
"23",-2.21761767534025,1.21056494825977,1.53528923222531
"24",-1.07957136862724,0.486290557916177,1.14041635278174
"25",0.201697708397816,-1.09043859516927,-1.10276927291234
"26",1.65988203885439,-1.14177997205983,-0.341812270803722
"27",1.14062643387147,-1.30140871827851,-1.37437873740054
"28",0.230776254339094,-0.865573741594825,0.0584296799719812
"29",-0.15296764855504,-0.93566462531777,-0.905056380453755
"30",-0.196689670729695,-0.91236392980429,-0.880989172567464
"31",0.959678862224298,-0.751314483336186,1.27131922039061
"32",-0.0701384056188436,-0.809761832953966,-0.115728761888755
"33",-1.65000314006557,0.595240026941122,-0.641761368482543
"34",-2.01065943761393,0.82112841248214,-0.155412148981684
"35",-0.189379212833137,-0.0230993655138156,3.58121273643345
"36",0.655545298486953,-1.12479236510623,-0.811466117940882
"37",-4.24878736872216,1.29717289425775,0.898558554174813
"38",0.273721158281268,-0.812754814680082,0.374794324070934
"39",0.119685476278281,-0.103354202130445,3.72159925426243
"40",-0.166562125523884,-0.910987505264872,-0.809771408527601
"41",0.836187005406128,-1.28102530605623,-1.45798529032838
"42",0.729420317693618,-0.803201217536037,0.854169593949513
"43",0.602338248673574,-1.12623863511846,-0.862729796615308
"44",-2.69927467541097,1.26379165915126,1.37996201886234
"45",2.02346963821651,-1.31442237221313,-1.0817944222302
"46",0.495674409775618,-0.354601050299278,2.90017994326345
"47",2.17914109792387,-1.19252491682028,-0.426955354002084
"48",-0.23499143152669,-0.690219075919418,0.143582763362741
"49",1.14040362522171,-1.2046812266958,-0.890861521963121
"50",4.0931903034497,-0.649776364909311,2.63873921540268
"51",0.586038050452697,-0.458799271832179,2.46053198326639
"52",0.753446995723385,-0.995523395752238,-0.0894902272328981
"53",-0.358884577608086,-0.581488303229301,0.369580429517185
"54",-0.114038118631659,-0.441988248220573,1.64078554982585
"55",-0.552095392759799,-0.415177086688932,0.543180016155001
"56",0.815653239807647,-1.12637883992796,-0.699008371893042
"57",-0.939080380983327,0.202147510996982,0.992154051293959
"58",-1.24616659881441,0.427796788044282,-0.140110746289135
"59",0.270861708255414,-0.898940958158226,-0.0595387741180577
"60",-1.58743069364406,0.602873456370977,-0.453657636767924
"61",0.538357341510294,-0.988768381928273,-0.231343841046896
"62",-2.31899191902705,0.787737970276579,-0.684739280369542
"63",-2.15511418360582,1.02844055875499,0.695906063568048
"64",0.554866609453237,-1.19611524523292,-1.25330652629723
"65",-0.84856913371964,-0.226592283900627,-0.261629488721635
"66",0.325928931236666,-0.972245857857743,-0.362395116167433
"67",3.7768897949688,-0.825796080605095,1.71802888388696
"68",1.69846108859185,-1.23132197047131,-0.775125687905757
"69",-0.796220912123663,-0.247817282114923,0.045166204071692
"70",-0.611008608018408,-0.217616508573577,1.27461429308345
"71",-0.317698418170667,-0.603841627848911,0.37068736286593
"72",1.566429481275,-1.0092761340678,0.284340524856944
"73",0.389400799819166,-1.15562780522581,-1.21047916351053
"74",-2.24055539355317,0.909869901444059,0.006856177019118
"75",-0.5063401599871,-0.341201852461641,1.09157303823709
"76",1.55788619110669,-1.07562984822849,-0.0508628352579448
"77",1.0356508985983,-0.895828780008176,0.594545544240794
"78",1.4723926379509,-0.86889291263908,0.947368812204721
"79",-1.08140240978794,0.162063022929428,-0.494049372691261
"80",4.05153289392865,-1.42479747078226,-1.24145122899966
"81",1.42127115015662,-1.08743827241566,-0.167542594300456
"82",0.492859984255004,-0.975506332033257,-0.206997316672543
"83",0.980700732316118,-0.879725652247123,0.642214522249061
"84",0.934347801751367,-1.01776162347553,-0.0768173634428113
"85",0.888505324840934,-1.00398958232521,-0.0375844722821135
"86",-1.29934553642646,0.424625727979017,-0.39784565371952
"87",-1.21666714970888,1.05497566469242,3.1428561514415
"88",1.33223325778972,-1.04758881923401,-0.00883389633918252
"89",1.32425142737502,-1.16728821555392,-0.611089004382121
"90",-0.80947494347887,-0.38210352012843,-0.725046568686673
"91",-0.206197135002685,-0.887921165326038,-0.779691254119585
"92",0.043131070020976,-0.768299469012576,0.282683158188485
"93",-0.359027203754699,-0.729787562503014,-0.372320678123588
"94",0.627956369095051,-0.755426562568001,1.01280375920053
"95",0.414892872385756,-0.949961909559675,-0.155779408122633
"96",-2.95244564605597,1.38214894255085,1.81292633027471
"97",0.224346548538977,-0.69423982611953,0.90705167408756
"98",1.03342967910668,-0.86332947438744,0.755741766206809
"99",0.260160015362688,-1.02506447171908,-0.702987085169479
"100",-0.490918699867459,-0.498768392248396,0.360325546123141
"101",0.81977371690624,-1.25163547288629,-1.32241084546413
"102",-2.03657430477454,0.999794417746494,0.702341027071511
"103",0.237055357826192,-0.413576301862961,2.32621906610224
"104",-0.688721141668035,0.403373220587354,3.98569518111149
"105",-0.630015410159749,-0.277326674955648,0.886097976373391
"106",-1.90287736080069,0.68578554666489,-0.671366394364561
"107",-0.46282141555215,-0.682612958671536,-0.460051851851051
"108",-0.829132976148467,-0.213504404973446,-0.0355574647710044
"109",0.365562463258691,-0.916714670392761,-0.0412187696765787
"110",-2.09726961518406,0.975965829437566,0.504019156772331
"111",-0.78292574789025,-0.516686871402688,-1.20367069926277
"112",-0.267576590476475,-0.722971462280468,-0.0976269958746245
"113",2.15623421758488,-0.977996132189011,0.639256219259001
"114",1.14783053822215,-0.771023803158478,1.28142282572238
"115",-0.344161400524776,-0.181869187076525,2.40893527953575
"116",0.757126939528162,-0.962253605740185,0.0795746449033596
"117",-1.30471943945131,0.433820520544953,-0.374805048217223
"118",-2.75106183443149,0.854195451889069,-0.703238970209406
"119",-1.41162346045059,0.782375392921311,0.960299296300581
"120",0.636730124970238,-1.02088355286001,-0.307244362734233
"121",0.210718101917903,-0.882469378200552,-0.0513516747947653
"122",-0.776149955928711,-0.215504233778057,0.349602731293026
"123",-1.72261522673413,1.14266563750264,1.93859074385308
"124",-0.155342731578538,-0.696125519697799,0.287770114673916
"125",0.554661357341145,-0.155538567730685,3.94939465671133
"126",0.243489017512809,-1.01364605487922,-0.666193148692757
"127",0.270704091548302,-1.03833295151176,-0.7566866009359
"128",-0.46428076132621,-0.6789317041658,-0.446649773993668
"129",0.146542679939515,-0.99922346986429,-0.720174734206667
"130",0.697915768913928,-1.10614130286279,-0.684658621528114
"131",1.94701166324773,-1.22703666294546,-0.668632459458585
"132",0.685203502833514,-1.08223873950742,-0.575076863256936
"133",-2.91009026237887,0.859047229870052,-0.778204974758741
"134",1.09597229921315,-1.14516507748513,-0.617668455532903
"135",0.947319549761724,-1.20775979543148,-1.0186247463338
"136",-1.87505320887413,1.20006588550242,1.94524182576775
"137",0.772476219638292,-1.11607287705327,-0.678287528084471
"138",-0.746263033636149,-0.37953102901133,-0.271552374238719
"139",1.72257315843869,-1.40250294577169,-1.62220669576071
"140",-0.36495299349842,-0.724320954315279,-0.36189510832696
"141",1.03178289355742,-1.11924287044984,-0.524790707739818
"142",1.14582215719092,-0.425289967763673,3.00901327277684
"143",1.1240660605675,-1.31340566735078,-1.44335582598197
"144",3.08342745397041,-1.13041486510337,0.0863596486787439
"145",-0.0626201166245151,-0.79459583715263,-0.0262930220674749
"146",-0.275694107734391,-0.584453356872172,0.575038010743558
"147",1.80194053483138,-1.18963350412076,-0.529720007765373
"148",-1.49849505911811,0.492520645057691,-0.764040256337075
"149",-0.321584065364771,-0.555891661740725,0.600120205084874
"150",1.67221129152273,-1.21703877739996,-0.713467527211271
"151",0.543802627729189,-0.808817897457644,0.673306879505847
"152",0.421795377379642,-0.626108629833354,1.47050806648264
"153",-0.957404082046282,-0.0478112101465862,-0.457341982870933
"154",-0.257167729958948,-0.865451438083989,-0.784852267714699
"155",-0.778810224357915,-0.322580162172673,-0.204267712599098
"156",0.365713921163802,-0.100284931370325,4.04109272496433
"157",-0.883204197647397,-0.120907539861017,-0.0438201473672026
"158",-1.22600421031419,0.308189954087646,-0.638702718090452
"159",1.56940596025282,-1.24909190328129,-0.913546106497283
"160",-1.28337649724386,0.681390670618041,0.955696857136853
"161",-0.527487310086954,-0.26717792602884,1.38123481124949
"162",-2.61625908277001,1.11912812073283,0.716470379322703
"163",-0.8784710744762,-0.0270976388952472,0.469660562942383
"164",2.19736657067527,-1.03870507962414,0.347204969642836
"165",1.97765138918033,-1.25633378867124,-0.805469057659116
"166",-1.1146113330551,0.266826215317052,-0.200786685688312
"167",-0.0936859027225881,-1.02574744364741,-1.23919966447507
"168",-0.455018747561985,-0.782280850684262,-0.931868491551257
"169",-0.671499900200898,-0.517315214910044,-0.52423059840656
"170",0.120878569472741,-0.995897112239094,-0.739420066241119
"171",-0.473632114579721,-0.388859469670532,0.971313160226914
"172",-1.19785117944251,0.589319748404117,0.913772626904259
"173",-0.2725919744182,-0.701501935700878,-0.00255963065241316
"174",0.874377727977099,-0.112840870448019,4.40879978992143
"175",-0.201602756139569,-0.937244703168387,-1.01616384711784
"176",-0.668438413682334,-0.655413616233314,-1.19849457323679
"177",1.02789485198452,-1.04546347715382,-0.158178215554659
"178",1.72668847099061,-1.28386813282602,-1.02753972290801
"179",2.56828994023256,-1.28205222744765,-0.776335390009255
"180",-0.0859789456605739,-1.01258143202266,-1.15896068430719
"181",0.984773683374531,-0.285764112308059,3.61450632791972
"182",-0.946138701315279,0.0415398212004961,0.11072016542946
"183",1.07359537662957,-1.01776926717461,0.00671166239085741
"184",-0.133816431500599,-0.691378110733774,0.355026683305516
"185",-4.52158060143332,1.70039423357787,2.85046636911857
"186",1.55567733127568,-1.15183761590398,-0.432792841461419
"187",0.856607649162898,-1.03494505128254,-0.213651607459835
"188",-0.312110887750392,-0.818812150835678,-0.689446014813027
"189",0.295956369616338,-0.902164822928533,-0.0461645926180128
"190",-0.256293705277618,-0.717852279016306,-0.0447614766382916
"191",1.18197797962557,-1.11698764774761,-0.430300898150133
"192",1.11600467096248,-1.21922534837892,-0.976872507678503
"193",-1.74026251857663,0.509324216401467,-1.26373311532606
"194",-1.227376122643,0.444857912380377,0.0377247177514688
"195",-1.52089260276145,0.70355065003787,0.226846507549442
"196",0.636281569784045,-0.94577453550106,0.0679321732428262
"197",0.495797029734733,-0.860533423253821,0.370633403371955
"198",-0.471404361489516,-0.824058739352955,-1.19691250907473
"199",-0.0291175084820559,-0.904060945118323,-0.514659304273081
"200",2.3062387015287,-1.23301419274931,-0.595111963500832
"201",1.90868988381231,-0.565321548407766,2.62763201241683
"202",-1.71701085392102,1.36465780279463,3.06005594116057
"203",0.236422950839895,-0.440113555884108,2.19274951853126
"204",-0.896649626011736,0.00908229905179161,0.476222368634899
"205",0.790073595311585,-1.222469032031,-1.19757255295929
"206",-0.767220989255705,-0.27131842989538,0.131637004116121
"207",0.950388971799434,-0.99503954379055,0.0469003336647642
"208",-0.348467993795459,-0.711403829801086,-0.250698992641406
"209",-0.180113891317736,-1.03392953128974,-1.45306211043436
"210",0.146555510137031,-0.733863095567924,0.606644796622661
"211",0.824248863194162,-0.737590038801034,1.25093349125773
"212",0.55005133565556,-0.942660898337584,0.00968111088667678
"213",-1.59121319384843,0.994375108301356,1.49435540462802
"214",0.72100204849849,-1.18284738360365,-1.05044191024656
"215",0.555205570868565,-0.526194370193893,2.09659866961172
"216",-0.278825478918013,-0.876482005330396,-0.892861351187231
"217",1.36909080133485,-1.18438757365671,-0.675743329645152
"218",-1.12515215866836,0.155093348381218,-0.828465557109586
"219",2.76502422161951,-0.74903404137568,1.93163476186218
"220",-1.5525901155908,0.957416319264515,1.40934126404189
"221",-0.381140290552042,-0.779455044314298,-0.684649251548204
"222",0.537576630339082,-0.599467069278404,1.71445830801939
"223",0.185900332372267,-0.818504545265227,0.236340730139617
"224",1.0708452304994,-0.804012773083167,1.07393068457268
"225",0.204906926439654,-0.914651225797851,-0.219701704136251
"226",1.09900315392501,-0.958530359185496,0.317195040135847
"227",-0.753565206399545,-0.459359098649956,-0.717872915962382
"228",0.234165696304359,-0.613752593752003,1.32175396182606
"229",-3.8265878462842,1.03596088635489,-0.288241514519272
"230",0.501114443247483,-1.01675265568955,-0.405475168104408
"231",1.27009958872177,-1.28923643973808,-1.24689484199075
"232",0.00428023349161506,-0.525142077244734,1.43612735079519
"233",-0.909532296465792,-0.259907872632601,-0.998580505395775
"234",0.0637711049501978,-0.564618099331481,1.33296505983023
"235",0.35673654993001,-1.03070931213676,-0.620724222674127
"236",1.94163513226958,-0.972253714534285,0.603571486277276
"237",-0.449204516955778,-0.691301717632914,-0.457460814160161
"238",-2.23311325994159,0.771172611527855,-0.67859958080474
"239",-2.20186871594118,0.790709475814401,-0.546492931827557
"240",1.38453179963037,-1.15759462985577,-0.53475029011477
"241",-1.36890420168597,0.42765243337116,-0.660737069587308
"242",1.34643042124573,-0.966846739141611,0.401509276781674
"243",-0.0260023857838029,-0.800049224490075,0.0107469048043702
"244",2.64133570913621,-1.11768648532395,0.0618874135948504
"245",0.248394269392114,-1.00699287063303,-0.626914953814699
"246",-0.785661724723895,-0.134667963145524,0.687052132309597
"247",-0.700235373887636,-0.489306873070598,-0.5424270837511
"248",-0.786713421997117,-0.359255097444825,-0.44336848743513
"249",0.301084150936695,-0.835917970354886,0.290996193123504
"250",-0.0536318114133857,-0.753342671267577,0.196055530865267
"251",1.00306127318934,-0.999709371732553,0.0558347774165981
"252",-0.386997083113219,-0.609632531372018,0.147095837574801
"253",1.96896964834297,-0.778274257788158,1.58211176695667
"254",-1.89318394213739,0.799929801958585,-0.0850818209248949
"255",-0.386109713655588,-0.658884039244566,-0.0965187863008499
"256",0.942317935969192,-0.915609991594386,0.438979128765523
"257",3.61056576303772,-1.30132645491061,-0.682987855131577
"258",-1.77016925388053,0.79671616618558,0.114897608936951
"259",-0.645331380773102,-0.411008652596792,0.142342385620268
"260",0.1536855587737,-0.967437247916684,-0.551454165679355
"261",1.97994275724029,-1.06483081879123,0.152760594266403
"262",0.233587046289189,-0.787840122273951,0.450597279507629
"263",0.151690432850621,-0.885311181620206,-0.143549765922659
"264",-0.515015946193522,-0.670317022537188,-0.586600997538072
"265",0.221012018047899,-0.771708581806434,0.515510883401649
"266",1.03811186566702,-1.0888130692486,-0.368937885701057
"267",-1.40121737991685,0.52356617646869,-0.297729445158402
"268",1.55429849703075,-1.0864584870752,-0.106454139609184
"269",0.70573552958729,-0.846130962387245,0.621445627630387
"270",-1.7151816517047,0.874003500318644,0.610559865610857
"271",-1.20885750436713,0.262731105375962,-0.777726563317727
"272",-0.72032724645729,-0.480277904135275,-0.614692061895199
"273",-0.872923196398339,-0.0546592228823695,0.383102623716935
"274",-1.65747079705082,0.476225505703762,-1.2537646685181
"275",0.571420702962227,-1.15338137162349,-1.02505976296225
"276",-1.65549966814494,0.567088477320397,-0.794999771003345
"277",-0.21700495157107,-0.656642658720302,0.352553496268843
"278",-0.98635278897328,0.125293234945454,0.116359797914938
"279",0.175750833903495,-1.01313715872372,-0.750234201556618
"280",0.749989254624853,-1.16465712633073,-0.937718839164935
"281",-1.64758104931063,1.0639689235983,1.70741655049851
"282",-0.505568416227884,-0.738088436505897,-0.889987200373082
"283",-0.25412366026823,-0.800673725946852,-0.453679740612835
"284",1.20011308836688,-0.464433210051995,2.84189666657088
"285",-0.636558253613569,-0.488507097354155,-0.201670902361646
"286",-0.902782991305139,-0.146949228789817,-0.365079238427993
"287",-0.463825383851037,-0.567739745992378,0.110873023467402
"288",-1.39514748628116,0.586123472960966,0.0363993115163233
"289",2.13403820350364,-1.31035017628309,-1.02882370397115
"290",-3.01377602699121,0.904677683546707,-0.608350789164354
"291",-2.27840849150466,0.932853694796973,0.0818911207525938
"292",1.37414386219887,-0.711924145131789,1.6888820883431
"293",-0.104839804525166,-0.315042150089978,2.29319522513785
"294",-0.178905122622516,-0.88455748912924,-0.703629124017061
"295",0.00790234240636436,-0.499700516149287,1.56928160305601
"296",-0.33767172603824,-0.872298763177385,-1.02535310554268
"297",1.43508969303942,-1.08724813371932,-0.160519485872956
"298",0.198562799902393,-0.9941476451236,-0.625364507462979
"299",0.0953133310763954,-0.967294217034407,-0.633279098878716
"300",-0.304270686742769,-0.946708684609371,-1.3085036600718
"301",-0.307957999345108,-0.595071438465248,0.440109468403842
"302",-0.0312462335070482,-0.9241487871019,-0.618765696664019
"303",0.0537571436593937,-0.289780865117979,2.69179088505124
"304",-1.95622039804613,0.706141262132911,-0.651858057089368
"305",0.527479571204382,-0.589175109154189,1.75675937061438
"306",-0.0693400769821441,-0.978457920927699,-0.957757775575331
"307",0.951766426006882,-0.973548490399142,0.155217393406253
"308",1.10772289532711,-0.966552892575909,0.281922457417399
"309",0.736753721406919,-1.02661038960232,-0.257356697045781
"310",-1.50178183302796,0.512119196581799,-0.67563530630486
"311",0.404282767980575,-0.896856245706928,0.0988582431051492
"312",1.22356562971023,-0.899259579938331,0.679768952588456
"313",-0.950801198442445,-0.0296279033791042,-0.295882610113993
"314",-0.427964068328227,-0.452622435630849,0.80544793393257
"315",0.158143658316551,-1.00739102801417,-0.745155430414675
"316",0.33024714071682,-0.614135380023156,1.43298955546645
"317",0.955681261993617,-1.02427347016819,-0.0959634601581376
"318",-0.179259395794833,-0.514817510795675,1.14431720432279
"319",-1.51923741255885,0.921834585907778,1.32293055487488
"320",-1.3560152514424,0.491806364839612,-0.291371358445309
"321",0.547400455716741,-1.02365841135174,-0.397673437597727
"322",1.03002034316344,-1.08220476972342,-0.340634951978205
"323",0.503138559049852,-1.00955479439985,-0.367594190616755
"324",1.79994128512763,-1.20855751493114,-0.625032363405986
"325",0.293333285363415,-0.908505076333793,-0.0809105053807757
"326",0.205046010996789,-0.480364078504315,1.95191270620751
"327",0.260280716719486,-0.994363482274545,-0.549336562739852
"328",0.391029700914282,-0.785773354682582,0.64049916515066
"329",-1.8991513710013,0.924086440167042,0.526097205774714
"330",0.693339413540719,-1.09124531335123,-0.61374065640284
"331",-1.03495060693015,0.440867615076891,1.26033170688516
"332",-1.34752116442202,0.545855152189953,0.011589409921803
"333",-0.483138689654602,-0.650581934648428,-0.37083515184291
"334",0.321619022670177,-0.931900642782393,-0.165514650386086
"335",-0.260160590466469,-0.842700035103267,-0.678291045080789
"336",0.0951584674497449,-1.06884517282001,-1.14126080277354
"337",-0.485689302294516,-0.642630488559589,-0.340180676721274
"338",0.747528921547591,-1.17387518512545,-0.985635412739032
"339",-1.54342963111675,0.553082050710684,-0.587711927989356
"340",0.624478720623224,-1.09054971460804,-0.66569685893912
"341",-0.0585697383389478,-0.585927055075411,1.02432272223703
"342",1.71317617468507,-1.23510733127048,-0.788651812434919
"343",0.832616248134116,-1.19995235528887,-1.05508162129287
"344",2.66041536268325,-0.723854854371342,2.03523332289769
"345",-1.27519614193899,0.707992663402677,1.12535950516971
"346",0.876895180292002,-1.15154536264257,-0.783046816968396
"347",1.41818052181138,-1.16110612599914,-0.537247827167906
"348",0.0390970908330873,-0.627304311440503,0.981330449652213
"349",1.94153376557577,-1.18600665677293,-0.465225530566624
"350",1.22068755044146,0.59971174250938,8.17316349137812
"351",-0.959909933706176,0.145453416455536,0.482613664295524
"352",-0.795341130902003,-0.435987020884763,-0.889253705918412
"353",-0.710956881559393,-0.469142014318821,-0.503528379742196
"354",0.577904106658668,-0.564355204021481,1.92571756239328
"355",0.757762367294164,-0.884657372206606,0.46802389046546
"356",0.0116513664145133,-0.585383715076447,1.14699076073013
"357",-0.637314707581271,-0.725843929958922,-1.39206988061576
"358",-1.95860659549829,0.723060059763799,-0.570816252551547
"359",-0.781196335908521,-0.321894142153148,-0.217536361981103
"360",-0.563761848155215,-0.677307317393228,-0.815726534733354
"361",0.755234295374067,-0.390145831862093,2.93871777743591
"362",-0.803325291865528,-0.254877436180209,-0.0426277404112854
"363",1.68667158898388,-1.05250343833798,0.114604249366577
"364",-0.736251255587734,-0.0298869884482792,1.53992307716788
"365",-0.979058838206817,0.181798994817102,0.469858456517356
"366",-0.103474180994979,-0.932389936518255,-0.790938571913175
"367",1.79165743069514,-0.865398416807131,1.08788567670599
"368",-1.49929581052156,0.861091118338012,1.0764711665985
"369",-0.77729974856601,-0.0529941735844771,1.15417742618877
"370",0.0133353345854777,-1.07704297153543,-1.30856401465064
"371",-0.160691344987963,-0.585362896883634,0.830555938408517
"372",0.765448622113631,-1.02111899466349,-0.208642893729898
"373",-1.02398535778393,0.0909414378451563,-0.396916955835047
"374",1.1888940441016,-1.02883135173068,0.014089970132126
"375",-1.03333657860295,0.0514485675594814,-0.673353217637168
"376",0.519801796769495,-0.898568559805441,0.202767103919069
"377",-0.953555853134761,0.23317697943563,0.988522374740448
"378",0.391249205394903,-0.824811811957713,0.445536560507042
"379",-0.240503896616799,-0.60359900086799,0.563858787981696
"380",-1.43836195248437,0.404571975448549,-1.01808706780203
"381",0.17087785972841,-0.972136951541502,-0.551729731096253
"382",0.730629581163399,-0.36715872563294,3.03529469774978
"383",-0.117546800790151,-0.993178071259546,-1.12196843526831
"384",-0.921522132190771,-0.167998944067831,-0.664924887945481
"385",0.0238741790017011,-0.805113940069556,0.0681024450252052
"386",-0.264797149960961,-0.77154468038718,-0.333729888569729
"387",-0.678722201709094,-0.233816291662509,0.85451184909613
"388",-2.09723953097361,0.727951696472709,-0.736013629991214
"389",0.612141477940973,-0.834938289147499,0.602050028667886
"390",-0.337640002426387,-0.339463079602564,1.63891213308101
"391",0.722860424796318,-1.06203846236787,-0.444984614658182
"392",0.98022149228352,-0.959574187978013,0.242679021027499
"393",0.984750251522251,-1.14283139424674,-0.67084434981568
"394",-2.20212558773629,1.13293018117783,1.16432284609183
"395",-0.640757427290206,-0.270875583899567,0.865784350343852
"396",1.18961377763813,-1.00154955852044,0.150873494951911
"397",-1.63812035674049,0.814925480518077,0.484013344607453
"398",-1.32371887366936,0.540545965916615,0.0797844984644702
"399",-1.21630740714688,0.313961542019921,-0.560358642734231
"400",1.72360637439518,-1.00354629211717,0.372951747643709
"401",0.168487381713272,-0.60564255484016,1.27754158539395
"402",-0.00583237508070453,-0.934232772584806,-0.626078837461501
"403",-0.684699481397602,-0.440957878929361,-0.213775739120816
"404",2.01036233168163,-1.33260542781596,-1.1767108955254
"405",0.0601355366870845,-0.795640840758929,0.172297313614347
"406",-1.64198604495412,0.674271606132589,-0.228208140038138
"407",1.32794383613924,-1.1507799623559,-0.526806602528822
"408",-0.480686444957818,-0.520980972174393,0.285879161339872
"409",0.292653922601541,-0.996928666049177,-0.523818436504041
"410",-0.407413051577188,-0.454928085952956,0.858645719853837
"411",-0.243485436297738,-0.968264612067097,-1.26645181835209
"412",1.56807253634304,-1.00478959028334,0.307431646116358
"413",0.315538524386359,-0.551528398552707,1.72947156293081
"414",2.03404794487756,-1.2522933361751,-0.767941591149262
"415",-0.307036961324473,-0.731203654837791,-0.238154928448086
"416",0.382368612249851,-0.83695829496402,0.375469463953008
"417",-0.689801015662697,-0.298393083516878,0.470870103105469
"418",0.40492857296805,-1.16027202416423,-1.21755433282497
"419",0.261490909042093,-1.02542212246335,-0.703171269205046
"420",-2.28844143886339,0.929873347263128,0.0566801648801141
"421",0.0544283266526539,-0.892948109557088,-0.32300969854968
"422",0.0726366707448564,-0.563468673570202,1.35214964803371
"423",-1.0151767614713,0.14036442780546,-0.0733616598070275
"424",-1.20203618426375,0.522736145432289,0.558409877616644
"425",-0.0413256209172533,-0.634329965673766,0.812820999938719
"426",0.0488726797817793,-0.717673924219434,0.544762121319017
"427",0.423913996081521,-0.712204612983853,1.04217315375796
"428",0.154058626319488,0.0994847728161207,4.78366493674211
"429",-2.12393657108486,0.879362156101155,-0.0120675570985682
"430",0.888020943086679,-1.29020768082733,-1.46899404027472
"431",2.60688270743373,-1.34106374395148,-1.06265903042574
"432",0.383354846597429,-0.937255534291131,-0.12497576616454
"433",0.277542676204835,-1.10993469622642,-1.1065748806244
"434",1.61935353825812,-1.00926991828421,0.305232639277083
"435",-1.35171808209367,0.302628372191913,-1.22077963476129
"436",2.88029496562462,-1.25378528121948,-0.568779684792183
"437",-1.9708987720801,0.634182647520972,-1.03333553736374
"438",-0.919169439261285,-0.207577734230141,-0.837719090440696
"439",2.55085429141637,-0.782882039939696,1.71551534987601
"440",2.25041203217357,-1.22378131247046,-0.563724259039312
"441",-1.03552202316232,0.105265233747602,-0.422412587098125
"442",-1.4412311835832,1.79190244952144,5.90923710070258
"443",0.0376909325407431,-0.179288868276157,3.21919397551
"444",0.508422011106511,-0.983991590735309,-0.234858237484251
"445",1.49616735672158,-0.980043906647816,0.401674751944968
"446",-0.603937797534911,-0.356130446144541,0.614558629164437
"447",-2.24954182680811,0.975243317471563,0.324110291221872
"448",-1.30645773992022,0.578508186704156,0.341270552162498
"449",-0.592218500086554,-0.661498728149828,-0.859486754913052
"450",-0.00495474511161777,-0.410536277227483,1.99386640724759
"451",0.174794998974741,-0.776722540531435,0.4305675348234
"452",-0.865344537154349,-0.347033999808886,-1.01016871044107
"453",0.507462378374386,-1.04447862478219,-0.538185107583124
"454",0.706163275432308,-1.20460132221536,-1.17057632086753
"455",0.611928624292495,-1.2301286028101,-1.3740804694936
"456",0.811300430553141,-1.13063723038302,-0.723354510746408
"457",-0.295712259292488,-0.742111779347512,-0.263522056286523
"458",-0.377249462497779,-0.628632003410758,0.0809050858879883
"459",0.78188283253736,-1.00572510840768,-0.119738052595269
"460",-0.520264530015419,-0.337453235247776,1.05772191333295
"461",-0.249230030932678,-0.355359844219543,1.7845260939228
"462",-0.447392088209278,-0.669159943936783,-0.340712919107021
"463",-0.959635116603882,-0.0511300285482762,-0.497422531662433
"464",0.540546748015073,-0.992487476220139,-0.247966721047195
"465",0.782354623018649,-1.17966098966365,-0.989077336957613
"466",0.800866796523209,-1.14792785121662,-0.817175140052273
"467",-1.39544548727836,0.629259236847868,0.251024512403095
"468",0.350297383877171,-0.702926345327956,1.01117931251486
"469",1.80639583692952,-0.762382141195833,1.6080765968866
"470",-2.2017379432737,0.615389567365121,-1.42294595119034
"471",1.56329862850934,-0.934662115188627,0.656154085525174
"472",2.04582635174637,-0.896615967785592,1.01399440408686
"473",0.102824657294512,-0.754101709334662,0.443637898518384
"474",1.24814659019215,-0.529972964553359,2.53856529357534
"475",-0.366529333214012,0.00577366982670091,3.28405110377047
"476",-0.849412010830529,-0.0232344101721358,0.747982637334395
"477",-0.60149802836614,-0.473946979798484,0.0365784868241055
"478",0.336636066031845,-0.958975497426729,-0.284102786697188
"479",-1.97887781585104,0.867064034539986,0.119448551081731
"480",-1.80173606592453,1.47098633631053,3.42730045503201
"481",-2.83738697602866,1.22394693541695,1.09007790773635
"482",-0.363588169179494,-0.671486530577422,-0.0938134905640673
"483",0.127958340232258,-0.888007979425282,-0.189965519446086
"484",0.144557150885976,-0.479247308173624,1.87696992902192
"485",2.17912301752943,-0.948916299420159,0.791082687375361
"486",1.58278946903194,-0.874648883014246,0.964001416398983
"487",-0.212239596547721,-0.673959734241364,0.276664554452735
"488",0.526310549368359,-0.897559836608738,0.213769506167234
"489",2.61819977731136,-1.28835014879074,-0.796560786666807
"490",2.92704666419702,-1.19795845804684,-0.280523627424335
"491",-0.793683911150128,-0.258643930261212,0.00952907615840326
"492",-0.485979439238405,-0.795364747437548,-1.10489027572242
"493",0.0838418784587765,-0.912276680771533,-0.375119508404906
"494",-0.598209262799062,-0.465869633246853,0.0918380541810717
"495",0.126404169906594,-0.914625890541063,-0.325244870439584
"496",-2.17859542752115,0.73767638552367,-0.785250870067446
"497",0.427104359288047,-0.983682654811952,-0.311995775452381
"498",-2.02955535737628,0.949457784010327,0.460184888364052
"499",-2.19507289346343,0.914062060969835,0.0779119059051756
"500",0.385397722980658,-0.653830296142477,1.29430324179599
"501",-0.115716342501876,-0.800915521630007,-0.157101380041328
"502",0.564750955883866,-0.860420335937531,0.433899961298138
"503",-0.733495794431101,0.117862044373553,2.29579428070185
"504",0.543679718338999,-0.779203059186692,0.821270793299162
"505",0.0460530734759366,-0.315130258197448,2.55309286151736
"506",-1.88531380469954,1.18402230717398,1.84816179421189
"507",-3.95463860074282,1.23643672025017,0.675009787695218
"508",-1.20176476038051,0.384496034415313,-0.131341735154287
"509",-0.17628007252602,-0.927772280115845,-0.914131812777891
"510",1.64889124113381,-0.820370330323205,1.26107030233062
"511",1.31049817976059,-1.16791088373065,-0.620727611501671
"512",-0.113561012748996,-0.926204312815948,-0.77937208146753
"513",0.699655002422338,-0.767890744900935,1.00794403704229
"514",1.58476171794984,-0.799324583798815,1.34140483149392
"515",-0.645020179022055,-0.285868035392773,0.769602706873223
"516",-0.0492410106276563,-0.723104472176063,0.355031413396279
"517",-2.3063433429905,0.727990915396683,-0.970863312981844
"518",1.88504739280073,-1.23675792442933,-0.737283443424092
"519",1.41432547951962,-1.0588117788965,-0.0274839398781512
"520",-0.011382254776718,-0.940274380707012,-0.665576455416286
"521",0.870816070918101,-0.748080124917551,1.23022650936048
"522",0.751568941107176,-1.15576507611838,-0.892088090261133
"523",-0.448853204026686,-0.493414452448329,0.533147688353331
"524",-1.77287669232182,0.71349540621953,-0.306365090043431
"525",0.268211730518013,-1.02958421146378,-0.715917899793281
"526",-2.56102908438078,0.961677552567739,-0.0284843987326713
"527",1.89885715872924,-1.28157098450795,-0.95681850312704
"528",-0.229280535260554,-0.69509040526864,0.132396428363225
"529",1.36875940391389,-1.05101841109611,-0.00904918395308885
"530",1.02145360642532,-1.21172752100493,-0.993298472506063
"531",-0.733472959492541,-0.523516703023431,-0.910958032493512
"532",-1.89656744286833,0.891194138423861,0.365785214280757
"533",-2.1371379852981,0.790543184627281,-0.472166288622007
"534",-0.285433252607083,-0.810176700869959,-0.577830964652704
"535",-0.0848507306871407,-0.702174139641072,0.395172087224557
"536",-0.26975801390532,-0.745388424766012,-0.21504094397952
"537",-0.358922364494902,-0.651266100226954,0.0205842049032916
"538",-0.0724502329995019,-0.631258782531937,0.772574359744885
"539",1.07139696506414,-0.881855114052047,0.685032905123905
"540",0.0100462218005639,-0.849871410202989,-0.178066520300602
"541",-0.94405268656512,0.191847009777341,0.885229006557806
"542",-1.35644591161761,0.432583401084843,-0.589130153843167
"543",-1.48659914531118,0.502571980049283,-0.678615947486494
"544",-0.882610561142427,-0.0813929776092841,0.159361587339304
"545",0.975428608195226,-1.06174924195846,-0.27113096133323
"546",1.03220312693615,-0.897427776659884,0.584531258252238
"547",-0.473496399080336,-0.71764667512025,-0.672148526690828
"548",-0.620959980041849,-0.556522116262868,-0.466541575276632
"549",1.81901984047146,-1.17401467149793,-0.44574542022505
"550",-0.508542530623067,-0.852620640708169,-1.47374298841881
"551",1.24172995757807,-1.24280435114256,-1.02879771602488
"552",1.11543699429616,-0.983046775668834,0.203708204982445
"553",1.26898742702734,-0.898772720028327,0.70487783010631
"554",-0.748780179424371,-0.40651839516065,-0.422651656075856
"555",0.427435311052559,-0.585142159329499,1.68104025613529
"556",0.997408170302204,-0.799015727170989,1.05590289283716
"557",0.187188278899252,-0.836015466326253,0.150476644396282
"558",0.164331933951438,-0.277072675579778,2.91480551116972
"559",-1.35849977899102,0.464117003388609,-0.439283013153416
"560",0.852107084106284,-1.21598686646476,-1.12191066526864
"561",0.338928422295205,-1.0769727244597,-0.871550393892091
"562",-0.640851161975439,-0.383495737593105,0.302219200435315
"563",-1.22914848604662,0.839034659581396,1.99971060898044
"564",0.461587139471575,-1.05943254627867,-0.656590766887409
"565",-0.280181761348746,-0.460173507511803,1.18530957474067
"566",0.991266412625545,-1.26814129942817,-1.29343634278455
"567",-0.324439215909015,-0.523557361388586,0.754168043768488
"568",-0.170481783586173,0.347533517192171,5.47462624829268
"569",-1.79508340636239,0.886357531576141,0.516364484512773
"570",-1.79433247487549,0.72664181383883,-0.280829001587502
"571",0.395665370131453,-1.06138853697405,-0.732737337488015
"572",-0.355010561198555,-0.758455446815552,-0.50429775415734
"573",-1.53435337817813,0.62040830544725,-0.226311208838349
"574",1.84036763308616,-0.785451009825833,1.50433886550115
"575",0.767640348659679,-0.605297732957549,1.87206508191612
"576",-0.130551933630553,-0.707794262408607,0.279427835965522
"577",0.398941379121332,-0.676274353708838,1.1962394572941
"578",3.75999067647141,-1.13228765699526,0.183264251909012
"579",0.0592892692771271,-1.02652628240737,-0.983426405774227
"580",-1.31328052074207,0.976475970877155,2.30246954170323
"581",-0.625418479174718,-0.270569481620066,0.941993873287104
"582",0.694458637268912,-1.23160912005821,-1.31468718695788
"583",1.27573335285904,-0.738035887563855,1.51186668609866
"584",1.43846407524744,-0.732390494716749,1.61524292410206
"585",1.67928306584629,-0.941874721795752,0.664997299016144
"586",-0.778118074381341,-0.35625726395336,-0.367829484206522
"587",0.863482498255594,-0.307478625096644,3.42831727980159
"588",0.165512878477066,-0.973561742720979,-0.566049675151729
"589",-0.768316388780869,-0.231076221968444,0.325429986400194
"590",1.05442139154177,-1.13699663914379,-0.600395124150416
"591",-0.234002223611559,-0.757360225946984,-0.189833316001222
"592",0.369346149642623,-0.857226083756369,0.260283358141669
"593",0.881912755817267,-1.29072345882816,-1.47560761123031
"594",0.429515969859923,-0.51407260849185,2.03848243394755
"595",-0.348917748735332,-0.818597398144776,-0.787921056559637
"596",-0.759920693454146,-0.280095501636122,0.136642064313849
"597",-1.16626768003121,0.410847154997518,0.198278235170577
"598",1.16429386692323,-0.240478228565109,3.94293249851762
"599",0.422721466440438,-0.760551849643095,0.799230165633861
"600",0.123100943243341,-0.829497958369594,0.0957268363905937
"601",0.239263343087142,-0.177586967183631,3.5088960543804
"602",-0.292789571259104,-0.727932174951828,-0.185182442843337
"603",-0.695590586008158,0.793121993343711,5.89604370594625
"604",1.05177990408259,-1.2425083106323,-1.12947757173471
"605",2.21996990237722,-1.22118829431897,-0.559002806772918
"606",-0.638158839988792,-0.133799123691518,1.5640012236264
"607",-1.79497426933928,1.11257799450585,1.64766801395993
"608",1.56187328203037,-1.09850497387001,-0.163633101356821
"609",-0.663716437540597,-0.0850047522486038,1.67835158757094
"610",0.587778579304382,-1.14159095788848,-0.95192818285078
"611",0.917792487240316,-0.765219440028495,1.17532272682576
"612",1.90318980710315,-1.19042498145867,-0.499674715566466
"613",0.442674803629619,-1.08969798865985,-0.826501515409055
"614",-1.22835451491166,0.489661786150342,0.256827763859131
"615",-1.68489168703371,0.647997628762938,-0.455439982939359
"616",0.570745642994238,-1.06978050501724,-0.60764536368769
"617",-1.97184425941054,0.922791730076419,0.408326613915322
"618",-0.139479097442813,-1.02651413873542,-1.33196990844745
"619",1.14754340548279,-1.07450178325668,-0.236121198258198
"620",0.965831943878495,-0.618486889968753,1.93927066490455
"621",1.68377650699407,-0.996514655843028,0.393471919085366
"622",1.00324757033804,-0.529015077437173,2.40941803943741
"623",1.03926016267166,-0.665825148151613,1.74667175699907
"624",-0.339752203445202,-0.855682095082867,-0.947973791364347
"625",0.266020407830134,-1.13298176000359,-1.23552817376921
"626",-0.702085025085921,-0.264189439739311,0.572592928590788
"627",-0.018501850835595,-0.82967340678629,-0.124589272468199
"628",-1.34121914691661,0.545355898387118,0.033731468638877
"629",1.78029871658479,-1.16833567573261,-0.430769635344016
"630",-1.81975716258029,0.653070545096903,-0.694790725085471
"631",-2.29469742105678,1.01672528527366,0.484565630027122
"632",-0.469597231330847,0.113368617241236,3.49650351666808
"633",1.47992952518443,-0.96317103230265,0.479184922868755
"634",1.17740086147498,-1.23575729861905,-1.02654806459825
"635",-0.497128983452484,0.315053736965247,4.4068546363056
"636",0.708008810023703,-1.01305374136809,-0.21141670979398
"637",-0.691064126739996,-0.546766289271952,-0.778026347250414
"638",1.35378995073736,-1.17348000994762,-0.628244584641523
"639",0.163863150080712,-0.894349064808889,-0.172208274495719
"640",-1.89261835028164,0.912992478834937,0.481145715849655
"641",0.765553263065755,-0.810187473944354,0.846091249126013
"642",0.796385383705772,-1.16026306573338,-0.88203607287891
"643",0.270039327004839,-0.613958866898206,1.36439113886108
"644",-1.73543614695404,1.04213449120719,1.40996854456398
"645",1.90202598217938,-1.17594147019424,-0.427636571313695
"646",-1.65036936811803,0.653172421497169,-0.35293426623559
"647",0.765402979850234,-1.19477965555332,-1.07697958525064
"648",1.12406855241131,-0.797600313129202,1.13567230668484
"649",0.227769378318184,-0.915561730629155,-0.195266370343431
"650",1.61633991272645,-1.05665243136816,0.0671511086841292
"651",1.07772506982674,-0.990377882033306,0.146010082316142
"652",-2.51073519698837,1.15489222634831,0.977993470718907
"653",0.514388991374654,-0.945435842114197,-0.0365538127712066
"654",-3.488897804719,1.19605681427893,0.630766790555095
"655",1.33021036754931,-0.706246876080061,1.69692536400296
"656",-0.187028048315621,-0.771272538417298,-0.15458321213629
"657",-0.741247798205646,-0.227742818482349,0.519279088493947
"658",-0.253273626889786,-0.0367597674253828,3.36791778346924
"659",-0.872146419192782,-0.313759972441407,-0.905295671231438
"660",2.05659835833507,-0.715356047203254,1.92351942984416
"661",-0.0302048246532462,-1.03712932667643,-1.18187303504926
"662",-1.82605051821954,0.679622986896192,-0.573194627907583
"663",-0.0321721392443165,-0.825951561526285,-0.129377917151364
"664",1.18519435027758,-1.22964083546207,-0.991885965049191
"665",-0.738030198142533,-0.384444098809804,-0.243983399610223
"666",0.170855035244908,-0.89511933950906,-0.166672188335505
"667",0.192944398906859,-0.823769378547118,0.219231292691755
"668",-0.756631119145148,0.807388054282243,5.59578399781281
"669",1.48473795520538,-1.15409682539515,-0.473406616682839
"670",3.27936561662835,-1.27019551149415,-0.578684257011463
"671",0.826515989058877,-0.936472633953938,0.258095142987087
"672",0.0283717032831953,-0.588729638168428,1.15721729642908
"673",-0.413310622731322,-0.803841363978055,-0.904248937891692
"674",-1.12504553180414,0.0956003536654378,-1.12524188486616
"675",-0.842077856203851,-0.239821827070311,-0.273102310522375
"676",-0.605255448647523,-0.516159193664098,-0.191605946534886
"677",-0.350962024773449,-0.512594020449448,0.736382822763111
"678",0.71038838572619,-1.13375612223581,-0.81309898402018
"679",-2.39747676668756,0.853062198507813,-0.432877163365309
"680",2.07770431807834,-1.00250975603679,0.494014544604345
"681",0.545374777901503,-0.899056616123279,0.223522702382496
"682",1.22271465809056,-1.13238913036554,-0.486310776148213
"683",0.81487310301249,-0.652027741949381,1.67220056638378
"684",0.181309632106492,-0.472272598888117,1.96145400721293
"685",1.88915592179379,-1.01445465765952,0.375584514755654
"686",-1.12712950090316,0.236504750719786,-0.434144605030338
"687",-0.262581396686365,-0.409327525045085,1.48272602230638
"688",2.2536050769044,-1.31558125579696,-1.02186701899745
"689",0.752592940115014,-0.39047576914958,2.93511632561714
"690",1.70278178773563,-0.979386263747453,0.486143730773148
"691",0.812557987422566,-0.681071975592213,1.5253553106717
"692",0.426374011357804,-1.02370465361367,-0.512842262127306
"693",0.892029327153271,-1.22402228728929,-1.13543050092798
"694",0.135845611512648,-1.1116578938551,-1.29716550957876
"695",-2.97358431533057,0.997465254173974,-0.122363112938214
"696",0.0729346610902952,-1.07112681857365,-1.18569201658298
"697",0.192534865481125,-0.870177998989956,-0.0133454651331182
"698",0.32173553605079,-0.983760524019223,-0.424682762607328
"699",-1.25627875934338,0.582986601440855,0.587642595030994
"700",0.00315261407186281,-1.04428244715435,-1.16143150007436
"701",0.733624204542114,-1.16995413320633,-0.976426484299274
"702",-1.32133664708059,0.476406561881563,-0.231173135423069
"703",1.34494196997271,-0.88123963824708,0.828852478195377
"704",-0.388573924823763,-0.479542133576183,0.792841163346047
"705",0.257680240019083,-1.07050463082331,-0.933183061410278
"706",-2.28985726054836,0.696795757378485,-1.11015397782732
"707",-0.361280489970129,-0.644099664297764,0.0497101392742496
"708",3.18927540611963,-1.1653142636206,-0.0694961238542167
"709",0.567354563612322,-1.12344853986346,-0.878954773743889
"710",1.30113069972534,-0.837586778387966,1.02641204272446
"711",-0.812468160827141,-0.340199986727331,-0.538350653499885
"712",-0.85732541548906,-0.190149392672167,-0.154868862702495
"713",-1.17007659170177,0.494124966901513,0.592609081946767
"714",0.942980617619841,-1.13536762163715,-0.659391575497075
"715",1.76239059983137,-0.490391160640288,2.95263957623559
"716",1.93301842180825,-1.28379036771347,-0.956864707897028
"717",-0.474792734553325,-0.755423119447672,-0.865566619894743
"718",0.0477434940045356,-1.02042085925328,-0.970727783443472
"719",-1.50121156223123,0.947062215331404,1.50073936961254
"720",1.24866828133565,-0.89137907183006,0.731794767058712
"721",-0.0993923952909881,-0.936504250678887,-0.803753407062612
"722",-1.03276943239759,0.11453573703444,-0.35318998184072
"723",0.150948037551985,-0.412213647655444,2.22092190906836
"724",0.76041428967742,-1.04635244217443,-0.338500780468289
"725",0.29870851749377,-0.921644352381902,-0.140377238241069
"726",0.534758652715218,-0.842535505752302,0.496569085442488
"727",0.633831515445808,-0.856080808437483,0.514385035040083
"728",-1.7062311937648,1.42446927436651,3.38150984258307
"729",-0.417619503539518,0.0593530416041999,3.39820793296224
"730",-1.36559763438188,0.711681630453618,0.771757496169908
"731",0.245361638401337,-0.499104186458285,1.90881537565974
"732",-0.903819679215265,-0.11140655886329,-0.197821287027632
"733",-1.10486407027355,0.494394961057863,1.00260598042657
"734",1.13838783613096,-1.24005408396577,-1.06881457980588
"735",0.962229993367087,-1.12139023857738,-0.577476152766165
"736",-1.58015660775338,0.563302590916341,-0.633086816743742
"737",0.662543307396579,-0.798539526005051,0.825429516940732
"738",0.134272556324411,-0.428696041017849,2.11544842092978
"739",-0.91741056879276,-0.0273482507898438,0.082064485530331
"740",-0.169625611627021,-0.894541917920544,-0.733954098539211
"741",-1.62794407034086,0.964977582747317,1.25810024169784
"742",-0.0153301548405653,-0.967148385242056,-0.806596364907563
"743",-0.00112416552841418,-0.719145285158768,0.457186078663752
"744",-0.210057196210922,-0.884842312722812,-0.772875681752618
"745",1.00358344531219,-0.899174364330926,0.558823110316431
"746",1.23568193832165,-0.396721149384852,3.19858271715395
"747",2.35521462999154,-1.05973189959832,0.283912149688576
"748",0.827544539253671,-0.992288738747415,-0.02027200721327
"749",-1.75466412682933,0.746177911007987,-0.107864514295239
"750",-1.6462330681782,0.785796618512541,0.319643584255294
"751",0.146088137752283,-0.20785430767394,3.23604527403482
"752",-1.8129214733226,1.06350158112235,1.36960214583838
"753",0.321452660166482,-0.137718844236321,3.80520684670554
"754",0.0603032558995617,-0.794794831516926,0.176784146457069
"755",0.219629120546128,-0.726652789599745,0.739044533748485
"756",-1.48077789243642,0.393671190175256,-1.20563945511835
"757",1.44909169067482,-1.24533067685003,-0.944836855451385
"758",1.36475892171318,-0.856544163596509,0.961488444807234
"759",-1.67285362221272,0.842058485696235,0.541129657945297
"760",-0.120108748845762,-0.542553309615329,1.12616506245114
"761",-0.611374960193804,-0.647995320141724,-0.878978192011602
"762",0.629481318721118,-0.98985632248027,-0.158082975891805
"763",-0.6104549344647,-0.476474832458173,-0.0171130688167571
"764",-0.694654453019966,-0.246543665617158,0.702985422526951
"765",-0.772419699312482,-0.569021186627471,-1.39227616236738
"766",-3.82891381797692,1.03684555065705,-0.284554662742663
"767",0.897636672233206,-1.11130612377887,-0.568176051953908
"768",-0.468165866967673,-0.637559970402515,-0.253181190861671
"769",0.073452141431663,-0.628836406765723,1.02653946664463
"770",-0.0784074392444491,-0.921053341832719,-0.687314747476656
"771",-1.53854842703858,1.27951194004508,3.05771123745122
"772",-0.525150429267016,-0.782121351116537,-1.18442287432365
"773",1.95366323337687,-1.2351435699943,-0.707057816895777
"774",1.84065148915494,-1.10796288813084,-0.10812453438747
"775",-0.153685845430958,-0.704994124568967,0.246825573200693
"776",0.32368018040468,-0.881498245410923,0.0888175152685133
"777",-0.671216586333903,-0.219912472037425,0.964289803704665
"778",-0.0605363930568475,-0.875462524660174,-0.426880406290968
"779",-1.06956285461737,0.406978220956128,0.817915728489087
"780",-0.766375449206405,-0.503596481523624,-1.02404202713
"781",-0.581085904059732,-0.428390546328296,0.354984266873376
"782",0.861795692925277,-1.1861463219712,-0.9661563941597
"783",1.41947584330496,-1.18563271641169,-0.659307936165085
"784",-1.89628657122926,1.04630309800031,1.14178190170963
"785",-0.359576591353645,-0.770048748094582,-0.575186846700289
"786",-1.16638729344384,0.661321093917721,1.44995206768095
"787",2.87225674049596,-1.26350765708047,-0.61897951117905
"788",-1.93906581597652,0.934812808736684,0.517351954258938
"789",1.15067015244641,-1.06498359179311,-0.186853690754536
"790",-1.01830191467143,0.0178201879444796,-0.713435610258467
"791",1.07724776026158,-1.17045936250648,-0.754667568924788
"792",-0.885769806839179,-0.266198672728276,-0.794637812775592
"793",0.472650634875731,-0.531224702915484,1.99515592979959
"794",-0.105057340710223,-0.752000262927862,0.107989212650197
"795",0.696041912431379,-1.14149520752706,-0.862884871316603
"796",-0.0399253558219191,-0.766967645014248,0.152079074449063
"797",0.603245771672714,-1.2348287623077,-1.40491088394186
"798",1.0603209441325,-1.04845788753655,-0.154308706183962
"799",-0.252388046456557,-0.500561765598735,1.05101742438112
"800",-0.290566722089952,-0.10482550224991,2.93598690076399
"801",-0.218011286824174,-0.732776113784004,-0.030382650551501
"802",1.44604592396729,-0.971550043204241,0.422745330754905
"803",-0.365966334312636,-0.351102899194436,1.50128649213988
"804",-1.33272031717278,1.01942917499632,2.43782859306699
"805",-1.71452711628078,0.801502898603156,0.249410275875479
"806",-1.15216147989656,0.359164257434905,0.0233951277424289
"807",0.541854940543544,-0.871418889832565,0.358552853266531
"808",0.218422690018358,-0.668144276307643,1.03006223283507
"809",-0.364865903146921,-0.738043884120531,-0.430260013267702
"810",-3.02198364836655,0.813751625446314,-1.0674021517054
"811",0.199029137427571,-0.897316182499047,-0.140603797275236
"812",-0.130032179136511,-1.00196770640096,-1.19041018459092
"813",0.440606014971523,-0.967417348267982,-0.217152907492702
"814",-0.353986893580353,-0.702418663776464,-0.221230606077822
"815",1.24738417595982,-0.703095913601271,1.67257038611887
"816",0.733372810201516,-0.479376839659931,2.47627083828217
"817",-0.808175811136354,-0.34378184202748,-0.523592825708797
"818",-2.26800325828652,0.814154408464601,-0.500799236602366
"819",1.22583679363867,-0.958324856423048,0.385594163756267
"820",-0.0886882555967713,-0.499391673083829,1.40194049294034
"821",0.247469099087329,-0.520628855099292,1.80377371615794
"822",0.956662264450273,-1.15147630409847,-0.731366398149166
"823",1.15194773145982,-1.20581560597032,-0.890329858361902
"824",-1.25705838839018,0.418450391913086,-0.238709313670865
"825",0.176607302393136,-1.09567014316127,-1.16176115436357
"826",-1.32422969566714,0.461455604744435,-0.317749485274788
"827",-1.12806575563352,0.456338459478531,0.659016295209069
"828",2.0621283024935,-1.07862671523043,0.108814361912509
"829",1.59797655444063,-0.86168948427574,1.03479395885993
"830",-2.68076491589061,0.99789181806519,0.063431856354573
"831",-0.665998507552869,-0.550594140976498,-0.661547453540405
"832",-0.171159995688255,-0.769091662183054,-0.109924618103722
"833",-0.202854551311565,-0.826332356949374,-0.464359249083171
"834",0.433147515441808,-0.647217984269109,1.37640042537526
"835",-1.05552174170477,0.281207856326209,0.296540150774844
"836",0.361203174597743,-1.04535321353544,-0.689108455950855
"837",0.662239903344258,-1.01790370301431,-0.271634773909487
"838",0.521589404672627,-1.15473414439751,-1.07642047004527
"839",2.37312651607099,-1.34149745360096,-1.12038210348465
"840",-0.319435562952666,-0.385996916217228,1.45530680114585
"841",0.758079763908597,-1.22436655019532,-1.23028829210335
"842",-0.530517683882627,-0.530226860684865,0.0541783875434843
"843",0.643137091117753,-0.836193071645045,0.621455565763121
"844",2.16682275475976,-1.05251188341047,0.269660708428152
"845",-1.41370215036786,0.479272956985107,-0.562322643021387
"846",1.69260513612532,-0.788955791322474,1.43454220757397
"847",0.288545486000676,-0.897400717608687,-0.030968761301803
"848",-1.10660571649051,0.73962752301396,2.21693146771037
"849",1.07466284003013,-1.13309297199696,-0.569300906023571
"850",-1.08611663646613,0.526139465643243,1.29232607092669
"851",-0.387132095160622,-0.569438565675272,0.347663186662039
"852",0.148854834212108,-0.806311283572086,0.247564232800912
"853",2.1688835360398,-1.36253449610669,-1.27987373636053
"854",1.20958512428696,-0.878925622666795,0.774307692654682
"855",0.783722437375833,0.196992892944973,5.89517736912873
"856",0.0320423906618467,-0.972464312059061,-0.755616104935809
"857",0.243201562465372,-0.893239861026353,-0.0645155461861411
"858",-0.368340123212032,-0.291167145243776,1.79413151293801
"859",1.16964522036402,-1.05210649215399,-0.112377488773933
"860",-0.132784589417073,-0.831667359163492,-0.344367455846535
"861",-0.156536140268551,-0.958580845315185,-1.02695946877728
"862",-0.347749369334123,-0.55309196053469,0.542862366505834
"863",-0.195333984316682,-0.756513267623515,-0.0987779136994671
"864",-0.850633805336937,0.716806439758407,4.43775092840318
"865",-0.253412275793233,-0.769188248283108,-0.29455517799797
"866",-0.0157989142141456,-1.02760458704581,-1.10966927835686
"867",0.855375345382756,-0.467395947971873,2.62325994062586
"868",1.34709218941542,-1.24713721443866,-0.999635531463134
"869",-0.743503632173654,-0.540399360820551,-1.05829672687383
"870",-2.73783071217113,1.52024534486991,2.63586316215889
"871",1.9793501503636,-0.693850809828772,2.00747586249585
"872",1.95908152075571,-0.527007722784223,2.83533356610823
"873",-2.13591803031144,0.931071766360432,0.231945594739039
"874",0.935276215442615,-0.697663793818945,1.52426036735459
"875",-0.661756654434136,-0.448589397333571,-0.129358311291553
"876",2.46406338506011,-1.16794048503338,-0.230210131739652
"877",1.55685886165622,-0.937172715194131,0.641008511546271
"878",0.336667010668662,-0.53737138302069,1.82395209482943
"879",-1.12294064168867,0.252971291538126,-0.324753611271383
"880",-1.05261941310972,0.314540124889669,0.485957796697081
"881",0.440059396747975,-0.891473037297425,0.162025054673727
"882",1.13965406508562,-1.13552945730882,-0.54550733588128
"883",-1.86723800862061,0.727978387999639,-0.402198585018761
"884",-0.294354571438153,-0.149242332575935,2.70428646947576
"885",0.234832466070532,-1.00617378559579,-0.639524047252834
"886",-1.22456798423473,0.543611105510989,0.545662847757484
"887",0.616373769364674,-0.854936680971259,0.505608426233346
"888",-1.88956493391174,0.726648637240933,-0.445626679153199
"889",-0.036848193130742,-1.02965361037348,-1.15599074001437
"890",0.768527188311415,-1.01165836617998,-0.159090873091596
"891",-0.0160307995562032,-0.852668103571286,-0.235378782043784
"892",-3.90554056446287,1.18025517088316,0.408770944084078
"893",-0.688932839274886,-0.517412642563141,-0.619407876835311
"894",-1.01521357660042,0.281345925247133,0.6312220940397
"895",-0.00136724519965439,-0.735605531206419,0.374481913815127
"896",-1.02532769222378,0.0460916733039442,-0.632637661156816
"897",0.954282546645568,-1.05933225629781,-0.272129724926689
"898",0.0739507152847956,-0.701821158809121,0.662366174653967
"899",1.53598999658611,-0.733795901977791,1.64941590187651
"900",-0.84285579357089,-0.423516895356648,-1.19807466219289
"901",-0.443031223232844,-0.635517517331476,-0.158053767528464
"902",-1.01503594506974,-0.0295363435800987,-0.921626915519445
"903",1.73956421657099,-0.767585169223514,1.55852165711332
"904",0.0605302720504018,-0.820835623311871,0.0469276738430402
"905",-0.084603201755029,-1.00428310344559,-1.11491324544831
"906",0.428428569214729,-0.92206269030545,-0.00256201111193333
"907",-1.37506557929955,0.346305452038052,-1.09026813405138
"908",-0.219228621266804,-0.645334708737922,0.404075089102098
"909",-1.20712182510757,0.566437110920788,0.749937003824575
"910",-0.218107504860943,-0.727257045373324,-0.00300442448899108
"911",-1.2151809071344,0.140446305693136,-1.42211344247832
"912",1.53441583111254,-0.721709259922475,1.70920500482386
"913",-0.0613572220008499,-0.606864807045288,0.914633800149581
"914",0.529641173361549,-1.03115270087722,-0.451160266538246
"915",0.124871347951556,-0.967574603234232,-0.592152207159911
"916",-0.223977411362271,-0.987751697095597,-1.31878417819744
"917",0.752883908268505,-0.986125109326787,-0.0429151489154975
"918",-0.70708529571169,0.00163371308505422,1.87290068219857
"919",0.0660853088107429,-0.731797569605785,0.500589830037387
"920",0.309734706554146,-0.878807290592296,0.0864722675421459
"921",0.719233766754095,-0.834151464109452,0.691691306689972
"922",-0.66008881855273,-0.223416871256615,1.00515943742397
"923",1.23908280361985,-0.959304183121837,0.38737612345837
"924",-0.133119256296381,-0.731428159017933,0.156163302328774
"925",2.57313064205796,-0.823670273434511,1.51667891806957
"926",-1.02702336091928,0.1526758890922,-0.114142477424114
"927",0.962508558272265,-0.599153148816203,2.03388199489187
"928",0.553613425079308,-1.08418126071953,-0.694749631594948
"929",1.01164446036778,-0.651972741254855,1.79965131265835
"930",-0.673109311700889,-0.327726639323912,0.415134123631883
"931",2.95135518386272,-1.16868806372317,-0.129504111573022
"932",0.943517847289951,-0.801435712506452,1.01060622464799
"933",-0.629129411190001,-0.235285632981809,1.10058237295412
"934",-1.54297642994674,0.803210629966369,0.664158782945835
"935",-0.468659275186212,-0.690371023679311,-0.518944090764695
"936",1.23515560981493,-0.959376569142112,0.38504081684537
"937",-1.45420836879718,0.540663373844076,-0.3885395467544
"938",-0.0828928634031897,-0.844218410744239,-0.311419222279564
"939",-0.689407011151475,-0.563848713177151,-0.854219417092217
"940",1.84248952818411,-0.861924300619387,1.12268958058761
"941",-1.07166718353532,0.503680927396888,1.28568553250158
"942",-0.329002655377072,-0.54135299572939,0.652928827446296
"943",-0.430378668755349,-0.438254198852884,0.869523734743595
"944",-0.539880454270554,-0.503790727271938,0.149402748248967
"945",-1.14034122056506,0.985259356611127,3.22618074487753
"946",0.854709833474252,-0.784924497831984,1.03516644223312
"947",1.89498747656076,-1.27145473118552,-0.907502974141418
"948",0.104627759308937,-0.802151323388115,0.206004366363526
"949",-2.00185546256403,0.893846555097717,0.220520011694513
"950",-1.35720404817448,0.586391983156917,0.177022129025874
"951",-0.739420453442472,-0.422622662745018,-0.443602655962587
"952",-0.385994698237379,-0.854172271476791,-1.0726176921105
"953",-0.889463898997266,-0.0935407547409159,0.0332250060731858
"954",0.673419132822783,-1.00477576954176,-0.197071076092684
"955",2.21963076389095,-0.931824054218685,0.887725799774521
"956",1.41902609731346,-1.19469629916908,-0.704824688394462
"957",-1.80492982692923,0.886623659717568,0.49966615920598
"958",-1.59663917695124,0.665815131617638,-0.161964195250888
"959",0.106308106337393,-0.80863453308764,0.176019634317706
"960",1.94862739361989,-1.25760890964182,-0.820980609180932
"961",-0.283027571086075,-0.60204261201163,0.468865630256802
"962",0.182305244008907,-0.983465605667919,-0.593196924751201
"963",1.09372166513167,-0.826403721634542,0.974880907421922
"964",-0.21295132650995,-0.84978680731943,-0.604063417055716
"965",0.207798603027198,-1.02912749790929,-0.788374218950965
"966",-0.371369854810809,-0.715856863009976,-0.338080266622929
"967",-2.45771498240889,0.962573749940266,0.0610901705407057
"968",0.832470651245044,-0.860359640615272,0.642781443210769
"969",1.11051042719778,-1.13493632482675,-0.55845419584064
"970",-0.289892887614803,-0.420113563214396,1.36125105831822
"971",2.73089221867641,-1.04417905521642,0.448755122650081
"972",0.401978671564193,-0.995958721112507,-0.399035062417531
"973",-1.51586765037909,0.588636744749573,-0.333521417300353
"974",1.73479121269721,-1.19858401512206,-0.598190750063069
"975",-0.278844687630245,-0.817579709184489,-0.598397569612565
"976",0.926982191223218,-1.02937509174526,-0.139570087868538
"977",-1.62869425475396,0.914494875991899,1.00391723927109
"978",0.0661333184556998,-0.627038054776674,1.02446036392317
"979",0.167267425055068,-0.99235412546972,-0.657653194940723
"980",0.204386676680078,-0.817781470067318,0.263978483990865
"981",-0.679952504015124,-0.287984970608009,0.577000559073069
"982",0.412296560474279,-1.18515057291857,-1.33437662946767
"983",-0.193129918769187,-0.673438662588884,0.321391205010236
"984",1.9447194106966,-0.800100576092921,1.46531923640064
"985",-1.52354189453202,0.625733695547513,-0.169676499618475
"986",0.170929294208534,-0.715699712064342,0.73052523357092
"987",-0.447206252218798,-0.63878425952998,-0.188216445268364
"988",0.675987032111697,-0.993578113588279,-0.139045764414648
"989",3.13317074454361,-1.3723447845231,-1.11442383439322
"990",0.122941060754333,-0.989111568648361,-0.702567629632127
"991",2.09892102426126,-0.796574195701634,1.52991520140937
"992",-1.03262228778494,-0.021182469230362,-1.03055320873303
"993",-0.269630791231747,-0.0540016350109785,3.24220431629688
"994",-0.271703550017113,-0.621753078572101,0.398367181131808
"995",1.55380559293471,-1.09412491772981,-0.144985509278778
"996",-0.314391935566072,-0.571004946656554,0.543597542021856
"997",3.36357425848892,-1.24260013175639,-0.426990629433988
"998",0.549103822189513,-1.21432741167547,-1.34949679807582
"999",0.224549265131884,-1.00961565778172,-0.669572852481367
"1000",-1.26781086717375,0.147896557860946,-1.64146555310917
