"","x_pa","x_child","noisetmp"
"1",-0.040570803854367,0.260441901416981,-0.929758149823924
"2",1.33077038619091,0.0322805443869505,1.14161672066606
"3",0.480922448051833,0.903730805363529,3.08719787344521
"4",-1.00850561344099,0.416872783530528,-0.979590330678706
"5",0.48285062885483,0.491707587273437,1.03085986718933
"6",1.2685138409877,-0.0659703756678904,0.491187892476798
"7",0.464092057520956,0.308857715457179,0.0801784221445461
"8",2.51500632553011,-0.114182608060792,2.12388808954123
"9",0.569100329535647,0.164754632250824,-0.426660618987165
"10",0.599539909170494,0.170521001290329,-0.331166548892197
"11",-1.00864834452244,0.398817458329982,-1.06995455277291
"12",0.933175491821697,0.341087045923658,1.43666614390258
"13",0.628936745968694,0.0508225705432098,-0.863075364293171
"14",2.23120109118914,-0.472492854014543,0.0642760503476931
"15",-1.35973475247766,0.873213135009258,1.1068139761501
"16",0.508679353509096,0.246674120036346,-0.142946374921982
"17",-2.83351982135672,1.07417698924419,1.57922293163576
"18",1.86655069167368,-0.0135166379466951,1.91438134720671
"19",-1.0486066576623,0.78969861011908,0.8602153619735
"20",1.03725171393505,0.0104423495554205,0.157672157655085
"21",-1.68061805534908,0.444567361189579,-1.18527845355656
"22",-1.16293953011735,0.528499854465715,-0.512101333228289
"23",1.7745633348518,0.845945711331061,6.07547914853331
"24",1.17838494635782,-0.0165860049663338,0.48483167191237
"25",-0.510794000725951,0.557351024677242,0.0809281578841659
"26",0.427825648080249,0.316050226945051,0.0476951238469261
"27",-0.16416624539944,0.661977411564921,0.936373438218783
"28",-0.794857801075798,0.332178597762118,-1.26310261452174
"29",-1.49465518313518,0.597552289244558,-0.337089316030566
"30",-1.3981313845893,0.528440542777798,-0.636195069200615
"31",1.18698258538511,-0.234549797678389,-0.579552202614144
"32",1.81472450020221,-0.277268443607556,0.520296535758734
"33",-0.150808762352777,0.640254183404605,0.8423874325456
"34",1.01016995900029,1.14923480619798,5.75202536867564
"35",1.03417297418478,-0.0804802750917508,-0.308069737221972
"36",-0.461029954353542,0.464946438586787,-0.338377665990024
"37",-1.09873093715711,0.547135095055909,-0.382215878899735
"38",-0.627274501498813,0.992448229026181,2.16196245128673
"39",-0.820802124460775,0.606261673276335,0.0893190144536913
"40",-0.926674959199602,0.725761726531165,0.616321436779292
"41",-0.116326344525759,0.242795332494586,-1.1064141542684
"42",1.35108531610195,-0.24252136384184,-0.182960659144688
"43",0.39219692244668,0.220402564429878,-0.495348843430815
"44",-0.131593307776822,0.324710794323418,-0.714009916601967
"45",-0.814276477317829,0.481830798608919,-0.528337027016909
"46",0.750274416076117,0.253984107653267,0.453038611558203
"47",-0.208200681357289,0.274912253524466,-1.04611118205513
"48",1.19842197773818,-0.0725066317691821,0.26407030022249
"49",1.10179459102437,-0.0666203751752122,-0.0051373547941076
"50",-0.664084015422083,0.308191861063088,-1.28766256000058
"51",-0.16769168965331,0.465256646336016,-0.0510660971965935
"52",1.48488072893154,-0.303258771504636,-0.18829515948479
"53",-0.0840699888077029,0.682567286944773,1.12943010561743
"54",0.0508891927486714,0.429866200326107,0.0317938008003931
"55",-0.341517379222562,0.705948917860904,0.975613372019126
"56",-0.954552449705584,0.5226627946043,-0.416990671166146
"57",-0.111032930864472,0.41024575783902,-0.263158500942746
"58",-1.09949513440244,0.438281453737245,-0.926928966499624
"59",0.209286054915406,0.224567860827194,-0.773668039564381
"60",0.0224623558441707,0.394597888043519,-0.181066554543737
"61",2.21430124393694,-0.75615674123479,-1.3718710033059
"62",2.11142638423595,-0.299415899762721,0.798049101590089
"63",-0.167179219004656,0.35164862890732,-0.618549273026212
"64",-0.258259346702855,0.350731782669823,-0.718709263427637
"65",1.90021438794945,-0.515480992160149,-0.548364050954379
"66",-0.405831252544389,0.530637402354615,0.0392470065227726
"67",1.3326503198799,-0.0487918660132845,0.740878948056054
"68",1.09363549006141,-0.220691960251839,-0.802531050116526
"69",1.24181465395571,-0.340950364469348,-0.955768496871598
"70",0.498915730744951,0.0602907657619141,-1.09444451410652
"71",-0.517931326153224,0.361043224780378,-0.906617015825676
"72",0.247905225160027,0.150703099836122,-1.08411335789755
"73",-0.310760271174227,0.913730965359461,2.04413826093108
"74",-0.868260441269462,0.78961106521565,0.973895809212185
"75",0.64694985266401,0.0536662357160293,-0.806939077333098
"76",-2.87051711450362,0.701071227272259,-0.295822738652233
"77",-0.35301445626099,0.575257779884667,0.311259046441047
"78",1.96307087043224,-0.516100524179438,-0.467214981329485
"79",1.4517981864168,-0.185725028095487,0.329705338935292
"80",-2.24204214305469,1.24700739861928,2.61622646672031
"81",0.60103157888301,0.662789185280399,2.1334998667819
"82",-0.29665042490958,0.458841542157293,-0.216495058388013
"83",0.116613759899655,0.656689909436281,1.25386415994069
"84",0.469079160394627,0.137762720421953,-0.765680759179548
"85",0.664018724080659,0.0708467587501476,-0.680501948638931
"86",-0.00991785196343515,0.589161104509374,0.751212060377068
"87",2.40725752651871,-0.524145405684522,-0.0212199789191603
"88",1.64115864560955,0.390961933251915,3.58075492948737
"89",0.524981161564981,0.713851818742345,2.22609643730839
"90",-2.451308781542,0.638332370600232,-0.49314596219144
"91",0.390666417536927,0.190131848507726,-0.649434182677621
"92",1.42172871489962,-0.336881469719269,-0.491645623001847
"93",2.32961185816521,-0.367050906783644,0.690846672311752
"94",-1.11574946960059,0.426607590423298,-0.994714703302754
"95",-1.67686784123832,0.761844410099196,0.402710452494983
"96",-0.344560101633138,0.449800388043184,-0.308022583572936
"97",3.11664372850373,-0.548633641692505,0.375124454737094
"98",-1.28466148283634,0.936925274351617,1.46396948354232
"99",-0.267448575668964,0.785675680629454,1.44673316228958
"100",-0.620651279126955,0.525017528504755,-0.170017286600465
"101",-3.63060105888849,0.784279475281484,-0.049354365724348
"102",-1.64911727455651,1.02593973525214,1.73514660280915
"103",0.457029633304631,0.307033279507528,0.0575244510603103
"104",0.437562291176993,0.545819783065483,1.21466746893149
"105",-1.38900153915152,1.00316729683547,1.74195581774781
"106",1.54846880764473,-0.292465358551089,-0.00720519794882302
"107",1.26831027197982,-0.0671768416085222,0.484615110917776
"108",0.874199144096331,0.0767593098070601,-0.0762933431881199
"109",-0.012442493053745,0.280435279743668,-0.795531528854968
"110",-1.19168420432809,1.1145439975246,2.40211366360446
"111",-1.44641375778154,0.714317441295932,0.269659837211838
"112",-1.74202408584381,0.710900270574334,0.120543175143873
"113",-0.518109817079954,0.720038836240525,0.888211218149399
"114",-0.728400004144503,1.69719102331599,5.60942331640299
"115",-0.172407597086326,0.415503708184593,-0.304945138114788
"116",-0.926531084445111,0.590999591726967,-0.057396501836267
"117",-0.197857395607368,0.41119430724289,-0.353768722690947
"118",0.790886249247227,0.0878256967189149,-0.266972607984795
"119",1.4275840606678,-0.384519438906163,-0.716894393427426
"120",1.96383334906317,-0.309755055838844,0.565506322629544
"121",-0.551287798298506,0.511583904853153,-0.181595350999843
"122",0.924424059407533,0.494674490868935,2.17523132835078
"123",0.522335977570492,0.292311951725208,0.11297774518235
"124",1.81680600973844,-0.480627459569243,-0.493404045991637
"125",-0.457340677363932,0.308335469434665,-1.11820592124526
"126",1.6708302069587,-0.362787147051575,-0.136603425962421
"127",0.550345795577103,0.382948416965582,0.624342768453298
"128",0.972314181024529,-0.171363937891904,-0.98974832405699
"129",1.25732878986934,-0.151407663727522,0.0341046983152729
"130",0.717855253929436,0.108075696372512,-0.361041872416225
"131",0.542709239407879,0.2425319385505,-0.0937787340750609
"132",-0.414439931815058,0.38209091081504,-0.711281908867437
"133",0.801375280435975,0.141735128007771,0.032114917036143
"134",1.01027218858603,0.333817572994548,1.67532262092837
"135",0.604441115337438,0.186056139580504,-0.242543188891924
"136",-1.23942859803364,1.50227981942172,4.31476997317239
"137",-2.27333552777966,0.842465337718148,0.583269270233781
"138",-2.16723497266941,0.607355924001515,-0.55696357437925
"139",-2.18013954683354,0.717058512063072,-0.0128336110490326
"140",0.128693861010927,0.273906615290127,-0.643327246544902
"141",0.471893030851681,0.59891420100371,1.54552438371587
"142",1.41650047024563,-0.189409753898075,0.234085721508923
"143",-1.28454088313368,0.881183820259636,1.18532548633034
"144",-0.710113215022316,0.487435475569931,-0.425935481673327
"145",0.226027746248749,0.492976446270144,0.593639436312072
"146",0.257514159871403,0.617193342902787,1.26332103993823
"147",-0.826533809744789,0.77923557887399,0.950252634414924
"148",2.64031578915124,-0.720616155412138,-0.806066346196871
"149",-0.079449782562074,0.406298778744639,-0.246535448056055
"150",-0.411517448164083,0.381200337422566,-0.713093424700036
"151",1.28722166545705,-0.149400791479853,0.123132321201926
"152",0.616062564311779,0.219487499184662,-0.0491842529108517
"153",0.681407483486481,0.00522247452337715,-0.966489624033217
"154",-0.899990735760175,0.454146818552387,-0.724414281035214
"155",-1.75787950796195,0.689921353958999,0.00910049615437458
"156",-0.0243490127861158,0.436642630934207,-0.029094677123777
"157",0.0109221278939312,0.334369851876539,-0.496781484861573
"158",-0.130365896546269,0.340586456824993,-0.633258681554195
"159",-0.675930513765193,0.666751347808058,0.496158535776122
"160",-0.362462174958672,0.340989687812334,-0.868968870035365
"161",1.10803509200707,0.00555842134511275,0.376232006982131
"162",0.533795619682893,0.596493846625414,1.65747764347902
"163",-1.01650211397226,0.39745485426683,-1.08157618237545
"164",-1.76828216913546,0.450414617536758,-1.19270213893891
"165",1.60804461778709,-0.478537508259631,-0.825921733254833
"166",-2.10934985748505,0.619701253408269,-0.47526624909293
"167",0.485077385469418,0.12748397374373,-0.785885499659771
"168",0.0185531472150066,0.559939679328225,0.640689280408944
"169",-0.919524726555583,1.42727226674827,4.12849266433574
"170",1.69794446503206,0.436780271533084,3.90689543051943
"171",-0.0678659634138888,0.265087273784076,-0.939022365932678
"172",-0.730294810961581,0.637457298342465,0.309373305457799
"173",2.12339483239186,-0.334846187241239,0.634620065858786
"174",-0.453621882682341,0.412275406972493,-0.595245312931628
"175",1.99849085485031,-0.704327716747785,-1.36285648173586
"176",1.11743036490921,0.0334606641071711,0.546243090783197
"177",1.96867076009086,-0.442050795478687,-0.0896815287128134
"178",-0.121496594133275,0.249808966243847,-1.07718525998938
"179",2.62592477898786,-0.587546681957971,-0.152021335051764
"180",0.280925479443485,0.288239359467533,-0.344368376884266
"181",-3.5305411210407,0.852107623822535,0.309615097508346
"182",-0.15756385900055,0.464348836507191,-0.0445572787580439
"183",2.37501394911265,-0.43763619569003,0.381349363892415
"184",1.01224491314267,-0.245823365845991,-1.21549444608246
"185",-1.24674074874713,0.847826508891593,1.03857854142757
"186",0.029202207851655,0.359909930043321,-0.345927939116025
"187",-0.071795732664,0.397357751031605,-0.28228815408648
"188",0.495715736332832,0.317312429393306,0.184290319271444
"189",-0.663563610737052,0.45276187123478,-0.564416583447834
"190",-1.79669706654242,0.680362159568689,-0.0545166143809201
"191",-0.839400812745175,0.42437635371498,-0.832828067251468
"192",-1.29015216479017,0.827344305630752,0.913188334585147
"193",0.225311646814816,0.355427857192828,-0.0951922118979611
"194",-0.547748383706077,1.06989384850251,2.61286168943893
"195",0.988717986066435,-0.0458151719330191,-0.302791932266776
"196",-0.685686896514813,0.354470009478952,-1.072588611749
"197",-1.7039225323103,0.483290694450256,-1.00156113689672
"198",0.204785698243981,0.918502438624972,2.68927988956644
"199",-0.70667907415867,0.674158971208963,0.510219741928269
"200",1.65858103609227,-0.430934384299174,-0.498370293785156
"201",-0.779516010567959,0.301075512951976,-1.40783849507306
"202",-0.546431224846787,0.420986032118918,-0.630593662821044
"203",0.826427948901834,0.0427675754121506,-0.390548648616907
"204",-0.804606957853125,0.594397342726214,0.0411951322115707
"205",0.0666003182302241,0.881684864655953,2.31145628205705
"206",1.40110076804901,-0.364090340116297,-0.67396640611933
"207",-2.04392482635279,1.2111804941845,2.50533164633625
"208",0.992164719305922,0.167829563235897,0.77805180816645
"209",-0.0300160045474934,0.56012968966702,0.581442440280067
"210",0.251638360857716,0.118306531190875,-1.24029123314172
"211",-0.681086300641,0.728789825886748,0.802466005142993
"212",0.631628829152106,0.414388761340185,0.960965268270672
"213",-2.49765053208756,0.63892969081763,-0.504007869450248
"214",-2.63875333565521,0.681279482409431,-0.332849220875822
"215",3.37762144857196,-0.474545819976956,0.886856657036963
"216",0.894576787103606,-0.133333362994555,-1.06237326875956
"217",0.0934476547539052,0.490111161384189,0.38939185980986
"218",-0.174396736404509,1.05187641792266,2.87476688157835
"219",-1.13350947140332,0.507734204013772,-0.599270601679222
"220",0.279904410049249,0.128622455316103,-1.14408741300571
"221",0.514426214388012,0.315383661303391,0.212222929681381
"222",-0.972825407450891,0.390867918192788,-1.08748298125468
"223",-0.703926973252142,0.246927851257535,-1.62389803849426
"224",0.818424609060849,-0.128394915741393,-1.26967026485436
"225",0.392038781565445,0.277976499400186,-0.207761625481694
"226",-0.253335590787608,0.577614643404523,0.420702538764901
"227",0.0520429388631908,0.815060072122479,1.95926419448611
"228",1.85747986331911,-0.216717559009344,0.885447236639332
"229",-1.21960943212773,0.919098007405964,1.40957934099998
"230",1.08054760155016,0.410301046258652,2.30842622158882
"231",0.703094324899371,0.405689011906284,1.08961852863617
"232",-1.68329935505263,0.78424014013215,0.5119406839242
"233",0.403872565480738,0.205052396894094,-0.551120583921974
"234",0.596940633183128,0.44065839577047,1.01373897827314
"235",1.02976201633727,-0.00356941476898652,0.060454210945994
"236",-1.51102079699048,0.58100404736955,-0.42747789828486
"237",1.65040033790605,-0.20352955223311,0.624465567632585
"238",0.68381689174933,0.113718030430733,-0.418105443270792
"239",1.098703390699,-0.315887682253816,-1.26168119400011
"240",-1.4377518827193,0.846972316281088,0.937111576983707
"241",-0.75562926708359,0.458357351424825,-0.604435625803625
"242",0.572936440808753,0.858906609427146,3.05237635293227
"243",1.40353785514695,0.532214818406985,3.81308313996707
"244",-0.742418567419354,0.473781680058332,-0.517803733526708
"245",0.854313838283422,0.34613406818179,1.20941473434988
"246",-1.90851883083838,0.696333362383937,-0.0186342318488166
"247",0.622132541785595,0.242768325553472,0.0810435015989497
"248",-0.320527165538855,0.313432444303228,-0.966831650414005
"249",-2.6277095084875,0.826771814312276,0.397706786009774
"250",0.0721465291075184,0.491848436124763,0.369602285100405
"251",-0.968302152809347,0.454525873936784,-0.76635379702221
"252",-0.202296642177461,0.281072564918514,-1.0090801770948
"253",0.831970882278309,-0.0503654455872571,-0.839928739189104
"254",-1.56860981828216,0.556173061617162,-0.578038698559085
"255",1.45790525630686,-0.167750080080388,0.432631847543168
"256",0.961858351005518,-0.0428315975875227,-0.384112108278952
"257",-0.725945569239942,0.632273514068199,0.286627655084727
"258",-0.517199132782226,0.887452014539634,1.72604172149469
"259",0.748269503812776,-0.0808564686057169,-1.22649009287132
"260",-1.24508273589044,1.22047632950392,2.90271621197995
"261",-0.137576500280132,0.540455857585016,0.358042088472883
"262",-2.62178452915839,0.603757613648479,-0.715698473167572
"263",-2.24556926210519,0.806269056549067,0.411372876970942
"264",1.19104304859031,-0.0387635675000816,0.411293245533608
"265",1.86936947476767,-0.309610189512943,0.437910028251443
"266",-0.451042854706921,0.771428648072747,1.20278741706951
"267",-0.895106134544814,0.864549732461382,1.33080482400524
"268",1.30020600419873,-0.288248916981844,-0.537683308788115
"269",0.851290514798651,0.157758903955461,0.258379102810427
"270",0.559314425921132,0.111678059376689,-0.712999986974942
"271",1.19741845243953,-0.220363972186339,-0.478127365436066
"272",-0.0118414089094261,0.469822596037052,0.15214596895164
"273",0.892024185133227,0.118909584432805,0.190679626681216
"274",-1.03653206662349,0.656717714975749,0.202574628961623
"275",-0.610118996732596,0.552092652310882,-0.0263670564850005
"276",0.357639947558868,0.34757945061304,0.0798648860561597
"277",-2.17669883023871,0.968315894722859,1.2446194960525
"278",0.252083658758462,0.310434683288609,-0.278956679226256
"279",-1.01690235760689,0.694696042484399,0.404385298587771
"280",0.0971663677903647,0.229416471599767,-0.909055731955298
"281",-1.74725593270511,0.664881002650862,-0.111719420159485
"282",1.4651394818522,-0.266532390631821,-0.0459321051320676
"283",1.41862046061918,-0.225806267107641,0.0568261033725248
"284",1.46424017687878,-0.092180534722821,0.823925904397395
"285",1.0602574892414,0.298618123178574,1.680181967118
"286",-0.762166275876859,0.915545316191842,1.67682788290507
"287",0.918943184633856,0.295653979326711,1.16191321402873
"288",1.00203773587571,0.149299193568602,0.721899982351998
"289",-0.806923187318972,0.336014293430955,-1.25232859997404
"290",-0.972877930064675,0.385673811973166,-1.11348643759206
"291",-0.773384413052053,0.893491373199068,1.55857839988785
"292",0.971997544128095,-0.134614314284059,-0.807129555574328
"293",4.21500342024355,-0.381851059562314,1.69482234628432
"294",-0.185643977993939,0.208837470460977,-1.35253044562382
"295",-0.833914518060788,0.58220920915152,-0.0399267922541542
"296",0.914138835905245,-0.179066828174061,-1.22754563676008
"297",-0.146775248032006,0.383674687417734,-0.43606178231134
"298",0.0380366173521503,0.324529755451302,-0.511509580658626
"299",0.133274107698647,0.390020105694274,-0.0563712768618094
"300",1.89181662797821,-0.6067236811085,-1.01618936031051
"301",1.9895727086319,-0.616074318946334,-0.932914960782384
"302",-1.54935779233481,0.508781298235729,-0.806256234615926
"303",0.172803669324941,1.17487747977567,3.92415510194892
"304",-1.26747445696043,0.608483435566588,-0.169180214198575
"305",0.364752128622893,0.628879694669404,1.49868238893981
"306",-0.10381678259691,0.489124830858074,0.139462343117274
"307",0.276451620453497,0.551680284176905,0.965686324661724
"308",1.31342933536094,-0.33951396846187,-0.760501775202483
"309",-1.74675786131117,0.570257968309617,-0.584628601281658
"310",-2.52055639345194,0.79463461856644,0.267768510086608
"311",0.558180342476215,0.31332157974254,0.292803563930854
"312",-2.15560967508445,0.915589620391475,0.988174756791243
"313",-1.72929944218588,0.739537903557892,0.269023045778795
"314",0.30749622488366,0.456965547009193,0.542363994560415
"315",0.93036201393588,-0.0188747305657976,-0.3726242691038
"316",0.679036636468764,0.491572626489021,1.45946563311192
"317",-2.23425130719477,0.779537355494007,0.281448955016748
"318",2.21280983058794,-0.549704708277944,-0.341195378570898
"319",-0.378770723931289,0.483254865154974,-0.172840985548323
"320",2.02193677369238,-0.268694025761195,0.844682037797829
"321",0.412557888453177,0.483402018442775,0.856395355543393
"322",-2.19579389711576,0.568165860266973,-0.762580583156928
"323",-0.113019683804288,0.312317175767597,-0.755057680951768
"324",-2.25051379973465,1.0305419104547,1.53111133316054
"325",-0.159908847372351,0.343980643807095,-0.648964105194125
"326",0.94458565731366,-0.181484912298209,-1.1373588989875
"327",0.304139729124222,0.217082356199608,-0.66255766074348
"328",-0.425643232748191,0.492272234427168,-0.170449824793128
"329",-0.905769854942684,0.399585516254953,-1.00099985630655
"330",-1.7444363543949,1.03255183097697,1.72780148954577
"331",-2.00611400697688,0.80288445374127,0.477576180397322
"332",0.386043747408817,0.523433160552767,1.00884700036224
"333",0.233320979884953,0.538563207300585,0.832702759675277
"334",-0.538104764923711,0.700724209061387,0.774970721870261
"335",-0.146857316836152,0.568892489765944,0.489936580058852
"336",2.5651711053211,-0.677503868318898,-0.650747921317984
"337",0.901989559004351,0.0428926092314269,-0.15738114712433
"338",0.322813453759957,0.332488859837482,-0.0546659119476851
"339",1.39842756699363,-0.370870357021492,-0.713943024203274
"340",0.701648411369628,0.58374291724223,1.97625937906439
"341",0.661168270697997,0.956915073577084,3.74301435645254
"342",-0.376139107217661,0.379876519592599,-0.687292485755241
"343",-0.741948635669865,0.631329941228289,0.270277355701316
"344",0.236793729550385,0.489159242757222,0.591009041801698
"345",-0.301980114374431,0.656755079333344,0.767837658053851
"346",-0.00594496847236918,0.481786905562308,0.219255490091952
"347",-1.40921153596998,0.61663084622568,-0.200696341031148
"348",0.714268114392539,0.588736698312381,2.03311172627508
"349",-0.314771705194559,0.547169166687618,0.207428447221258
"350",-1.23665397732013,0.690401044932724,0.256869567612322
"351",0.781777807161003,0.247323211208935,0.505178062726854
"352",0.456391190987016,0.251776804290338,-0.219976290481887
"353",0.704881231690151,0.21355343875098,0.13343377279111
"354",2.26053730179511,-0.684705127293658,-0.966384831904639
"355",1.50800384402533,-0.328280953054087,-0.266177279826122
"356",-0.546308565981525,1.00286714622076,2.27891287845475
"357",-1.84378694103596,0.58637505736767,-0.543254156025264
"358",0.191505686870172,0.608610435714528,1.12013683454296
"359",2.12924960542499,-0.598668474493157,-0.677826675323486
"360",0.947176203460887,-0.00391172707976176,-0.240589608533945
"361",0.799446418525337,0.524402629091293,1.93999065658471
"362",0.957233100714382,0.386930010739179,1.74849138268316
"363",-1.97082977775528,0.616203452369005,-0.442805843191819
"364",-1.43431235629613,0.494117352408966,-0.825499193076259
"365",1.55119096908016,-0.397991007203697,-0.529580315990442
"366",-1.66526715016701,0.549204495206193,-0.655509607696646
"367",-0.970058943265588,0.435431929010206,-0.862927232335519
"368",-0.377646896109423,1.01948954360001,2.50937393150745
"369",-0.0513744706461551,0.39207260558093,-0.284552251606729
"370",0.258315882805763,0.482349414212499,0.590357665724834
"371",0.742293385618586,0.350019471254339,0.912092266183981
"372",0.545203874007165,0.131843420109874,-0.641996542338529
"373",-1.05130991137309,0.806030514270145,0.940255690911313
"374",0.191104595326639,0.213984505349618,-0.853583575166658
"375",-0.204619907599096,0.38959079238873,-0.468943756064797
"376",0.130072894045588,0.456283645546185,0.270478635507489
"377",0.721550192915138,0.477099901416202,1.4935470644222
"378",0.701123579764941,0.939317080663028,3.75281462415483
"379",1.17461242349318,0.361314044755815,2.36308133873169
"380",2.6655194215031,-0.30353953259386,1.29885196517053
"381",0.161145365895805,0.346753672167769,-0.233259143371573
"382",-0.427296236601704,0.289336452799714,-1.18660837494043
"383",-0.264886510340872,0.660863878526671,0.825254216225114
"384",-1.27528301874102,0.584866199978545,-0.291392954184932
"385",0.562078237700903,0.0876036959158019,-0.827476014030936
"386",0.936068070492371,0.0994089872224704,0.238062577554277
"387",-0.940773394082533,0.425562754870115,-0.893721640553253
"388",-2.68330570477558,0.750789496602824,0.00235498237107956
"389",-1.69001724618845,0.609323304299474,-0.365505009723062
"390",-0.397407731529332,1.18312017054713,3.3093364633706
"391",-1.59347984014221,0.629257569396133,-0.223782752715403
"392",-1.43774652326076,0.872448385716175,1.06449451474046
"393",-2.02376718592837,0.50254301530521,-1.03056819606618
"394",-1.12754239874731,0.723681873964053,0.483879553274171
"395",0.846325364114331,0.203424813336661,0.471744204688489
"396",0.385688701303766,0.924980577109149,3.01595390946742
"397",0.165204835588277,0.524052559667616,0.659063355845981
"398",-0.90319772992336,0.615760680681473,0.081556277058108
"399",0.405745411837868,0.218496525051509,-0.480511625964035
"400",0.775283423859499,0.518438004313066,1.84286270823696
"401",1.8177111757855,-0.41791188462688,-0.17848234308115
"402",0.537343076656772,0.0488207854614388,-1.07352539178925
"403",0.240265724843477,0.568134989010558,0.991230034445118
"404",0.445478980053323,0.139128208413137,-0.803918903583395
"405",0.482991939488089,0.700403770730539,2.07461797168999
"406",-1.53432396929566,0.547086014391548,-0.607846777905384
"407",1.63190754730145,-0.519706724742222,-0.988923215721317
"408",-1.38683980492254,0.714723579687583,0.300809989111779
"409",0.756278514449411,-0.0367831061396909,-0.984769393412481
"410",0.158390022272127,1.50269227601648,5.54249026492649
"411",0.00647795616878651,0.623114954864946,0.941369115970917
"412",0.801994327044449,0.244169248127278,0.546041247295251
"413",-1.12622055739462,0.610762879535112,-0.0799580540797837
"414",-1.89151075876184,0.63868351996918,-0.30034365454491
"415",0.763278734864515,0.0116985384787601,-0.723523270080291
"416",-3.40009827634162,0.660759717670736,-0.620243250193145
"417",-1.75151090509089,0.979440534026421,1.45932050682707
"418",-0.954861550379861,0.760478235707746,0.771890649319086
"419",-3.47126776422504,1.00895137394836,1.10590001730702
"420",0.863487409379395,0.654071076859746,2.77711718580784
"421",-1.18623932007716,1.01792833690327,1.92204737209161
"422",0.988142943082738,-0.083255921320721,-0.492095073686882
"423",-0.653842093305903,0.374544769611647,-0.948080927281232
"424",0.267141490164981,0.194514632316654,-0.834923725961358
"425",-0.984449479374361,0.720881944459504,0.555325372695794
"426",2.24516212928433,-0.544184365439261,-0.279628564920428
"427",-1.38002894221436,0.917296335582272,1.31706172176693
"428",0.54668080267523,0.186912255691927,-0.363552357441787
"429",0.621155838393905,0.370727264321979,0.718607419139786
"430",-2.41197358619353,1.74395610008479,5.04693772654114
"431",-0.563680831194353,0.311920605104135,-1.19003648296767
"432",2.25132941421292,-0.429354098716402,0.300901954064129
"433",1.04372881911767,-0.122223702927858,-0.482404704834808
"434",-0.253929021629839,0.312207875285289,-0.90693461210633
"435",-0.835602683922331,0.568476934569894,-0.109739421676017
"436",0.822945636707491,0.411596950297665,1.44342671797247
"437",-0.0193595375579521,0.518440807560036,0.385996689036044
"438",2.49056491464063,-0.159983851266969,1.87389761264037
"439",1.86364717542324,-0.307556049978063,0.440057116030449
"440",0.585848012399008,0.109966185107063,-0.66420617259075
"441",-2.14535007940572,0.754294569595145,0.185219944482342
"442",2.26735011315511,-0.702698922866708,-1.04939101421792
"443",0.18656683182027,0.416250680064889,0.15107881320261
"444",-1.38944584203523,0.903587938440477,1.2438386937756
"445",0.216869827221799,0.711481413675021,1.67229570508657
"446",2.37821131135044,-0.181125520764487,1.66690685575959
"447",-2.32518861775849,0.596236005664025,-0.664556189963699
"448",0.779493844126155,0.343964735241253,0.982077726352227
"449",-0.365879800313406,0.499679690671155,-0.0787187272355099
"450",0.776778925477788,0.402633184806972,1.26794521932823
"451",0.948313002578728,-0.0576117353416479,-0.505172422763913
"452",-1.93519865950615,0.854807210940647,0.763580278151881
"453",0.417759773016155,0.500256561094507,0.95017883307318
"454",-1.5646181164191,0.626672988872386,-0.223733669448779
"455",-0.179437981264026,0.479419941650003,0.00704669770742195
"456",1.74401252935858,-0.481945328915487,-0.611851413450325
"457",1.37806709143264,0.242426131501871,2.30564369606904
"458",2.0798899329974,-0.314136770649332,0.687641693568513
"459",-0.841597369362646,0.51723462003201,-0.370029351163226
"460",0.0779865496654917,0.808243488556085,1.95933213023492
"461",-1.0629117841021,0.923176785775536,1.5190666778224
"462",-0.306118221099431,0.341529480046579,-0.812340555314587
"463",0.848176731390014,0.492709865857407,1.92373792415676
"464",1.11327021112231,-0.267580817798811,-0.972421401426165
"465",1.20004980294774,-0.344202970247585,-1.0896974680876
"466",-1.27521518509649,0.723924188809663,0.403932761773571
"467",0.409257207392435,0.523271525451067,1.04973424130788
"468",1.21445731607501,-0.0627876010769228,0.358676052941983
"469",-2.02827912526343,0.809464316348212,0.502401322247493
"470",-1.02321798370402,0.295710345234469,-1.59439301423672
"471",1.33223769156132,-0.107322123890467,0.447213552081513
"472",1.07576032650643,0.0785899701993613,0.633573173354438
"473",-0.127440173056907,0.207934542678525,-1.29324025152521
"474",0.374229436017837,0.413332930618788,0.437496579844471
"475",0.701825690382116,0.199721709612655,0.0565979046633238
"476",-0.325989978491114,0.385551566227497,-0.611507005481957
"477",-0.748238161709505,0.953981010997007,1.87899354354775
"478",-0.414364585321445,0.647876204903836,0.617712590526638
"479",0.732564953573915,-0.0614926956009263,-1.17093910470296
"480",-0.789599156058805,0.572858084395256,-0.0560220879938915
"481",0.563910107544512,0.505568435717954,1.26626535710124
"482",1.11638590569462,0.102436874771427,0.887752708277964
"483",-1.52421287009906,0.5506724371053,-0.585253666199321
"484",0.690118727782481,0.207387574713485,0.0657703556457854
"485",-1.53677377864305,0.534809194044793,-0.670356563622224
"486",1.56980687262591,0.0575556511048199,1.78367981904066
"487",0.568656236890288,0.391281693605121,0.705018748660291
"488",-0.993774883884692,1.02692056409625,2.07972893039033
"489",-0.430963241583889,0.408147441423531,-0.595829632149397
"490",0.166185384303527,0.983004887692423,2.95523595145807
"491",-0.356708019269665,0.409104237207322,-0.522990512299162
"492",0.570229133304133,0.246024941482124,-0.0178771309698154
"493",-1.80815100249542,0.470090786877382,-1.11048575054344
"494",-2.13319881755107,0.518033911989267,-0.991893080321278
"495",1.57797587499199,-0.0597897072570156,1.21232727969636
"496",0.608984796643279,0.186075471974593,-0.232243208348292
"497",0.14557387117549,0.174691202847448,-1.11573028495951
"498",-2.27152040067181,0.817245302880403,0.457759682339582
"499",-0.9910151798331,0.548885461012598,-0.308736604076479
"500",-1.14527624416787,0.546592918753032,-0.411671058219413
"501",-0.933691241303027,0.471393171331207,-0.660033946196446
"502",-0.28819391802236,0.357101586618277,-0.716845641084601
"503",-0.651389932558421,0.358201227142157,-1.02791919435063
"504",0.168844561293367,0.533391531801391,0.711001890352505
"505",-0.82265995586312,0.573888896342437,-0.0738221749526147
"506",-0.246732726348835,0.480694894075691,-0.0571650017041518
"507",1.07811133770561,-0.26440348248602,-1.07337680340421
"508",-1.07327270116877,0.713531996852653,0.464701926093795
"509",3.20468041006883,-0.431055520326078,1.01299108346776
"510",0.830954085078884,0.0856021379074327,-0.163086899300416
"511",-1.70247694379459,0.796479057036389,0.564991446758261
"512",0.552773852437972,0.238888014113401,-0.0908314333185716
"513",-0.2332682017462,0.599300082126924,0.54969273496286
"514",1.29279526725346,0.115713033014603,1.46311368785869
"515",0.573221190130981,0.175370827205294,-0.364686757077786
"516",0.575764529466168,0.0277957249050766,-1.0970533834438
"517",0.778072634531967,0.0321183990646028,-0.581070017720998
"518",1.39312737888398,-0.368926915069051,-0.716328658832026
"519",-0.377872295645638,0.426046590809672,-0.458049793098236
"520",0.837124919659879,-0.0436248166874127,-0.790977903684983
"521",-0.613118543752896,0.532741803179767,-0.125483812747779
"522",2.45702879017838,-0.70344410150233,-0.872788997297987
"523",-0.576439946523863,0.35022629839147,-1.0088429302465
"524",-0.924850792266337,0.498376316000908,-0.519429238760349
"525",-0.353795941195237,0.602563327499969,0.447049309028622
"526",-1.88383908851651,0.634003021466805,-0.320779216724778
"527",-1.80594524899584,0.611694083378519,-0.401583019028396
"528",-1.89505335980132,0.764570947700635,0.327727020987956
"529",-1.03481541855557,0.863001637653181,1.23503110604924
"530",-0.815793387620646,0.688098027283262,0.501951822030488
"531",1.11665283484993,-0.0616971837117393,0.0679444971142225
"532",-2.07617277953903,0.846856145236363,0.672188586903937
"533",0.1058778536314,0.663446709839578,1.27293353263163
"534",0.947288976154088,0.329605888029432,1.42738678510238
"535",-0.0187535434583089,0.586684550595195,0.72795806626635
"536",-0.0505356430857755,0.324521518742606,-0.62130652338943
"537",0.0684103357679815,0.418421576238657,-0.0024724761457533
"538",-0.486304177464539,0.436027915577214,-0.504851107253139
"539",-0.730859329959425,0.522043773333242,-0.26810554960253
"540",0.520215849037149,0.132303350089392,-0.69139775294133
"541",1.70433359980825,-0.249345389869935,0.486852033371809
"542",-0.673693083736836,0.574110207312683,0.034642839109515
"543",2.51273765442067,-0.43174566887352,0.534140048735567
"544",-0.837158939606373,0.618337973909879,0.138505547138748
"545",-0.0613311319703316,0.387277616504973,-0.320358099383332
"546",0.979423920454619,0.0308606298427376,0.0468676644599011
"547",0.296177442030701,0.409328173062755,0.285681857962915
"548",1.8461389048671,-0.501521297230385,-0.554886425588793
"549",-0.104676469654365,0.484592516596083,0.115818328590656
"550",-1.133418331492,0.491090008567226,-0.682439554907237
"551",-0.0158431147492482,0.464516627102031,0.120690500797324
"552",0.197041076457522,0.255822849950803,-0.635625944524519
"553",0.37807334944084,0.588422977313578,1.319703288926
"554",-0.587804591922984,0.707356239852529,0.767676309264881
"555",1.34494849446492,-0.243074570080627,-0.200535117766323
"556",3.49194659720053,-0.257633399605526,2.02728207043935
"557",1.63439003751861,0.421338023899712,3.72069879582103
"558",0.638183319774628,0.125033828679333,-0.470610080462253
"559",-0.911158560332601,0.45796957219604,-0.712591371234325
"560",1.13044683696214,0.035932950391703,0.600224059214272
"561",0.137780245432993,0.532685936746671,0.663268542348539
"562",2.58456549103569,-0.752604798964349,-1.01040973566964
"563",1.84320575817981,-0.391809867350047,-0.0105762175628359
"564",-0.281186607183785,0.519333939835988,0.101274773505043
"565",0.0658935384851934,0.410859440113856,-0.0436021731784717
"566",-2.99521966036007,0.862446940581162,0.479944085229739
"567",-0.0865839330754249,0.728631212791385,1.3568324864525
"568",-2.10139281569826,0.64505517917011,-0.345711029739979
"569",3.50819822056531,-0.845310324620237,-0.90342957217291
"570",-0.595835679440869,0.560568963238308,0.0273297795512408
"571",-0.174209734861198,0.499544687872552,0.11331035640918
"572",-0.575286932031509,0.808102218875575,1.28146694410368
"573",1.12910800135489,-0.233139230997066,-0.749384115653342
"574",0.126139468699195,0.699746326742513,1.48231974751077
"575",0.710671232962927,0.250058541473747,0.330584258472453
"576",-1.62036175021706,0.763083228114387,0.433431908881579
"577",0.458148558965428,0.469839422538204,0.873692414001781
"578",0.824029113113193,1.31999824374433,5.98859302730793
"579",-2.42007367606398,0.853181166868954,0.590583116609372
"580",0.843971728402785,-0.0385930280791817,-0.745404731120161
"581",0.189138246553836,0.305268204632342,-0.400058130514892
"582",-1.99496353304637,0.625485491485914,-0.405325847755304
"583",-0.770397816104523,0.425347221973059,-0.780023465673389
"584",-0.48472139309637,0.746318313457181,1.04795980955505
"585",0.0452235238484308,0.512049414495911,0.435360346977741
"586",-2.80088836986256,0.68737947201425,-0.346257932930182
"587",-0.215813799798313,0.363551500700757,-0.61090578140079
"588",-0.482553137815959,1.27235300357829,3.67999729658429
"589",-0.947499957891385,0.677049606132537,0.359422630652138
"590",0.998218975697337,-0.165453939356327,-0.866045465234084
"591",-0.551522498338992,0.366474298601736,-0.907335919470045
"592",0.550841543438046,0.243980105187398,-0.0694529290093173
"593",0.0413796368318917,0.840429727483569,2.07229591771031
"594",-3.0624847292761,0.951745243786125,0.910246141462988
"595",0.0722266502720762,0.571437418117682,0.767653316773376
"596",-0.815124197821657,1.17420537338016,2.93295044700604
"597",0.424916525050764,0.290656972941216,-0.0846513248388618
"598",0.745446562486191,-0.107281666402748,-1.36609270648017
"599",-1.80671204079795,0.577084136139185,-0.574940950249357
"600",-3.21892520922228,0.865075384496575,0.440749936354334
"601",-0.279164172868623,0.873860526234726,1.87592292467831
"602",-0.713543191751833,0.542333357226097,-0.153975110622916
"603",0.492813722241408,0.198074306781626,-0.417661559223349
"604",0.783527010275359,0.140367044009991,-0.0247595080449325
"605",1.07910902926839,0.0751471716738604,0.627770816756624
"606",1.35262810432979,0.346701801894389,2.7668612835663
"607",1.63773280661502,-0.464028439967809,-0.700228363436432
"608",2.28160941777989,-0.652215788882009,-0.782518416667438
"609",0.478022083239438,0.620739378238621,1.66657220918848
"610",0.406781647941607,0.339564283667859,0.126704674540212
"611",1.06857286647359,0.0773643034706897,0.602770795004979
"612",0.5539096725135,0.0474188170889191,-1.04577398913745
"613",-0.703413091074086,0.528216692377428,-0.21707292040337
"614",-1.99956937113789,0.727167583091187,0.101391508194586
"615",0.661548468462334,0.138094288673117,-0.350180514948994
"616",-0.465043004052518,0.531298275011492,-0.0101187268719884
"617",0.265435650626928,0.791436986640448,2.14699380129549
"618",-0.65730966810244,1.10478564714183,2.70047094289227
"619",0.788846389111247,0.0533397869273412,-0.445101692273046
"620",-0.0830734221287029,0.308642282578262,-0.739036822716805
"621",1.08526202378874,-0.0450065282483253,0.0478324072551324
"622",0.771986904803854,0.135925229672803,-0.0787262804968258
"623",-0.142515585961546,0.471871738974095,0.00963660987310755
"624",0.516736398012382,0.180101146137734,-0.45949763092825
"625",-0.976456877087423,0.448214881687856,-0.80302221985912
"626",-1.84556476437805,1.22099784966474,2.62915817334178
"627",0.6019019178796,0.34383780298575,0.540685852993159
"628",0.903898969519648,0.0878691483858751,0.0736870004075261
"629",-0.651715980733019,0.62172824670036,0.289465830117777
"630",-1.40385250502878,0.541274587313951,-0.574844328769672
"631",-0.834007239161121,1.00907444330326,2.09433611527614
"632",-1.15460514885609,0.695055690990069,0.325367366812683
"633",0.0229117767212263,0.429175785435748,-0.00760657893446881
"634",-0.389722711241893,0.304064164308676,-1.0789000996418
"635",-1.52673279178727,0.665958177090066,-0.00998885506004776
"636",-2.07900550752236,0.631481875277054,-0.405686850356971
"637",0.385129898569847,0.233792797811658,-0.440976354461195
"638",-0.0929462279842821,0.474362671962257,0.0781333453881481
"639",1.83419970653474,-0.198930014710514,0.940712078757138
"640",-0.862413836739065,0.682395732785102,0.441731413487817
"641",0.767791716491867,0.264295018662069,0.551690695594529
"642",-0.542578038168069,0.619092639037863,0.36311530589351
"643",-0.724081788927891,0.815861196808967,1.20592863558509
"644",0.313551797425905,0.832971410731075,2.43237166878098
"645",-0.448568392078926,0.490164544509258,-0.201354580900061
"646",0.0492806154503587,0.467653517937291,0.218640098814744
"647",1.12195430486061,-0.20369173369964,-0.62497086841848
"648",0.0818051391611269,2.59115836321143,10.8789983047479
"649",-1.59877939586457,0.762864995914939,0.441892949374885
"650",-1.05615296058637,0.615048400706489,-0.0175493831517384
"651",-0.82217679321129,0.572123639889338,-0.0823164137980157
"652",2.59181284635363,-0.749663655661637,-0.989837268810311
"653",0.389171551909061,0.171322265345914,-0.746146184038922
"654",1.3162073899683,-0.273958783269257,-0.425753736553086
"655",1.18056690756903,0.141426839550634,1.28137786641239
"656",1.47228675537541,0.470953761712526,3.65654270436568
"657",-0.0328837740082196,0.342323344863751,-0.511067724506719
"658",1.6476152845515,-0.214782700489198,0.563343136344982
"659",0.254610910734388,0.69696465843432,1.65763628152751
"660",0.202111220611498,0.224214700688853,-0.78614212856042
"661",-0.678848976325318,0.405615739760097,-0.811720196634341
"662",-1.33626680236793,0.842606803771628,0.965679374393386
"663",-2.27388217735096,0.749424317268039,0.117886395434531
"664",-0.312319502150737,0.598244943555473,0.46519053313366
"665",-1.99954666853902,0.659074732154556,-0.239064409773971
"666",-0.273548999705581,0.312297634055458,-0.926280268058567
"667",0.167621938345399,0.247023062717617,-0.722603789131377
"668",0.322968920094135,0.131382296243525,-1.05993945824629
"669",0.0704575451761936,0.553943747881133,0.677843475253646
"670",-1.85927636921471,1.00548411046427,1.54619787332899
"671",0.850291237097643,-0.066481687904695,-0.865843402558374
"672",-0.99413980892402,0.56734491685452,-0.218375212774834
"673",1.07481403345102,0.299378537871782,1.73428159497046
"674",0.890210279953367,0.0896416243499309,0.0385569804725265
"675",-0.623767280169134,0.512570318767188,-0.234690261419829
"676",1.47555120609286,-0.390663161160594,-0.644709678342261
"677",1.43312396986985,-0.338565162546077,-0.474956946415366
"678",0.64944770948408,0.228155789994593,0.0713904552736015
"679",-0.841275525036405,0.625768684513084,0.172859545130926
"680",1.05262099145749,0.298314217729401,1.6518610279714
"681",1.10235993590804,0.232457654466414,1.49211492043719
"682",-0.0176260353411439,0.387793634205329,-0.265113723550615
"683",-0.814538619427034,0.830176365140744,1.21320974819503
"684",0.317359690022322,0.123762136530726,-1.10737000685707
"685",-1.32218318139005,0.506537045394624,-0.70745724666029
"686",1.010892966285,-0.131922090038633,-0.651048658623219
"687",0.653059143019635,0.0805390075898356,-0.658159380444322
"688",-1.48711689258559,0.904457410726165,1.20098060153787
"689",0.498239794620221,0.170046346896045,-0.547014691679768
"690",1.83767158102331,-0.267650649982926,0.602175974457071
"691",-0.425862848024669,0.549874473693981,0.117364688262077
"692",-0.953152273741932,0.419511621110394,-0.931858755633276
"693",-1.26030305266767,0.388745795386266,-1.26406295767759
"694",-0.784112612288023,0.604895745380832,0.108021993307666
"695",-0.765891455085827,0.992653177845807,2.05971105017952
"696",-1.4088484608011,0.719419745229357,0.313426325445522
"697",1.17057656635787,-0.150979481833892,-0.21048364656081
"698",0.358500683976652,0.357970807888945,0.133307605855759
"699",1.20309905337366,-0.179434163193017,-0.25704972516031
"700",0.812306140429669,0.109554443788183,-0.0975821638715071
"701",-2.57902413187621,1.01114904416196,1.33339841800927
"702",-0.0929482024027778,0.517994256486121,0.296288990960017
"703",0.72870299790018,0.257065379442085,0.411823483175147
"704",-0.300454309479782,0.627017432830602,0.62064598376415
"705",-0.627039020001104,0.398721043550759,-0.806489919737755
"706",0.433961882479088,0.45048467844636,0.731268683369751
"707",-2.23068090026769,0.75122000313369,0.141044127109738
"708",-1.90047652807233,0.501518546892198,-0.98962243902483
"709",-1.17322720668874,0.682103226269369,0.250157314912148
"710",1.0847167867537,-0.229435446983366,-0.876150839274592
"711",-0.93429199396061,1.16492634436496,2.80724642662808
"712",0.172039621914812,0.381421403508769,-0.0442314231577001
"713",0.890156533752957,0.392128197241349,1.55081871395119
"714",2.02857993033203,-0.514205729224064,-0.374659652077519
"715",-0.507594488352154,0.874391904266274,1.6688346479488
"716",-0.201667148974075,0.610919948110224,0.640822610776149
"717",-0.659757859109002,0.460447615597155,-0.523088306646758
"718",-1.77705557217823,1.31594318426726,3.13135696568216
"719",1.07104297158166,0.545978847629542,2.95435118585751
"720",-0.427758632752196,0.876000075583508,1.74629614974327
"721",2.90125282131893,-0.51358694691297,0.416706628903853
"722",-1.34926349667888,0.634519454139554,-0.0813645542272907
"723",-1.36997885436471,1.46785191147599,4.07486135529545
"724",-0.677501050857666,1.28374554710535,3.57994473230833
"725",0.0329368711921484,0.327269889748883,-0.504353456249835
"726",0.242141452832521,0.327738069712909,-0.207861199858584
"727",0.792835738336748,0.346437367170776,1.03154649960396
"728",1.03511019752498,-0.0742538752267385,-0.273544736982318
"729",-0.665173637868285,0.367325638251089,-0.992822223760622
"730",-0.199950437438395,0.457667570191633,-0.123621703875345
"731",0.690896910257764,0.107526669756888,-0.431608628412242
"732",-0.46093105702104,0.688384533901302,0.778899195360017
"733",0.0319579025911332,0.306385766418388,-0.610027133837054
"734",0.146265611789246,0.378985299760283,-0.0932819971789152
"735",-1.55916049557694,0.67920904971826,0.0414209699521879
"736",-1.74255427372618,0.423907832942738,-1.31463878886263
"737",-1.25642734254127,0.672733759998919,0.157939739236397
"738",-1.92745302528277,0.606073412341183,-0.477153583615775
"739",2.09689197205353,-0.352882996866439,0.513869376457607
"740",-1.03142844399598,0.527301056020009,-0.441422989236944
"741",-0.890029653704619,1.25321587333941,3.27747610309455
"742",0.462390011951485,0.119045743049151,-0.872151738364828
"743",1.20184842848649,-0.28629785870988,-0.794974809850042
"744",2.6820494705282,-0.556408554035268,0.0471433770469711
"745",0.086168303485225,1.18732271583562,3.86565880483253
"746",-1.7151445593568,0.63102132393981,-0.267634689939846
"747",-0.666310350618044,0.552860246933002,-0.0660129050637501
"748",0.257689712409801,0.159112525359162,-1.02680804495984
"749",-1.52568963877641,0.602492429908796,-0.326835967040237
"750",0.914648681921435,-0.157959698086573,-1.12033238925
"751",0.509270050953624,0.140786325181021,-0.671194109517496
"752",-1.08922689510711,1.17640279007629,2.76967181287439
"753",-0.208128069450901,0.825810952565993,1.70845875428204
"754",-1.25911587648666,0.461968628045714,-0.897317378861912
"755",-1.57392379054471,0.633382146397445,-0.194391050522289
"756",-1.70742154179214,0.671533361231541,-0.061824367627523
"757",0.298415896332874,0.369520786257539,0.0902866476070203
"758",1.03913548547006,0.110911032101332,0.666800701312156
"759",0.0798059145572013,0.579264496492272,0.816861043798347
"760",-0.603611984597349,0.618288315237453,0.309752677712988
"761",-0.326835638271255,0.680866098522098,0.864251599228449
"762",-0.744901249195282,0.397802023641233,-0.899495416388729
"763",-0.385766640988265,0.575430935281651,0.281574851379484
"764",-1.93349301289505,0.878868381358803,0.884531562264298
"765",-0.13601089428723,0.490990872059295,0.112460277777909
"766",0.973238366900738,0.0684183252596922,0.212462202978185
"767",-1.00691902922077,0.390858191758065,-1.10868908255336
"768",0.922259883411362,-0.0606099063320475,-0.608399652619375
"769",0.125564151854234,0.204792049997806,-0.993250430026685
"770",0.234107018108887,0.285768479365237,-0.430066856834842
"771",-0.839234394951483,0.51430982653369,-0.383047534974604
"772",-1.79198254240317,0.803650595766263,0.563831376034553
"773",-0.553161799810779,0.375758951871834,-0.86225660099416
"774",-0.274974081179064,0.462108505962407,-0.178652249673837
"775",1.04366673895561,0.0587077250337314,0.422030580835903
"776",-0.681491541798322,0.648703365141817,0.401728904752128
"777",-0.32207644224807,0.654046485558195,0.734741519988699
"778",1.46150615186441,-0.496352973383317,-1.20272797738254
"779",-0.171910412999215,0.55119386907763,0.374043964367286
"780",-0.373620762791963,0.616287458999473,0.497101777970508
"781",0.559110424160159,0.350860385488497,0.482477175807706
"782",-2.95652606343271,0.637619440737369,-0.63469553815521
"783",1.92736438252109,-0.359585855351395,0.268069154285673
"784",-2.57466357362966,0.710547354194974,-0.168360280375551
"785",0.963611034263238,0.0783631511129906,0.228029880790764
"786",2.1263690966909,-0.0593205350967398,2.01563796079447
"787",0.514754105129401,0.237026976790593,-0.178895251392686
"788",0.760535452647719,0.57310593584849,2.07611197310669
"789",0.895960376291987,-0.0349422580975529,-0.565982009647445
"790",-1.40754418055877,0.5101875015919,-0.732094562759092
"791",-1.86883357126059,0.836727517002841,0.698677473460236
"792",1.20451713215449,-0.299867989920503,-0.855136321144143
"793",-0.901467990402821,0.442628766242432,-0.782971812240372
"794",-2.28236406135182,0.746771742656017,0.10187052679975
"795",0.0661087825947172,0.251047008746618,-0.842380760505051
"796",0.652627503488912,0.112032633694943,-0.501713126849693
"797",0.930514758625562,0.363013304187442,1.53732971284967
"798",0.466698876328932,0.4028221430873,0.555020586161096
"799",0.0209904429587555,0.209491426369492,-1.10846576455263
"800",0.938082094752556,0.281428180490998,1.15499602625225
"801",-0.917859047796579,0.92137179183493,1.60006907568219
"802",0.528060054560232,0.00405843822199164,-1.31654300395518
"803",0.61794613172695,0.287891176128742,0.297113509976082
"804",2.96544171694853,0.395021721602353,5.00139109322014
"805",0.085410198660117,0.21861850739336,-0.978878321170943
"806",-0.92429622050198,0.677370404873042,0.375899098130643
"807",0.796935151131742,0.286852024908879,0.745146722793787
"808",2.4042706334055,-0.512430398087324,0.034607559442914
"809",-1.09987747282001,1.10877701732026,2.42532634472953
"810",-0.495296971783723,0.355267573210837,-0.916345305279022
"811",-1.69400665125023,0.64996272140741,-0.1640027580615
"812",1.08262883972154,-0.0906567131768046,-0.189311023424137
"813",1.25735200240821,-0.308579775448378,-0.751693386549029
"814",1.5339217575973,0.295416536199214,2.90387581394982
"815",0.709261753941549,0.811405067265488,3.13374732661729
"816",-0.264282370874898,0.606590328442643,0.554495579010137
"817",-1.26416350328962,0.782148137896551,0.700898369575023
"818",0.843955571103835,0.33082189685634,1.1016215047053
"819",0.973301427816292,-0.214556608202648,-1.20218718747157
"820",0.00659080703332269,0.782610121251528,1.73898625295289
"821",-0.53867058228953,0.325116214261611,-1.10353757843915
"822",1.99548345091923,-0.498885583430906,-0.339455435413639
"823",3.65382427967235,-0.608870675630815,0.344750414292267
"824",-0.623917993193442,0.679611006683133,0.600395438599421
"825",0.508694380649443,0.0122206219168851,-1.31518357013211
"826",-0.293019596783395,0.470816629495146,-0.153041349158522
"827",-1.02395220517884,0.567626435730858,-0.235259194375284
"828",-1.25356216848008,1.19302915743261,2.76094456748043
"829",-2.19028957009044,0.668505791546694,-0.259027215784351
"830",0.450984455481033,0.632758957323856,1.67464897957935
"831",0.187093829259309,0.290203130314609,-0.478385903650159
"832",0.588514963079181,0.632763071028293,1.95563711765999
"833",-1.00362991613169,0.536986589105009,-0.376024575130141
"834",1.15475633317454,0.0809956896235563,0.901349535850688
"835",-1.41176655618067,0.647458101995594,-0.0478129184035436
"836",-0.201388328677666,1.08670974893629,3.02006665229078
"837",-1.32452262829308,0.414280656278606,-1.16994101635646
"838",0.8806966316249,-0.0722382712698965,-0.800942883718166
"839",0.524753232621623,0.144010716552065,-0.623576655879145
"840",-1.44251386918666,0.540040526422695,-0.599846282205545
"841",0.0133502092667533,0.694469949483182,1.30677372651558
"842",1.61457241749132,-0.571430037588557,-1.27856112001021
"843",-1.81351179429968,0.741357604897471,0.24369831862329
"844",2.08470159340501,-0.190389112472826,1.31205660418575
"845",1.46551313070457,0.0354409322367013,1.46472390960828
"846",-0.306892251488675,0.351776016248236,-0.761864077982079
"847",-1.9025821543809,0.773427357469854,0.369112553921949
"848",0.221798759786337,0.690319316970071,1.5739348457751
"849",-1.64804531729137,0.526164170954385,-0.763265933777196
"850",-0.878316181532171,0.489830098266806,-0.531704964388959
"851",1.2621178985041,-0.441627960062633,-1.40414537061568
"852",1.98099408369097,-0.388260487159545,0.195178439486601
"853",-0.8914390808909,0.560268339145919,-0.188190081298725
"854",-1.11539638543822,0.454997517077108,-0.852561453755298
"855",-0.0877779769728103,0.728752088294273,1.35605334854824
"856",0.306043839880786,0.434992464655084,0.430114026531637
"857",-0.786911832524308,0.468819854283236,-0.574326340476506
"858",0.805584813446361,0.0735578442630581,-0.296805201275623
"859",-1.07803261366425,0.570384827336419,-0.253842722263024
"860",-2.34073253940575,0.746413886053099,0.0814048720714919
"861",0.236335103083978,0.342512612650818,-0.142928488130649
"862",1.37035030240242,-0.195094450557829,0.0999783416338058
"863",-0.274283234363451,0.781172572420506,1.41735934854717
"864",0.801749669991438,-0.0296994155570663,-0.823996128379575
"865",1.27637673730243,-0.339180344628715,-0.854089851936572
"866",-0.130096234121229,0.530605332400191,0.317137507774916
"867",-0.668550542197075,0.416895184644331,-0.74753852543303
"868",-1.10360816940416,0.782834501725914,0.793445206830498
"869",0.574067122359215,0.154294684419359,-0.468236903585226
"870",0.917386182936061,-0.146103372464823,-1.05202323831195
"871",0.332089801961418,0.230180613797383,-0.550667919797302
"872",1.14379728555613,-0.270727143630032,-0.891137975035632
"873",1.20133398403138,-0.158710157749613,-0.158521560888513
"874",-1.90708105150945,0.638122182802545,-0.309139297564546
"875",0.498321004409586,-0.026278103850668,-1.528475032356
"876",-0.979159186087286,0.678247360992112,0.345451162915742
"877",1.7667848711987,-0.445477444010147,-0.393695472938887
"878",-0.243492084176868,0.685127955598372,0.968316350795805
"879",0.755869106549888,0.0838549489102321,-0.382675814629513
"880",-1.13859092023578,0.947594177134299,1.59713296669646
"881",2.05653424310724,-0.504481304609138,-0.291956469964103
"882",-0.255737324046956,0.253905592362476,-1.2002827561312
"883",0.765056782073389,0.0709687071071084,-0.422361553940038
"884",0.814222517742405,-0.062087535068569,-0.950276023384186
"885",-1.46167876011815,0.438603307617644,-1.11622679117425
"886",-0.484881995499326,0.585586505975106,0.244162815580473
"887",-0.126819428088166,0.523582515763641,0.285696086262585
"888",-0.508785425396632,0.58035775155553,0.197657399133687
"889",-0.858907998338181,0.469252922918466,-0.62162991554377
"890",0.0723188306986148,0.446885997704772,0.145018318225373
"891",0.319352180826166,0.134261897761384,-1.05156294745585
"892",1.79185415085071,-0.190011621865002,0.922185757551563
"893",0.387707769162847,0.590393945738719,1.34660740839866
"894",-0.822125412259511,0.729114529516225,0.702673350721684
"895",0.483477742217843,0.102802930654347,-0.912432988874716
"896",-0.814004685163824,0.653679603048636,0.331094749182178
"897",0.897436251444526,0.00589285024592587,-0.357065718528032
"898",-0.184914544129578,0.25983881857353,-1.09674202144691
"899",-0.392265408556012,1.13382187943679,3.06755371654607
"900",-0.984960039787775,0.424157496464273,-0.928614672502394
"901",-1.57076918764486,0.640296219351016,-0.158398041437064
"902",1.33260328960057,-0.363071877928906,-0.830636671715068
"903",1.25005841694381,-0.302514257381585,-0.741084296022746
"904",-0.27748628882256,0.665386552517783,0.835227285515665
"905",1.81559232496082,-0.0992344994037807,1.41175713766308
"906",-2.42423858219574,0.738250241101709,0.0146566076032402
"907",-0.116128850801798,0.545611407774625,0.407889751719361
"908",1.26364456428057,-0.335105523046221,-0.867452374994293
"909",0.343192457554273,0.509057853978807,0.862503265632825
"910",-0.226459652669278,0.188645660513959,-1.49653062621548
"911",0.537178360230858,0.162075977769105,-0.50759190587591
"912",-0.91313535749068,0.391786650945699,-1.04479136243678
"913",-0.535698745360208,0.385638522794869,-0.798464217689384
"914",-0.680149126726307,0.436129189816541,-0.660131982898404
"915",0.393791702513611,0.16248421730436,-0.782089608795009
"916",-0.345525736844484,0.488491962905982,-0.115481573708826
"917",-2.01616631161797,0.622363320399426,-0.428701375334958
"918",-0.943837504840131,0.563955887665574,-0.203712323178237
"919",0.165911636434333,0.295689412414172,-0.481735458973058
"920",-0.62729961230753,0.351110328266878,-1.04474662452963
"921",-0.420319449238025,0.511157723750782,-0.0712450474286614
"922",0.798944621642466,0.198548442713366,0.309301026210151
"923",0.563645625796904,0.234375732735858,-0.0902642726881731
"924",1.14021124562679,-0.174204536768773,-0.419716577611085
"925",0.0808493432247947,0.268233139090676,-0.73690388724199
"926",0.394234189569465,0.515529611904828,0.983929206408495
"927",-3.63253886478083,0.603389399226647,-0.954182239373988
"928",-0.273167504435763,0.322549220587797,-0.874640242542542
"929",1.15431172785281,0.982424944188955,5.40713112540372
"930",0.147291798612961,0.984806439749694,2.93727537718862
"931",-2.2100495830014,0.634938221993778,-0.433499025427096
"932",-1.06817520436463,0.710272435770605,0.451420736876226
"933",-1.40739323864266,0.460630117591186,-0.979807350068335
"934",-0.732673721057147,0.402462775240243,-0.867331241653215
"935",-0.925186654687777,0.594030727509419,-0.0413738713542804
"936",-3.46873605325982,0.842911838037662,0.27622316319038
"937",0.231861945865779,0.396350242344442,0.119405382499362
"938",0.779151218411007,0.094955134589717,-0.263915000414811
"939",0.544967698829927,0.469062196383625,1.04360208167803
"940",0.447088867138643,0.27287886391211,-0.13212651866666
"941",-0.845925428724382,0.743733871435468,0.759531836019337
"942",-0.702168117718185,0.873559474812095,1.51056434906296
"943",-0.300334865543186,0.370430346497601,-0.662172221454719
"944",-1.41863996661429,0.454968086809519,-1.01362500282463
"945",1.76627143303343,-0.523638830154281,-0.785301485357256
"946",-2.50688680490389,0.644843655472088,-0.477166747091376
"947",-1.14578595832949,1.40617070056586,3.88592888896878
"948",0.498664478820822,0.305913018310149,0.133165539851698
"949",2.07462140734098,-0.637964278034313,-0.937737201583915
"950",-0.813891112343825,0.496083713368032,-0.456806233647371
"951",-0.826417811895995,0.42482888968596,-0.821701296289765
"952",0.130445145211769,0.547086257114048,0.725010572749983
"953",2.10130716225779,-0.0471490691399883,2.04767691882814
"954",-1.50661564003666,0.570315900221551,-0.478866519922556
"955",-0.215825189547769,0.358045049791186,-0.638449955622878
"956",0.292884816900721,0.473649451428839,0.601945725793009
"957",-0.827915534475216,0.534880647711698,-0.272468735597454
"958",1.46780002568814,0.100055145095983,1.792619414178
"959",0.758076728399542,0.408783201980362,1.2478856629191
"960",0.0257717062087004,0.364959219403765,-0.325053942670299
"961",2.48534131710405,-0.629102237043795,-0.476225828601915
"962",-0.0344605108038159,0.58329296058098,0.691871388334684
"963",1.51248965586116,-0.245829710645355,0.1551060019987
"964",0.850110449302113,-0.0747185166298193,-0.907573415419425
"965",1.14672694548788,-0.190508546720523,-0.480941409221651
"966",0.136294192614793,0.862092010734845,2.3082149492716
"967",-0.133021685152675,0.344196809141906,-0.618175864968967
"968",0.741542122452452,0.875001986420815,3.535027117164
"969",-0.588031578762069,0.514175225754327,-0.19841041154927
"970",2.95633720964333,-0.348955184823571,1.27569834892818
"971",-0.174622213693189,0.478796450849577,0.00912337311332978
"972",-0.101329947468994,0.344241673518263,-0.582107670337687
"973",1.81855833916558,-0.0588737357292617,1.61796510552317
"974",-1.1999433308742,0.592107027896054,-0.214622476162746
"975",2.05627473246766,0.00931266159642846,2.27670060139086
"976",-0.447000529174707,1.09739966910398,2.8362033668633
"977",1.18089225344508,0.467043070633586,2.91042395603293
"978",-1.25535028665758,0.972831232047327,1.6590011518503
"979",-1.36584265247676,1.01225578835261,1.79895532181342
"980",-2.77029960248988,0.940944596029895,0.929639855917746
"981",-0.534677272700255,0.284869889596634,-1.30146005264731
"982",0.0202373573229021,0.176912279008883,-1.27231577591586
"983",-0.173904311989608,0.708070037604851,1.15626729241805
"984",-0.0768661367819499,0.19497490697005,-1.30013913470452
"985",-1.01753344518503,0.445304833579733,-0.842956083393263
"986",-1.54003387066136,0.917787532624941,1.24303930564761
"987",-1.90710122437605,0.739988729842914,0.200185706588671
"988",-0.215774669323829,0.525331467624728,0.198035005094379
"989",-0.932600835289648,0.731451435938004,0.640957428691793
"990",0.577597136382662,0.165910811720599,-0.402498856494269
"991",-1.08641582547281,0.463007042552415,-0.795659760874713
"992",-0.945796408313146,0.607151484678764,0.0110168494791805
"993",-0.35455825604413,0.69705809760961,0.918804181303005
"994",-1.26223980628558,0.518673713170508,-0.615452572627306
"995",0.243027310293455,0.603578426917707,1.17270881475508
"996",0.735794370441943,0.185706050229078,0.0734762383768404
"997",-0.609876714597602,0.583167792730231,0.129199679634513
"998",-1.34134569266512,0.647077345012211,-0.0145553940050474
"999",-1.84064214716451,2.45519593871604,8.80209281747025
"1000",1.65379564748941,-0.20452705343088,0.625380760892218
