"","x_child","x_pa","noisetmp"
"1",-0.38772011124869,-1.91122946581218,2.00550223346544
"2",1.25455184243585,1.91507989647578,0.695234373810741
"3",0.501448086602651,-0.640711926565428,0.484542028175137
"4",1.25385309407558,1.19307365304931,1.06159159804704
"5",1.0109473500759,0.386385412056546,0.561646230992104
"6",0.870315726508965,0.148042511822322,0.18837583847073
"7",0.711341654605807,0.32918511410784,-0.864245312639714
"8",-0.221879240537838,-1.26357204018483,0.963021230645549
"9",-0.274276864059757,-1.86941794520475,2.49531589470751
"10",0.967955175822481,1.67405198492725,-0.63183077147418
"11",0.917263201397265,1.16033066072795,-0.60017448813383
"12",0.881590226890121,0.819686348135857,-0.525625214232992
"13",1.17683337289437,2.04262943683196,0.256096665947956
"14",0.376436635653948,-0.579111603790859,-0.415190044330629
"15",0.677252526148666,-0.198681148300034,-0.111243879593858
"16",1.19210039969082,2.96823894758177,0.0482077747763903
"17",0.728309907084557,-0.10464925454658,-0.0649153721683908
"18",0.866570672514711,-0.0211008372996297,0.460250027691988
"19",1.96206703523396,0.286604451730132,5.44576517226307
"20",0.00107724441450525,-0.902381311310239,-0.383401182684334
"21",1.14961215532299,0.357016053422847,1.29151005696405
"22",0.1389765143063,-0.972959290037677,0.9289007571383
"23",0.890297491578199,1.33772640230672,-0.844323355887324
"24",1.21960401649886,0.542362770944488,1.42684108568377
"25",-0.75011735033825,-1.40769978219108,-1.09028721004281
"26",0.566115518690648,0.10991302226072,-1.27183258970194
"27",0.771706072183538,0.0516228665619381,-0.145856388716525
"28",0.842452566710406,0.594341803878812,-0.51290742705774
"29",0.781813042359685,0.00270030577816387,-0.00790055519747979
"30",-0.626961351878749,-1.41914244618575,-0.433711537802026
"31",0.398243245131006,-0.50278716202983,-0.607598086566416
"32",-0.263560288968943,-1.11283351331048,-0.0553786927473767
"33",0.854864091205439,0.116646746185208,0.160989663426061
"34",0.791431273105494,0.617344946256875,-0.791137683603603
"35",0.64982150174497,-0.250621843878571,-0.12142958672964
"36",1.13745281240517,-0.307776886084615,2.46731438935549
"37",-0.665742790751932,-1.29209719331767,-1.12780912673216
"38",1.21108742701832,1.07084602076767,0.9293842890995
"39",0.363364448272007,-0.799051874992581,0.670656863360722
"40",1.38848469869038,0.436390691797974,2.3894199406499
"41",0.762958367016663,0.192120926522067,-0.415650775506857
"42",0.435881049487242,-0.499381203492039,-0.431974750392761
"43",1.10239437212133,1.06967794604143,0.386733658844931
"44",1.19849586143345,2.3214676172381,0.2650501608756
"45",1.1518748725325,1.85867964275514,0.205351944714458
"46",0.789735896907403,-0.376025504949265,0.925451892093133
"47",1.22356008427166,0.892405034813399,1.1246746295647
"48",1.31070503100912,2.18213234601212,0.873965981977489
"49",-1.23440385885934,-3.70514186815204,-0.638232799333177
"50",-1.06005987188936,-3.04785071633114,-0.117819391833671
"51",0.941253659218921,0.290319127600186,0.336683889087964
"52",1.03542047819894,0.762414562418078,0.29289199210877
"53",-0.70110016679466,-1.96444476309367,0.531858153336768
"54",-0.830568735811081,-1.71848150752871,-0.600654448510818
"55",0.684569035674316,-0.469957055027154,0.705784347099115
"56",1.14655258052316,0.175540254646877,1.52724453256844
"57",0.851426129098209,0.794667720012354,-0.655158380053747
"58",-0.587848061514254,-1.55500280947396,0.194193210301623
"59",1.08014088188098,-0.49490812906742,2.77292881255095
"60",0.663665468533996,0.0986848480000739,-0.765692372397571
"61",1.17073959634225,0.803898548820183,0.93350549413185
"62",1.1958953932965,1.33012567150973,0.688088491397494
"63",0.403196582657137,-0.997739180663172,2.45795427976077
"64",0.644589060109423,-0.26203158947123,-0.118480168042173
"65",0.581783383256581,-0.400507619425925,-0.038744742128114
"66",0.963887346710999,0.358590721990721,0.360900568769273
"67",0.899558995132977,0.894336272880762,-0.496866975478033
"68",1.12168776557728,0.670824940164597,0.80811145451685
"69",0.706908723357929,-0.158816230901224,-0.0546448366196353
"70",1.39187841125192,0.463459601218062,2.37510650364086
"71",-0.900798912650149,-2.93275908504989,0.599687924448141
"72",0.515602900613204,-0.370308347728297,-0.462461699842554
"73",0.30309000309538,-0.57567138174718,-0.79638340347823
"74",0.108179086639015,-0.916525275847892,0.271131432351822
"75",0.981328814905567,-0.297299255819256,1.65817656595524
"76",0.670227201452677,0.203400057677391,-0.896014620360347
"77",0.941981960510838,1.5999736429438,-0.726044392156409
"78",-0.487156051898011,-2.36187869274425,2.1539518729022
"79",1.07435001113608,0.745323284033765,0.502717854410958
"80",0.991532945662094,0.369619246801502,0.485307356873648
"81",0.903777087979721,0.0602487975432226,0.499585926388503
"82",1.12572628329962,1.14579527116804,0.451700415622659
"83",0.214225758372433,-0.85496222583498,0.312039905160557
"84",0.801318923917339,0.530700385730412,-0.652126423777105
"85",0.928427431277655,1.08354243021082,-0.492726530425281
"86",1.18834878314827,0.439970932204454,1.38455767661329
"87",0.52990934001983,-0.776317251474101,1.3592458054337
"88",-0.0673600925651013,-0.992074464781549,0.0587567921180003
"89",1.19669214348502,1.5295688072975,0.582902302200064
"90",0.965680782640411,1.91995784995249,-0.751119290180428
"91",-0.83746133607742,-1.75340858235445,-0.556959736030704
"92",0.45682916880763,-0.473572928758899,-0.420199201186188
"93",-0.181712536583771,-1.2106975013792,0.906810156521275
"94",1.26079740788059,2.6040921876037,0.488957037536959
"95",-0.449756621321592,-1.80885565803885,1.49873970919872
"96",-0.540838526506133,-1.31822343996211,-0.39127535139163
"97",-0.471875123723733,-1.21371899982231,-0.528603038901953
"98",0.848141663955631,1.85536218682011,-1.31190853306321
"99",-0.663010196052579,-1.91820491731138,0.641601712446931
"100",0.0547517959299419,-0.927248993580032,0.0971040990793402
"101",0.0772948731915984,-0.989852606135919,0.763648597568212
"102",-0.311588554385244,-1.05751877844727,-0.662852884816284
"103",-0.786592249641537,-1.67927481813634,-0.472855589754624
"104",0.803159773148171,0.712919112052079,-0.823868364750015
"105",1.08783561105121,0.949734516902738,0.401400701975251
"106",-0.542315579592183,-1.2835113971024,-0.548645328112923
"107",0.280121856265849,-0.708959523259857,-0.278293905274398
"108",0.489028899349854,-0.472397110014986,-0.263343652747762
"109",0.523080624683369,-0.320623179241709,-0.568994688944539
"110",1.23159444281103,0.858974780819978,1.19180380606479
"111",0.587362168208612,-0.0890869863369874,-0.801898193038154
"112",0.753161748120381,0.166747863977776,-0.426314111640867
"113",-0.245250660799169,-1.3704887909491,1.29594140018029
"114",1.16227971614455,1.25322278751028,0.566030638492208
"115",0.395676762789959,-0.695133444746483,0.226096693686886
"116",1.07933828230225,0.37855186119009,0.913246477381279
"117",0.78144357898579,-0.0725024982592827,0.134821408190574
"118",0.674202052329073,-0.631368697083719,1.30463184200458
"119",0.650134733061458,-0.572829323854064,0.926960302996878
"120",1.4247401414939,1.13126505989221,1.95642355807535
"121",1.46245930434288,0.17794030570586,3.1031432685686
"122",1.64832086738464,1.72415265291752,2.74675716620442
"123",0.394135999014869,-0.872125617043588,1.34078129057582
"124",1.23930513872459,0.189813612490701,1.96952540140198
"125",1.13672534567794,3.34941618220394,-0.315481563071316
"126",0.598538759612439,-0.117260006026014,-0.687180130966967
"127",1.17866756760143,0.140548751731271,1.74188507506118
"128",1.01675206600143,0.431088218543958,0.536977197978009
"129",-0.775180934133483,-1.4168460101715,-1.1829360313597
"130",0.76403650977087,1.17057073040631,-1.3729846092581
"131",0.334509577167872,-0.419745098636657,-1.21372355316525
"132",0.751363473834874,0.287793087050961,-0.609359190400077
"133",-0.204563440969695,-0.946549358458016,-1.02530416125399
"134",0.759204518696618,-0.518477642423793,1.25602343972074
"135",0.726090349288018,0.584976428666816,-1.08517122713634
"136",0.723558360754564,1.21488473820987,-1.60372974154175
"137",0.273694592237515,-0.454235303732383,-1.40302436954911
"138",0.872726958747064,0.894684024341005,-0.631303526349981
"139",0.542167387314421,-0.146658801277988,-0.905380854217386
"140",-0.435143334780008,-1.18544510883084,-0.492681304998527
"141",0.65865601526273,0.224958780129847,-0.985263927805289
"142",0.418142182118048,-0.47690195293343,-0.601861155963013
"143",0.900176317572891,0.926567542470178,-0.519085779664902
"144",0.993263281502673,0.305169728846238,0.576870026100923
"145",-1.11172273445922,-2.83791215010918,-0.525004618232153
"146",0.666162937865516,0.0838887122019017,-0.728619037247334
"147",0.479088850789897,-0.468177817409913,-0.327846357739241
"148",-0.744804071015753,-1.46733438523996,-0.859092780182944
"149",0.738788853353384,0.920045209469361,-1.32095234595718
"150",1.213648667614,0.552615661110978,1.3862181238353
"151",1.09586111541183,0.512771777458678,0.839991149322059
"152",0.826807722185016,-0.0952385549854724,0.408000985249684
"153",-0.931486548921347,-2.30644999992683,-0.132325660770724
"154",0.398167915113434,-0.581184212455027,-0.29777935240642
"155",0.913308430797324,0.0597777767740488,0.548053202453939
"156",0.731122244858479,0.585916833647571,-1.06097393871692
"157",-0.932926895881434,-1.56427138234548,-1.50480706502384
"158",0.984576598179186,0.940795256137488,-0.108059049098523
"159",-0.238462650180632,-1.25684814944075,0.848822486230179
"160",0.685806917106127,-0.392651931312116,0.456819673395803
"161",0.488183632444252,-0.108031428538196,-1.25845619536596
"162",0.87311605807781,-0.0127679618257866,0.477303925214978
"163",1.06044535236726,0.521405349058676,0.653528092551814
"164",1.59453943129968,-0.0500144490049159,4.1556968337557
"165",1.03825625676813,0.313327714324827,0.791048069678964
"166",-0.741767517863185,-1.58782439918849,-0.483506725219759
"167",0.744491113506124,0.942441940279899,-1.3097490544867
"168",0.726719006665149,0.250829480187685,-0.681710046039827
"169",1.70927021353931,0.685356035586225,3.73228712266143
"170",1.21380892295098,1.25775410156319,0.820898895405031
"171",0.674778183439143,0.13726753608546,-0.772386968094371
"172",0.286772172648987,-0.466852983751912,-1.29405690533115
"173",0.595312178951504,0.100550680974577,-1.11053064594403
"174",0.709246987096626,0.355166559631399,-0.907979954568764
"175",0.394500958729026,-0.59154552834744,-0.27186335432221
"176",0.779744822944013,-0.121391876561245,0.22765446272749
"177",0.819244022090297,1.152034204123,-1.08482594637255
"178",0.743414145758477,0.236650271634286,-0.578207365765436
"179",0.788378137700475,-0.101385690417242,0.228612159448297
"180",0.496365608418622,-0.416342108194383,-0.415435884344465
"181",0.476971460903874,-0.51284350031128,-0.176438644777662
"182",0.0983261354036378,-0.926062530874446,0.304548931417656
"183",0.354176661407419,-0.600470549821308,-0.434705478222984
"184",0.632012597925728,-0.211521537768696,-0.306874215740021
"185",0.721047788867427,0.251386475371624,-0.710846934463437
"186",0.348175714427342,-0.826221173580878,0.776692453999944
"187",1.12256620316384,0.744241864539099,0.744766299023167
"188",-0.231625134350815,-1.24272956296814,0.81603302969957
"189",0.963764438818525,0.360949445686156,0.3573176452807
"190",0.453191434745659,-1.08615907579299,3.35686323322634
"191",0.483795908544003,-0.932679209495749,2.29045276055175
"192",1.14649358006559,2.11897147296302,0.075755889147417
"193",0.884599364845197,1.20123533170597,-0.789883125007164
"194",-0.725794309979031,-1.4621211639057,-0.781170874019839
"195",0.492597529803331,-0.312475886773085,-0.744033455206863
"196",0.795905759514296,0.376312891149988,-0.501145943372434
"197",0.243559603879504,-0.990569191905681,1.600912138954
"198",0.749039887264433,0.077967779362397,-0.30428176730984
"199",0.749837462584742,-0.386849381964834,0.759023544970656
"200",1.23548125274978,3.0529002093481,0.244629787227293
"201",0.978527655533722,0.361214746814636,0.430800278250924
"202",0.809997273445162,0.518816946529452,-0.595906475119821
"203",0.504770947678114,-0.120516338533237,-1.1490843509765
"204",-0.703152600740386,-1.87973319786168,0.370387718391792
"205",0.802537873423642,0.258509661476422,-0.313342878483213
"206",1.46307988515602,0.347706582439314,2.87064878879032
"207",0.231197583594647,-1.06664089571599,2.1148253855458
"208",0.837475953309785,-0.0391078305158712,0.349179150664558
"209",1.06695482523113,1.33953844208773,0.0379122663701565
"210",0.89905074396344,0.610084315021715,-0.245791145479045
"211",0.85714375963194,0.172817648039011,0.0843350420664519
"212",-0.0642976031093095,-1.08421802762886,0.756540449767051
"213",0.775014119154215,0.0734499511675323,-0.166772116766776
"214",1.12610772406953,0.156350728967693,1.45441905403591
"215",0.936069860305723,0.273911834947045,0.333054641959592
"216",-0.84769124688472,-2.66438326883878,0.653078218196319
"217",-0.597716128915049,-1.50778914144689,0.00466790155653074
"218",-0.508989698904107,-1.47894398834205,0.357624473889486
"219",0.688998418059713,0.279835037129008,-0.910391799374742
"220",1.04960165179187,0.0585665458015248,1.23160565220972
"221",-0.518803584392387,-1.72281012334552,0.968050208831554
"222",0.281704097241527,-0.96282783152283,1.55370506487241
"223",0.885856753651414,0.0685261384091236,0.395810161372691
"224",1.1827794214398,0.71623388884685,1.07118997659076
"225",0.39580091415125,-0.743010780418284,0.489783351069813
"226",1.7452757359956,0.669148320221369,3.92764705125766
"227",1.17186326283331,1.766506224943,0.345344832204853
"228",1.01569981391752,1.11646105180419,-0.0788402322194126
"229",0.551557261059745,0.218720922169456,-1.51174641700527
"230",0.934273915656377,0.513450848301196,0.0313143951525889
"231",-0.515963130574797,-1.36390252527071,-0.0829724162229863
"232",-0.199802448513509,-0.974113238080779,-0.755020610887264
"233",0.819162630655173,0.173836777023162,-0.107119675509471
"234",-0.523544602620145,-1.29932074718272,-0.385323463362401
"235",-0.337740745457126,-1.10444306160105,-0.479160130231803
"236",0.282588820318289,-0.968322505086385,1.60659125804502
"237",-0.547040448276595,-1.94460731711595,1.26805195237836
"238",0.71952598995045,-0.171713934889017,0.037583773192853
"239",0.378854537240214,-0.427907023240726,-0.965395896717044
"240",1.12349988223493,2.59750621453594,-0.195620058024113
"241",-0.893524305359875,-1.80549433797909,-0.726974012009314
"242",1.38930886085724,1.00126670943421,1.87024229596661
"243",0.120280221643686,-0.703655469554528,-1.10589255939042
"244",0.112657452668241,-0.729803125487496,-1.00107176196801
"245",1.37634406292526,0.923987026285195,1.86375615382544
"246",0.800203935967705,0.383843900717607,-0.488949343131706
"247",-0.211608208115633,-0.982453834956809,-0.742819536306118
"248",-0.208634254045573,-1.37092007529559,1.48067369492569
"249",-0.0664232133715436,-0.90982394996642,-0.658797278695725
"250",-0.110257736649423,-1.50106361863085,2.42117300476525
"251",1.10958595125838,0.538486323578327,0.880877304971108
"252",-0.557823471895098,-1.23951547817536,-0.830456256338011
"253",-0.957649901134807,-2.17268190726437,-0.433940696179786
"254",1.45991741256836,2.67225131035503,1.46512195785656
"255",1.21700687177172,2.4994053502459,0.301080861418822
"256",1.18072436857253,1.61187130173967,0.461834347768646
"257",-0.814483874182937,-2.15025092948591,0.250974062391215
"258",0.959763285476573,1.39456701021246,-0.529379494879917
"259",-0.282823013640014,-1.06764861655382,-0.448316113271197
"260",0.859089793406657,0.18134337998661,0.0811575648161109
"261",-0.374602515078118,-2.22405816742529,2.54954373488022
"262",1.21479905162995,0.303040060237676,1.68737920655295
"263",-0.976149782769937,-1.96800876506841,-0.837343013158156
"264",1.07957230245958,2.24598129208717,-0.304052170398132
"265",0.618098325712452,-0.359285341381172,0.0171713335868544
"266",0.072454110544459,-0.932173677348814,0.22923485626164
"267",0.143030347085195,-0.851816585834887,-0.0670541862378717
"268",0.816532628302715,1.41804482855409,-1.25856585185322
"269",0.792464920516257,0.531118272439102,-0.69684507418823
"270",0.0511268607951609,-0.834455523298012,-0.651167724065364
"271",0.908787982259459,-0.0576218148176377,0.741892491441216
"272",-0.519987991822097,-1.22657138412113,-0.704659513674121
"273",0.396012373247649,-0.498517877516078,-0.634491995201641
"274",-0.759776793661714,-2.74049688955316,1.15734197080394
"275",1.23441993044879,1.46370882185798,0.80607381809375
"276",0.829039170864713,0.0895421996672708,0.076320282628179
"277",0.611808321540729,-0.483245478759379,0.389080107012783
"278",1.0942561472264,0.187480386904352,1.24776993409395
"279",-0.82627122488073,-1.36157094421563,-1.64355542694794
"280",1.12598919060958,-0.308375812337484,2.41163931173408
"281",-1.24292078423937,-2.80451972118737,-1.20687257820184
"282",0.88574448904524,0.556854695827505,-0.257758443144234
"283",1.02573194979405,1.08482242296126,-0.00708776335950656
"284",0.819862950371509,-0.465973484004737,1.36833065773644
"285",-0.732498497999336,-2.15111296473854,0.662102064740799
"286",0.844647687004696,0.201492910111573,-0.0211009469171586
"287",0.913839048956765,1.08172247462362,-0.564410380677104
"288",0.899267453036886,1.93086881745301,-1.08763648004411
"289",0.554981029572241,-0.636541783937448,0.732617174214563
"290",0.577481866235749,-0.373321687672104,-0.143994044945334
"291",1.12349516572519,0.229760097007148,1.33203526303468
"292",-0.201426785838425,-0.968209721879089,-0.814474686501151
"293",1.06912135159531,0.695614020056937,0.521945641894224
"294",0.999531421541582,0.450141958998783,0.428664015232273
"295",0.819218036886287,0.588472565520927,-0.623105936106494
"296",1.07527239437614,0.0980236229052678,1.29343239051594
"297",-0.623892134345097,-1.35740324654312,-0.647913011895927
"298",-0.508509395941119,-1.23769437620792,-0.592708776083184
"299",0.949726942040994,0.49254131862176,0.131597926311078
"300",-0.920764173792703,-1.72445805336719,-1.03800637118084
"301",0.697992894456021,0.776255057350253,-1.40638428350412
"302",0.845121169460606,0.411428126269853,-0.297842291003397
"303",-0.918555029778425,-1.62945355969888,-1.25688929092478
"304",0.295588994571018,-0.742262380309425,-0.0155886891443597
"305",0.733033084573908,0.0179001591685648,-0.279491495698815
"306",0.933454226159,2.14244605333248,-0.998019811916802
"307",-0.167844161956116,-1.10448241977136,0.370573084261775
"308",0.961563418344453,-0.344461872709921,1.69116496815193
"309",0.870488388825484,0.398981762844178,-0.156008417621468
"310",0.159413366971393,-0.750880528461616,-0.646399666158391
"311",0.78173475423246,0.548786743440759,-0.769312469181889
"312",0.883689680750202,0.355371395563571,-0.036025391124876
"313",0.823622154905756,0.411804601667906,-0.405788272075116
"314",1.04224035678738,1.02478202741095,0.117802543764142
"315",-0.349334699925119,-1.32184964573757,0.581384158579091
"316",0.325708664035941,-0.543210700679683,-0.815532472793509
"317",1.03889901715011,1.26860897007215,-0.0602704886901795
"318",0.127418726981768,-0.765061501598097,-0.722000355254754
"319",-1.16698526754925,-2.73900077799702,-0.879934859908851
"320",0.850281634827051,-0.742366972270843,2.7584767924412
"321",0.467524816402937,-0.245220809826415,-1.04653541784357
"322",0.962216502777494,2.18609346394198,-0.869884826747638
"323",1.1969000615215,1.65141092340098,0.523623603812258
"324",1.02214351065926,0.124264759252689,0.985128705464674
"325",-0.514160657398758,-1.84024760577648,1.23958198870556
"326",1.06549254810558,0.230327565974552,1.04120932398788
"327",1.67301881049459,1.67147544993649,2.89470121567238
"328",0.956188162551367,-0.149579096037286,1.1711772088052
"329",1.02368121653638,0.500224562369667,0.492860528539306
"330",0.8218901979103,1.09756005326732,-1.03504784652848
"331",-0.418507889975393,-1.3884741963967,0.497471566968969
"332",1.10360243800684,2.41574897611929,-0.239974023586696
"333",1.27334759103444,0.439903481047186,1.80963038842064
"334",0.484617103403982,-0.432641143630769,-0.420996940771872
"335",1.21136408407638,2.46995156588117,0.281890940019758
"336",-0.542899551202086,-1.33762324459892,-0.321688438488968
"337",0.836925304065958,0.376238504395548,-0.295956082624646
"338",-0.320879927170128,-1.16891071305895,-0.0116898561322292
"339",1.1423252490393,2.65174111271534,-0.11705441005879
"340",1.16702337154154,1.77283190840652,0.318329003893157
"341",1.07915296714327,0.00344021154538136,1.47743972876598
"342",1.49848960034991,0.472222925620584,2.89820147678607
"343",-1.08369966716115,-2.75421681164415,-0.451018922751457
"344",0.967158496769486,2.8485008447764,-1.04623431312078
"345",0.743022942200151,0.716891771166231,-1.12819475959498
"346",1.10045211584947,-0.0554007539303594,1.69583326834069
"347",0.736514343737368,-0.270204479097594,0.362282788509197
"348",0.441314819279557,-0.79196334942341,1.01470202324149
"349",1.32003989290139,1.61044523212906,1.1591089516334
"350",0.51111815550369,-0.200822295748722,-0.936854413736738
"351",-1.10834225976362,-2.80046828967831,-0.53716457103551
"352",1.29070716003172,0.161881271677677,2.26888148067448
"353",0.906704747955613,1.473380764764,-0.837662931563913
"354",0.893449853549607,0.598545025621727,-0.262180671050403
"355",0.656919443098889,-0.296736752266507,0.034610655729383
"356",0.726587637815472,-0.557886111657953,1.24772585119377
"357",0.688409846954991,-0.481355012064291,0.765325017858051
"358",1.02729994966459,1.23659561202979,-0.0986022409691536
"359",0.0112757003767453,-1.0193646927785,0.669752296246079
"360",1.22061443968863,1.73429847545366,0.603600946519855
"361",0.688606371875392,0.216948394744827,-0.823929603797153
"362",-0.367434540678475,-1.56646018192801,1.3288360542091
"363",1.16602334349495,1.35932837020964,0.521856804790263
"364",1.14202184571036,1.76183089192323,0.198225932249175
"365",0.0563117636212324,-1.06496860934436,1.22880874346743
"366",1.09989330516838,2.01335345582465,-0.117308402285832
"367",1.03011111814196,-0.621296268303756,3.03792802256705
"368",0.597619786150982,-0.51899768383655,0.450075668230056
"369",0.759020754238756,0.824663676011848,-1.14265745970033
"370",1.05212451349841,0.351996602374623,0.810420940960245
"371",-0.18013825265617,-3.00394001446352,4.25248405427578
"372",0.910075934328823,-0.126381897219508,0.890004114554271
"373",0.929492215213191,1.65474046893931,-0.815002607250804
"374",-0.701711168887008,-2.41200172646406,1.13684708159749
"375",1.86662095676291,1.40451764923013,3.99936104268453
"376",0.72480269975814,-0.233145344227571,0.209757898846623
"377",0.726455476620227,-0.0243858968567099,-0.23410460091732
"378",0.644941105162741,-0.615091973273077,1.08401352055444
"379",0.681651461153278,0.281149629596569,-0.948915376990225
"380",0.802481522974108,-0.269910791830919,0.691355001349927
"381",1.03165155243841,2.50632906075357,-0.62779871119416
"382",0.919405578549823,1.02956592489207,-0.499813633918645
"383",0.622117369394363,0.15548017217956,-1.06418466276456
"384",-0.200283412512628,-0.983866410327026,-0.674279027493895
"385",0.947354258113875,1.01557211108038,-0.349966863438212
"386",0.661467915215947,-0.406616419402645,0.378975798501808
"387",0.941196212316575,0.268092579265817,0.366680854997518
"388",1.83566674639164,1.5149535472309,3.78531680747103
"389",-0.0839700879441147,-0.991606268825702,-0.0281584947762945
"390",0.537453944322604,-0.783842888174197,1.4438970527533
"391",0.289486755877558,-0.681179549792274,-0.376915532959971
"392",0.788878718971204,1.09179495227489,-1.1961542157043
"393",0.70391246125694,-0.0306917545700359,-0.334809230906198
"394",-0.892467604242094,-3.32447443588487,0.885910909920186
"395",0.684627462970786,-0.468358643574995,0.700479028435672
"396",-0.0859919246782616,-1.24891406997155,1.57375625139986
"397",0.831769077581196,-0.100031467370315,0.442747642110365
"398",0.237752065597957,-0.644004573766592,-0.818362309420403
"399",1.27286826078205,2.22896077757876,0.668315919679605
"400",1.0844826956338,-0.282237025360477,2.13368327420365
"401",-0.845931378124227,-2.02112385654897,-0.0989125827882462
"402",0.614629587237302,-0.114900253040033,-0.611733738715834
"403",-0.0519638401389409,-1.27118096140783,1.84753077405921
"404",0.247014468143611,-0.739042094134475,-0.276941443579727
"405",0.772197898639858,0.998391304277706,-1.21320152809935
"406",1.54248758063491,0.730963627691255,2.85632235727678
"407",0.787546025086303,-0.405776155839591,1.0067012060883
"408",0.670324962140152,0.30416524906388,-1.03648736278894
"409",0.669705923657368,0.355265907084063,-1.10581084957932
"410",0.420288502285599,-0.267348333154223,-1.22626014282868
"411",0.793661126047122,-0.426510703554025,1.1040619101766
"412",0.301884765070853,-1.07120273410555,2.49964894326973
"413",-0.288381078332808,-1.37417730762925,1.09436438660651
"414",1.10096971838391,0.257577146165803,1.18011435452655
"415",0.829447332749203,1.55487168107483,-1.266218420931
"416",0.981211939280201,1.81047137113602,-0.627277009832608
"417",1.06090401191903,1.99682484863869,-0.305798990854501
"418",0.507295615713156,-0.503751861546161,-0.0587642466373559
"419",0.753961266709544,0.508962311876723,-0.865344182913584
"420",-0.224460934346901,-1.37684502231391,1.42409064927894
"421",1.26321479669443,0.167604181080101,2.12264098709081
"422",1.03911057232659,0.530574498454186,0.536967000709797
"423",0.19393717610401,-1.29457664293677,3.18144728876994
"424",0.914594414721465,1.33251740084176,-0.719810365701825
"425",0.751598386746761,0.533684518063886,-0.903929139823672
"426",-0.695062218351027,-1.4720241681052,-0.595094701784866
"427",-1.13896440227202,-2.4558199568282,-1.00276321806472
"428",0.64728558717908,-0.20025419388701,-0.257361553733215
"429",0.892502662399115,1.69711939760828,-1.01987867328799
"430",1.22485001830425,1.11607726693623,0.967169806985974
"431",-0.506042542093687,-1.88836738314097,1.37203769647897
"432",0.532984295427717,-0.626153659628233,0.57449005650819
"433",0.485832898783128,-0.682203343863046,0.610035842057291
"434",-0.920108967855246,-1.67889015967907,-1.14136654048089
"435",0.658112891280435,0.12479398192549,-0.835872175755008
"436",1.15125637809716,1.55619672517744,0.342156947827432
"437",-0.109106102748124,-1.01773650810716,0.055247847351906
"438",-0.293092215157333,-1.52760469120233,1.58782259647935
"439",0.780340081245139,0.102429020732583,-0.188477161717941
"440",0.133445150424357,-0.958775156596375,0.77622570743018
"441",1.03242826487426,1.41630693958488,-0.178129636343893
"442",1.30383288180042,0.354266629917151,2.06608760467705
"443",-0.327626484277227,-1.61060028051403,1.64848383548762
"444",-0.267384927407341,-0.957739116024296,-1.23723587306872
"445",1.03929945534791,0.645487372438157,0.420527517255012
"446",1.21150242337879,2.21064913055719,0.36787879438089
"447",-0.313921353787788,-1.63255030068106,1.77424924177408
"448",1.55940186524944,0.904489216018744,2.79430877706296
"449",0.776155965665303,0.72627462878848,-0.971084935571557
"450",1.35140857255362,0.447287718126225,2.19135182596971
"451",1.4242255850318,1.32689013648288,1.83162870141279
"452",0.519876597564591,-0.516182929485137,0.0506856589831508
"453",0.836369153538063,0.35796604892191,-0.275903130284015
"454",1.07567308108452,0.772660450138277,0.485156171898997
"455",0.817991516132482,0.393281885110505,-0.411565208523785
"456",2.47057126264632,2.03857688974379,6.72633914866994
"457",1.15579056731184,2.10149739587168,0.128695446529415
"458",1.05984715429677,1.19781429267953,0.0885344371118055
"459",-0.966597636686741,-2.54105849162955,-0.0551397919914991
"460",0.967475479906444,1.73080919768915,-0.660506648580409
"461",0.701382998702612,0.33151289817518,-0.917053138949042
"462",1.71500503466009,-0.546740714500609,6.1449726779444
"463",-0.318026982470616,-1.12998076936175,-0.222561772409233
"464",-0.213989175315951,-0.987044854057223,-0.716147645028643
"465",-0.18812872117958,-1.09165340318595,0.186415207622726
"466",-0.447495808774227,-1.22090016383091,-0.370466126684448
"467",-0.484932158441225,-2.12143826877138,1.85797152862961
"468",1.21221670074346,1.42157159717355,0.717913604444837
"469",0.694904414572102,-0.0183379322295105,-0.403295031175599
"470",1.6997533282685,-0.611191678602158,6.3405943530656
"471",0.528592509653479,-0.309634148401151,-0.57188752727262
"472",0.349319018018511,-0.66110288651975,-0.178071845752802
"473",0.738750248077974,0.0721551004936304,-0.345895069908485
"474",0.583395562867902,0.132553580677453,-1.22183332522924
"475",-0.626583555264544,-1.28940018257045,-0.943877440655259
"476",0.596029669127198,-0.0355291923413986,-0.864948248379391
"477",0.60805984935167,-0.191674558885114,-0.473669886318011
"478",0.360523716244191,-0.713810239227239,0.149944051451575
"479",-0.463236902251194,-1.24907060540641,-0.311724971040662
"480",1.59278937353284,0.277704591063072,3.61146694469506
"481",-0.0804569104879181,-0.855589144388239,-1.15674592265717
"482",1.02230246562048,0.161309532483914,0.927737980318726
"483",1.19173007495394,1.79456950947942,0.432261833847547
"484",-0.817970791951787,-1.73110114207006,-0.509018137618316
"485",0.23596018294036,-0.86610765478688,0.504006164649052
"486",0.766243212791926,0.904360732355983,-1.17138314830314
"487",0.836382715901265,1.2619812151616,-1.06881579961659
"488",0.616928252195804,-0.209314797822945,-0.387586793443996
"489",0.53597486520186,-0.277483464214596,-0.621386783207731
"490",1.0147450955524,0.688489391790852,0.256721316957189
"491",-0.0296280666806576,-1.30335767386279,2.10168320061988
"492",0.872154529769861,1.24555028801362,-0.879872491084752
"493",0.697193803840608,0.209242162508107,-0.769758434596909
"494",-0.546534811723524,-1.70036391017294,0.777554643392452
"495",-0.802436983748137,-1.51638382174818,-0.992677827281724
"496",0.869255804920806,0.976107744205141,-0.711399217999537
"497",-0.476277058686899,-1.29364365729243,-0.173703387504377
"498",0.931221174728344,0.421346743911704,0.120831299075979
"499",0.810616130934372,0.02626471268783,0.0933919969401447
"500",0.236589728651632,-0.809276672091898,0.103980092844575
"501",1.01014115637848,2.69208892693832,-0.789302804758361
"502",0.24752960072342,-0.800654593985545,0.101915721732723
"503",0.572277153404784,0.200195661105673,-1.38103818686422
"504",-0.915675745786908,-1.8014742616776,-0.845991466565757
"505",-0.892750266386019,-1.84843087130502,-0.637368634107734
"506",-0.727509502555099,-1.65802483256939,-0.229397798516679
"507",-0.51294150888091,-2.74274102159848,2.39336735103677
"508",0.2816094030844,-0.688790985708685,-0.377238679119459
"509",1.0028106129486,-0.568067876446224,2.67056915908297
"510",0.855961804730374,0.299370783316049,-0.101916484064363
"511",0.877584927484315,-0.052758721391924,0.576302577322968
"512",-0.800752828507452,-1.87316197141428,-0.129976706568894
"513",1.26543762199124,0.581515438374281,1.61511310255117
"514",0.872865084949131,0.323826616241238,-0.0496625255129477
"515",0.968802503344462,0.588521746066484,0.124766209863507
"516",-0.232958115974891,-1.17538952671881,0.463671166521532
"517",0.868840421197968,0.274525092152938,-0.00393231104039193
"518",1.22877032087095,-0.354534200013588,3.05653959924751
"519",0.952560351612179,0.679189861970658,-0.045453573990347
"520",-0.442593815053266,-1.19324197060734,-0.488366970524215
"521",0.27841452360191,-0.796700061283777,0.230664121085325
"522",1.86726253466859,0.946016690626806,4.30137252848716
"523",1.33109527715998,3.5012084864391,0.625332845191558
"524",1.10897568520252,0.790998311288068,0.635747365121457
"525",-0.258514853937185,-1.09167105508389,-0.165400011608547
"526",0.78463138667033,0.778667309966575,-0.975293593078052
"527",1.00789270679963,2.10812776278759,-0.613249954649485
"528",1.0703003197421,0.51097555461154,0.714148740681684
"529",1.13352000394924,0.640379044331814,0.896604635737233
"530",0.675802210942615,0.300148522850988,-1.003752543392
"531",0.851615289089991,0.430943691431179,-0.288536707989239
"532",0.897339996154628,1.15023609076939,-0.693161923541958
"533",-0.141793152666976,-1.16900625348023,0.884274651992006
"534",1.0334066694857,0.721824081774472,0.319218362886971
"535",0.8091287824652,-0.428271510204507,1.18717123679444
"536",-1.21613904216749,-3.38884997461076,-0.697973169244308
"537",1.29171247132243,1.07402940079305,1.3302928129328
"538",0.889348715998402,-0.177177865166142,0.899191023193523
"539",0.734465440972604,0.391968377116534,-0.827593833236336
"540",-0.169720479041495,-0.971954181724481,-0.623295047589984
"541",0.990249134526597,0.660587852213084,0.160696766367778
"542",1.46637494821872,2.60441836817073,1.51675026872416
"543",0.762373180673643,0.237659003225057,-0.484846578255876
"544",0.487797519232053,-0.687483168417017,0.646948501066282
"545",1.16638540423001,0.866324360474387,0.859772082575307
"546",0.350592118855353,-0.721222293738268,0.140861454348499
"547",0.414270971226166,-0.386405831008228,-0.920174459521552
"548",-0.138964609976775,-1.68202565314523,2.77190062142593
"549",0.790923634558419,0.0660505497113131,-0.0746300928427786
"550",-0.834503593588564,-1.73777581134252,-0.57671875868831
"551",0.403069119240011,-0.586446787262082,-0.25090010309026
"552",1.62591748485301,0.415114444935773,3.60173102282035
"553",0.702391278994253,-0.588234512789347,1.25335877941823
"554",1.17428043797699,1.72255174977424,0.377287147150797
"555",-0.417459601981714,-1.51061085476549,0.914608970302361
"556",0.865815355662362,1.88227031554085,-1.23486584402035
"557",-0.319938697137549,-1.24528426956907,0.386716494237822
"558",1.03250340785572,0.28757882535116,0.796629933856701
"559",0.873653026976483,0.256993323005622,0.0443441725996583
"560",-0.594831379543635,-1.17017461656807,-1.37443565855277
"561",0.590268673821875,0.191829727482024,-1.27866525761064
"562",0.916786668915574,0.643691447032023,-0.19029004432648
"563",1.26227157175939,0.333260624172485,1.88513088618474
"564",0.959412316450297,1.33239469082432,-0.495649391698635
"565",-0.737411663668542,-2.2322882773557,0.746112634429973
"566",-0.507106447007825,-1.51033765490995,0.465538041318944
"567",0.97480890746535,1.71781092346967,-0.617898410628006
"568",1.19566340554156,1.93079189417453,0.394374565816646
"569",0.755849370029399,-0.066105144354779,-0.00596265682079045
"570",0.581866620002335,-0.199311298024083,-0.5866853304536
"571",0.768566255535196,0.132297201740914,-0.295572670633088
"572",-0.316897690960123,-1.35672374764874,0.884398368740895
"573",1.20704942258279,1.29866183470957,0.762402972085952
"574",0.976878210373203,0.942936835670609,-0.148192720936145
"575",0.445817918381616,-0.407273776711274,-0.697186787369716
"576",1.05889810142542,1.09531686935093,0.151527073356936
"577",0.814440554449312,1.41928179584196,-1.26970746626073
"578",-0.355521005674664,-1.18133107809914,-0.116764323518657
"579",1.09341766977158,1.17184054336534,0.273096562552367
"580",-1.09398599529609,-2.26393728377308,-0.99672281770109
"581",1.11814713716268,0.812990693209586,0.662815017787737
"582",1.28743039490535,1.81411048202361,0.902234011127024
"583",0.71468890200762,-0.254833477647295,0.213600111417414
"584",0.134210045599142,-0.706632837047223,-1.02034374206541
"585",0.106922727198501,-1.07344877529689,1.54017434284701
"586",0.349131855943655,-0.526683967882558,-0.762957477595651
"587",-0.236355234423132,-1.19986255533727,0.577620850891625
"588",0.805698498851035,0.516022373611182,-0.61436370649808
"589",-0.176198142883342,-1.07231978555372,0.116871132941827
"590",1.41533450533132,1.63712592881197,1.62264039143854
"591",0.682977427554159,-0.312647808530517,0.20834069853442
"592",0.987283835242369,0.81127832545632,0.00994973348686434
"593",1.41605241560735,2.10711778437637,1.42792216659247
"594",0.759694426879314,-0.35213693939077,0.704137569451372
"595",1.14514162482675,0.989444970872273,0.658113844509851
"596",0.148937996512563,-0.712926362039331,-0.912782840936792
"597",0.899558627372623,1.50663763273729,-0.890902174332094
"598",1.08183593642993,1.41020281334596,0.072282153702194
"599",1.03665163176393,0.974546499899405,0.126747121311784
"600",0.515203303368329,-0.706691276280251,0.884935567620953
"601",0.358355346720843,-0.233913838840688,-1.62057819410652
"602",-0.752952182693137,-1.71405385421965,-0.222734431263533
"603",-0.71750864597786,-1.27640469927408,-1.45649275821835
"604",0.573387925522516,-0.0620070515889553,-0.926425517131275
"605",0.583262881201915,-0.60270108681494,0.72051499501476
"606",1.00422809316576,1.42502146251871,-0.323923791437473
"607",1.09154004918882,1.79001704192663,-0.0666875127923718
"608",-0.332892618569529,-1.01457910085988,-1.08825073975361
"609",1.03676746433172,1.06983253495064,0.0584912664548436
"610",1.09474656546591,1.39090955097297,0.147585011862325
"611",0.829689306606875,0.51341705964679,-0.491571802888641
"612",-0.56723414471214,-1.3117453299726,-0.550543581192652
"613",-0.551349301295997,-2.31344558555171,1.7767023161237
"614",0.973604463505786,-0.070625414107838,1.09185592202196
"615",0.901036173357103,0.926082735920147,-0.514410453652356
"616",0.758259077499878,0.746728753944775,-1.07899293478878
"617",0.895691465689569,1.99719561538115,-1.13200717030373
"618",0.792179970946606,0.472686155426091,-0.633870981841254
"619",1.05516378794901,0.608997338555002,0.535863244012033
"620",0.381979635499207,-0.610579952038378,-0.251004484466557
"621",1.68239098403316,1.29970990929864,3.13848681624457
"622",1.18477621085107,1.50410642366083,0.536505601016337
"623",0.845113622520646,1.31272005783944,-1.05560945737126
"624",1.25034846587729,0.147370310501016,2.0895896590562
"625",0.118722633564594,-1.17721151210715,2.23204514396663
"626",1.0678776357425,1.44425565433498,-0.0161618198510833
"627",0.714080037235677,-0.0879699052646746,-0.1705995729525
"628",0.767855728340644,-0.405422994853961,0.907130593801576
"629",1.90555702682814,0.0176694272472987,5.58354492147513
"630",0.79400124918931,0.390843492784632,-0.528541465030145
"631",0.860702530177616,-0.0837160616759248,0.553818624739637
"632",0.730716972030874,0.796617766723178,-1.26037865095705
"633",0.917561638674197,0.381472630603777,0.100758417404838
"634",-0.688536618649863,-1.30325163307421,-1.19331564010648
"635",1.02317108282675,0.656640405601237,0.329099709987869
"636",1.18705665442976,0.8301397316575,0.992936783122405
"637",0.920076171199374,0.241078388964728,0.298817143264209
"638",1.00562915866989,0.238506584336248,0.730229224277692
"639",1.09538926011796,1.21767710730993,0.253666803277886
"640",-0.860124906782281,-2.01908287204661,-0.173142869797848
"641",0.835642472232843,-0.162175137566397,0.596566558542459
"642",1.07904205855582,0.535530683086951,0.73131374557451
"643",0.965643158186068,3.69675330614384,-1.23934007547708
"644",0.917196943448481,1.12912374764709,-0.57986139277285
"645",0.767747697422265,-0.222176765185654,0.397568980153073
"646",1.10630074623469,2.88258210002112,-0.359298820500575
"647",0.30708326414143,-0.631191702764291,-0.531782252017401
"648",0.154998858423903,-0.695301409780412,-0.976413330994805
"649",0.711631418049635,0.583761610639613,-1.15622175610533
"650",0.578968876915473,-0.35113381013115,-0.202421403162701
"651",0.69160709895063,0.319938939389488,-0.950875753415526
"652",-0.242134281625684,-1.65469404652423,2.18919848250037
"653",1.42776011933711,0.0669213065760819,3.1080647785576
"654",0.967664004661982,1.22615560208252,-0.390276668381477
"655",-0.839599323094484,-3.00994604336629,0.959240699996176
"656",0.317144318242183,-0.615782796301978,-0.551861300874535
"657",-0.291880167895957,-1.48614033167622,1.46617008965558
"658",1.14248539660402,1.98226784245589,0.10784159785305
"659",1.56535710453627,1.35406686441131,2.5215416164303
"660",1.34708717236148,1.69764444652247,1.25280008583954
"661",0.0466579522793935,-1.11126767896292,1.48591676881215
"662",1.57081631290212,0.985427355435877,2.78946399589326
"663",0.655091593404539,-0.305467115211578,0.0491850354480516
"664",0.320882972117702,-0.632000884761833,-0.459031939928147
"665",1.09362584981927,0.185873497000466,1.24702665006009
"666",0.559621015153735,-0.457535535226862,0.0379214381138686
"667",-0.498784999646388,-1.56564836068225,0.66979339651177
"668",0.861859924413301,1.21850697761257,-0.914501678608477
"669",-0.906464134062139,-2.12096963836736,-0.250361339469167
"670",1.0177941739732,1.62905477544072,-0.361168127247031
"671",0.821004050264622,0.288312968376984,-0.261858377355895
"672",0.986872722541605,0.173928830049016,0.731290946162722
"673",0.698807906482619,0.048176724825986,-0.504348514125619
"674",1.06617444235354,0.714967295329699,0.489325661712435
"675",1.88976585618737,0.754091633397216,4.57198389587845
"676",-0.868676655183387,-2.09917553348378,-0.0930857717989511
"677",-0.429938547407975,-1.12177603591774,-0.831952975392798
"678",-0.61592826308398,-1.54502133502361,0.0249662257746852
"679",-0.488155346211657,-1.19960701379202,-0.68271430805469
"680",1.08102450704394,1.03927498060745,0.301331620927391
"681",0.510598481892506,-0.187593656449129,-0.970495337859443
"682",0.825041248789957,-0.0295846008853458,0.268719442909553
"683",-1.25831898915647,-2.93434386480403,-1.18678266303219
"684",0.493822719366437,-0.271496348717083,-0.847812344940166
"685",0.729851505071099,-0.240615805361413,0.253562455982715
"686",0.389063263919096,-0.386103140545564,-1.04714435522134
"687",0.773194152511953,0.721810531931776,-0.981831869654607
"688",0.260770598790102,-1.05147623613938,2.15597810500301
"689",0.148201379675219,-0.695355103781201,-1.01011951121597
"690",1.0164802211381,3.2012902594495,-0.884572040578241
"691",0.738876395377194,0.214527834096025,-0.569060527903869
"692",0.648631642898459,0.285544239266883,-1.11997719465451
"693",0.531810895114959,-0.685352179880749,0.856048166353305
"694",1.38760059377393,1.15192824499551,1.75702665046068
"695",1.00849459826819,0.472133946843111,0.448327203446558
"696",-0.277599312034643,-1.00503955998057,-0.887153534649316
"697",0.984724092674291,0.560935185214895,0.232866262726018
"698",0.448187548197031,-0.462675814828901,-0.50150497996089
"699",0.473005499002603,-0.688497808860319,0.578226368865168
"700",0.618049343515811,-0.689611018590575,1.30920439944609
"701",1.12545490186842,0.21470004762114,1.3635813517925
"702",1.28064231418466,1.046785140339,1.29407873656905
"703",0.909503764284476,0.395191844768659,0.0436705075906625
"704",-0.305537526342652,-1.52844640347932,1.52810699745126
"705",-0.876641663522882,-1.98936345819138,-0.304070719009463
"706",1.05186866002113,0.646428105057053,0.482459828020866
"707",0.851863631131699,0.47222139483745,-0.334926636302684
"708",-0.897486831036214,-1.76894311780337,-0.823431588713976
"709",-0.791949162394875,-2.33378065992287,0.597642897444287
"710",1.0283388993823,0.231711818559979,0.853460249698753
"711",0.228227624129444,-1.02581729677297,1.80394940379609
"712",0.0902268138002651,-0.97849830591585,0.732761198508996
"713",0.677537807872694,-0.186123109643606,-0.139216228826653
"714",0.888449130531378,-0.448157665411806,1.65006812264349
"715",0.763080250660017,1.31134125248371,-1.46496241907039
"716",0.765494617228425,0.188206488654179,-0.397124567644622
"717",0.898041909443354,0.834262286975943,-0.455575851566407
"718",1.12146554985849,0.960826273758585,0.5611328113263
"719",0.340591508567009,-0.843049027249678,0.857205161548801
"720",0.490395110836534,-0.396838027940499,-0.507192119849316
"721",0.777630339866994,1.08521515321763,-1.24786682803988
"722",0.685731232692114,0.198927332151597,-0.811892546571244
"723",0.938335819792304,0.0183497104166002,0.746210602539138
"724",1.36850898837899,0.799803964604095,1.92585107403587
"725",0.732260281007415,-0.508262813899272,1.08283787128033
"726",1.07104777956938,1.79816597752241,-0.172726597477503
"727",1.15477195401466,1.26144942397211,0.523455023514635
"728",0.951792682250934,0.248579201850311,0.44681730829204
"729",1.19113448582744,3.72078782128372,-0.116295877094975
"730",0.68633567614088,-0.724955976423843,1.84024963585361
"731",-0.509016639644648,-2.00337463735806,1.55704290741292
"732",0.760073895969473,-0.445886877915592,1.00051624436189
"733",-0.558121107079724,-1.34599295324511,-0.364151773030399
"734",-0.427226696717316,-1.68169442064565,1.32979458931819
"735",1.21831619369359,0.427039867625126,1.54956780734916
"736",0.843253945932888,0.403679208789916,-0.297861773076012
"737",0.974845243414329,0.649874691541271,0.0940013765128036
"738",1.1292426012376,1.49731141144459,0.262391005278346
"739",0.826163550028951,-0.586198161368726,1.86351032995702
"740",-0.252590056594271,-1.16494432964507,0.307638830388486
"741",0.191705000067404,-0.867042751046775,0.289818760305125
"742",-0.2741510463156,-1.05073226079735,-0.52396147950544
"743",0.914058266715178,0.342922103593693,0.13164683030471
"744",0.892548954248871,0.510783358506005,-0.174398010599051
"745",0.943396161689887,-0.366610269554348,1.66542574286743
"746",0.767662255554007,-0.24709498455556,0.458867394875371
"747",1.00845016579769,-0.326151442606377,1.87335554321955
"748",1.38697259352867,0.88915173593327,1.944330100529
"749",0.91469590605461,0.0638691891056306,0.547964191965685
"750",-0.553187036513346,-1.48231331421814,0.147437159303797
"751",0.626763410952547,-0.306216229616362,-0.0904073716726819
"752",1.53957334331779,0.563110531699235,3.00484064395551
"753",1.02494546606327,0.799503503453823,0.208290641307173
"754",0.769253304408435,0.0666080789005876,-0.183934363323455
"755",1.07955317593919,0.978088183992573,0.338608987278318
"756",0.197624803835401,-0.739684397849854,-0.520213598278895
"757",0.524621308410417,-0.171103948155464,-0.938328901802331
"758",0.300308642747574,-0.652040465899336,-0.467158768966747
"759",-0.693380369759582,-1.43486984822603,-0.710952631619883
"760",1.03917126763926,1.10092787532026,0.0490569153787206
"761",0.850573990040718,0.0290316567794119,0.288240714780923
"762",1.0049420951782,2.25874983811723,-0.681587366527315
"763",0.282831811649379,-0.529049652415625,-1.08532991594794
"764",1.52372075389082,2.56789373776819,1.81414731043201
"765",-0.806282176721413,-2.28117112855615,0.463089094844307
"766",1.17552545539297,2.55254258760391,0.077709109305919
"767",-0.243553003470365,-1.21399842884151,0.614427171327775
"768",0.879345839022557,-1.37738269756476,6.94515982860976
"769",0.704593998363515,-0.212914357365624,0.0593802214824426
"770",0.565262388240527,-0.765603455403089,1.47049269034371
"771",0.301668055527721,-0.667145978025534,-0.3865373807842
"772",0.927594988704124,1.58681993857708,-0.791481117354986
"773",1.0953842496341,2.12565213879903,-0.182242944161421
"774",0.533055675661402,0.00500973963378931,-1.25592635067833
"775",-0.892870266196394,-2.27848614115958,0.026854323702771
"776",1.26292971262077,1.46891338955009,0.94584172874896
"777",0.966106515221726,0.550205879678147,0.151047748868218
"778",0.00969056086597603,-0.812935804840465,-1.00609586077811
"779",-0.456382161626166,-1.27947247662294,-0.137046927653057
"780",0.556634711170303,0.00208729782654661,-1.13266511526643
"781",0.110353172474528,-1.53472539574842,3.62619295678708
"782",0.968934448544953,0.0372731592565689,0.865419935687592
"783",0.538914277097024,0.041686844047843,-1.29245563228032
"784",0.951398124175621,0.599927849010226,0.0261626742281829
"785",0.400952805094204,-0.447768104929646,-0.788732257902621
"786",-0.295450953167354,-1.79119992316202,2.23383355767855
"787",1.17977213941713,0.453157462313558,1.32638845243595
"788",0.359980475540477,-0.69671336799453,0.0558995683385666
"789",0.881997242079717,-0.40946836637148,1.49069390151999
"790",-0.582353396353653,-1.26829299277188,-0.817617947792393
"791",0.208115590871161,-0.835402185490382,0.140442356109963
"792",0.709467108433549,0.228355068484412,-0.736090391556046
"793",0.526992288077553,-0.136193153677648,-1.00418987875869
"794",0.99043265294792,0.990141451792462,-0.11594614696895
"795",0.656110062545141,-0.33536852435576,0.137779138981539
"796",0.93527597063873,0.117566090054458,0.561564332506703
"797",1.02962313073598,0.255695603723553,0.826004165861395
"798",-0.105451805624479,-1.52642119964958,2.52248878174014
"799",0.489730627409099,-0.524605484349641,-0.0679531930898027
"800",0.985696782891516,0.519011858604687,0.282379560635408
"801",0.724212816504458,-0.118025537225872,-0.0571820861272092
"802",0.943616008395376,-0.487174937938353,2.06224220226636
"803",0.591195549471925,-0.169341740612465,-0.609465008831148
"804",1.55731107560678,1.17743637600584,2.58893824791313
"805",1.0410080471969,1.33870676356262,-0.0913393765043242
"806",0.27975461009362,-0.697880375914171,-0.339093954643674
"807",0.875152823501394,0.238528245665433,0.0778167897291628
"808",0.968733414632097,0.00336384526137395,0.925482210467817
"809",0.902378846875738,-0.318898231065662,1.32268449318645
"810",0.980757146946333,1.12163510606029,-0.257038693589166
"811",0.275702147530549,-0.666011032330099,-0.521987915702208
"812",0.974829091020504,0.779671790686445,-0.0251790637779581
"813",-1.1373198042152,-3.97079316285169,-0.0454318083427498
"814",0.884219587638806,1.36528383611404,-0.890563321154699
"815",1.25182730678291,2.45222418159382,0.489699918802321
"816",0.48116662677434,-0.081013435428504,-1.3493610945015
"817",1.19736446991453,1.07669509096796,0.856700489859163
"818",0.959019207724599,-0.443135796523705,1.98598047755086
"819",-0.676038405078177,-1.48303241602601,-0.464522069236577
"820",1.46857095193224,1.66116416813806,1.87733817197359
"821",0.967298474090007,0.285005700547824,0.474086252870412
"822",0.565129020854385,-0.370676935317934,-0.213723514712365
"823",0.969848456768347,3.63685757731363,-1.20714485447645
"824",-0.104542861389014,-1.00929398050274,0.0119569471915542
"825",-1.07990797563267,-2.82023168321265,-0.379550777660382
"826",0.61377443498069,-0.0292809473092517,-0.788194282086111
"827",0.835182326299099,-0.484173524091513,1.50927763704819
"828",0.77558625035231,0.473461678079548,-0.717716870388678
"829",0.756357407281857,-0.422037299102638,0.902952708249741
"830",0.832951518906793,0.312431939584539,-0.234295441906145
"831",1.25672889880658,1.27916320533748,1.02248850854544
"832",-0.033998145115918,-1.42753674402526,2.56055473063871
"833",0.594237753213095,-0.0738352479024625,-0.798525793830438
"834",1.00960757801532,1.41048964493708,-0.289018450761432
"835",1.47581032722761,1.0732725638497,2.25130864472285
"836",0.721127097475656,0.214011032936504,-0.657054556011589
"837",-0.633787274619434,-1.86180728290828,0.683259820616236
"838",-0.339289195415758,-1.37892704589459,0.857820438508197
"839",0.833630098365808,1.21770177513872,-1.05514452031248
"840",-0.0696817712325666,-0.862079134636379,-1.05456305558789
"841",-0.790765444560243,-1.91660781816929,-3.90367852083351e-05
"842",0.890146951459663,0.46816149245335,-0.138905241106981
"843",1.14827573033595,0.29037584276821,1.37171782979839
"844",0.54648574381019,-0.302297339554315,-0.502488049633216
"845",0.937388963566619,1.449333413498,-0.67135207643458
"846",0.735652974737229,0.423133382356565,-0.859128303670889
"847",0.423413641014956,-0.392152776548579,-0.856696942246023
"848",0.391889366654305,-0.481903799942288,-0.715316364395011
"849",-0.281552895163577,-1.03503988512588,-0.675594281745808
"850",0.561569642996208,-0.0710739403066224,-0.967418152239077
"851",0.797937416332301,0.120714681766127,-0.13020207262197
"852",0.652589164018482,0.457997628401057,-1.31509055425463
"853",0.649332425191876,-0.212894324932506,-0.216975833505533
"854",0.706413238204367,-0.526055864078359,1.02103208014787
"855",1.11171375221747,1.33456305653342,0.264595796380971
"856",-0.264353403825394,-1.40955978470709,1.34521569356298
"857",-0.524254869731729,-1.27835709787619,-0.481423772071668
"858",0.389485187106821,-0.530857088344446,-0.545064523322146
"859",0.977035359853,1.73414718741382,-0.61422570140537
"860",0.877238058132215,0.127386297513897,0.255607973575272
"861",0.87515728993893,1.08950330873409,-0.763186297154246
"862",1.19023712529121,1.73181953247447,0.452841665899625
"863",0.603220593246695,-0.270501276946063,-0.303413875447156
"864",-0.761735964562914,-1.57916279186723,-0.607180732506741
"865",0.756374549196195,0.286152352518182,-0.582085699788973
"866",1.24072983616636,1.47519484374203,0.831498028624531
"867",0.241996674913746,-1.30265374974763,3.45677771677439
"868",-0.57350140309788,-1.35103104853465,-0.421033817634176
"869",1.15047809565157,0.552964935498143,1.06999750858641
"870",-0.671562651753505,-2.90260715142847,1.72412289231403
"871",0.718463651395525,0.312669171397256,-0.807047432688932
"872",0.272055431731904,-0.623627569893907,-0.741722158773288
"873",0.228943470510839,-0.703697773307881,-0.562351064143346
"874",1.00981063932263,0.327794905877085,0.62990325533657
"875",1.13786240358188,0.960868100953395,0.643085469424347
"876",0.936495052889677,0.215144836696626,0.418134934299357
"877",0.777022226829495,0.29752947814991,-0.494153478874823
"878",0.988868556992816,2.76231359881384,-0.914894395803994
"879",-0.966138855191215,-1.8987018887602,-0.909386841515957
"880",0.37253365294624,-0.790249806762618,0.659853055205931
"881",1.82248737509311,1.11387369923647,3.95684514644517
"882",0.580018245990229,-0.144640050462871,-0.720574152947702
"883",0.717808057139286,-0.634234435784966,1.535978639679
"884",0.31977951699888,-0.692111947376353,-0.169161092836513
"885",0.591893827285451,-0.409862089058355,0.0414323068770996
"886",-0.267277223581237,-1.71317819875639,2.20362351152143
"887",0.865485218016468,0.47361877370471,-0.268399665640763
"888",0.445160138909228,-0.361496735984892,-0.840973601400033
"889",-0.990418854410132,-2.31430130002238,-0.417628831046165
"890",1.07591388062883,0.746336577513607,0.509631438998178
"891",0.727372724618551,-0.203683733931857,0.151204865473594
"892",0.832609046800009,0.0108453495121419,0.231179955962494
"893",0.590489362455862,0.108424427537576,-1.14753828267643
"894",0.618538495051859,-0.236261474706729,-0.313843905215
"895",-1.00748560606875,-3.75211265559708,0.516508410088701
"896",0.832527642987778,0.838701833584712,-0.786838076251657
"897",1.51036994779713,-0.275398998495202,4.24511994541546
"898",0.727364564173539,0.924319007918125,-1.38139927108622
"899",0.699206854241868,0.599446235600259,-1.2343069635621
"900",0.774241630612754,-0.0136958026011752,-0.0153306860478915
"901",0.921196030258456,2.46136528911095,-1.16629468453867
"902",0.663428300005283,0.14452594268903,-0.840559226426969
"903",-0.628316954772788,-1.37693685633748,-0.594841695020885
"904",1.03766738993833,0.518130257002851,0.543189572643332
"905",-0.59976065521596,-1.75289163283491,0.630412238301929
"906",-0.413512980585041,-1.87559963041647,1.81082001739924
"907",1.28960813272702,3.0448430191469,0.51718207211918
"908",1.03573823865066,2.24715345268954,-0.523626137558342
"909",1.04673951845369,0.611024487017344,0.491711480924038
"910",1.21986805295396,0.387230320319163,1.60521370075581
"911",0.882874779331276,0.154810656003497,0.240639988533799
"912",0.8248570672486,-0.0117934231690433,0.234186040560244
"913",-1.02222537668544,-1.95979116384433,-1.08170002327887
"914",0.754893125984186,-0.0286269147243692,-0.0838486237320923
"915",0.886581141900428,0.391528074231539,-0.0664779552122057
"916",0.395935943285379,-0.582142136687833,-0.304882253080627
"917",-0.623586637259552,-1.39827981787423,-0.491794866122456
"918",1.5671763131564,0.282847229644617,3.47640241543522
"919",0.864091229343825,1.04761178061698,-0.789262892942155
"920",1.50834897806044,1.17840246824295,2.34350328489456
"921",0.852866612033696,0.476988060718543,-0.335296323903196
"922",1.46582049720122,0.858751489974276,2.36311649369162
"923",-0.558051643910796,-1.40669777297483,-0.133567421123863
"924",1.13170052822638,-0.124201450928836,1.9934458976997
"925",1.26038544527838,0.443939437531849,1.74012095251829
"926",1.04000191069191,2.11449364628035,-0.455054047089628
"927",0.831261323088825,-0.0249583730735929,0.291011287427178
"928",0.146915979601803,-0.738755835644936,-0.779070694043416
"929",0.313708887052867,-0.860093542522944,0.847532463951443
"930",0.369587538271406,-0.674195558998971,-0.0117498982049811
"931",1.14463631992443,1.65947182874274,0.258468177683828
"932",1.16158455827375,-0.0591167669660254,2.00883002599132
"933",0.975123659374173,0.5437465364757,0.202969695960476
"934",0.870272431817394,0.725128023016594,-0.499460665538305
"935",1.1162083459488,0.937282877510314,0.552798026908251
"936",-0.307475045141261,-0.995887236791798,-1.11050660409514
"937",-0.226806067959987,-0.967105881470312,-0.951055099947512
"938",1.14394933425307,1.28527866068121,0.45490848941745
"939",0.178289822846857,-0.947789869727982,0.900435451725301
"940",-0.598472005010312,-1.40626149785394,-0.337242323186879
"941",0.675256942860286,0.26192637661538,-0.954492913862003
"942",0.537806821518751,-0.282325206726914,-0.599462852246659
"943",1.04440627166528,1.70452986440391,-0.26379451571708
"944",0.907301447265824,0.589033790257941,-0.183261458807551
"945",-0.685204056991381,-1.46752247580378,-0.560477379612388
"946",0.758124039867732,-0.635402349236698,1.74300609397282
"947",0.724667219682198,0.526808290871735,-1.03119843099818
"948",0.465701370899011,-0.325695890541644,-0.841670586232725
"949",0.514508383154908,-0.433147242405322,-0.26986747596981
"950",1.22467651568172,1.19176362665567,0.916547058255808
"951",1.31462138231524,0.717225239439196,1.72949225078764
"952",1.26013063442615,0.621588853979057,1.54814281522009
"953",1.04860155725692,1.21039642067459,0.0243189319220583
"954",-0.201765323287491,-1.43636621340237,1.75226985366927
"955",-0.14872977271641,-0.923254090042272,-0.955286381561573
"956",-0.725724994826651,-1.53995291329272,-0.538817208615685
"957",0.664863717386312,0.237933451789731,-0.972783895491076
"958",1.09408480899812,0.168803876154959,1.2751575534156
"959",0.770865348571324,0.493876475978046,-0.764192913796204
"960",1.05948534861459,0.551672306993604,0.616395366098258
"961",0.57255308586758,-0.822078099538516,1.87010933191354
"962",1.20226654473448,0.495714391014144,1.39077475059455
"963",-0.156575390557927,-1.04274986768777,0.00613348918197687
"964",0.496972438344699,-0.473474726576439,-0.219829179418769
"965",1.53596175991497,2.22206835578412,1.98618237123256
"966",1.07031416732462,0.685787736457424,0.537101343967088
"967",-0.354528094500326,-1.47591055188802,1.12016153694273
"968",1.33270785527544,1.51723295740712,1.26934167757034
"969",-0.980911644193123,-2.87647247348044,0.158134926638311
"970",0.91965560865062,0.857798473888197,-0.366929033487939
"971",1.0306165334444,2.70102362152291,-0.68940637024909
"972",0.638724657693025,-0.230040084281651,-0.228292262424638
"973",1.25519284560904,2.33338961840946,0.544592392286135
"974",1.1666172805565,1.20245706608614,0.619429658725763
"975",1.50809772626511,0.516104971361395,2.89754256877292
"976",-0.0883725729379566,-1.22611170142307,1.45113780278672
"977",-1.06721144066096,-2.27428331522093,-0.850025162538585
"978",1.18606515429239,1.5153975699187,0.537078724057743
"979",1.29972823947683,1.92137488679148,0.918538478888769
"980",0.440946562337989,-1.09006373612205,3.32137666050054
"981",-0.52417041763255,-1.28281986604894,-0.461003758826631
"982",-0.994934100615023,-1.91724322874469,-1.01974203240928
"983",1.08103945001982,0.700493222470055,0.576999915174179
"984",0.788468169350917,0.644006086077841,-0.832188691926772
"985",0.247812660084358,-1.09098666662943,2.36175832402484
"986",0.911387110713683,0.425675341287525,0.0165342212757293
"987",0.584732937333601,-0.370547019236875,-0.116094392033005
"988",0.657716720322266,0.346472806129756,-1.15459516208117
"989",-0.864773729887585,-1.67661366290042,-0.87018846109864
"990",0.821657047100121,-0.102408929107336,0.39714003177015
"991",1.30931210325115,-0.089692279076441,2.80909403594384
"992",0.411881910209889,-0.838250589522823,1.17941985809888
"993",0.631043505726232,-0.389886969147906,0.174430157548154
"994",1.98521335946747,0.642918888311793,5.1525954701292
"995",0.449125451318862,-0.344601210363934,-0.870621937369027
"996",1.13823372470737,0.543643353874684,1.01862954363915
"997",0.591290633522793,-0.0308359055353053,-0.897642757820539
"998",1.57584079480399,0.836157252868546,2.93184158864435
"999",0.309469418831668,-0.928074622715599,1.37796667807878
"1000",0.467653747149205,-0.529487535114924,-0.159526694041987
