"","x_child","x_pa","noisetmp"
"1",-1.02660679869716,-1.21441265362972,-0.629309139514475
"2",-0.516047883627779,-0.425337574143868,1.57240853129159
"3",-1.02879757525285,-0.7046346235449,-0.844791203154619
"4",-0.801059180277377,0.552386817379613,-0.772317045194136
"5",-0.672512268382496,-0.545269464662394,0.856752746219311
"6",-0.924453955572023,-1.08167290705323,-0.16556527953039
"7",-0.873227601131244,-0.998236944365951,0.0589739182972888
"8",-0.866824258703986,0.355925602424453,-0.835341192456696
"9",-0.975774527524277,-0.00848024341591844,-1.01588388520851
"10",-0.670167075558732,-0.476678144245959,0.831099680878145
"11",0.393346719431245,2.00771405902445,-0.554672158640016
"12",-0.821030437835603,-1.09241099499875,0.3554997041821
"13",0.0629425420803982,1.55838370510237,-0.396436970625312
"14",-0.789764880766018,-0.818422250394087,0.402139460535727
"15",-0.495749666111156,-0.0809592977048544,1.44241906381336
"16",-0.342604137393291,1.21986402400884,-0.23266828133964
"17",-0.108327567769013,0.45337821505085,2.83304227333077
"18",-0.711670844705407,0.0724426944583228,0.234854383674741
"19",-0.887286225175458,-0.452595708315298,-0.268089299980745
"20",-0.712814198360215,-0.284683921438145,0.501983382759923
"21",-0.926069239553618,-1.01138439032605,-0.200144967309768
"22",-0.949695595588047,0.067725083001509,-0.951051631021352
"23",0.673105889895058,2.41201601618658,0.0689458436413477
"24",0.836828792872591,1.82375543618895,2.21485161831075
"25",-0.0384475807067488,-0.368675443609346,3.9266947161033
"26",-0.892225036870747,-2.28046130363336,0.317775321181724
"27",-0.656466310130963,-2.0694062323678,1.45316022410104
"28",-0.545853538418819,1.11663954539983,-0.828165972101643
"29",0.338723598651325,1.12828935891172,3.55154013600639
"30",0.0424804479241658,1.65267760807176,-1.03376599062344
"31",-0.669082386401139,0.670866412886892,-0.307134623871912
"32",0.513002483368971,1.72805403220028,0.967965665897884
"33",-0.948773565307595,0.00154445355735165,-0.889236571928634
"34",-1.21166112903485,-4.14334847279088,-1.02275810168612
"35",-0.594136202943446,0.160547529989099,0.740061135155447
"36",-0.0176323536087719,0.0504257063870455,3.72456783380553
"37",-0.362127969282309,1.1430393755631,-0.00883836762810608
"38",0.0984228921378861,1.48584956010579,0.290239278821965
"39",-0.91126668986303,0.277692207222627,-0.967335402311071
"40",-0.629175136806925,-0.869827042879901,1.22719025494983
"41",0.766777408597063,4.0158946050742,-0.627513246557666
"42",-0.98613460537236,-2.28517188189017,-0.150850932584214
"43",-0.570210219666525,0.620048230425634,0.274459407202215
"44",-1.02020168168546,-0.542187439851813,-0.883332829453496
"45",0.0747257003486949,1.71864212539096,-1.18269532196607
"46",-0.398656130537532,-0.930714166262854,2.40500650053554
"47",-0.357176396659104,0.695192510893342,1.20846325098821
"48",-0.811135686743736,0.300187252875671,-0.491834771066631
"49",-0.833904937015308,-0.217946654513265,-0.14817369702936
"50",-0.699550617488506,-0.552027944234233,0.725140895314269
"51",-0.588476211177004,-0.190904344863253,1.0601265245046
"52",-0.730080236163458,-0.749481827994646,0.669685636407429
"53",-0.991039979377163,-0.106695811314637,-1.01427773353992
"54",-0.86302032295526,-0.782941091454827,0.0201529643475391
"55",-0.873339883872095,0.463249377522723,-1.00539508666195
"56",-0.191995105135231,1.03751486607297,1.21021229111105
"57",-0.0385837469872988,1.36999446059324,0.473674376051384
"58",-0.429571325270167,0.223966195241891,1.49882669538759
"59",-1.07857784115601,-0.935909144968826,-0.992496399751237
"60",0.394364146414445,2.56138557156775,-1.52197791043726
"61",-0.381495525284472,-0.369894199779424,2.21219621329969
"62",-1.03061724487097,-0.26898892086226,-1.09732208946988
"63",-0.748804444468953,-0.778549257137941,0.589261290086001
"64",-0.16942128571618,1.3430591124416,-0.0118940318740044
"65",-0.755727745910278,-0.6198222476667,0.479194483862534
"66",-1.10827380368584,-2.05161746852092,-0.809735780686196
"67",-0.752614556104093,0.422082503268858,-0.347003125541363
"68",-0.375053743056298,0.414046240955031,1.55118669011797
"69",-0.400209606343521,0.590310410881185,1.17285303735118
"70",-0.779543214566463,0.456876869405344,-0.527758794434885
"71",-0.560838862074397,0.521627975480947,0.474665205024742
"72",-0.492503687034998,1.02742797755978,-0.260782338002351
"73",-0.948638879989117,-1.96592309409688,-0.0306176965795497
"74",-0.85111369287017,-0.124245296965552,-0.301433435099892
"75",-0.470983902480158,1.08706761390266,-0.348508995223819
"76",-0.200331917096228,-0.00294629027451066,2.85672523738424
"77",-0.312703648836437,-0.0473036759412296,2.33111381967269
"78",-0.715902424547304,0.353305192113627,-0.0775821786302235
"79",-0.895799520309698,0.260171878700103,-0.870825432291444
"80",-0.458841019190506,0.529697248912737,0.972787873610696
"81",-0.543453783040261,-1.14903419129183,1.76377151694104
"82",-1.12038635961637,-1.35446793655636,-1.052470134822
"83",-0.712445185831326,0.682220682525613,-0.544271341247203
"84",-0.893035188837018,-2.33415818502666,0.324114880245895
"85",-0.975342035818562,-2.6901678007819,-0.0243770736044504
"86",-0.701598914599985,0.118289830604216,0.243198708853606
"87",-1.06882965091654,-1.56120543768829,-0.733502700277142
"88",0.216487847562143,1.68357072983964,-0.314642210275283
"89",-1.10452348069932,-1.74706569235697,-0.862524735627838
"90",-0.758445484303046,-0.468575636712671,0.385162245603369
"91",-0.571733597762856,-0.170713939056327,1.1294828699452
"92",0.10757701273373,-0.886970282488149,4.91815491374959
"93",0.520572191871495,2.38130369264219,-0.648603196017268
"94",-0.745018379935435,-0.988843076663243,0.696357495574639
"95",-0.491578093214717,0.337445735403046,1.06290757235671
"96",-0.95704486702573,-0.544207235722501,-0.566474538790336
"97",0.504746031323771,1.59125093167197,1.61191649644518
"98",-0.900691840620973,-0.530592031222518,-0.291982040205711
"99",-0.825870316269771,-0.0539746960266223,-0.229395095769136
"100",-0.498554146583161,-0.314768648812223,1.59264021226539
"101",-0.494634187353055,-0.930413165146806,1.92499399478156
"102",-0.886511428547102,-0.252181442498005,-0.387962466176372
"103",-0.775558144960964,-1.21540501555787,0.626271635435877
"104",-1.0562059122342,-0.702631655521625,-0.98278127139701
"105",-1.13032570340237,-1.99287426714787,-0.93297324421746
"106",0.213571288191649,1.09309449246224,3.05328812408582
"107",-0.93441874112451,-0.587155817556778,-0.430878833797453
"108",-0.539266954302173,0.988251021230804,-0.377316040655935
"109",-0.898544680861388,-0.295263187887746,-0.41980775031372
"110",-0.706630969755389,-0.156879041096515,0.445012632607957
"111",-0.978179572192686,-0.202810856442993,-0.880040038017683
"112",-0.949119683870655,-1.48513634456343,-0.15665361389064
"113",-1.03360542281163,-1.09796843824124,-0.705342553485158
"114",-0.581714660050298,0.680856766486341,0.111839261626626
"115",-0.710906251025573,0.682213149993972,-0.53656307986091
"116",-0.786841543607957,0.777814820401643,-1.10080601514114
"117",-1.15807599433815,-1.59231488343061,-1.17111458874455
"118",-0.818352916963876,-0.0171178433399186,-0.221637096857894
"119",-0.940578291192747,-0.281890541086258,-0.638658764342058
"120",-1.01193008808416,-0.411638158607224,-0.91501662673023
"121",-0.714528444980676,-1.53760006482177,1.03136537724868
"122",-0.821432299739582,-0.0422806037214537,-0.216560061310733
"123",-0.790011241265007,0.363295916017936,-0.460185399795612
"124",-0.82452601599482,-0.654915719665112,0.152623072409074
"125",1.5653499839087,2.79721340606224,4.08113679532712
"126",-0.680896380338254,-1.18705071368923,1.08985769571238
"127",-1.05110693737514,-1.6659876859677,-0.616418250971266
"128",-0.821704868398971,0.18456207040367,-0.421549887877018
"129",-0.736358728648234,-0.127689252171886,0.274910288626733
"130",-0.263073063275822,1.2369856284391,0.0858789654924785
"131",-0.986695485168786,-0.419079068044375,-0.784480039243903
"132",-0.798774395525433,-2.99933866695842,0.906120711146371
"133",-0.803870817615002,-0.497447235257846,0.174104505445003
"134",-0.470089128246704,-0.0877162934936125,1.57595249451409
"135",-0.890762092661216,-0.952571902501853,-0.0467115938962077
"136",-0.663329322800751,0.589358958071636,-0.141227980435442
"137",-0.425121050176626,-1.11042497914598,2.34161009822344
"138",-0.53602180206448,0.0327019212879514,1.14803848223268
"139",-0.821352966357211,-0.201253268255236,-0.0969945401506771
"140",-0.680404338106942,-1.29467027468713,1.12836883675172
"141",-0.661999694798865,0.260630544522384,0.297676296030593
"142",-0.75608146105633,0.413219173507691,-0.352888522414373
"143",-0.873807573452604,-2.44168641730491,0.440327160985333
"144",-0.635168156989087,-0.000422315975693736,0.680436325356363
"145",0.376606381751896,1.08496584475074,3.89670196632448
"146",-0.57494488248176,1.05030905700291,-0.745394008338767
"147",-0.792300382166209,-0.880979824840771,0.416259935349818
"148",-0.490370432984926,1.30891527893467,-1.41863723578426
"149",0.726237772023662,2.50071886571496,0.213352557312337
"150",-0.764078246885692,-0.410442919827799,0.323539280222802
"151",-0.657973917949009,-1.41886492972357,1.27941298184879
"152",-0.436920341725781,1.28835103374159,-1.03981005449294
"153",-0.182070578765144,0.979920589036773,1.43258148561489
"154",-0.406277846652957,-0.819056097743625,2.31985183983347
"155",-0.312995075366524,1.186456352504,0.0615378518193688
"156",-0.920510625941025,0.152823534641787,-0.884288586883391
"157",-0.55048913378176,-1.15828510241863,1.73185921143245
"158",-0.684076017262531,0.00419781731446899,0.432025941357114
"159",-0.525732133082537,0.538140045411843,0.625788334045075
"160",-0.705562714836058,-1.03696797856085,0.912170126300827
"161",-0.938141081677147,0.363533381268488,-1.20112288231416
"162",-0.882195868235677,-0.569333676395588,-0.179000168553356
"163",-0.886008376142931,-0.603682538537393,-0.180369905908624
"164",-0.936220251711959,-0.195096726106854,-0.675643768095959
"165",-0.957414677099906,0.234468404924389,-1.15141019653003
"166",-0.887961073428218,0.378487253144203,-0.968533412543386
"167",-0.661309054582192,-1.11062760836779,1.1607434908675
"168",-0.644340472771927,-1.18301914656143,1.27124131844339
"169",-0.577802096996988,-0.352463823164208,1.21999359193256
"170",-0.246809995987093,-0.0749901049146145,2.68246995815378
"171",-0.866001073874768,-1.06188773167962,0.119356589003281
"172",-0.758934698825105,-0.399144218491286,0.34257593386632
"173",-0.376953357351373,1.15091755496288,-0.113627110304604
"174",-0.949662479566337,-1.57994749223659,-0.132456507661427
"175",-0.217520356991024,1.13367118752591,0.750034613654913
"176",0.0243560932833108,1.54838599547233,-0.524910778175894
"177",-1.02174671591867,0.188979001444258,-1.42619441842651
"178",-0.982745045622662,-1.40203217506852,-0.349554042894503
"179",-0.875797891913379,0.114616110022916,-0.624359334508714
"180",-0.161701901222739,1.23302243594834,0.611312375508124
"181",-0.376281940263281,0.970178951940065,0.489059006357401
"182",-0.371619352913528,0.615402563938494,1.27509791910245
"183",-0.112373190734887,1.20483161551012,0.985549028290433
"184",-0.853162402193374,0.033919841547974,-0.438715674789153
"185",-0.96782062306765,0.141610501859739,-1.11002178496247
"186",0.226826114348542,1.98020595991845,-1.31550641006576
"187",-0.582118862692243,0.582846988865729,0.275161051955484
"188",-0.569139035475623,0.3625070522418,0.645132748424848
"189",-0.32880796153208,1.20929309813925,-0.116301889099693
"190",-0.00671583526111291,1.18591710247981,1.59520920518743
"191",-0.541109062781601,0.711208203821264,0.259058455178115
"192",-0.741438877517823,0.223248624684067,-0.0597625194588667
"193",0.733884587482885,3.07610450258375,-0.307135570163326
"194",-0.96095850117907,-0.416145648105135,-0.657512329297752
"195",-0.930028503860621,-1.5352074812272,-0.0468124856345375
"196",-0.74601517580735,-0.714086588973467,0.573578222332406
"197",-0.492041337508229,0.594959227753869,0.706252624217421
"198",-1.03744939223824,-1.6239324425799,-0.559367029148606
"199",0.0212071313703265,-1.42765388448234,4.67796788111933
"200",-0.0849853875298962,1.38145196616332,0.166301558198013
"201",0.996066702888727,2.67476530906083,1.3576319854094
"202",-0.318864340259035,0.994931431536475,0.705266580635738
"203",-1.03801465219418,-0.68036052275706,-0.902460924824127
"204",-1.00219023416709,-1.26723312413073,-0.489535268405154
"205",-0.706001033792964,0.465185946309502,-0.171343476884824
"206",-0.94283536066894,-1.17961224411872,-0.22241539302221
"207",-0.247843849180498,0.359367664451112,2.2554092512169
"208",0.686051702415325,1.89184966822216,1.23523613094585
"209",-0.847462979587517,-0.329043529577878,-0.142884599065845
"210",-0.955842003001402,-0.284102942403582,-0.713534175702152
"211",-0.322735604037747,0.185698775593709,2.07215692088464
"212",-0.834248580260866,-0.731794610201294,0.140683052686422
"213",-0.887027383986802,-1.32757998638829,0.105830856737997
"214",-0.77716534726192,-0.88067605919116,0.491807668214475
"215",-0.687984711960713,-1.38005369537182,1.1175000801855
"216",0.0808237677968034,1.38483813782212,0.972635084234799
"217",-0.741649479373945,0.39172134541255,-0.253441737436958
"218",-0.32564415204379,1.27512390853932,-0.414471702724796
"219",-1.03651564689618,0.129171189157335,-1.44163844389236
"220",-0.660465511316299,0.77077953368725,-0.454463982478015
"221",-0.629346174577675,-0.0377205886900169,0.74019539051748
"222",-0.0877055771288858,1.39869740924326,0.0348614936424676
"223",-0.799322459364487,-1.26693419945303,0.524705031642883
"224",-0.886919934428935,-1.86647083587023,0.254838566888399
"225",0.727183592133253,1.81213164061063,1.70814357101429
"226",-0.399376198149991,1.07168973901264,0.0619837347740231
"227",-0.82523978683986,0.582491321654207,-0.93988149501478
"228",0.674145885943198,1.68104594535958,1.98559187070459
"229",-1.02550476245982,-1.02476150346909,-0.692187796780649
"230",-0.766795156689061,-0.294741078609927,0.23860265159201
"231",-0.872510953543822,0.00433061484347401,-0.510260255281302
"232",-0.690333912343708,0.557295708512491,-0.226178131544299
"233",-0.468538917009924,0.134373915910864,1.39330333128582
"234",0.824159723356909,2.60792471491897,0.572150825541436
"235",-0.47302218475518,0.279928876641103,1.22141330345317
"236",-0.299309575825738,1.21522159426545,0.00474847422448565
"237",-0.761199391468283,0.607022790235729,-0.659059594037766
"238",-0.847648206213819,-0.435673703239477,-0.0796029279552264
"239",-0.920982015566592,-1.12248519376924,-0.13334107766152
"240",0.63606482755394,1.78482962995969,1.35385718384511
"241",-0.890782793719421,-1.10191016095119,0.0102080732855883
"242",-0.17141997002055,1.45958225990555,-0.847638264325927
"243",-1.00965338659968,-0.940113072566392,-0.646175374210685
"244",-0.902821364095386,-0.40503757008048,-0.37336516127872
"245",-0.0404345916921788,1.56371569616016,-0.947024478587932
"246",-1.00182029264227,-1.3011819398808,-0.476602010071086
"247",-0.608656547336537,0.635963256654015,0.0555431805339111
"248",-0.923730132163376,-0.289137494113952,-0.549700591956354
"249",-1.00178726496668,0.153547606024724,-1.29137446739598
"250",-0.646835692490692,0.592340439011885,-0.0635215272987171
"251",-1.11776879356013,-1.19117590860991,-1.09307953634794
"252",-0.579769526145769,0.121984643044822,0.848876443523119
"253",-0.736699634512558,-0.202571575332952,0.327192674834565
"254",-0.910629490017903,-1.24417909292558,-0.039385033501963
"255",-0.993175044097577,-0.409431099385306,-0.822540594156109
"256",-0.955121779108039,-0.218041845429708,-0.754192341256875
"257",-0.525642845451227,0.812889260597121,0.130796923068941
"258",-0.798238164403113,-2.88434868220652,0.891761148814717
"259",-0.950824483913619,-1.1239201905059,-0.282037538890942
"260",-0.395503632943387,1.2199098587966,-0.497373594741054
"261",-0.384789688463922,1.19544539877346,-0.335744259852292
"262",-0.956758935724184,0.16853322034167,-1.08089181614264
"263",-0.86372075746188,-0.99067051256912,0.103559820893382
"264",-0.660696738458814,-0.370573816940216,0.81660316253377
"265",-0.905139708670258,-0.381025673108969,-0.399287980709522
"266",0.254355650993424,0.884594781400741,3.86575263965256
"267",-0.519089407864005,-0.105846355064718,1.34483033162148
"268",-0.914621727128635,-1.57120261101189,0.040322708715165
"269",-0.679141647842,-0.403438515936037,0.744087467307982
"270",-0.890805666502061,0.0172701436591376,-0.612666615264184
"271",-1.00993167328437,-0.832054897814228,-0.69275845073526
"272",-0.857450266348381,0.407123110120795,-0.851926061961428
"273",-0.649853246575438,-1.13282280997877,1.22600901971317
"274",-0.873898113399703,0.59292195608212,-1.19976450933601
"275",-0.642383180962194,0.617875608267663,-0.0828059216925501
"276",-0.699694214325914,-2.71184422089892,1.35740158863614
"277",-0.706376391480911,0.832858265305302,-0.817009666905909
"278",-0.738892857199269,-0.868671213982139,0.678112996133848
"279",-0.11674532664914,1.39146921477678,-0.0602840149573773
"280",0.61148152562219,1.58891773681793,2.15929894337271
"281",0.512878172937161,2.59790253910866,-0.972682886828137
"282",-0.513787165031703,0.936498588245075,-0.106710775795134
"283",-0.19900896561718,-0.942224491358642,3.40789817853658
"284",-0.965039770170094,0.158770793244562,-1.11272113954295
"285",-0.734199053047969,0.153190492798021,0.0469132218814021
"286",-0.68343315669289,-0.500126763934908,0.777766307927463
"287",-0.696055579420895,-1.00347962856824,0.946868548257839
"288",-0.883727472826995,0.0178867299629621,-0.577799940328733
"289",-0.184020909750672,1.18352026810893,0.718765229650172
"290",-0.95750958416948,0.283852354384626,-1.20537758695992
"291",-0.978712390220957,-0.373027207271194,-0.771985988660751
"292",-0.574910091063449,-0.537103414347775,1.34041403277329
"293",-1.14210316591758,-1.81523438681212,-1.0334525773712
"294",-0.684506014599503,-0.672589479031873,0.861331404841173
"295",-0.738292619832095,-0.0246401150935278,0.184834886195446
"296",-0.839176097278524,-0.563300087020409,0.0329443798504285
"297",-0.358025534488264,1.13699361471563,0.0348766165400241
"298",-0.758716370808858,0.0658954660021846,0.00547507813922277
"299",-0.822662769109196,0.461868606028146,-0.750129041579502
"300",-1.07453785317819,-1.34405413029959,-0.826501754235491
"301",-0.545596647770353,0.46964214835701,0.62457422460855
"302",-0.214012136493632,0.654715199127374,1.99658927628569
"303",-0.272801995871561,0.857758963518454,1.29389386981437
"304",-0.980521669449275,-0.623199691265941,-0.643079359520542
"305",-0.560637197571669,1.17504844160588,-1.12908471211995
"306",-0.292798549928597,1.22082129282584,0.0120146538018848
"307",0.175013985998552,1.8886444446054,-1.30995096100386
"308",-0.207268354979832,-1.74535881763979,3.62331832126106
"309",-0.589887832619603,-1.33432484545733,1.59367166986095
"310",-0.0149956043068386,1.61876365454929,-1.14262612884796
"311",-0.230331212723126,0.798181572288932,1.63902322773306
"312",1.05794518843459,3.76929927039507,0.926012041181988
"313",-0.813499984734942,0.337629255284374,-0.546918319147487
"314",-0.891931296316555,0.110031457397632,-0.700754781414575
"315",-0.759287423886327,0.37766616313088,-0.324151693625482
"316",-0.207626993656227,1.17894956338197,0.619820147362871
"317",-0.953880817081281,-0.931983525763706,-0.370601771660428
"318",-0.320597776811469,0.482153439694773,1.73225467171934
"319",-0.187434734052096,1.43616302691648,-0.739739939833635
"320",-0.64691997734909,0.555139008139826,-0.00581316890635652
"321",-0.0112773328738337,1.49356092592994,-0.317345628223607
"322",0.454232443677418,1.5569548149983,1.56912302202375
"323",-1.03737911619882,-0.472185895427088,-1.00747712468296
"324",-0.550614075565746,0.260981493556427,0.854223642078611
"325",-0.977726438192214,-1.60745225286833,-0.265224320138103
"326",0.0614833617060786,1.64366182061115,-0.892666402176981
"327",-0.242601055033116,-0.0235079986695479,2.66236678363301
"328",-0.999412914118016,-2.73542524069839,-0.1373771094272
"329",-0.94830043420648,-1.31844147334893,-0.203451332767127
"330",0.236986367082324,1.78462308049763,-0.640747637424199
"331",-0.730599432654353,-0.0515807942847533,0.245052380595771
"332",-0.713935563603356,0.162290030310773,0.139359181832519
"333",-1.14475714454542,-2.10165864869002,-0.981380688069881
"334",-0.909512440266056,-0.333210627573707,-0.450518635777527
"335",-1.29086649892291,-3.939444043757,-1.43920852987745
"336",-0.56181611899681,0.629711618481347,0.300294538635217
"337",0.160545141718957,1.21998901429912,2.28251130287534
"338",-0.766636604589913,0.388842514339363,-0.37477422357265
"339",0.193363236025795,-0.693103199385417,5.26053447562797
"340",-0.792335320729263,-0.0348012409084133,-0.0771113061555702
"341",-1.04421818682486,-0.581045309783475,-0.983028980337678
"342",-0.763439656136727,0.00416016207002104,0.035239365028668
"343",-0.359247384630252,-1.24144795765745,2.71661189255916
"344",-0.617817590701245,-1.03439906610868,1.34992059022457
"345",-0.951843939193011,-0.670453297663879,-0.476392928159336
"346",-0.848861685658239,-1.7906255240301,0.426696376456696
"347",-0.862921858197334,0.163037880890999,-0.606305034328003
"348",-0.373721981419866,0.712316636955895,1.09391075917099
"349",-0.704415802122756,0.582081636563109,-0.335114449684198
"350",-0.834599617130485,-0.630274898222766,0.0900698670960769
"351",0.61768671701854,2.05941426774947,0.440513682722513
"352",-0.260242208307936,0.221864371568134,2.34766325088196
"353",-0.772752240122453,-0.200223242143837,0.145289115607465
"354",-0.793255469137396,-0.312864377749896,0.117922474419583
"355",-0.671313021831996,0.444865978821103,0.0295241675952251
"356",-1.01252927967357,-0.386092106501878,-0.933189325723744
"357",-0.627067939771473,0.767638204386627,-0.281066694498941
"358",-0.682794399514634,0.638399413472394,-0.31928074277604
"359",-0.663513283410365,-0.134656871114376,0.644310968181991
"360",-0.898931858902622,0.372224184918744,-1.01568065836694
"361",-0.181345276879368,0.394855750640532,2.54414272745668
"362",0.160479895564904,1.47606447544074,0.677390057618982
"363",-0.866822377615631,-0.506065398043642,-0.135924729832256
"364",0.742683807155098,2.32640444496077,0.547081748879143
"365",-0.877418251476736,-0.64912842750107,-0.114680636735053
"366",-1.00228638121331,-2.15808469839432,-0.257181673713573
"367",0.470082713608879,1.56193921109203,1.61673938229051
"368",-0.992019526299473,-2.34664290765586,-0.168426668775209
"369",-0.930328215438016,0.000691400403074691,-0.796295588452083
"370",-0.287902634539893,0.422306385942701,1.97626575224712
"371",-0.57524380365074,-0.163479077677323,1.10672607478299
"372",-1.12997388483806,-2.02977331518698,-0.92301942759183
"373",-0.557964752209471,0.493589554567516,0.529363338849206
"374",-0.0975302561703772,-1.26085140321337,4.03165640723457
"375",-0.774468176141901,0.487906003279879,-0.545146184208174
"376",-0.185339312934,0.518832851947393,2.35624583792167
"377",-0.945153470999579,-1.3536361695091,-0.176566485743828
"378",-0.615465814904067,0.268251047566504,0.522045951241842
"379",-1.01167595884742,-0.265323892272038,-1.0050379468296
"380",-0.948056184576377,-0.942367746958384,-0.337280189484801
"381",-0.387467157435418,-0.355443343667823,2.17350273128394
"382",-0.313351482969308,0.455769961360585,1.8046962029829
"383",-1.01126516336259,-2.93395624201481,-0.165927585649485
"384",-0.9351809319513,-0.172392012638125,-0.686551019029575
"385",-0.449078681020468,-1.9836887276766,2.47119908968949
"386",-1.13815123266696,-1.31689460235407,-1.15320060059233
"387",-0.260984146751121,-1.40357062271646,3.259719629421
"388",-0.466101982021803,-1.95116679822035,2.37870471360321
"389",-1.14061898053747,-2.01800420804734,-0.978842844198711
"390",-0.523177535887922,0.40720668601476,0.819330936604346
"391",-0.657521909808911,-0.297015636555956,0.786436915994766
"392",-0.86468694933354,-1.20942195918719,0.178589718513076
"393",-0.980229522748186,-1.70550264627556,-0.251697452718902
"394",0.717628945082541,2.23709279561597,0.574031037779157
"395",-0.492098689681012,-1.47649054397145,2.1259271062647
"396",-1.24642269435333,-2.92225161170778,-1.34345898542615
"397",-0.259032830302225,-0.0557308031353413,2.60618857323306
"398",-0.0594614987468419,1.51633349371654,-0.725492421685594
"399",-0.435575918241908,1.07930695534783,-0.144806901807717
"400",-0.321400185528302,-0.352922025301026,2.50228554228772
"401",-0.358020922527534,1.21577963980135,-0.291314689189011
"402",-0.291911451361191,0.0209373558916831,2.37868167683401
"403",-1.1580722409345,-0.958130599013968,-1.38104124758955
"404",-0.958983113406294,0.347159347186816,-1.28563421812062
"405",-0.00658516939250092,1.21778568107386,1.4568289557223
"406",-0.954101595171479,0.283098007761,-1.18749911153675
"407",-0.665358494638912,0.189654243622571,0.355066866742254
"408",-0.559667248024693,0.653097667920119,0.271121219475488
"409",-0.476352850483417,1.15617097526382,-0.631344245068519
"410",0.622466493057731,2.09219366096903,0.389375979489141
"411",-0.501557997587118,1.25800455056952,-1.20786905247725
"412",0.401086678187732,2.06136404499385,-0.647057481684929
"413",-0.860371627044908,-0.611138173152126,-0.0484042208034767
"414",-0.400780549810703,-0.850209305925326,2.36081804084325
"415",-0.163144882419851,0.470088832678842,2.53621937241353
"416",-0.86155361453016,-0.847896069165138,0.0559614671611506
"417",0.750916405121298,2.49670735140585,0.34195824276168
"418",-0.967155896867829,-2.14832390220013,-0.0835559733272488
"419",-0.857779499162953,-0.835455490906957,0.0694746554270069
"420",0.0382622426998269,1.68683064553547,-1.22109305012494
"421",-1.08813009183658,-0.708874687401944,-1.13945056474994
"422",0.694425574092233,2.01300089043083,0.937296581433534
"423",-0.60291326876724,1.11176750263841,-1.09569725714497
"424",-0.503549930945229,-1.62864075926253,2.11140073848015
"425",-0.745948109759408,-0.151426769567318,0.244459385831088
"426",-0.0785453023176612,0.962817520831557,1.99824621151953
"427",-0.977394219850783,0.00907725257161438,-1.03867165728033
"428",-0.715105503452311,0.880214296375361,-0.970931474835107
"429",-0.942196071525075,-2.11447141454172,0.0341419719696052
"430",-0.148237782078947,0.788254619413439,2.07047473664946
"431",-0.899645581422215,0.0403865712954252,-0.676733288053627
"432",-0.774615521836899,-0.0485422428932018,0.0225454628786372
"433",-1.06401492007432,-0.369266430166693,-1.20078246601988
"434",-0.851718446137069,-0.0541928762836016,-0.358462153465227
"435",-0.577169416973863,-0.256146981154258,1.16139703619115
"436",-1.1195039096282,-1.7570184745673,-0.934912105857288
"437",-0.376485184970809,-1.16437126655812,2.60401665856041
"438",-0.885195111824133,-1.35177673400399,0.122641849204106
"439",-0.638558567087811,0.694416643236431,-0.197023556121878
"440",-0.0835453637632135,1.46916830943113,-0.487246668689309
"441",-0.946453302817375,-1.30379401339508,-0.198923333988136
"442",1.63454367048893,2.62635393868809,4.60311623547142
"443",-0.881368052384385,0.102249386520513,-0.640731955908567
"444",-0.0326230480083065,-0.164963638559422,3.82090071958109
"445",0.223575863781363,1.48262631120923,0.941086490963327
"446",-0.84893908047783,-0.497369390960416,-0.0512796609617443
"447",-1.14447575760845,-1.4774393404327,-1.13568063054211
"448",-0.537883683543941,0.824658851332889,0.043739991569224
"449",-0.617963065408004,0.580620862379421,0.0994538419254756
"450",-0.175648503238909,1.3475276877513,-0.0702091933162285
"451",-0.875684125528498,-0.552370790590338,-0.15534552213257
"452",-0.0916704228323956,1.26238424490239,0.819843899291002
"453",0.0222682394889961,1.35708492078939,0.860201082427747
"454",-0.833554746625192,0.092296972809404,-0.392528860857535
"455",-0.473134380030874,0.75956510959453,0.504939101721357
"456",-0.789933106270227,0.246669513604989,-0.326958823629902
"457",-0.463788786520502,-0.306211010097804,1.7610095010485
"458",-0.26002014421063,0.538370493473513,1.95400403165161
"459",-1.08421229980934,-2.81504623658703,-0.548761784694686
"460",-1.15507100967769,-0.405266327534462,-1.6344781603611
"461",-1.0622368747178,-0.596543621083221,-1.06515300643759
"462",-0.859071639602074,-0.230981736127202,-0.265077857011243
"463",-0.780058658177211,0.0611088697774115,-0.0969840523656789
"464",-0.977932505085111,-1.58961004568788,-0.271140890347117
"465",-0.738408121362373,-0.984962177722096,0.727889252576292
"466",-0.815409790081607,-0.0404032207392115,-0.187958738984055
"467",0.615133271121501,1.41641014794024,3.4221616617536
"468",-0.553544672333843,0.942828563655327,-0.322348670758672
"469",-0.678625268099564,0.662654553079541,-0.340345734020391
"470",-1.07895577599887,-0.777558427532816,-1.06194087539222
"471",-0.780801066422326,-1.35572041126943,0.645848800467802
"472",-0.435559646845361,-0.20166313323378,1.83225837162207
"473",-1.10117798395615,-1.10425058253832,-1.04091601837115
"474",-1.0580182244914,-0.942690548945676,-0.886960331325949
"475",-0.534309743931398,1.19294925154917,-1.07263351612076
"476",0.309753242439521,-0.086327554650829,5.47409188851686
"477",-0.245688848348419,0.384909193249604,2.23486836810658
"478",0.667891978072098,2.58484140179293,-0.182337037477201
"479",-0.974425685980336,0.083722089499334,-1.08908258830059
"480",-0.90716366159047,-0.896313318316437,-0.15165660733399
"481",-0.468645565270004,0.769012476591576,0.508244792207948
"482",-0.677795361847248,-0.0948477908523992,0.542907642115491
"483",-0.440888771989248,-0.564042809840762,2.02477005537364
"484",-0.778522441376152,0.325705249187865,-0.358059133814236
"485",-0.848382479670533,-0.0229226811341647,-0.367019434930369
"486",-0.366211348835179,0.0286854514644749,2.00054866103155
"487",-0.833179048618101,-0.833864693268776,0.191788615657461
"488",-0.662059813224052,0.591068292175344,-0.137608151090728
"489",-0.620253738788619,0.752629247159888,-0.216773226675377
"490",-0.985850176839846,-0.498153118110044,-0.735403828503393
"491",-0.753015219406247,-0.121153797226631,0.186746261528201
"492",-0.609230235647115,1.12958442929244,-1.19309076935886
"493",-0.467200843219948,-2.60856856188644,2.50271460478692
"494",0.782011662881052,2.58161751671083,0.392066316205344
"495",-0.35703014065961,0.172606716407535,1.91372880990326
"496",-0.762782005411259,0.646182437179817,-0.732518648875533
"497",-0.0566455516810406,1.08963909744326,1.71426123302111
"498",-0.560999026273877,-1.5881559580711,1.81312622772824
"499",-0.796448246625908,-1.46933862010416,0.602082082999671
"500",-0.141325266921413,-0.115118893133686,3.24066318401581
"501",-0.308863476771797,0.619424325081637,1.58222782681126
"502",-0.935319988196495,-0.770580558301339,-0.346907998753297
"503",-0.782119044584949,0.676853421374169,-0.882994552067871
"504",-0.452735210412761,0.778406438660049,0.568502687743618
"505",-0.758030879782317,0.694126202296234,-0.793852431357335
"506",-0.397745892879129,1.27097597088265,-0.753789081834497
"507",-0.787377965302665,-1.0145986103567,0.494549154549454
"508",-0.319319708561304,0.821112773971071,1.14439771053131
"509",-0.878495070573172,-1.81158274661909,0.283693673304879
"510",-0.977178428134818,-0.875740224703771,-0.510332113115399
"511",-0.68763511782624,0.552163476152072,-0.204857177697934
"512",0.170613872660004,1.57154326625688,0.0595681545435087
"513",-0.325120757861365,1.2499463921534,-0.286271077828379
"514",0.471262769966007,1.91790443503647,0.0820874267548914
"515",0.571499813074353,2.74350612851595,-0.836093970540355
"516",-0.756496107397668,-0.229342835904166,0.246682520925983
"517",-1.0099102061712,-0.918342611253088,-0.656307192806449
"518",-0.898568713953512,-0.310277063003018,-0.41029231228354
"519",-1.00567950427637,-0.627341634185526,-0.766794567711019
"520",-0.495736402073727,0.880264343779531,0.125793096496421
"521",-0.776679514374349,-0.732712856525022,0.4289545346805
"522",-0.897043956161228,-0.187196036092197,-0.485330364973057
"523",-0.77366227440796,-0.358112344276144,0.244166687718203
"524",-0.908502712096868,-0.0866153192781407,-0.61696554674636
"525",-0.979504669837254,-0.407232253946082,-0.755485315564497
"526",-0.550858649414566,-0.124436635532559,1.19998470991874
"527",-0.891731253210264,-0.105157926550805,-0.518901815246148
"528",-0.760992381983017,-1.21300975244029,0.698285470710333
"529",-0.633534312534981,-0.234713926548342,0.865147355458954
"530",-0.377057884266272,0.8159302480798,0.867086078727143
"531",-1.02492167273976,-3.44937060422972,-0.164667999538422
"532",0.291262019014456,1.75847861156504,-0.266998882255295
"533",-0.873387893414227,-1.60873474505491,0.25681783216143
"534",-0.958157736458978,-0.849311693065918,-0.426452348165378
"535",0.729387717320537,3.03282920929757,-0.297537643034118
"536",-0.364386649600174,0.579472264429341,1.36914498687031
"537",-0.783561064605263,-1.09051538095174,0.542151637999425
"538",-0.725922456325739,0.677130768436283,-0.6025083245955
"539",-0.82623764527728,0.544203609346341,-0.8858302157128
"540",1.37442848049891,1.01740743247206,9.104657016176
"541",-0.642904425072017,0.708494731784178,-0.244832500481366
"542",0.00521448498725119,0.45507020128455,3.39847097641968
"543",-0.862337847281122,-0.157234822673013,-0.33326351249451
"544",-0.856219675321458,-0.0191802856523274,-0.409274791692626
"545",1.41052713998459,1.70600104461172,5.55231376107476
"546",-0.856243205324165,-1.41313947974794,0.286333408755443
"547",-0.687599550276633,0.436255219849471,-0.0404833718129973
"548",-0.926441790516773,-1.8057173234018,0.0425202627979049
"549",-0.909015094109078,-0.581051838240912,-0.307010140624308
"550",0.252720251832729,1.55914451356482,0.547614416228809
"551",-0.584912473550633,-0.754757042955806,1.3979391086218
"552",1.01992786243839,2.06729987396839,2.43331820683477
"553",-0.970691323796962,-0.0932856901971602,-0.922770904324872
"554",-0.760438045355302,-1.93999042953874,0.904461776768047
"555",0.249686893881715,1.7116532831275,-0.277116230296871
"556",-1.03981263424541,-0.663027536404638,-0.919845524497475
"557",-0.935716109848385,-1.56387678978592,-0.0671891288754225
"558",0.236110958235649,1.99081581596542,-1.29715071709743
"559",-0.768760222119193,-0.275738847440667,0.216404932158775
"560",-0.85171163148852,-1.16226608585033,0.227145894605109
"561",-0.284264495212642,1.03431956998996,0.758921507657901
"562",-0.805924974618329,-0.937124699686156,0.371259600175529
"563",-1.06340041845798,-1.06706374696464,-0.86571049111873
"564",0.66209363606181,1.85237579292407,1.24279741536013
"565",-0.973032861222954,-1.57582000294711,-0.250451352621255
"566",-0.910032898842126,-0.44437424584393,-0.386521285429612
"567",-0.276150880602992,1.35937480645082,-0.646287969727383
"568",-0.602349009950008,1.0786400283174,-0.97639931997127
"569",-0.787385806842196,-0.878309558353905,0.439711651104979
"570",-1.02152831615199,-3.6742144644933,-0.121227885993404
"571",-0.872473756407369,-0.633014354413501,-0.09793542697411
"572",-0.8080880402729,0.360193992983586,-0.546810763659322
"573",-0.631425755319736,0.188671647862335,0.525719666459544
"574",-0.831085767524442,-1.51646525641711,0.442562791335136
"575",0.405892872214194,1.67863335223652,0.655802886612095
"576",-0.566528563793531,0.233135357108541,0.804425890336058
"577",-0.809037099888585,-1.5117367329029,0.551450629039446
"578",-1.14099471514748,-1.52223547044869,-1.10533257475073
"579",-1.00365126424074,-1.53980458445651,-0.413625189720483
"580",-0.684001679287557,0.284586408340158,0.16134530910855
"581",-0.692692485461536,0.481812225244732,-0.127743208251645
"582",-0.974721692413906,-0.239772744116026,-0.837361336501502
"583",-0.631040820973773,1.05252818546335,-1.03305834076135
"584",-0.735273695382244,-0.338038781084825,0.423691916890297
"585",-0.456172122599477,-0.207457104393976,1.73323270958866
"586",-1.06826346336286,-0.712586025993091,-1.03836888834743
"587",-0.742028640701176,0.648807123013919,-0.63326831301145
"588",-0.753049799090883,-0.612292029869789,0.488788391360222
"589",-0.771512888853926,-2.77835385486475,1.00897381329188
"590",-0.871531639231943,-1.56709524631517,0.254630418435104
"591",-0.876050028582034,-1.03983661223465,0.0608206250808547
"592",-0.787536899848535,0.26128000646771,-0.330714452744169
"593",-0.53452188384053,-0.127001879899139,1.28358241436927
"594",-0.539267081651393,-0.464649645656459,1.47884165566427
"595",-0.557707425317826,0.648776694612234,0.288390215468236
"596",0.394636345402794,0.325362448027485,5.50813374547282
"597",-0.917859893137193,-2.32704395303954,0.198629119587146
"598",-0.809370164715177,-0.0907620471715008,-0.118105271169144
"599",-0.489906356532984,-0.0387462573329882,1.4382224671862
"600",-0.282774411743921,0.419313470574914,2.00578715153627
"601",0.278307089548879,1.67408872297699,0.0396604310318653
"602",-0.941619365530678,-1.15046877681174,-0.226548957848654
"603",-0.724003900075039,-0.691974336019745,0.673160092856908
"604",-0.707230337485896,0.21160705612941,0.123346383705301
"605",-0.327355716850239,1.24839671060303,-0.289948350145764
"606",-0.702273163583797,-0.82734526757414,0.843489558108094
"607",-1.10102965543695,-1.25620799692401,-0.987379530044362
"608",0.879232481265747,1.97623285659874,1.95716480986919
"609",-0.540513238441917,0.789129876912789,0.107259682252031
"610",-0.308034868267897,-0.0244413530835695,2.33596115225142
"611",-0.876422310239701,-1.94858924853654,0.326513311819815
"612",-0.840638493120315,-0.17174273768175,-0.21430399422475
"613",-0.946071239090682,-1.08889146341404,-0.270995212066537
"614",-0.938886617268413,-0.984201602741902,-0.274801466862875
"615",-0.976346476980691,-0.709937000625785,-0.580031534167255
"616",-0.870063882120192,0.729540980543791,-1.4205901080444
"617",-1.08299757708905,-1.05024519896326,-0.969989212787083
"618",-1.15861208242742,-2.09072635317714,-1.05298688573848
"619",-0.904528587489962,-0.288242041092709,-0.454274234629818
"620",-0.701513315274355,-0.791732373578183,0.831615800248493
"621",-0.878359913435617,-0.81974709000699,-0.040256428769629
"622",-0.562655017527872,1.04651894518842,-0.671741380962835
"623",-0.564363379994537,0.477474516311942,0.51993218023031
"624",-0.351476905615262,0.127977200981881,1.98468577803774
"625",-0.989207966467224,-0.048303412531257,-1.05060776700869
"626",-0.56645970175054,0.304302061796658,0.726877132760197
"627",-0.440598731708421,0.509100220594995,1.09405604801735
"628",-0.257093036696288,-0.483084823529502,2.9000440375939
"629",-0.714810233223998,-0.119713731246898,0.376691754407905
"630",0.483987635114884,1.71663744226962,0.872394196368247
"631",0.451448681158413,1.90255096452323,0.0292438669716635
"632",-0.637298316268679,-0.571791234050669,1.04676835477477
"633",-0.929016264618763,0.556200049154168,-1.41791467907484
"634",-0.866048616579862,0.486072787703083,-1.00047730691277
"635",-0.185194647708191,-1.24911313292161,3.5894359447663
"636",-0.682379914943974,-2.15612175648237,1.34194381457282
"637",-0.951023868941335,-1.85507723208021,-0.0684055121814449
"638",-0.554180775101027,0.982710880200831,-0.435941671856529
"639",0.422134802259103,1.80342917694454,0.214602451353541
"640",-1.0143279104941,-1.6542987890368,-0.435621200748652
"641",-0.621247567449965,0.237444743516774,0.526280086611468
"642",-0.380833402792152,-0.109028764080876,2.03852350408847
"643",-0.600097942080166,-0.325175722600943,1.09150710129251
"644",-0.721012916333444,0.0914703648160497,0.170935141106213
"645",-0.427369458223053,-0.114112783869616,1.80968417253709
"646",-1.10413148586662,-1.79821296412855,-0.847776598128032
"647",-0.770370499137471,-0.00805510305166173,0.0107834063918433
"648",0.0826989136138751,1.47774253707556,0.275149427998523
"649",-1.04650601964871,-1.31488124047748,-0.695619836221539
"650",0.403024315288574,1.90486881729204,-0.219937758946178
"651",-0.908430931898965,-0.0293693700770576,-0.66199920727029
"652",-1.03339639687325,-1.34948215992575,-0.619085434007829
"653",-0.710575399876204,-0.953473312547648,0.854582588896801
"654",-1.07408447384915,-1.58939099775205,-0.751961012912549
"655",-1.07129709123344,-2.21508221740712,-0.590581809788656
"656",-0.590706389606686,0.907041029350312,-0.41517044807247
"657",-0.676054827230482,-1.69220322273162,1.26572183970883
"658",-0.843314737684008,-0.0482452161070963,-0.32118817253048
"659",-0.700925638974087,-0.190520508955946,0.497608774042629
"660",-0.931817008173074,-1.41451890062134,-0.0911175337481418
"661",-0.317648148990455,0.955523883054266,0.822795432411072
"662",-0.674555287609888,0.818479223257914,-0.625986541753519
"663",-0.236615663521362,1.39260899482345,-0.667463909049872
"664",-0.298087275624841,0.470919260495703,1.86036564608544
"665",-1.08379010089373,-0.323227647008794,-1.32818224894956
"666",-0.665321233232963,0.451381492255605,0.0507605411766789
"667",-0.553509156390616,1.05145398581095,-0.641918530038683
"668",-0.104875683904621,1.32701634867814,0.405943086805459
"669",-0.819486243738933,-0.678592887971581,0.189329749595031
"670",-0.323447465826534,-0.524425096450336,2.59092125924801
"671",0.205566035699802,1.73846007472245,-0.613306754346653
"672",-0.0419430802158953,1.39265745346124,0.305565654585681
"673",0.695871361940842,2.61585937988294,-0.0783644878951024
"674",-0.797067067351529,-0.345409483817405,0.119307953163998
"675",-0.976214890976976,0.116541599835837,-1.1282441085129
"676",-1.16265023004993,-2.3912187737183,-1.01318912056969
"677",-0.899567931162488,0.564383994852285,-1.28324225297479
"678",-0.777655944268749,0.273858673326675,-0.295055482403449
"679",-0.794608539288077,-0.958183922574564,0.436298528514235
"680",-1.03415584698919,-1.4782536310422,-0.583842945049654
"681",-0.827216463476683,-1.26214261365317,0.383652563245377
"682",-0.871179687356206,-0.94852616047055,0.0495788460277407
"683",0.425874119020232,2.05738289396529,-0.513772165737707
"684",-0.771437184898616,-0.932156880388216,0.541686710935342
"685",-0.704639225317707,0.632984348261878,-0.419332573668627
"686",0.303058859475367,1.94942104144209,-0.850009879967485
"687",-1.09959902106868,-1.56301650713232,-0.886843766268141
"688",-0.245698540949421,0.824913331365636,1.50410160321012
"689",0.688621621019808,2.32304929868526,0.282170135576775
"690",-0.523266695698637,0.966437561165144,-0.235411567973429
"691",0.266001947090556,0.877856961455067,3.94029120921856
"692",-0.986969011863664,-1.91750023760401,-0.233392619428014
"693",-0.854162073417286,-0.200077381029457,-0.261862057239707
"694",-0.92656000362684,-0.768847165888367,-0.30389194014912
"695",-0.4796141523253,0.176473296719945,1.29697431352175
"696",-0.926461626751334,-0.926221582178288,-0.235847692088351
"697",-0.884517675192754,-0.0493687548988976,-0.526304615381566
"698",-0.473378806999123,0.832220956664964,0.349407794482601
"699",-0.193451558373898,1.17421846834677,0.710261759990996
"700",-0.487867569346369,-1.15212380232602,2.04279488446625
"701",-0.642985087187839,0.986014591561782,-0.889452231343262
"702",-0.358906597883163,0.582052241893685,1.39247798902565
"703",-1.05635843698622,-1.22567570155383,-0.774248418938576
"704",-1.00561190184294,-0.507760193648634,-0.828946084482787
"705",-1.06551146709223,-0.227239042332919,-1.29983076040599
"706",-0.360741790950454,0.665025238787973,1.24490128904118
"707",-0.838263709301505,0.137902854460077,-0.458687268145648
"708",-1.1307597848912,-2.24245494064304,-0.882406581289919
"709",-0.835402858967851,-0.959838488389587,0.232986482740441
"710",-0.0575160989803783,1.35838294457998,0.453130826241452
"711",-0.753134510467738,-0.175544823826348,0.225936190215901
"712",-0.786827420156534,-0.444908480297011,0.229812334937457
"713",-0.447607537446117,0.206600300210663,1.42660503789551
"714",0.172938351244696,1.81384346517729,-1.06925574580772
"715",0.238163211774491,1.62668440472,0.0801888817787444
"716",-0.636073627621093,-0.490596587534419,1.00930956282818
"717",0.0984858617716623,1.70248093898623,-0.992023865430157
"718",-0.999052794356873,-1.65641706660946,-0.358682765056707
"719",-1.19275175706062,-1.5109476661618,-1.36734919636679
"720",-0.235468800821417,0.33040673114898,2.35172230765135
"721",-0.386962929299834,-0.0847174299080266,1.98926592673358
"722",-0.325746499566576,1.37149977881854,-0.971912466730903
"723",-0.90596413185482,-0.463575967323045,-0.355249859902425
"724",-0.91477354588984,-1.17108248736054,-0.0850770139365913
"725",-0.726245804565015,0.15420725543758,0.085692221967375
"726",-0.984350308843101,-1.02352517614052,-0.486888268827127
"727",0.319232310261207,1.74406403710431,-0.068323613072423
"728",-0.884988018652053,-0.676614821940856,-0.139133113230939
"729",-0.360606148846561,0.407047412486347,1.63239111671034
"730",-1.03435608347059,-0.754785684345575,-0.849265854800216
"731",-0.525335615685837,1.09651900975447,-0.653274880693682
"732",0.176993344773001,1.69411570812632,-0.561283625699515
"733",-0.826736781842949,-1.96181876346076,0.577960091511727
"734",-0.663376529847458,0.209307663835995,0.344981461252485
"735",-0.506160605962707,1.11249790264027,-0.614586810693433
"736",-0.714108975721478,0.339122097877901,-0.051725496296136
"737",-0.836670590913632,-1.40594678677585,0.382011263219744
"738",-1.0617789497613,-2.92804103224416,-0.419376753000509
"739",-0.515639905943992,1.03235844475727,-0.391812314356463
"740",0.680674616904653,2.37395157278187,0.162968381509451
"741",-0.573788290315748,1.01932882815513,-0.642285763707067
"742",-0.39132481130641,0.942191846177421,0.490453640941183
"743",-0.703703808815087,0.176493320413284,0.176506134491362
"744",0.575433887329337,1.85449289878849,0.802430226350789
"745",-0.410280944262839,0.947699621224761,0.380881242477771
"746",-0.58183117369119,0.690063144485612,0.0945756181362567
"747",-0.852823955411172,-0.447919601663307,-0.0984467116254608
"748",-0.455356025327375,1.00107005531679,0.00475225340628826
"749",-0.571206795430611,0.478867755865652,0.483781793640646
"750",0.135453102358404,1.05234328053848,2.80001104471621
"751",-0.60710192601999,-0.895283210495686,1.34822415399772
"752",-0.556637604955969,-0.966804096139229,1.62958171512974
"753",-0.460075155820188,1.11173745123848,-0.381397624334495
"754",-0.651063709789278,0.952672034205096,-0.836504595582765
"755",-1.0709406527599,-1.36442887987627,-0.80212804871535
"756",0.936391846856413,1.64081238268413,3.4966427060893
"757",-0.721858122498336,0.386491770253078,-0.147948409564495
"758",-0.870746899120508,0.562466052241323,-1.13617972386471
"759",-0.61220675558396,-0.837075185056778,1.29803841230949
"760",-0.941543805386056,0.0876194132973193,-0.92821067389861
"761",-0.947093314209255,-0.694881858853659,-0.440900356682427
"762",-0.948503436929317,-0.434702523241633,-0.584439866191403
"763",-0.645940527425669,0.325815455579216,0.304722147803411
"764",-0.400635547792032,1.05587494567337,0.108076848289678
"765",-0.487472642418269,-1.66964374433076,2.20271833897345
"766",-0.0892417303048606,1.55971541568146,-1.16581902109961
"767",-0.629392279819264,0.164296882705517,0.560108034785271
"768",-0.647962857826781,0.179039728689959,0.452677331413905
"769",-1.0073522857871,-0.310470206597494,-0.954086985575657
"770",0.763640779144738,3.30690235191447,-0.31087536254749
"771",-0.932605252580414,-0.718196138217275,-0.357443350923741
"772",-0.502901868578971,0.961858600542544,-0.120884601798094
"773",-0.608709013627133,-0.980009691907469,1.37444019068785
"774",-0.917373695871636,-1.19972732578899,-0.0881616227593069
"775",-1.16571150484571,-1.18240686387144,-1.33582613900778
"776",-0.720508527586498,-0.795100755008021,0.738138436511245
"777",-0.55027969137762,0.898741451088378,-0.192239201260408
"778",-0.123247455606177,1.04391467884499,1.53363257913799
"779",-1.06641557440158,-2.08686145215258,-0.592831491887117
"780",0.254935515854952,1.52701523713554,0.771581447221845
"781",0.424549861595572,1.80713166207375,0.213123832914271
"782",0.220707740030713,1.87394347741946,-1.03485661158631
"783",-0.843631644519084,-1.70917800419621,0.432242307012948
"784",-1.11129498981092,-0.97482393980981,-1.14053251443373
"785",-0.327169297710606,-0.0922179988339944,2.29401892694042
"786",-0.867848302283422,0.388313869456403,-0.880172349430845
"787",-0.36049661995623,1.06136767193402,0.290750082593909
"788",-0.928722977264129,-0.221910325338499,-0.619538249540786
"789",-0.862054750444447,0.658674415543871,-1.2505215898212
"790",-0.661559812782848,-2.12667209477991,1.43989557566082
"791",1.16754198504606,2.47573623560895,2.45273801890624
"792",-0.584587490648135,0.324099996475895,0.613482481961374
"793",-0.756913493283687,-0.497989647992015,0.409189646744294
"794",0.523623703992667,2.02782974253757,0.0462390408973383
"795",-0.837399524313184,0.140301104962472,-0.456661082666045
"796",-0.840996710125996,0.171321988708145,-0.504833326228912
"797",-0.827524141948009,-0.751166532681664,0.183238216821599
"798",-0.945493214436188,-0.804872990697091,-0.382456439060763
"799",-0.466532710495843,0.894083432116291,0.238046574963279
"800",-0.319958344038983,0.156485849180144,2.1149134076829
"801",-0.407296431842741,0.991280787541955,0.273752330147486
"802",-0.84584628408068,-0.851702450067344,0.136128385363348
"803",-0.999187093287646,-1.12649634551206,-0.522925597390184
"804",0.759958200541827,1.76988552515172,2.03115030279072
"805",-0.0564386348942441,1.46808188302204,-0.342869265991192
"806",-0.925728801373511,-0.175073938415429,-0.637371682628568
"807",-0.956174544136916,-0.0521731475862966,-0.882350930081183
"808",-0.777004790632931,0.296074650725364,-0.31653561023593
"809",-0.847950827869201,0.328497621455598,-0.708456405251726
"810",0.338860808379826,1.11134462416434,3.61470732989214
"811",-0.688268249969239,-1.12880061307171,1.03249474832074
"812",-0.414435954075606,-0.210715114798859,1.94417469269383
"813",-0.668894057938945,0.532992473309111,-0.0823575328536934
"814",-0.903681472157907,-0.287503629367599,-0.450518389058578
"815",-0.550645387626468,0.843290517195466,-0.0619551394754803
"816",-0.356059723119423,1.09726611505414,0.190469886895475
"817",-0.281184642878576,1.08174037225572,0.618831492773213
"818",-0.747888305196938,0.746901714040758,-0.843584829580569
"819",1.10004203480529,2.83479412881957,1.71981660402277
"820",-0.189867283398709,-1.0625930444354,3.50028885255597
"821",-0.485453712350973,-1.24763789246052,2.08764875379901
"822",-0.506670065395579,0.602335703743025,0.621208377340231
"823",-0.956358319250579,0.0436118687900817,-0.963103775220058
"824",-0.552985237652637,-0.627056811006609,1.49653434683064
"825",-1.05988088635109,-1.63659516117304,-0.668114875196732
"826",-0.706003936741474,-0.12312920004247,0.423281151765808
"827",-0.960946792428267,-1.65996573672183,-0.167211232632243
"828",-0.860243512325859,0.363208575386128,-0.811240743842066
"829",-0.740087361614444,-3.12988543034266,1.21800031461171
"830",-0.603783835280814,-0.984503772505522,1.40083094856689
"831",-0.563741372352602,1.04322792915112,-0.666645353808897
"832",-0.295925385449826,1.29848451255022,-0.389134157568423
"833",-0.3015405501452,1.06565962003053,0.571320263871832
"834",-0.152442126895726,-0.679142685987709,3.52481525431219
"835",-0.765167731703458,0.239291405612558,-0.19527716330396
"836",0.123412081742416,1.39794557363434,1.09570158931219
"837",-0.831301670804429,-0.30102837925781,-0.079878686989727
"838",0.409826351962416,1.99030524590187,-0.42723432924073
"839",-1.02612587525618,-1.69112367893586,-0.484914837144291
"840",-1.09110782791678,-1.61654665995853,-0.829658557740385
"841",0.621873155042718,2.87639411048875,-0.708071608610999
"842",-1.0377421694088,-0.219448448303141,-1.16632606057018
"843",-0.527383022183795,-1.64685102290826,1.99711926709464
"844",0.412450356416891,2.00652027839744,-0.456106392342247
"845",-1.02766371272273,-1.66251506666312,-0.500120538544885
"846",-0.627126524386041,0.687377421538067,-0.127012991332444
"847",0.425873887775995,2.20923323225559,-0.833358475625445
"848",-1.04883371448972,-1.31376055601006,-0.707617826059943
"849",-0.716793490939653,-0.624666452514299,0.676296685202623
"850",-0.419692310280746,1.24654393173414,-0.742701583264704
"851",-0.81554127574592,0.0698609166529738,-0.282187171875279
"852",-0.583909816545493,-1.58357434101615,1.69730902005527
"853",-0.847493943102897,-1.35976044041275,0.313648465303649
"854",-0.88967947541898,-0.0671968937128747,-0.537982891715588
"855",-0.99832775937813,-0.301979745439793,-0.914397934046923
"856",-0.952349117647007,-1.733191783769,-0.105180022679581
"857",-0.395852806762633,-0.27114377302191,2.0779208438908
"858",-1.07483934063909,-1.84755281265086,-0.689290628518043
"859",-0.699970360491343,-0.0702571848372391,0.412965351694161
"860",-0.402734669873589,0.25638660204353,1.59859449796258
"861",-0.0852656720074451,-1.17376034865626,4.06339663352555
"862",-0.783807519926865,-0.268312261549203,0.136279873518593
"863",-0.786040147776802,-1.80692489456662,0.744825254191335
"864",-0.906896888518699,-0.756911100032233,-0.210999505572328
"865",-0.771625925316028,0.381946689020533,-0.391138060104969
"866",-0.70291019972961,-0.0122789945618511,0.351584380096631
"867",-1.1883379039228,-2.71073002205607,-1.08599802598007
"868",-0.839236873412217,-0.0753705392071333,-0.279367485025203
"869",-0.487149368940192,-0.155891500053292,1.54170341453871
"870",-0.955345835716449,0.106613479430741,-1.01465545223897
"871",-0.57912608278203,0.432011144431067,0.507472749493457
"872",-0.389736780567925,0.153387511190687,1.7690333650559
"873",-0.632533626601726,0.593079290949336,0.0068059466317969
"874",-0.702240455441983,-0.841250169783653,0.849670850480362
"875",-0.069545030292508,0.129717831351484,3.3926966079827
"876",-1.05238365305632,-2.05699570599491,-0.529114990151852
"877",-0.801846379766137,-2.86967482610272,0.871489204564248
"878",-0.163860042558155,-0.430439360642594,3.33631042805646
"879",-1.05605366366054,-0.477742735965972,-1.09773813166039
"880",-1.13599035237478,-2.34876372890044,-0.887877793276084
"881",0.19296183965854,1.57678013335492,0.139295816772744
"882",-0.433359560209872,1.07167595587027,-0.107886739473311
"883",-0.857970786157129,-0.97109979535145,0.12461724704563
"884",-0.893654899254657,-0.945533798612207,-0.0639993288197189
"885",-0.965501637829229,-0.350885323176673,-0.719477748254999
"886",-0.493810303713466,-1.49103814023613,2.12160948379651
"887",-1.06611065789538,-0.736650733660149,-1.01637672501935
"888",-0.485045923699548,-0.421777823476461,1.72534413084289
"889",-0.887451469885169,-0.758267802174402,-0.113153744523046
"890",-0.662173929371706,-1.04747564232725,1.13308638007781
"891",-0.846714743808781,-0.992986887401084,0.18949399500891
"892",-0.456045593506456,-1.22744348874402,2.22791287357874
"893",-0.339531686878664,-2.14450028930193,3.05376862741318
"894",-0.869705111748149,0.491397298473698,-1.02624322519665
"895",-0.967329297105743,-0.764123140696692,-0.509879430688303
"896",-0.553174234532202,-1.11015707983157,1.70124709968146
"897",-1.06000845938417,-0.764892722286814,-0.972925977135877
"898",-0.669114648549007,0.598878988410103,-0.18542355373605
"899",-0.947466118752658,0.374724976952279,-1.26142260760621
"900",-0.730107329081392,-0.629525583754113,0.612157362553025
"901",-0.558759089676409,1.14178250718741,-0.987147096066263
"902",-0.676248792563808,-0.074835272693296,0.53515509339364
"903",-0.530304660117585,-1.41765124864857,1.91739234688873
"904",-0.535432337712987,0.255272474566013,0.936308510569612
"905",-0.910292525421268,-0.413338641758665,-0.405829355470338
"906",-0.506565819004464,-1.56945794938245,2.0801171679154
"907",-1.04681563794056,-0.497869136150433,-1.0403873902378
"908",0.602829764655754,1.71775641097193,1.46169948899746
"909",-0.529628400212726,0.341491380678532,0.867874555530086
"910",0.216455824265421,1.43866670133197,1.26021819843308
"911",1.03035848990776,2.59576400268152,1.61720494157538
"912",-1.01346901522992,-2.61302957568859,-0.227869881227756
"913",-0.631776371780346,0.470255797860302,0.192832455471341
"914",-0.547525223505032,-0.0882722878596998,1.18920101218035
"915",-1.10464466575585,-2.43688653913702,-0.714734258573482
"916",-0.582525912408053,-0.0819031029073392,1.00927036609916
"917",-0.390518153123395,1.10071261410885,0.00597439871983241
"918",-1.12998144087482,-2.52007689315461,-0.826491720549488
"919",-0.309249513542354,0.800070409826721,1.24040369727828
"920",-0.565370279012031,-0.460117187691624,1.34576295863768
"921",-0.813838703285731,0.641402161689773,-0.979617065270604
"922",-0.731969320745022,-1.03874233061232,0.780809718312038
"923",1.17969972109392,1.45077839875821,5.98012588817804
"924",-0.799387290742632,0.060251121057077,-0.192867280017444
"925",-0.472646228770128,0.197496841051382,1.31069776033672
"926",-1.02057745643161,-0.782920756601138,-0.767641815711903
"927",-0.815962867383827,-0.445971518627323,0.0847440632023218
"928",0.838856793388233,2.92909744943113,0.331977953222941
"929",-0.691135895089181,-0.721405248829701,0.851405772824996
"930",0.428850422343496,1.65044325030389,0.909415693168024
"931",0.0139313215522902,1.22764680439635,1.51441850498152
"932",-1.14436746960347,-1.12596006326159,-1.24901991492304
"933",-0.649689526756492,0.725915202313207,-0.311749182225601
"934",-0.994202888105146,-0.0454954430184594,-1.07783120744675
"935",-0.202179470567407,-0.558743016624308,3.21553576244088
"936",-0.777082863565232,0.610489862516838,-0.744144606898682
"937",-0.76110433481543,0.164953770142385,-0.0990971377017917
"938",-0.873239929423406,-0.421879213306544,-0.2155667400128
"939",0.535637348783058,2.50000377661401,-0.738722163704191
"940",-0.412747381938462,-0.603436286225349,2.18580980043951
"941",-0.988908883533712,-0.271936204013961,-0.886837711179106
"942",0.566764177438635,1.87895229945003,0.679399078762208
"943",-0.746978832075242,-0.478748338618867,0.448197733471053
"944",-0.703153763458237,0.702373485198845,-0.5346767450691
"945",-0.401095136064526,-1.11827269833829,2.46457630384352
"946",-0.575019579337195,0.730795338776549,0.0522120297188349
"947",-0.618410085430873,0.587730698311293,0.0859609549852687
"948",-0.956282016521592,-0.959503372937151,-0.371542833794185
"949",-0.972949194994166,-1.29174409994222,-0.335305752368786
"950",-0.74566012650067,-0.562637409493759,0.500176932932061
"951",-0.874892811031906,0.328066801554748,-0.842663417306754
"952",-1.11954224800756,-1.23266562378136,-1.08781026550787
"953",-0.843307279428796,0.373346648945383,-0.738934925624959
"954",-1.04815089703718,-0.642203344274134,-0.97176079418856
"955",-0.759446137698886,0.124873509314788,-0.0522279565739496
"956",-1.01470965061,-1.28588448098298,-0.546015883443907
"957",-0.718713786758606,-1.15223511934232,0.888603114065501
"958",-0.233767009133007,0.0170214606930202,2.67273804452484
"959",-0.631065250226929,-0.249487212010372,0.887463342996791
"960",-0.853581662054334,-0.472827774288758,-0.0881297367863918
"961",-0.820997402245089,-0.674212270137528,0.179659453325188
"962",-0.733686293977941,0.302596548490179,-0.107318479182077
"963",0.732982678370108,2.39439547622877,0.394005762877143
"964",-0.298123541382348,1.03273365199668,0.694595856618855
"965",-0.718119504076166,-0.0602970516403312,0.314375279889545
"966",0.912953785864859,1.93357094216349,2.24464509252148
"967",-0.303849044081053,-0.102260230182103,2.41830465997678
"968",-1.00695525018795,-0.550576696046328,-0.812649461570559
"969",-0.742442052846884,0.495832084096211,-0.396197928285962
"970",0.465711642638268,2.37392385838398,-0.911804606926788
"971",-0.933420578785959,-0.305844965204609,-0.587383752501124
"972",-0.0886764547660879,0.927874383379796,2.04151670748197
"973",-1.13470884034673,-1.20512412670792,-1.17298812727962
"974",-0.592575215604839,0.575288472097512,0.23476923522489
"975",-0.98092879358874,-0.814977158147133,-0.55518887176654
"976",0.501768311620485,1.98440431947813,0.0480384706205212
"977",-0.527057310752086,0.498330864140538,0.677178014696422
"978",-0.573717895220195,0.132945593475584,0.868767703612518
"979",-0.71585449308242,-0.587302571326075,0.662017955015888
"980",-0.916508270988454,-0.920492329751005,-0.18841824668162
"981",-0.841065938680199,0.316458439018027,-0.660067957725588
"982",-0.792084591258721,0.280694838079843,-0.37474727357265
"983",-0.687243109608035,0.931120270171603,-0.959812317410582
"984",-0.335940432261949,0.024467905222716,2.15552012532785
"985",-0.327190874661636,-0.122951064155042,2.31721324353404
"986",0.0341944057237709,1.00229986570915,2.44886362865386
"987",-0.239915846850611,0.99982751748754,1.0856236156434
"988",-1.11839583437524,-2.74607463011583,-0.730580987985803
"989",-0.807341660951222,0.0585687368741686,-0.231150418477988
"990",-0.910820150680148,-0.188100841779917,-0.553571750843774
"991",-0.634425275716548,0.0487244570120531,0.642094485507346
"992",-0.623119537473454,0.825423678246855,-0.384135315287359
"993",-0.576603240714961,1.02111413236098,-0.661822520781596
"994",-0.0588768675290122,1.47006488920314,-0.371181479166385
"995",-0.784283357953597,0.725961371967648,-0.984806856484012
"996",-0.501462826968098,0.631527412991532,0.599005989312755
"997",-0.557603838978642,0.758722735039351,0.0842855522329251
"998",-0.794331476471746,0.099918114059251,-0.203400907470596
"999",-0.33867643519892,1.20919162248136,-0.165194605559761
"1000",-0.319504837424515,1.32053107469339,-0.629814196063317
