"","x_pa","x_child","noisetmp"
"1",0.101279015304083,0.32315593025119,0.0997651038060878
"2",2.06916670875736,-0.676632645953255,-0.295003363939705
"3",-0.0720000494165039,0.373474168170883,-0.0330419720296116
"4",-0.0424540203207614,0.724223684402365,1.78059309461153
"5",1.64664580591384,-0.758112386826735,-1.1240274685808
"6",0.830116058430161,-0.137189922222837,0.432109595692833
"7",-1.46438712741378,0.695622406295183,0.0552779333056255
"8",-1.70819644896622,0.752204720406555,0.202548557228399
"9",1.93419159115292,-0.720254382416311,-0.63218526512068
"10",0.605554072631187,-0.0125173628513003,0.244578789265548
"11",0.83126162975583,-0.42869793031897,-1.0219717377252
"12",0.999279360507929,-0.483061455674871,-0.842045093415768
"13",-0.0546748348998176,0.473857456012043,0.503735510244133
"14",-1.52976075122032,0.646734569994459,-0.227589667394236
"15",-0.548521278725731,0.37930813291784,-0.744646471882816
"16",-1.7780206350993,0.552500230567839,-0.831237586916916
"17",1.21952954963952,-0.598630685006387,-0.957945530167517
"18",1.0365299463674,-0.303857420670103,0.141138166610142
"19",0.00759926708432105,0.28843123283935,-0.291915799839877
"20",0.699475987569135,-0.402220385852201,-1.32920814666672
"21",-1.07640687947622,0.610115309794813,-0.105889000290426
"22",-0.449156725886924,0.481762832873914,-0.10602134275503
"23",-0.82307308578094,0.532751011884757,-0.273182835525838
"24",-1.04453692732485,0.687672949641392,0.307223418038879
"25",1.57442602618138,-0.581928508784079,-0.331989994634866
"26",0.0952364357735428,0.54733574359411,1.20579207660909
"27",-1.71729185553332,1.24567730288802,2.66523445236591
"28",0.410709150429755,0.142478103845262,0.156138791840777
"29",-1.05646988716422,0.612913680810437,-0.07612554246248
"30",0.602813468527089,-0.0363323963696661,0.113649117392074
"31",-0.182787738423714,0.302976032906148,-0.592639178139021
"32",0.119940891608863,0.209552336467604,-0.421567013946847
"33",1.48483172573272,-0.559718099618169,-0.339988981068559
"34",-0.210231461051553,0.73883078802355,1.53919979068488
"35",0.408472639110581,-0.0561364445677519,-0.845625602382093
"36",0.171795457488366,0.338854223973251,0.36096901002322
"37",-0.837361264928552,0.532725614029769,-0.28689430239181
"38",-1.43250864282668,0.856140015768917,0.877201474139601
"39",1.67090278895238,0.470183392593876,5.04600562554541
"40",-0.582772812756483,0.558331228416913,0.109553226487409
"41",0.177813885529224,0.397188003004066,0.669057880520898
"42",-1.51628847434096,0.809730005066757,0.595175952880992
"43",-0.732474021867519,0.605167975400362,0.178874643337796
"44",-0.289638892078391,0.215450996765942,-1.20728232639496
"45",0.578953880270581,-0.066653139017407,-0.143599904343324
"46",0.312871937442031,0.459847536158781,1.39051115567855
"47",-1.01009228438911,0.647404789823224,0.133942041611847
"48",-0.788927890354504,0.477155672131114,-0.5180441097692
"49",1.6935883214206,-0.611355374602252,-0.335543600138442
"50",-2.0518121530622,0.616682085326845,-0.635673208871451
"51",0.25212931206856,0.353480403263295,0.665155144995031
"52",-0.959768575674853,0.861994166277245,1.24922930790567
"53",-0.389214356852339,0.626343946384836,0.699141362799974
"54",0.172419021120575,0.87502523214494,3.04351898169185
"55",0.572506355319473,-0.0102047992179941,0.109319901488443
"56",-0.626733444266614,0.307130544587473,-1.19713847029762
"57",-1.93664808661799,0.676081777072602,-0.288300837552994
"58",-0.214270519206587,0.39448827154183,-0.189374427930485
"59",1.26272337099668,-0.583269362304127,-0.803741126152298
"60",1.76251984817589,-0.417151897924679,0.711763085448061
"61",-0.103652522056423,0.788451322175012,1.97996070411914
"62",-0.464130944997031,0.38942517733151,-0.587520702027196
"63",-0.611623231048425,0.328385356967189,-1.07366669934973
"64",1.80547838007736,-0.465171566522298,0.516946346347189
"65",0.286902968434179,-0.0664238470125388,-1.32573380360138
"66",-1.51427070412292,1.01493020025699,1.62234917953659
"67",0.5627673006053,0.0114239157067827,0.172525817218318
"68",-0.78814230059753,0.558195502464478,-0.112072022696635
"69",1.12890267435803,0.101301958663999,2.36635075038383
"70",-2.15193610109719,0.608406073727381,-0.718350780731456
"71",0.165115574915599,0.415331130197597,0.725287671984311
"72",-0.634552588888867,0.871577698229769,1.61628831791308
"73",-0.488861982590161,0.414537236137401,-0.494064714110501
"74",-1.92700771924699,0.73439667241502,0.00763867938078855
"75",0.914565822018763,-0.00626253816544758,1.32717408831633
"76",2.26141415678658,-0.51481812077898,0.66389914076918
"77",0.148291567097161,0.967365312819451,3.4406829438211
"78",-1.13224173089423,0.942364962542685,1.51240457331364
"79",0.639486224456392,-0.213251819486937,-0.616860363315115
"80",-1.38841573183334,0.492245151302469,-0.914854149061265
"81",-1.25811621014955,0.920559607739962,1.31264795232195
"82",2.30199314280608,-0.68940345735107,-0.179987407554739
"83",-0.654517132399269,0.569084595298708,0.0816053076523802
"84",0.864563529699686,-0.190277628401704,0.268219286720266
"85",-0.691306633837205,0.628146299521342,0.336976735454822
"86",0.461136571857048,0.17157001183873,0.506455286575092
"87",-0.267390895660702,0.61211233444376,0.811232559828936
"88",-0.482291686657617,0.754349004588701,1.21344970513626
"89",3.16600632095626,-0.888868367542157,-0.709670275854013
"90",-1.16137877477052,0.55920231590604,-0.425140204705099
"91",0.787258387477824,0.00314624331914692,1.00012379647252
"92",-1.13979163607308,0.52066441120889,-0.601773195934119
"93",0.659454011398176,0.302015564321331,2.03943271664348
"94",-1.75980236563824,0.732777075590948,0.0792071475674074
"95",-0.581909615921607,0.942365244868604,2.03073884128504
"96",0.482568348612151,0.141975823137882,0.451035186187852
"97",0.90301730557167,0.271629004290393,2.68540751394311
"98",1.2168292769752,-0.565104555033586,-0.795279395480202
"99",0.203647198850685,0.0892970689318152,-0.798334507328627
"100",-0.424890955596703,0.345204690605344,-0.756092974757096
"101",1.46892767234468,-0.229180770327687,1.29045816918903
"102",0.300771770160334,0.169672062539922,-0.100334437970577
"103",-0.227425996827006,0.625895886472124,0.945522520070075
"104",0.0680633430421573,0.351119954439609,0.159262933982383
"105",1.85738903551411,0.0238918234600151,3.01482119022398
"106",-0.853293635422362,0.728949248190338,0.679261040756674
"107",1.31746307934487,0.465811615251649,4.53459523056054
"108",-0.999644292833474,0.932948221345433,1.57031607110451
"109",0.0152920732082627,0.349581042864998,0.0307819875533499
"110",-1.75787846190155,0.579066383740169,-0.688383794346981
"111",-1.24053121062031,0.524873542397267,-0.653586513616559
"112",-0.783084381750706,0.709024540712565,0.647061700112542
"113",-1.57971298388628,0.849812744575125,0.759495252664683
"114",-0.267608043913085,0.394986966174623,-0.274741930361171
"115",0.797793839719637,-0.333726106970816,-0.65058908388658
"116",-0.397917435190573,1.41668008867199,4.63857628514731
"117",-1.2784796816296,1.00266663824472,1.70924498351826
"118",-1.72768344451097,0.561617878221351,-0.76037513055308
"119",-0.471523029094264,2.56892366293395,10.3002963401385
"120",0.0276802155885477,1.00484622321615,3.33474491966653
"121",-0.584931122103681,0.710842481351681,0.86957376145839
"122",1.82109292090937,-0.471892281292428,0.49939441956899
"123",-0.855854703700832,0.751032034544281,0.7872876988847
"124",1.3811653814605,-0.286341150138257,0.875331788601196
"125",-1.76697705145904,0.652502031931192,-0.325747888356145
"126",1.07810049533878,-0.192579676694463,0.790077328061186
"127",0.786075082149465,-0.312057211616421,-0.579706051973169
"128",2.27516185233585,-0.689889380119696,-0.20152511806755
"129",-1.24730479001707,1.46500400205302,4.04235035685616
"130",3.25928284609982,-0.899268096635928,-0.723884324069648
"131",0.683195545822756,-0.256817908966484,-0.663048127406821
"132",-0.0737749133123993,0.546423758226086,0.828174876116271
"133",-2.1244722186181,0.879446005818286,0.647957101089387
"134",-1.09324020242956,1.02198776605457,1.94033717377718
"135",1.70611461630139,-0.639959780475633,-0.464355049792215
"136",-0.788179234803031,0.594596620400239,0.0698972164329597
"137",-1.12266285521643,0.758555659643893,0.600603099393002
"138",-2.16785182027534,0.697096578042447,-0.281261969950296
"139",-0.471521192208647,0.486504680515295,-0.111796176166586
"140",-3.49786699273869,0.663182071481554,-0.842852450973735
"141",1.57782154686941,-0.167340538173521,1.74526419966556
"142",-0.0833121504735776,0.451029373706239,0.332354358370194
"143",0.660192891595641,0.0473421929935188,0.768973732631505
"144",-0.619884149694971,0.499584531702645,-0.227101713743554
"145",-0.0477180087501548,1.3538463113698,4.91788146242622
"146",-0.713047951831182,0.610785249556827,0.22716140329038
"147",0.863344447194355,-0.259189481140784,-0.079848994387804
"148",0.88110315259883,-0.407780423093031,-0.772279347874478
"149",0.451220670976778,-0.0294329305661499,-0.540234606898446
"150",-0.691848050628397,0.40386735388774,-0.784996252965768
"151",0.872515981786958,-0.0344554879906086,1.07007238785791
"152",-4.04877500584391,0.831542659133506,-0.109578338481338
"153",1.6701875779213,-0.681447574718517,-0.712982180720437
"154",-2.59018482740531,0.987871793573496,1.02131445866095
"155",0.600299758918592,-0.090341619540176,-0.167319910647829
"156",-0.254169590124945,0.650708607149165,1.0255324327153
"157",-1.43255749305177,1.12684066847996,2.23067479955339
"158",0.135960644645117,0.331149640014015,0.227430333969855
"159",-1.63524793269219,0.730811990831379,0.134040873611718
"160",-0.0592468847150534,0.282411950252007,-0.462761442639533
"161",-0.150026422313377,0.436397682873436,0.133017844073783
"162",-1.87032746322625,0.787542516986233,0.299519263861604
"163",0.795608493203445,-0.422754435227292,-1.10266699571166
"164",-1.55718317910248,0.882446109166628,0.935318736574858
"165",0.196661811371473,0.510145232768554,1.28616300957755
"166",-1.85814560451658,0.798178040347403,0.358428577924609
"167",-0.188535246039057,0.723688710495883,1.50087101103554
"168",0.775545559639703,0.52858727235442,3.58928986883749
"169",-0.200215653337538,0.589977446755654,0.812079315791179
"170",0.750223208890908,-0.14800075725508,0.121762004945384
"171",-0.556977055423459,0.463681671090336,-0.332999306650528
"172",-1.66118447495822,0.630648049684424,-0.380647414736077
"173",-1.37960634664684,0.552549757233996,-0.607756581554692
"174",0.125018967404845,0.132884099042577,-0.792003201145785
"175",0.353579109798556,0.166396206544829,0.0633085437308214
"176",-3.65590551650478,0.765383431296482,-0.365296278538642
"177",1.0935594377832,-0.275816229324548,0.407114340066944
"178",1.13197397409342,-0.00746417803536287,1.8287732837401
"179",1.05147480154932,-0.183547936162004,0.776512598883383
"180",-1.31536060888822,0.646821028347859,-0.0947350404574203
"181",1.04415602809551,-0.429525066182909,-0.469859317725411
"182",0.722454679129144,-0.292712791682901,-0.698439789370566
"183",0.890816596217594,-0.347809278624293,-0.445316831661857
"184",-0.780931294395977,0.768757886125342,0.947858347344494
"185",-0.39612765352999,0.796668456774947,1.54102784051078
"186",-0.841286953632465,0.443538410362575,-0.736535080263559
"187",-1.38856467931987,0.394173085083895,-1.40530845305599
"188",0.152440977860225,0.324234772974603,0.235978359338008
"189",-0.500740369033967,0.47592360243541,-0.202286857607602
"190",-0.785128794437329,0.809914423504764,1.14949222445989
"191",-3.90598461130415,0.700955370836604,-0.736461468430089
"192",0.417128782476372,0.660369510209173,2.77072323938677
"193",0.82663482855327,-0.266790837042281,-0.226440931831003
"194",-1.21250762730427,0.873298574926853,1.10828667972476
"195",3.12931676892742,-0.844790761028685,-0.504670069330798
"196",1.09259756049811,-0.0743572467574296,1.41236055924074
"197",-0.174930814308677,0.692061487115311,1.36663494778241
"198",0.640950330809368,-0.148649347624632,-0.287893945779408
"199",0.758246810541248,-0.379602022630272,-1.00908647936194
"200",0.453203257214461,-0.110795481522596,-0.938771332630266
"201",0.619455698191088,-0.200831923312968,-0.637721124639739
"202",1.19491196898848,-0.662394945882662,-1.32259666284501
"203",-1.0182634276481,0.452812565342805,-0.845741701981179
"204",0.886940225911999,-0.336953381531057,-0.401810860706234
"205",-1.17400390864958,0.365240444565664,-1.40422528219307
"206",1.19401600920209,-0.387796270865033,0.048704271970446
"207",1.22939882545848,0.199913053994392,3.05278959432217
"208",-0.841524044504143,0.270346115037126,-1.60271992687423
"209",-0.536897965745596,0.654388693332318,0.644936074569928
"210",1.00296884887099,-0.194374806869265,0.610208286098509
"211",-1.34076810942501,0.580866333634093,-0.44120192856069
"212",-2.32290542557305,0.509174575290174,-1.28018210561679
"213",0.51257883688311,-0.0523553029022966,-0.385019365987058
"214",0.738161460866481,0.439752825407314,3.01906539877806
"215",0.146333663789679,0.384317388374682,0.520298809417104
"216",-0.376810784430097,0.429494686203491,-0.267468113219618
"217",0.562177086491991,-0.112172960627057,-0.448207298642936
"218",1.86481335945184,-0.531256319764798,0.246412356160744
"219",1.69624228852607,-0.336011236522125,1.04420116627244
"220",0.123726262815679,0.358658387721567,0.333574775626717
"221",0.230785888016267,0.944669201605688,3.55711028897089
"222",-2.04754092665818,0.666610644478677,-0.384218580104117
"223",1.83986346582198,-0.810375675986054,-1.1740046564442
"224",-1.31557083406631,0.656096691193638,-0.0484960342289886
"225",-2.29254600906773,0.633286543959539,-0.648379196933653
"226",0.470065612068403,0.212969660179426,0.751594479954123
"227",0.363555250206939,0.168235639416801,0.108210152584056
"228",-0.104553444396786,2.73240766324845,11.6980142261661
"229",2.20974025526521,-0.740749916222771,-0.503977986878977
"230",0.459214678692139,0.392758754387287,1.60426605873532
"231",1.19220121956748,-0.395979228425749,0.00435605644905213
"232",0.542957098523839,-0.210398706858168,-1.03047546899401
"233",-1.30278934540846,0.835565993368885,0.857356661711442
"234",2.73368576230444,-0.585720742141264,0.602876984434305
"235",-1.57498838082924,0.720465166381799,0.11539674385152
"236",1.99558488994786,-0.469773083641175,0.675949607607857
"237",1.09160178423185,-0.603977498423481,-1.23786412938039
"238",-0.239349423004922,0.282709609992441,-0.790206164145528
"239",1.33536859269392,-0.480171304296435,-0.166095022683941
"240",1.7448163302309,-0.527681357477827,0.139960751696279
"241",-0.325810303866365,0.76284886433175,1.47418052541192
"242",-0.776714395352888,0.778898137631099,1.00274220350559
"243",-0.936730479025068,0.691774707054757,0.418070890585388
"244",0.245179342313121,0.328409056246015,0.51874431626438
"245",-0.384606804543335,0.37970296723091,-0.527537427142991
"246",0.43130503702368,0.00811703199441852,-0.434092120770585
"247",-0.633195682453439,0.735724214127878,0.938545197805894
"248",1.2929065642408,0.302325448610094,3.67615916307601
"249",0.0410861555398469,0.191831983306395,-0.699930946073651
"250",0.0674680327855035,0.413293074665989,0.468720244435635
"251",-0.216396824203358,0.486679026306012,0.267979242382179
"252",0.337979267867703,0.74985362223005,2.92587529283509
"253",-1.08314115267297,0.513973643217885,-0.591872124770627
"254",0.0947841910260544,0.443969702146888,0.687853527910551
"255",-1.38320538030132,0.679235043184574,0.0233884491751857
"256",-0.356719267434384,0.611522394684573,0.671707786344954
"257",0.0498466361004349,0.257785617957715,-0.350020225973404
"258",-1.0895359611403,0.621038777912659,-0.061531104380169
"259",-1.03683739892058,0.584294403578845,-0.203460162851028
"260",-0.0452584546334227,0.22788482808285,-0.706876675641959
"261",0.220079804909338,0.0423175125159889,-0.986012348955153
"262",1.06294651346568,-0.0673630379374234,1.38297645983335
"263",-0.0118323673645078,0.3784833728059,0.116243583032126
"264",0.550339967224812,-0.283839916034445,-1.36229461069305
"265",-0.834630999780196,0.58733476619521,-0.0112649514895076
"266",-0.252473701041262,0.414761759080652,-0.151445544777173
"267",-0.860658718600675,0.765820955124488,0.856767567694951
"268",2.36173287346347,-0.674059136032589,-0.0619884005772651
"269",-0.852288583296627,0.53395990946173,-0.294747454086628
"270",-2.93443215819395,1.71214105443632,4.54007915848419
"271",-0.185996500648538,0.599174322795702,0.882731818285404
"272",2.61768886195348,-0.647898948711787,0.22801822862907
"273",-1.04902573270243,0.5847398245478,-0.211045613376489
"274",-0.262955026268956,1.42564443863922,4.8860123167856
"275",-3.19419621247511,0.752835460018866,-0.324149604506914
"276",-0.39870067288925,0.948996833127769,2.29906311301912
"277",-1.02330520429233,0.950733035695682,1.63973335449173
"278",-0.847504712017829,0.367280542505509,-1.12366816352518
"279",0.501885716736678,0.0241069146428258,-0.0518572123244976
"280",-0.620396027438255,0.520577756874776,-0.122717676131427
"281",0.350933205458221,0.355679718438818,1.00035041909261
"282",-2.38441986616225,1.31851089219884,2.74424098372168
"283",-1.53989074600011,0.625255505080766,-0.340797532275272
"284",-0.124279889721072,0.232472105713164,-0.839056850376763
"285",-0.1305438727901,0.214040569874219,-0.94291249002647
"286",1.17733269247533,-0.302556667715009,0.443066538706334
"287",-0.511315577471766,0.345569247530121,-0.867408128583604
"288",0.0285964352809023,0.159276080088342,-0.891044721073687
"289",-1.09617473925788,0.616770472779415,-0.088022649337927
"290",-0.969819593445964,0.615410244015654,0.00772181492001778
"291",-0.678075026101103,0.496337884382234,-0.30784873245303
"292",0.227426297676858,-0.0240125588441545,-1.29619247129539
"293",3.89755178364521,-0.579091281227776,1.09298465888218
"294",1.30758034122903,-0.0915424262331407,1.73145316469028
"295",0.496773621710553,0.2283675193996,0.946278777080405
"296",1.04659794701684,-0.485866638467328,-0.746049668639901
"297",-0.815037461744127,0.452459531337326,-0.666930418600626
"298",2.08047831427235,-0.839623644348935,-1.10053522054631
"299",0.792903888477088,-0.248702329807957,-0.241022213555349
"300",0.905556833394269,-0.236679197697426,0.150775365847248
"301",0.900510903768241,-0.159832830866228,0.521255809492008
"302",-0.442557190261334,0.52646499809073,0.126311947822085
"303",-0.391738735764433,0.773493814721685,1.4313278483967
"304",0.350495225447434,-0.0220913911647547,-0.890053336945334
"305",-0.334560515279755,0.995081230055864,2.62221821253718
"306",-1.26556507584546,0.546551716469412,-0.562512801067431
"307",-1.55271367638473,0.854451153696048,0.79787615709416
"308",-0.361587095813726,0.82663952106814,1.7402041989942
"309",-1.65123095990563,0.815186010675689,0.547338674351256
"310",0.270823021230545,0.129983589433144,-0.394624587462691
"311",3.56465924489316,-0.842475207430816,-0.328214411611565
"312",-0.468484974434703,0.503253022089595,-0.0240886790686978
"313",-0.569187614797729,0.331929845166404,-1.00637824188036
"314",0.0533502510580911,0.297497952256628,-0.143339920519567
"315",-1.25927011403091,0.956709784644226,1.49260376395669
"316",0.950970631916238,0.668361831958829,4.79557221752518
"317",0.262682091126316,0.563415056567186,1.74720811598148
"318",-2.02529925807288,0.585664302153681,-0.77944692135665
"319",2.66068846653282,0.040610261130438,3.69481667227333
"320",0.809399191957754,-0.046461216254142,0.822195852103435
"321",-0.285444770740131,0.588010911363764,0.662091793607907
"322",-0.0273792483865805,0.332921368652652,-0.144536971060872
"323",0.896028294478858,-0.00143370921748426,1.30095448777262
"324",0.637593520498272,0.140643009121783,1.14489491954405
"325",1.50222830770478,-0.562610121334217,-0.330518030227708
"326",0.605271531582339,-0.161292993740747,-0.50051888917559
"327",0.906906928716666,-0.306661951062514,-0.195475259497794
"328",2.19863839377362,-0.561573523242258,0.38350520605275
"329",-1.04294388777891,1.08008145289158,2.27054767038665
"330",-0.21238814990933,0.489276949499673,0.287763012392974
"331",-1.67610953890006,0.646567897759009,-0.308929940478671
"332",0.696399964772526,-0.200341400841965,-0.331188450390459
"333",-0.0955326350492496,1.44816767454638,5.29420010176446
"334",0.58438921990337,0.194932992469216,1.18878959303961
"335",-1.59089919591808,0.600165863541102,-0.4949573513581
"336",1.89416484164448,-0.160541095951254,2.12853763520196
"337",0.486315908745515,0.314397170804794,1.32968386160517
"338",0.407468567750244,0.0644569009143504,-0.246550548685053
"339",1.64484942878031,-0.373271660643025,0.798036402899823
"340",0.685774382960032,0.0461693378325591,0.861634403285507
"341",1.00063014265272,-0.0555883345892682,1.29855459130149
"342",-0.937091860948132,0.74273364699375,0.672550053091411
"343",-0.532844802298306,0.490178398836054,-0.171134825855796
"344",-3.51453860001387,0.696137991703521,-0.681698681423617
"345",1.10238552810674,-0.0352926394018824,1.62841927028147
"346",-0.00214553848801719,0.481884616426147,0.654111801256517
"347",-0.841541316075747,0.40953684892842,-0.90678252777206
"348",0.824219400930893,-0.399011351934233,-0.894892234933749
"349",1.76169961991066,-0.548791624447489,0.0526834667819727
"350",-0.762227255355193,0.644269469855415,0.344080845694133
"351",-0.315332152175279,0.670574576305211,1.0286808092906
"352",-0.416252435641739,0.348126978468415,-0.729645723758769
"353",-0.0662678433368559,0.574558183722649,0.983833044531067
"354",-0.306696220188501,0.769759794865936,1.53781770834194
"355",-1.08090335969671,0.797996772874484,0.829993417173038
"356",0.284563537613205,0.226659277360753,0.132196370235953
"357",0.449833921395312,0.165039734792604,0.426356553514648
"358",0.0157693269578861,0.705772039537066,1.81279379819141
"359",1.24683410760516,-0.507412609885421,-0.452495255472659
"360",-0.394977933368327,0.531402545984301,0.216312825933218
"361",-0.490796319540696,0.686604136967123,0.8637904302224
"362",-0.267735765623178,1.1414604825393,3.45742120954143
"363",1.08194610716623,-0.214324373073618,0.689676649138108
"364",1.77617263792581,-0.624843721381084,-0.312123319054175
"365",1.53646218129621,-0.681702248894263,-0.880053524334514
"366",1.25789311057622,-0.537578017723767,-0.583755533201363
"367",0.943112824430304,-0.463318135293087,-0.882998300383551
"368",-0.316936304698009,0.477203234916153,0.0593831055581635
"369",0.418264930397587,0.0798214764751423,-0.127541982143435
"370",-0.158892047340998,0.476545509597185,0.317700465244785
"371",-1.00037380098981,0.455050401723712,-0.819779713392464
"372",-0.332742897988472,0.469335909759702,-0.00379187095802869
"373",-1.47016201186033,0.402636377028299,-1.41311225754856
"374",-1.32532252893344,0.778128876873853,0.555224662054866
"375",1.10112083631153,-0.263663575530683,0.483899222146914
"376",0.12404084043307,0.192949227560809,-0.49417008827624
"377",0.601398873063749,-0.118346508463621,-0.302562446752994
"378",-0.529000788720412,0.24805124340291,-1.37702970236575
"379",-4.07232041535901,1.06113434869071,1.03420952085094
"380",0.162482335527276,0.551837626361124,1.40074391967348
"381",-0.973468292952176,0.590064070091161,-0.122110160282451
"382",0.890112922584919,-0.370358147609971,-0.560012561144693
"383",1.4184287662306,-0.490694525082092,-0.0901130146499445
"384",0.20271302341054,0.00329800226644036,-1.23098141729057
"385",-0.407590515827424,1.27772164126942,3.93029657721953
"386",-0.592387412932044,0.354366491142428,-0.921528332033121
"387",0.106950953038841,0.435044747927328,0.673276926643906
"388",1.96512998966914,-0.497248873537111,0.511266516846296
"389",-1.15747598854262,0.460246411512217,-0.917035294101562
"390",1.20501146132114,-0.517524743480338,-0.579287824767722
"391",-0.937216150359613,0.430999620533051,-0.886228580742754
"392",-1.40550837899392,0.528006214526868,-0.746772471741757
"393",0.833166881086556,-0.285279537588632,-0.299140167565174
"394",0.37273824355905,0.320119534713041,0.900999063875062
"395",2.93624445276555,-0.240290741407361,2.43151134660171
"396",-1.08382916055843,0.536211790355096,-0.481218811134215
"397",-0.170802794548287,0.75973736829471,1.71233808497505
"398",0.796233967311511,-0.212431363000638,-0.0490640780250502
"399",-1.80698677296388,0.592129495761294,-0.647298844297323
"400",1.63519364574574,-0.525567481511139,0.0249953973298314
"401",-0.417838226974128,0.495910627020104,0.00709228546506946
"402",-1.25123550033238,0.775304745267803,0.591127899583251
"403",-1.19609893917187,0.682571565287506,0.166396973420309
"404",0.6698719543012,0.191903587737932,1.52954638274153
"405",1.29966004312529,-0.366648631709487,0.342674713053316
"406",2.86755008221576,-0.37757772823607,1.71200939623489
"407",1.89349590709711,-0.146634097271952,2.19742962961604
"408",-0.294554531225061,0.546051440173064,0.43805092699691
"409",0.0463392379173317,0.604143422399448,1.37367753692337
"410",-0.191384465444203,0.437514344697221,0.0650391103470636
"411",0.830845824281421,-0.279604439989941,-0.277759019858496
"412",-1.42657540449637,0.490250851201928,-0.948600996532616
"413",-0.512060924090399,0.446016510755059,-0.366107703631353
"414",-1.21704655469356,0.433156397644858,-1.09564920774707
"415",0.940016846324266,-0.158033528386271,0.635418896979443
"416",-0.935701250161857,0.463962529831341,-0.720090845725958
"417",-1.86721421105176,0.628998324685807,-0.491740684635645
"418",-0.667566043938445,0.399882861510676,-0.778715514562677
"419",-1.52860081323087,0.481648352922789,-1.05235280186635
"420",0.407890795356597,0.249893294865115,0.682267146679767
"421",1.05496801688354,-0.449667461085663,-0.546269353500151
"422",-0.714248807695935,1.70337204764155,5.68883693467243
"423",-0.216241438005566,0.27926565988787,-0.768824783135347
"424",-0.0894195315307107,0.837222275916591,2.25135902824467
"425",-1.2213567840131,0.504408437627313,-0.742441986274745
"426",-1.1184948436782,0.59315700077888,-0.223221886186791
"427",2.03100563348007,-0.53700912655738,0.370713828465499
"428",-0.325377240509865,1.04227632688379,2.87197043652908
"429",0.62222698843977,-0.0716639592300911,0.0197661035716492
"430",-2.52735075531987,0.644924937152553,-0.672859506397551
"431",0.0281952205599131,0.573528530159397,1.17931468835669
"432",-0.391781987662758,0.275431597110566,-1.05904420669546
"433",2.01979798546531,0.344123255148223,4.76667686042544
"434",2.58274491457041,-0.715552407728378,-0.130448953842909
"435",2.65953580853429,-0.481763118503247,1.08230814559979
"436",0.342049579785343,0.438768041983344,1.38459651137697
"437",-0.00861371225985837,0.20263183763046,-0.756109729481913
"438",1.57068592915778,-0.567333439085802,-0.263782825946515
"439",2.79252129839779,-0.880216345295421,-0.838854694138463
"440",-0.10176873963465,0.900373828888071,2.543192614705
"441",0.698554866689291,0.282339816880341,2.09019243133488
"442",0.638544858842162,-0.0507943388969468,0.191591028466132
"443",0.224314624255555,0.0818125487291706,-0.776188379680968
"444",-0.0738364134396715,0.382325858743598,0.00756315625817816
"445",-1.30011387787921,0.70176880268559,0.190160669117394
"446",1.7574844209097,-0.422910638657006,0.677551061797342
"447",-0.899816195657404,0.624238043251124,0.113095164498375
"448",0.407536420967855,0.108884219129976,-0.0241511683342797
"449",1.4079877460113,-0.463078404867447,0.0324030492493073
"450",-0.536529353508987,0.626838161438361,0.507635597057421
"451",-1.10892422930813,0.598681354560986,-0.188288440512867
"452",-2.44610481205775,0.819099213535062,0.225538187794883
"453",-0.947723636614582,0.48363511190752,-0.632185958735374
"454",1.73903960627451,-0.67259903073101,-0.590942202480216
"455",0.106698327827999,1.77100830860865,7.35246592091435
"456",0.283808386262663,0.0341423644822406,-0.832798859092137
"457",0.0200865764859977,0.258335963957247,-0.414797897449791
"458",0.77632570962321,-0.161197567581312,0.142920265688845
"459",-0.772604770667285,0.644784381250556,0.336263786473063
"460",-0.052011389661711,0.326022846803752,-0.230014311429146
"461",0.485124599337971,0.148062912858089,0.492742252842426
"462",0.591005559241884,0.108833209160731,0.787748375014665
"463",1.16322332690232,-0.538138684821279,-0.762252653318859
"464",-1.21850311150999,0.496659848766113,-0.779164681992528
"465",0.206541454886501,0.271348914484039,0.120162021643643
"466",-0.851523369408758,0.416507460593332,-0.881294873457185
"467",-1.86177604507546,0.73835150573746,0.0575835512776588
"468",1.35562789041727,-0.614969922966428,-0.807685703306232
"469",0.0290853479739237,0.229815853945938,-0.537245052446133
"470",-0.762260522020114,0.689899250218414,0.572196291175067
"471",-0.333257545271612,0.625064337034621,0.774080587555507
"472",1.16955992669759,-0.304712041501103,0.417245929308617
"473",0.453964149887096,0.335830792031304,1.29754372937054
"474",-1.6211602219744,0.534344420309104,-0.84067117350537
"475",1.01637255674905,-0.190326749450264,0.662141056846218
"476",2.07540775196157,-0.265005444676259,1.76834180162063
"477",-1.04976710533495,0.719198404905743,0.460653313260266
"478",-1.41669080272801,1.01681766521139,1.69033437751835
"479",0.474588591098592,-0.107182981183866,-0.829622225365241
"480",0.442414822159956,0.0145110195839096,-0.356937722688634
"481",0.899635987945894,-0.240264255839339,0.116704559376737
"482",0.22865863226782,0.48558597387923,1.25542386768471
"483",1.06345190123649,-0.357598032154391,-0.0670817442807585
"484",0.869033985389219,-0.372611821978967,-0.630635624487031
"485",0.0151422208189439,0.180940995232097,-0.812749953240979
"486",0.471551825877029,0.840401011150316,3.89515711523124
"487",2.47252477362579,-0.522053215272887,0.770268397264102
"488",2.05270497058719,-0.464481380465413,0.751892944612701
"489",0.29967969725481,0.443613292910427,1.26580043472896
"490",0.0420297177417778,0.315460121738339,-0.0796314942114289
"491",-1.53537209490908,0.629078532501421,-0.319094222311828
"492",0.906669764727228,-0.315163215755639,-0.238624574327545
"493",-0.41655112648303,0.307654111863862,-0.932420972609191
"494",2.35835239073367,-0.759464991542447,-0.491308109290217
"495",0.707799627139257,-0.373910468654618,-1.1571573589238
"496",1.78855423330762,-0.382924940590904,0.910539066313214
"497",-0.163886335056484,0.677036559297876,1.311180730602
"498",-0.557091412026771,0.421107372195765,-0.546008480957709
"499",0.808328860948107,-0.347401157940911,-0.685840351856414
"500",-1.07363969435421,0.836711582341837,1.02926746795449
"501",-1.25733413763347,0.619527627941934,-0.191972714064296
"502",0.419727074859419,0.38443633070709,1.40130367503738
"503",-0.668283220978188,0.367738740554706,-0.940217998996135
"504",0.908807158553731,-0.427956951440588,-0.796805988881269
"505",0.65533811184859,-0.295104954692074,-0.962433517204566
"506",0.258744560305794,0.329025170693507,0.563118346762773
"507",1.57154920222779,-0.459135982671237,0.278306522069911
"508",-1.8962756304203,1.40633663919403,3.38141325942922
"509",0.451283920986367,0.301196434293954,1.11317581321936
"510",-1.26078480946397,0.629858211145045,-0.142696806356977
"511",-0.644734545090736,0.730013680140426,0.897088380946264
"512",1.59455730866167,-0.420567617927931,0.500193232449005
"513",-1.05183252333897,0.649685484730244,0.11143567101444
"514",0.45226754449347,-0.116115014951928,-0.969278494555226
"515",0.199936938323402,0.462725731831005,1.05829809641063
"516",0.278457671742158,0.607344886763289,2.01621027041366
"517",-0.585252301498323,0.437797756937384,-0.496026780474343
"518",-0.781851398395977,0.685214683811484,0.529231665406618
"519",-0.743016249364054,0.739377878899274,0.839100575914517
"520",-0.682591828219381,0.726063654520503,0.835908727939525
"521",-2.34298212163861,0.68275638156849,-0.419613564962171
"522",0.418116672934765,0.348783781334905,1.21668512152476
"523",0.589602296545868,0.104996278321087,0.762344705068708
"524",-1.07818240732338,0.672457220178594,0.204427270980863
"525",0.799774097001471,-0.169011233477798,0.179251146711291
"526",0.740557730739121,0.822862249174036,4.94291203396686
"527",0.737790430760417,-0.367806661311767,-1.02001987329961
"528",0.793550693682595,0.143616922402274,1.72263766505227
"529",-2.13189584234479,0.959313620206686,1.04427654032142
"530",-0.885995296783761,0.399315582207927,-0.9990236174948
"531",-2.11593839212042,0.560273079562749,-0.944422650959327
"532",0.259115552776062,0.467540267728593,1.25683469832977
"533",-1.1016751709039,0.448283070846307,-0.934707597524788
"534",-0.838053865724135,0.75411981091103,0.819422200600614
"535",1.35684539839198,-0.656387334014368,-1.01284747366942
"536",1.62861774724479,-0.241172155858587,1.43903922471631
"537",2.08434058583088,-0.545199534844652,0.374784231793216
"538",0.476667825494511,0.0116675041205291,-0.226332428273692
"539",0.672582710035994,0.0587218120248565,0.874106761453844
"540",2.20149061308545,-0.700148555621561,-0.307205717962852
"541",-0.852907564380589,0.353966601793736,-1.19529189067658
"542",-0.484829301016074,0.526580265300457,0.0713340030296776
"543",-0.122576013225792,0.880829181176209,2.40592503343008
"544",-0.480263995777857,0.375595962532815,-0.677695320872487
"545",-2.14354943325498,0.947347359676799,0.979730594555882
"546",0.612797655438813,-0.197723468415129,-0.650389537253561
"547",0.73812753351738,-0.0901021185444225,0.369672948747779
"548",-1.78368482767205,0.751737976707579,0.162153913992707
"549",1.27939199264876,-0.509606389455866,-0.406537763524016
"550",-2.47534334868603,1.05309996610542,1.38551015949472
"551",-0.881469744414829,0.714143506499347,0.579236885149411
"552",1.43172859480284,-0.500870334854429,-0.121403874175567
"553",-1.69428265605675,0.782756720561696,0.36251290057673
"554",-0.148192592344142,0.519501308013448,0.551877278266252
"555",0.30308537463089,0.459897595522623,1.3583786610721
"556",2.12128109074951,-0.662924008312931,-0.183710419190627
"557",-0.199327903501561,0.395787951754045,-0.157339311869984
"558",-0.907274715026677,0.538896748629549,-0.320296800838543
"559",-1.85975895105556,0.473705982901523,-1.26469310994831
"560",0.979339848360127,-0.00546699369435272,1.4975211291537
"561",1.38237712937205,-0.111713564488785,1.75033546564655
"562",-2.95866625193085,0.674938989430045,-0.652571845717357
"563",-0.261435254729874,0.398886234470003,-0.245331876498813
"564",-1.8530613655311,0.808846374484071,0.414174320904392
"565",2.99704436503407,-0.766621190237044,-0.171943682946221
"566",-1.90632394260852,0.999199800076539,1.34110014669413
"567",-0.25188652103565,0.434833652798835,-0.0501305931576734
"568",-1.00342576396566,0.816953669203665,0.987202151325818
"569",0.340806876471985,0.161189791938019,-0.00762412079325348
"570",0.277363141175555,0.581555497851283,1.88380179045881
"571",-0.476453577803031,0.356522113412269,-0.768127048139273
"572",0.613069890891604,0.131819825161672,0.998486770518613
"573",-1.09155065036422,0.89823159001702,1.32286740254088
"574",0.944959674093352,-0.394250768376738,-0.532901561827736
"575",-1.26999025297915,0.447897137003303,-1.05881564006939
"576",1.03513925214545,-0.372236788156193,-0.203938967382863
"577",-0.145897234182714,0.583926726868314,0.878196365958933
"578",-0.531398983131501,0.628024144698113,0.519875076865944
"579",1.44606576883039,-0.638847744897829,-0.790467879908018
"580",-0.194422586306883,0.908175469682263,2.4130729471029
"581",0.896040087469998,-0.445882306974335,-0.921256049553063
"582",0.140812981456185,0.449833465007332,0.833446451151174
"583",-0.553530725503535,1.00184383621197,2.36196752193134
"584",2.44457809740261,-0.611399186085275,0.305824324815423
"585",1.3772161947666,-0.505867173255439,-0.228395274525217
"586",0.0602534964537187,0.292770738823282,-0.150873147437221
"587",1.43559570755288,-0.432261633419134,0.227285832209505
"588",-0.361317766700647,1.36135263294039,4.41416108446506
"589",0.14968420211148,0.297263758215526,0.0938427273515829
"590",-0.486181085221166,0.31901758473903,-0.968219179190781
"591",0.841092028290334,-0.344780051133746,-0.572937284645239
"592",-0.85170215542712,0.561034762018215,-0.158825418966922
"593",2.23879026975915,-0.194784578992374,2.24750871847288
"594",0.421117038588887,0.353376634856096,1.25150468946654
"595",1.86845167759619,-0.843894371706549,-1.31320134996756
"596",1.58131697925579,-0.222970505144588,1.4715412666902
"597",0.382886254659296,0.0806488966601545,-0.258903138579453
"598",2.77862766122858,-0.837765426568361,-0.633762503155318
"599",1.82351860692692,-0.128945963344241,2.21660061352296
"600",0.939576922721352,-0.544141741414411,-1.2962624668858
"601",1.39408425029704,-0.321342023439144,0.720098788127797
"602",-0.491673753033724,0.635875145585261,0.609022307729707
"603",-0.102698651453592,0.389885645160027,-0.0110359636117252
"604",-0.740055693644776,0.970486092757645,1.99767146171448
"605",0.851087529687749,-0.290975375752018,-0.27439920507181
"606",-0.682693484660513,0.434876833751474,-0.620134793196861
"607",-1.53854068104897,1.19776258253346,2.52251036416708
"608",1.59875500441734,-0.26798476756828,1.2683393359309
"609",-1.21118831618063,0.949124263456104,1.48835445761259
"610",-1.65373896678965,0.88843357615226,0.912238954186164
"611",-0.734453632343599,0.36660325597225,-1.01598877956308
"612",0.116178077009215,0.210836170707698,-0.42465424047456
"613",1.97362306549453,-0.930581413154725,-1.64771539851449
"614",0.351716634352306,0.502803420644106,1.73874092021321
"615",-1.54781456007447,0.972018529320291,1.38849683174225
"616",-0.268890899603153,0.610180562341301,0.799173859466848
"617",-0.110473138679257,0.314679423709915,-0.401937672795616
"618",0.768626393452333,-0.188597156786482,-0.0194217450887422
"619",-1.08658166394692,0.51127963050331,-0.608026937083195
"620",0.325088461059847,0.0581939632139291,-0.576648112419578
"621",1.20194301270769,-0.246447254615849,0.770362983158436
"622",-0.0309275944782968,0.509204082617775,0.729438442276708
"623",-0.0306973447621907,0.269408460187506,-0.469057981515487
"624",-0.290831072364403,0.273097280912371,-0.920914462985133
"625",-2.24715648789077,0.644389807970965,-0.575724680018105
"626",0.787057714467979,-0.461508064999088,-1.32379383083051
"627",-0.775529879016421,0.510124856975424,-0.339946672505103
"628",-1.24269164314581,0.811430608282448,0.777692409426039
"629",-1.96249440652281,0.82351117861216,0.437259101166089
"630",-0.245181822721125,0.394849700822195,-0.239097611896218
"631",-0.54006849691735,0.383522164843119,-0.713279540583043
"632",0.193093125901429,0.524417976843301,1.34751474697416
"633",0.837475601763877,0.137379368174081,1.82707616204205
"634",-0.199741909693839,0.24984647293174,-0.887759876240247
"635",-0.052917908141327,0.404295635649878,0.159501872981978
"636",-1.37000499483603,0.706886666024201,0.170041026532757
"637",1.89764038866982,-0.530849845195136,0.280329017770775
"638",-0.0102744307538508,0.181335505404569,-0.866157209582612
"639",0.0132835792521469,0.592685200796412,1.24186205078033
"640",-0.407829017932244,0.609938341314656,0.5910491497558
"641",-0.471690069413137,0.676768462993918,0.839302492925834
"642",1.10922088077571,-0.391793737348956,-0.13975105280804
"643",0.53578891286222,0.0134612859651018,0.0540711554117195
"644",0.712478138854987,-0.085483281901254,0.301945410897646
"645",-0.993969943113456,0.633032909091258,0.0754700600019986
"646",1.12406725979992,-0.292344845898721,0.388225132345425
"647",-3.74182425334776,0.73408008654479,-0.539171696646858
"648",0.677969808756561,-0.169288965875782,-0.245279177726443
"649",-1.71121100389871,0.856105574058454,0.720499861445328
"650",-2.16855570364932,0.526965461620769,-1.13219775779533
"651",-1.0788297177333,0.808408142040809,0.883674382590196
"652",-0.371417246483597,0.480267479473079,-0.00586655826129468
"653",1.0789006974931,-0.490571258086786,-0.698145508444501
"654",4.35904722776355,-0.960324618164946,-0.692030397385556
"655",-0.708872983246979,0.521664694877379,-0.214056048155122
"656",0.537271727228651,0.159322506285964,0.790565118113108
"657",-1.52946280271913,0.538841597554995,-0.766883002708808
"658",-0.724660495419693,0.548716436043465,-0.0952982715948021
"659",-0.425236127688327,0.863537547899199,1.83510045873678
"660",-0.275898648621491,0.748571751282475,1.47996841632772
"661",0.781034437942634,-0.221371164767935,-0.142592794907591
"662",-2.18745229825414,1.11132469790946,1.78211465897052
"663",-1.27507563054268,0.535672062146848,-0.62341157179645
"664",0.943553959692184,-0.215285211950781,0.358304331613131
"665",-0.00194861776171539,0.499319181539471,0.741711303976238
"666",0.484928658353492,-0.109861986316924,-0.797748023732031
"667",-0.183565739507877,0.451491844740224,0.148575304320492
"668",-1.61029832044195,0.49314901881822,-1.04072316474533
"669",-1.44154540425886,0.698876585893492,0.0853623366153236
"670",0.850788533340616,-0.168456939866969,0.33731622755398
"671",0.262568102112785,0.0645863099976784,-0.747288059784239
"672",0.191797411017665,0.311657094991701,0.280087552032413
"673",-0.296973646163956,0.480874205577377,0.108405074064572
"674",-0.879095691099659,0.984032069505179,1.93084742880552
"675",-1.05580188054399,0.525233249481255,-0.513995192811523
"676",-1.20252834193826,0.592602870094394,-0.288064924440426
"677",-0.950993556362069,0.713248759479922,0.513054743314651
"678",-2.75505885387505,0.713445820349537,-0.401958841565199
"679",-1.2915968736769,0.539008135706849,-0.617922675649572
"680",-1.21191748178439,0.391135221606856,-1.30211001772644
"681",-0.412821616818008,0.44672954503135,-0.231904388316345
"682",0.286594072418758,0.256308243689016,0.286936777359972
"683",1.85129184252511,-0.619614155614045,-0.208763943524116
"684",0.666517826431728,-0.115154478963461,-0.0187627848954202
"685",1.45946051490999,-0.149086033580493,1.67752593017887
"686",1.96767516562511,-0.480196187826555,0.598837142710348
"687",-1.38415806262449,0.611636990656456,-0.315204797184307
"688",1.65888171783554,-0.317287191339304,1.09458058843792
"689",1.74903166330994,-0.590748955059568,-0.170789480403264
"690",1.36049723639251,-0.510366660969659,-0.27698408819763
"691",-0.968201550691427,0.512287987746285,-0.506511463034943
"692",0.326830367878453,-0.0302910933789849,-1.01314875565056
"693",1.43320036415112,-0.41038480504236,0.333175240568296
"694",0.855739098303451,-0.423394226763166,-0.922901842645395
"695",0.320515790067197,0.311914864318447,0.676479053639114
"696",0.972000395457733,0.370466379620624,3.35905019711617
"697",-1.65736540922936,0.518190842998227,-0.940905116315339
"698",-1.34060903376871,1.52724435514253,4.29079180554669
"699",-1.59064909234964,0.524607051546132,-0.872612856716405
"700",-0.896008557060928,1.02320375337861,2.1113519813842
"701",-1.05640371339355,1.08320153647629,2.27536647491675
"702",-0.296871765073208,0.287503746678533,-0.858289072521213
"703",0.039771622385023,0.729439872482994,1.98510529161247
"704",0.782843393127174,-0.159500397788337,0.1726310173007
"705",-0.736925210756038,0.460479304605952,-0.549150490998686
"706",0.317100124465248,0.112666951061703,-0.331250957696729
"707",-1.49051052168703,0.657232664674773,-0.152220413249215
"708",0.501103903010785,-0.0198459351542015,-0.27517816691283
"709",-0.81280345936079,0.474419585211532,-0.55497768743515
"710",0.0360507208495334,0.0831825009619129,-1.25465543659673
"711",0.705908104356411,0.833084680991184,4.87092269409994
"712",0.356639261606186,0.106240242892869,-0.226578855890915
"713",-1.02185265976388,0.827887079674697,1.02669104158723
"714",0.409391655578224,0.231452555318872,0.595887051568526
"715",-0.485549119030187,0.818528488813278,1.53014841949396
"716",1.50577941816788,-0.508556135096085,-0.055413000683586
"717",0.312675412838429,0.174437065685265,-0.0371962370312
"718",1.90603812367685,-0.33373274148236,1.27393396631005
"719",0.646774627385872,0.513210925526524,3.04494825765185
"720",-1.69668674871814,0.922321540801579,1.05908788460896
"721",1.20090918920132,-0.35282919813002,0.236515935747031
"722",0.501761974545239,-0.0830105025089185,-0.588007568908403
"723",-1.12157533186171,0.574563396932345,-0.318532462518486
"724",0.0556037597830495,0.409556011210784,0.422191422123178
"725",0.647292430883927,0.0991813108625286,0.976881936134122
"726",0.143520601748308,0.516278762642537,1.172738022332
"727",0.920666384486099,-0.443094013876276,-0.840687395357498
"728",-2.08937854321352,0.683491748847039,-0.317380776762384
"729",0.822174615666878,-0.165111060653613,0.268367858503515
"730",1.60587703456656,-0.718150145864218,-0.9736576183367
"731",0.172175206454999,0.403646575975687,0.685962805936005
"732",0.152111548377917,0.314301546769084,0.185440779615604
"733",-0.166985989859734,0.614247648678085,0.991691131687845
"734",-0.23675677930999,0.603096977248671,0.816013822371423
"735",0.340836199706386,0.960815916878117,3.99060856474216
"736",-2.40568566503151,0.532290284615774,-1.19439879610344
"737",-0.00971564000739761,0.202072853329737,-0.761271469736469
"738",0.418237776912012,0.537433868015666,2.16041292764351
"739",1.0634100581373,-0.296174496107817,0.239943500926293
"740",1.09881580978348,-0.595294474116623,-1.17912371143711
"741",0.0695000316178385,0.119674263832331,-0.994562383244613
"742",-0.62842189194234,0.447842498057034,-0.495486073144025
"743",3.36218576045109,-0.868980323048181,-0.532853837800606
"744",-0.0837972934871898,0.71368752434243,1.64469194580034
"745",0.0425676369775844,0.807391003339954,2.38125476361134
"746",-0.948179616212156,1.07648355093339,2.33166151426404
"747",-1.07259325495464,0.465380824103375,-0.826562621098857
"748",-1.05596503780832,0.496036417800194,-0.660109437717629
"749",-0.131030787676927,0.35088141515491,-0.259614075193214
"750",-0.126688008584161,0.79945303478811,1.99134073301546
"751",-0.449773900988585,0.300349791463383,-1.01390873605662
"752",1.50272637301784,-0.184934865247015,1.55853741342803
"753",1.75405052748787,-0.647239974206264,-0.447804228072606
"754",2.16947291111356,-0.702450721161551,-0.343272227747145
"755",-1.49094005461712,0.864997487429857,0.88635020636546
"756",-0.512347969531464,0.374449748940691,-0.724301765775938
"757",-1.34469038727157,0.935938708636163,1.33160837315252
"758",-0.152348908407541,0.609456400031955,0.994089678201989
"759",-0.00719183614616231,0.310257917697382,-0.214920568513324
"760",0.424224483333441,0.0916544175092305,-0.0447654363688768
"761",-2.06115771100819,0.563343788240547,-0.906314381059924
"762",-0.797616822285943,0.40702646124577,-0.877205672130234
"763",-0.886277626824588,1.07307885705256,2.36953616499873
"764",-0.218793202401604,0.143498927748673,-1.45196865863587
"765",-0.882258482487896,0.487028836641958,-0.557055745185181
"766",-0.230642873309318,0.350715949673757,-0.435743457878081
"767",-1.47995349810081,0.633995288400987,-0.262154876933795
"768",-0.414618466143265,0.46755594910443,-0.130250849204792
"769",0.131940861107153,0.442946471824481,0.776040960495685
"770",1.15453140988636,-0.47550042771074,-0.46617285052975
"771",0.409046535585305,0.0844905223857498,-0.140263514539408
"772",-1.77176272736576,0.729458425948607,0.0566546761019708
"773",0.107689830209659,0.166234654171405,-0.668933200362703
"774",-0.415134823684283,0.811320316779035,1.58785956059114
"775",1.98521334150011,-0.782401624936879,-0.896417863604857
"776",0.31853955194766,0.162172889518736,-0.0788863060239267
"777",-1.74079653259505,0.947841574792917,1.16408643249324
"778",-0.019584365844213,0.667684461119007,1.54573121394042
"779",0.306000015388424,-0.102673896345781,-1.4448848570085
"780",-1.91219964633845,0.444976887211753,-1.43270896298022
"781",2.09119916205514,-0.597998384889754,0.11644746550789
"782",1.58291229411054,-0.629512369816928,-0.559152450769175
"783",-0.535918830956927,0.723839102639293,0.993389579569265
"784",-0.619736970903037,0.524835339094041,-0.100680261378888
"785",0.0787954241070175,0.616176905155638,1.51012218168533
"786",-0.535706368032617,0.524249932583928,-0.00429542175268915
"787",0.548776532770326,0.0141334486330371,0.120118334962827
"788",-1.10866580519748,0.631128369523305,-0.025855226649133
"789",1.45280776847327,-0.462992854886537,0.0984952568858244
"790",0.424908103857276,0.809554950974466,3.54746076455224
"791",-1.57637704937271,0.470666598837479,-1.13437267734828
"792",0.0836890985065821,0.150284418891953,-0.807560267797891
"793",-0.288881049843416,0.508933246331454,0.261314751246034
"794",1.66258098295916,-0.150341104073473,1.93365777924491
"795",0.513756987579459,-0.0883425886443954,-0.559482689304929
"796",2.40894015086589,-0.66513454137142,0.0140720679120827
"797",-0.148398745333791,0.422050677038733,0.0642481595950448
"798",0.312551411196499,-0.0992476315829314,-1.40603293479049
"799",1.17406258348804,-0.192304614126684,0.988014267543797
"800",0.018615329371493,0.593922447275969,1.25986105850034
"801",-0.88853758539972,0.866235478300712,1.33326741843565
"802",0.552523324861603,0.0241963573424256,0.18826069243483
"803",-0.818453300083404,0.501867741460042,-0.423172912718733
"804",-1.26115777120236,0.65156153157107,-0.0344367797206866
"805",-1.58383325297778,0.851809549974396,0.767183855115361
"806",-0.629480838874416,0.679805294049259,0.663133116941578
"807",0.191894832750857,0.0954008930527889,-0.800921297068573
"808",1.55505313279859,-0.66894835495176,-0.791971136160841
"809",-0.410244193444799,0.533308350821527,0.204552454068306
"810",0.0886879966653361,0.130417017582064,-0.894786412579231
"811",-2.6319842304654,0.77710124133725,-0.0458793966791586
"812",0.628117178944253,0.0350207403854074,0.577762747796642
"813",0.117219852469359,0.0139017416658503,-1.40669919400552
"814",-0.655059086508639,0.469946428756866,-0.414683208287652
"815",-0.83106163013593,0.771842828611386,0.914661647390703
"816",-0.613894965823336,0.720568134736363,0.884646771656044
"817",-0.349691538667679,0.472511668179815,-0.0130493570784189
"818",-0.330237107944494,1.05800256703326,2.94329473083414
"819",1.05956813196142,-0.33058083294149,0.0594041387995206
"820",1.78777458831344,-0.451207030324697,0.56830981176876
"821",-2.18856217006684,0.604534274310508,-0.75227470297853
"822",-2.66900473129024,0.584405814505306,-1.02095535384643
"823",-0.298992526423415,0.339831805737704,-0.599937333154624
"824",1.7341929092802,-0.378280244611227,0.875329076970546
"825",0.738563725289707,-0.303329733350033,-0.694951983373055
"826",0.0720754397274802,0.175706957986494,-0.708282669189057
"827",2.46514700762068,-0.554563716767888,0.603071380505573
"828",0.378835092934886,0.123190634853638,-0.0612184268808591
"829",0.480402995216717,0.173303207308962,0.598163581444227
"830",-0.558509842349412,0.615080244641694,0.422149359489867
"831",0.651549567072485,-0.107163637433185,-0.0377958699119565
"832",2.02213801630619,-0.714123283193843,-0.522523822528006
"833",0.904746016728959,-0.346604956450471,-0.401056650440258
"834",0.0480970247769039,0.307924895340182,-0.10336454358128
"835",-0.261282029001705,0.599794324468939,0.759455485487586
"836",-3.67141677788658,0.724176718951554,-0.574505351801236
"837",-0.147863578263404,0.353165597026341,-0.279201068220619
"838",1.29897779128062,-0.30842501571338,0.632646343409702
"839",-1.5810817180829,1.21945214470311,2.60692906912915
"840",0.394732766117986,0.364780881054775,1.20625894352586
"841",2.57048357045514,-0.00637890895621596,3.4082233192974
"842",-0.218728161930267,0.212078571820488,-1.10896072600074
"843",-2.87224104378141,1.65299150372013,4.26170079526175
"844",-1.2264298261127,0.567367910746987,-0.431226074077666
"845",-0.584193574121872,0.52362829379857,-0.0656312121875047
"846",-1.23732693555074,0.549653977504468,-0.527445900331609
"847",-0.152951572898408,0.551263232484354,0.702030137873748
"848",1.14149732169797,-0.424260812727222,-0.235964917598672
"849",-1.959485860904,0.692497705590474,-0.216468112017814
"850",2.04266222535472,-0.575960350256961,0.185955995148455
"851",-0.188681511768379,0.314148642861789,-0.547084334144782
"852",0.812698649849049,-0.430504481949226,-1.08776830271481
"853",0.829860007927771,-0.367634590504592,-0.72088760054988
"854",-0.277199790254839,0.488382052679905,0.17695662974063
"855",0.596640063444607,0.316657495770343,1.85168713777815
"856",0.722929121879998,-0.132582365880812,0.103899040323538
"857",0.904351120794654,-0.321474365903958,-0.276477635841455
"858",-0.51507954062598,0.383586822524499,-0.682039784517926
"859",1.11883294000997,-0.296719000549608,0.355581973532347
"860",-0.0940414336670728,0.550482498746078,0.808665812758178
"861",-0.951698404319384,0.955941625735884,1.7259105256906
"862",0.241222771696964,0.0781963587099459,-0.744210515340616
"863",1.18200576730153,-0.29607997098012,0.484429345041687
"864",1.27770303796125,-0.612354903020358,-0.923183425907885
"865",-1.37476368257626,0.553640618589465,-0.599223903818044
"866",-0.902011397450389,0.408810217425822,-0.966015749630059
"867",-0.825578388044081,0.360235813107314,-1.13815220623281
"868",1.60443068998684,0.0967923121399532,3.09926621763268
"869",-0.436330879448932,0.368807711433846,-0.65359911847409
"870",-1.04890972368351,1.1086639427848,2.40866795208782
"871",2.00677442884028,-0.70161736112692,-0.473403530627567
"872",-0.687223184633195,0.385418580666405,-0.872291799414838
"873",-0.802488443742406,1.04240332187014,2.29493093637088
"874",0.0110051340204788,0.134555831647831,-1.05380897924737
"875",1.24486087901093,-0.372187052482024,0.220115879198302
"876",0.540861631178471,0.0590529050405539,0.306651188951172
"877",-0.265449344782214,0.516825146789872,0.337908548531511
"878",1.16145855393808,-0.53004774758133,-0.72525812039343
"879",1.48063137530924,-0.393020813503937,0.487657793497035
"880",-0.247475496382103,0.325176832613808,-0.59121771603522
"881",-0.441341774483452,1.07805634559292,2.88589964204442
"882",-0.748624335073537,0.857738701898143,1.4251861429188
"883",-0.463841652068521,0.429879307215284,-0.384870007734737
"884",-0.900753253305649,0.809117390191139,1.03664979104272
"885",0.384340394595011,0.164311421711031,0.164826222013962
"886",1.86572100334135,-0.782543965026369,-1.00913262427759
"887",-0.592044330958491,1.74247999615473,6.01943923109085
"888",-0.793762304828004,0.440190142415279,-0.707617238505437
"889",-1.45091141267314,0.50498416642639,-0.889788674343464
"890",-2.16240321413417,0.652216493488433,-0.50348985647494
"891",2.55048707114277,-0.580408921762703,0.526216632874154
"892",-1.59830341393033,0.656072888415305,-0.219514335303961
"893",-1.98617876133855,0.613765042222578,-0.621943711547094
"894",0.467338945913577,-0.0583244266365296,-0.616585589686891
"895",-1.3682235243805,0.497621216052762,-0.875147666421867
"896",0.34659267662113,0.463614857384785,1.52472976530012
"897",-1.38769896474433,0.824493412968847,0.746839506961863
"898",-2.09960389357959,0.602910943628682,-0.724518402825901
"899",-2.00322639459318,0.833926901253742,0.471412573933155
"900",1.20668141437459,0.294964714341906,3.48627309416018
"901",-2.07047712938965,1.04340526829141,1.49007428379512
"902",-0.516681631190251,0.439663112724699,-0.40366211331543
"903",2.31255201120997,-0.744404088724536,-0.447569349246513
"904",0.864576504053737,-0.496707310128286,-1.26389180904258
"905",-1.33760893229378,0.695713603941447,0.135094489410279
"906",0.509498535820357,0.121049873532543,0.467751687701768
"907",-1.63070773875605,0.562138174112021,-0.706877773524578
"908",0.647531903854867,0.0667914273430576,0.815894673039829
"909",0.709181768055012,0.0422769476464908,0.928805283896089
"910",-1.37115103049941,0.624933995658229,-0.240454052850944
"911",-1.3241352965286,0.625053078051839,-0.209372536430499
"912",-0.505537318987839,0.592604763408402,0.375047132440629
"913",1.95081120263453,-0.497572959873504,0.496578459707333
"914",-1.07793191717183,0.614608138082959,-0.0846216874844958
"915",-0.635823013023115,0.60248096151769,0.269379145088708
"916",-1.42945003953506,0.499090106614088,-0.906171680737572
"917",-1.89404845529882,0.986219467802596,1.28185696763308
"918",0.716871918676815,-0.254141998719643,-0.525528405344324
"919",-1.0255749871362,0.620800009950176,-0.0117847326809226
"920",1.05654118138645,-0.0857859524662229,1.27664683825914
"921",0.887596426962345,0.0662959371422957,1.61626359520031
"922",-0.060749658951589,0.327878995467299,-0.238461965001
"923",-0.202008213446478,0.375318778249468,-0.264296568308747
"924",0.893617629689386,0.387719930944018,3.24007795943578
"925",1.24512765466514,-0.214082473532824,1.01111466967709
"926",-2.05036854799766,0.50348188767892,-1.20106229840234
"927",-1.95888728049368,0.763119937800109,0.136909954252539
"928",2.33260037108287,-0.720263106225227,-0.312923435801854
"929",0.651152170256921,-0.0427031641431959,0.282920323328867
"930",0.874487724113807,-0.151405190145323,0.490923263064798
"931",0.351112041678982,0.715117825597145,2.79817342655325
"932",-0.681369642214768,0.693335958381095,0.67358649545457
"933",-0.985042425919908,0.70399492220099,0.437764422616131
"934",2.04960941860668,-0.61709483320974,-0.0138002684854479
"935",-0.800989137903037,0.673406175291073,0.451404336358023
"936",0.268284636248952,0.16668230651693,-0.219060012860901
"937",0.189365649501248,0.109204183187883,-0.738958471731441
"938",0.338405274579868,0.0347078269953745,-0.648377010351823
"939",0.617919730807651,-0.257603646968746,-0.928059124424905
"940",-1.29989909660707,0.538916756173126,-0.623955726819055
"941",-0.262749782857262,0.3514486003026,-0.484636663977505
"942",0.714532825832837,-0.0833911116855737,0.319817873896429
"943",0.037092406596583,0.707079355946093,1.86719713467174
"944",-0.977731802268083,0.601796815062797,-0.0670590562974591
"945",-0.584292328110945,0.452894211251344,-0.419417606747922
"946",-1.12331907956045,0.601812568412008,-0.183610308618235
"947",0.408302458136775,0.117108803452059,0.0199405815482296
"948",-0.518693857244473,0.840542900081938,1.59822432297869
"949",-1.66314894725665,0.54243144424063,-0.822771950312105
"950",-0.529698418720218,0.706174918347412,0.91272701341308
"951",0.0754406236471116,0.271749410801893,-0.22004787310388
"952",-0.767891246354829,0.575239077742052,-0.00675398365203494
"953",0.549358418100109,0.314794800063081,1.6262017924302
"954",0.697174096419431,0.161157984673748,1.47917654132599
"955",2.62962851863259,-0.590594208761368,0.521341932242701
"956",-1.56810848259936,0.791966109685853,0.476758867069828
"957",-1.82133773648347,0.467276776432572,-1.27851291085536
"958",-0.956211924167488,0.506390220004722,-0.525735483887329
"959",0.403884059657745,0.00926609736463838,-0.536345445011982
"960",-0.373691747954354,0.85621372361141,1.87059655734822
"961",0.556905402051708,0.00948627921155641,0.135407213788851
"962",-0.266695114520201,0.66716591740209,1.08761494073676
"963",0.880291644874183,-0.198705259271016,0.270815127506338
"964",0.100075583274713,0.173481745700882,-0.651577136960984
"965",-0.304221490970815,0.616961692662663,0.777634736713306
"966",0.8244921284785,-0.0208895767968156,0.996547687951491
"967",-0.459297057385306,0.413110293986019,-0.462730968355116
"968",0.710075759823568,-0.263085545051888,-0.594762453550936
"969",-3.51999986684413,1.1166563126567,1.41971028890466
"970",1.05609013244479,-0.461032499353303,-0.600591171704843
"971",-0.38425596951401,0.29201928846589,-0.965457673086077
"972",1.09653370584526,-0.648735121861898,-1.45116043755248
"973",-0.812185464532671,1.1799819301385,2.97343017271776
"974",1.96478391828243,-0.454787176597224,0.723260927212193
"975",0.0295326732784237,0.101789580807071,-1.17636866209355
"976",-1.59332900422032,0.614206569490483,-0.426098786994939
"977",2.06693619420013,-0.698420350512607,-0.405809647765392
"978",-0.5375470880863,0.557275013317179,0.158571761838651
"979",2.26201011162825,-0.636478290037161,0.0560308592962073
"980",-2.02482634187843,0.519634538294513,-1.10939241582417
"981",0.48438374278764,0.165260182390144,0.575456634062047
"982",-0.041512568401782,0.207410466180442,-0.801529794798767
"983",2.27573783938574,-0.723383314826721,-0.368580781485416
"984",4.1058120232359,-0.58282580992424,1.13196071832279
"985",2.52024200034149,-0.889210375173286,-1.03601784338743
"986",0.718532182554232,-0.184705656421069,-0.172397547943278
"987",0.3651816484299,0.138014964057249,-0.0370186765906642
"988",-0.986215863805576,0.669030710373207,0.261956699740013
"989",0.268909824897535,0.189096898669177,-0.105036944648703
"990",1.40917550699636,0.0629752896075473,2.66445050927213
"991",-0.455579811491293,0.674506525580255,0.849164337191475
"992",0.334154821456771,0.0319014154464435,-0.677098752719326
"993",1.65496850869622,-0.513387590335999,0.109464543909639
"994",-0.178711340119223,0.730715014425515,1.55322480146476
"995",-1.01632956829237,0.665420872291557,0.218887111310158
"996",-1.85228710833147,0.641271780564685,-0.42333192554316
"997",0.381576149139001,-0.044543224228783,-0.889733076939214
"998",2.83754864723054,-0.611116701440692,0.52945165107573
"999",-0.0483570414886035,0.398249146735023,0.138586185622172
"1000",-1.2700311870748,0.727073188794253,0.337036634366642
