"","x_child","x_pa","noisetmp"
"1",0.552546703047178,1.10278567185603,1.2480947574436
"2",0.694675791681093,-1.51072934350084,-0.861633897968165
"3",0.601935157869814,0.393439551542275,0.225112733171684
"4",0.978830257108151,-1.1479836123254,0.751753173637373
"5",0.910198748223043,-0.96196209942414,0.520140431076375
"6",0.967235479543846,-1.73423334721683,0.396353001849045
"7",0.594671335665989,0.634005935308302,0.543259984211489
"8",0.0127142097773413,2.18431679591952,1.79196371163625
"9",0.72200904099722,-1.09419136826129,-0.50107164197825
"10",0.0272732769097234,2.03715913457572,1.52165027008498
"11",0.776570409076951,0.70788638385853,1.57490826475241
"12",0.391697946866111,0.682323001493206,-0.392505418322412
"13",0.487237073201619,0.505779387721967,-0.190491202835802
"14",0.270336918819685,0.787483345304679,-0.816561033301624
"15",0.516154568560446,-0.234588833767582,-0.900669979830645
"16",0.590691771680552,0.595269070952015,0.461998706154443
"17",0.569765518656129,-0.478394732412784,-0.840445060716029
"18",0.794003572680285,-0.393501791036932,0.349983428763645
"19",0.796266521014059,-0.467456559023682,0.300805154242164
"20",0.10580302077032,1.42342588585002,-0.0936529173874441
"21",0.563149010316898,1.32069033705887,1.87554788251932
"22",0.00257503921512127,1.61361392080272,0.0798025454656137
"23",0.778054210756924,-1.58586023760708,-0.481047867001198
"24",0.755988828692134,-0.799259265610923,-0.145012983258265
"25",0.618768115351976,1.09683008606484,1.56510929096881
"26",0.759223492396791,-0.677145385720479,-0.0436449921465234
"27",1.57256444285692,-0.153643142231248,4.456900993401
"28",0.72663813818698,0.470658307887276,0.955798416459048
"29",0.241809275821963,0.696844037643465,-1.11759826608336
"30",0.518485735111686,1.10318600570308,1.07873997806706
"31",-0.156493840003213,1.88000023223139,0.17978130912236
"32",-0.696465342505435,3.42809525647862,-0.000542715015055199
"33",0.506303027786928,0.758954733178239,0.312186809857303
"34",0.147568497682949,1.23117960134595,-0.453088851026888
"35",2.27131730325721,-2.02616537745636,6.79315219117402
"36",0.553156504904221,-1.08888856851876,-1.34220895671054
"37",1.0771902774842,-0.245906508279621,1.89422534424114
"38",0.589503231399553,-0.193003682208903,-0.495567421174009
"39",1.10064564339226,0.069850462472058,2.32558073117371
"40",-0.0172612346198843,1.22509451003027,-1.29349106397244
"41",0.885484220107944,-0.417821196115166,0.787227250018354
"42",0.925126523558668,-1.05695802947533,0.53662181886639
"43",0.00721698118345454,2.59872565158926,2.52889143467055
"44",1.51858592378552,-1.9276367895443,3.06966582481205
"45",-0.400757323823497,1.73279212581422,-1.50395177564151
"46",0.578297038495837,-0.849037549066062,-1.06675585551906
"47",0.424862908339202,1.88521307070347,3.10167618346832
"48",0.251136161934481,1.18346982268634,-0.0601590729324588
"49",0.764689493924669,-0.537517269772546,0.0877724339270007
"50",0.0362743911626122,1.20243860673768,-1.08549193630231
"51",0.256443209506075,0.878346107972047,-0.715255022040463
"52",0.99397497513048,0.87502900793703,2.96594273350782
"53",0.728999526071218,-1.74991980870585,-0.801833288551823
"54",0.270585742442276,0.303297169161446,-1.549714879061
"55",0.681662124109362,-0.339972821620032,-0.166397881809366
"56",0.852310356448019,-0.443371208209505,0.600461849190651
"57",1.24662840185926,-1.40358396197662,1.95191955084232
"58",0.367544419875393,0.680377648840867,-0.516514600671216
"59",0.780143539413882,-0.372777443804194,0.298074244990441
"60",-0.22854089578394,1.4506776044527,-1.67516941336591
"61",0.812476557632753,1.26886942503993,2.9743105645609
"62",0.30568213054821,0.414009010342868,-1.22816803201724
"63",0.723421757479087,-0.714894146081847,-0.249545428281909
"64",0.872516973482384,-1.34779420792027,0.110356104450632
"65",0.943925082050391,-2.54341934560959,-0.0324076472520458
"66",0.336140871369189,1.3452220389835,0.813268515089481
"67",0.854578381945706,0.453340333093058,1.57095548078169
"68",-0.150659985538267,1.67603789018102,-0.45233408449716
"69",0.834848174420016,-1.90139942732912,-0.338068406903559
"70",0.374507402791692,0.867871991395086,-0.145275162599695
"71",0.0318586720093997,1.68820505770293,0.503962480946786
"72",0.681397529477824,-2.15488427191527,-1.20673286145349
"73",0.184096432096656,1.1574997479203,-0.460992888685983
"74",0.939341591113003,-1.36797125641602,0.433912977064867
"75",0.870277981601103,-0.455670478371352,0.680342846822689
"76",0.528687121770199,0.0558909590967497,-0.549395698347529
"77",0.713828591343907,-0.785106654943687,-0.346202409230037
"78",0.642974578670041,-0.0358551331457184,-0.0745727581267829
"79",-0.777686815550953,2.64117355039871,-1.33042640657985
"80",0.594998743438141,-0.684453634056153,-0.870014989949772
"81",0.62609024728382,-0.0331077203237806,-0.156178865365013
"82",0.39571609852055,1.00409718133914,0.239920312155853
"83",0.807801752579177,-0.614519201850685,0.245009400238671
"84",0.779110085949191,-0.971307918394962,-0.141139675998597
"85",0.824508909712247,-0.790357355403586,0.20362537069091
"86",0.373727193177714,1.09654233346239,0.339225723779496
"87",0.605529337325058,0.616779884461611,0.570041879910005
"88",0.799926533080711,-0.0166483452409858,0.729968319263658
"89",0.461959309245732,0.396595378871426,-0.47049896646229
"90",0.816306871602632,-0.250398790980633,0.585744896998521
"91",0.535927269306919,0.728908897044593,0.407742390192223
"92",0.547493232973007,-1.01240076345772,-1.32458652746687
"93",0.449433293263848,1.66392694317263,2.50402879502492
"94",0.493265278724205,-0.261231407154226,-1.03921915914194
"95",0.937284084838044,1.12132433433455,3.21614621375182
"96",1.25407067523402,0.718683508361116,3.98085089117089
"97",0.784950758022637,-2.21381211411255,-0.711201991134234
"98",0.453225137080234,0.554210341945161,-0.288474105984825
"99",-0.421649637269482,2.39656341993972,0.0434833666616237
"100",0.886481966399259,0.429515075264709,1.69719356331275
"101",0.725807802736721,-0.682199572018119,-0.214353669151659
"102",0.676301175145365,0.189030871052787,0.339069781813704
"103",0.563813737415524,0.276620397269916,-0.117161879609172
"104",0.648833807640725,0.96149471241092,1.41468747732279
"105",0.745917591995303,-2.16973296225247,-0.889780704936334
"106",0.681432649620328,-0.385493013163432,-0.206173858261167
"107",0.228942311012816,0.963767697063304,-0.680008639457618
"108",0.718380749624273,0.383967690486227,0.794587930416229
"109",0.746828159611082,-0.544789774330771,-0.00714306628208891
"110",0.295752218730574,1.78607306374196,2.15434376125452
"111",0.665521736750801,0.762273855960677,1.11416406726846
"112",0.913537686144023,-1.3467790543013,0.315993711657097
"113",0.270094959387854,0.515119979072407,-1.26249706820499
"114",0.550320893630635,0.132292245197687,-0.356477868146246
"115",0.617760756023321,-0.642550074129673,-0.725859210111628
"116",-0.173603686828783,2.09255226929076,0.651848929302059
"117",0.387250528028899,0.726977869238655,-0.338977413825166
"118",0.652662008780103,-0.537074127941645,-0.472022533894973
"119",-0.446278897238196,2.09226908200609,-0.712197780395228
"120",0.658125693648289,0.531741127162252,0.702273603159717
"121",0.465875273599412,0.550554555136479,-0.230753255083541
"122",0.703823688509424,0.655571491623179,1.12396800602396
"123",1.1273831519523,-0.811285201704517,1.70384342669255
"124",0.339661974475191,0.39039640194184,-1.0903595373153
"125",0.0995839947442392,1.01032811918627,-1.22717146950735
"126",0.366141209424498,0.728714637056678,-0.441523746395532
"127",-0.70073346047769,2.72136787614525,-0.827852663003836
"128",0.908533805264982,-1.44937634260193,0.238159292233975
"129",0.729137391246342,-1.19876794656635,-0.525554175157228
"130",0.828036658423268,-1.13290067147456,0.00647932694989055
"131",0.707554478218172,-0.464310836277665,-0.140230563614206
"132",-0.0337443745918837,1.74766749294068,0.381205035342046
"133",0.523413071403999,0.688258713323099,0.275990940610317
"134",1.02473336604444,0.62198370311402,2.67433440815817
"135",-0.169135123900779,1.62347803799129,-0.740631497031911
"136",0.492055709665733,0.185575797931026,-0.586223809707692
"137",0.625086295412247,0.560509381507675,0.580394604268267
"138",0.68722333378703,0.33336311911198,0.572055335181503
"139",0.644880456145247,-1.62667404818552,-1.16617364523321
"140",0.813994363865821,-2.06418576855394,-0.508567743305144
"141",0.582756128842278,-0.140571259223914,-0.479609710469206
"142",0.22456651096612,1.4927615379746,0.735060067341556
"143",1.02839304060629,-2.71514336739897,0.334510935905968
"144",0.545920654521823,0.0840883422317627,-0.432421093570208
"145",0.380405260986549,0.389725650000471,-0.88754703964958
"146",1.15489136552526,-0.816987281579141,1.83755331880319
"147",0.39266340220644,1.01840816722054,0.255932191066257
"148",0.755523542343034,-0.446517205125817,0.113974621187684
"149",0.239613862193655,1.86968948428446,2.13019394109489
"150",0.501318739452567,-0.528580963391439,-1.22216001542351
"151",0.992512199409051,-0.275693030201107,1.4440835620249
"152",0.808717709288476,-0.0334969854669872,0.756559241952923
"153",0.980105564637951,-0.43705601375961,1.24457606824882
"154",0.890959365541709,-2.42464396282512,-0.256952365846588
"155",0.310985258473568,0.138586691817689,-1.5459902369237
"156",0.473226179445846,0.267933848554592,-0.580908061727742
"157",1.09457659540934,-0.420349152111209,1.83060878477589
"158",0.838482666039918,-1.40764894776725,-0.090894727134413
"159",0.718938762000486,0.178267663096187,0.539620348548882
"160",0.833259325470494,-1.8226405631338,-0.312453352134352
"161",0.173581705107216,0.904311839537757,-1.07836369339275
"162",1.52080785517776,-0.933592409982535,3.59106231996873
"163",0.659022678270748,-0.890719148997275,-0.690387067215813
"164",0.729193438441452,-0.245642384236006,0.154480379963913
"165",0.817198894838272,-1.03384649412322,0.0108971872078711
"166",0.811111955822798,-0.917829342174476,0.0526198208093828
"167",-0.10856968471083,1.55422717834182,-0.706632781154831
"168",1.29883678918122,-1.17512627659621,2.33628837833901
"169",1.20016520174984,0.254844725683413,3.03761779051753
"170",-0.0538352195083572,1.87113261247915,0.667184121982533
"171",0.697700913521011,-1.2956229877998,-0.735971734526767
"172",0.884328880106157,-1.0102950384689,0.360879563967679
"173",0.0682861284402722,1.12197599750625,-1.12727023643563
"174",0.614113182473935,-1.92459744952317,-1.45143456181225
"175",0.462440496609535,-0.440063726794386,-1.34619858588872
"176",1.0516794276003,0.428215202692508,2.52138114778617
"177",0.943671626305743,-0.0444373092770293,1.42014740829987
"178",0.107177883138339,1.331871098544,-0.371372389593882
"179",0.967731639673593,-1.78422673207919,0.376654911848021
"180",0.528310645186206,-0.850388078928108,-1.31757967500256
"181",0.463867959612943,0.25038376480452,-0.649347245280038
"182",0.75872458874391,0.344434381452931,0.943967738237859
"183",0.714887653300345,-1.25992351708971,-0.63068040394437
"184",0.422198559193751,-0.370772531367338,-1.48995775379977
"185",0.80112336366014,0.343025643908138,1.15412251340249
"186",-0.315792969123854,2.54602000998312,0.829961938464206
"187",0.386039605000895,0.848416815607297,-0.124932330227232
"188",1.28559604254976,-0.966015097543755,2.39459250849648
"189",0.943718032227504,-0.57412785294091,0.954894429681774
"190",0.0697132276338868,1.26658109592664,-0.745860792163829
"191",0.0383075398513116,1.09859790093137,-1.33301847740456
"192",0.993581162974603,-0.692990510050994,1.11679330166072
"193",0.41451710024396,0.281339070459094,-0.857747552425835
"194",0.051564338513092,1.39675285874736,-0.450610034294578
"195",0.887272096857969,-1.82594765499358,-0.0438194641987531
"196",0.403297987731838,0.0581792792610326,-1.17386135929428
"197",0.63218594938964,0.203399382943937,0.135501775375595
"198",-0.00795217305996947,1.640373047253,0.12955905955757
"199",0.767083839129773,0.413187998303674,1.07771585286333
"200",0.939717254505564,-1.06977873920211,0.601920915887117
"201",0.418758785876301,-0.0634171707851163,-1.22364148521083
"202",0.824995053730162,-0.0688841416621372,0.802042748946222
"203",-0.00907310323466949,1.75159655673162,0.517657215358616
"204",1.18837693366156,-2.51213652209903,1.20030131272909
"205",0.721008965972271,0.0808866919526783,0.439495208653361
"206",0.761402326800711,-2.41779002330751,-0.902361750466648
"207",0.76782651450838,0.252826012039355,0.873443029465697
"208",0.654353779061455,-0.683801761266873,-0.572772647764222
"209",0.379788069642431,1.42042897920561,1.26651367090548
"210",-0.705935311468426,2.20617209289591,-1.75407757054586
"211",0.787957621217063,-1.4878969202791,-0.383964714250684
"212",-0.00983117758598387,1.41929503923832,-0.685266765457007
"213",0.988462786680409,-0.495350911756624,1.23958468987601
"214",-0.414459165651535,2.17815929133373,-0.357367325306624
"215",0.500095741944426,0.835011234003391,0.419979443236795
"216",0.54843514132786,-0.514163330480717,-0.975342623200356
"217",1.47168015673271,-1.79411170156197,2.89206388282772
"218",0.458328007737627,0.238288924601042,-0.691820772199753
"219",1.13021611667069,-1.14975948678868,1.50766271055948
"220",0.765718179988448,-1.38648560887662,-0.443819245846106
"221",0.548949094214375,0.935972244863487,0.862433507196637
"222",0.502054648844511,0.131249292841023,-0.598993659567267
"223",1.18197156179489,-3.4253735548471,0.903322821880557
"224",0.642022097207845,-0.692706283808349,-0.640799229246621
"225",0.705766589741587,0.504127788883721,0.899742706090211
"226",-0.457018994367246,2.57733410459021,0.174067114048821
"227",0.769306635461603,-0.761034355436307,-0.0523089319581839
"228",-0.126662119600866,2.09510908104852,0.892604058960683
"229",0.444614241737715,0.320081243351055,-0.658130695709422
"230",1.01075149705452,-0.0920707169596749,1.70770851442762
"231",0.738764655374824,0.475387178170025,1.02318569024752
"232",0.296845560090251,1.52893588537519,1.22637829853712
"233",1.1043366955096,-1.22802947060759,1.33411812415936
"234",0.055767956685025,1.24285508867791,-0.880634325915537
"235",0.647976968683574,0.630422905845499,0.80403701671121
"236",0.822609831773393,0.940923293107893,2.24089563660216
"237",0.22628760613291,1.43438138331454,0.544713008124951
"238",0.682670351460165,-1.16222537330627,-0.737201471363764
"239",0.74051791679316,0.701039406333742,1.38303120186032
"240",1.02288432442583,-1.12940927817974,0.982738646381782
"241",0.415667487174291,1.04610379919504,0.432615494616355
"242",0.397605111575733,0.596708326080055,-0.501186310662031
"243",0.457864923750133,0.761114528385586,0.0738231359403906
"244",0.841294684625926,-0.15231230981189,0.801823594280901
"245",-0.240970714845338,2.16762440603617,0.48686874701276
"246",0.434101808234497,-0.47585430986714,-1.51673705163491
"247",0.781013803411117,-1.06173865610685,-0.186801319282696
"248",0.746723104383874,-1.51313707029061,-0.602578480110073
"249",-0.031352091911988,1.20505311454196,-1.41680377304542
"250",0.877296913823636,-2.89376688372987,-0.475347842135178
"251",0.662705485016445,-0.787722257498597,-0.603599364620096
"252",1.04990796927256,-0.468188325294425,1.56842574764648
"253",0.710215175664557,-0.226608401705567,0.076923933230517
"254",0.571858673325533,0.569845237269793,0.328511443581039
"255",0.282572886999412,1.13322480548916,-0.0285277414122997
"256",1.07406214489075,0.0928814574133159,2.21800463480969
"257",0.83821756108621,-2.952327050038,-0.687893883344122
"258",0.341716613517276,0.0454616893096516,-1.49550675452665
"259",0.60662645064571,-0.574816583790368,-0.73108551664618
"260",1.58196343261061,-1.04657579664116,3.82703825742842
"261",0.733029259525115,0.252517992362669,0.69907843933776
"262",0.833202884684456,-0.746953788155899,0.276916923389617
"263",0.75592350587331,0.140096925056206,0.680424569133704
"264",0.787219375038827,-0.110324246549251,0.572071817903932
"265",-0.00349991700819062,1.59477067849711,-0.0246115984354204
"266",0.392524565157988,0.16151448158072,-1.11194759606724
"267",0.626347168742777,0.139938702447813,0.0323622326451126
"268",0.367569875559236,0.0903677758021131,-1.31724033279307
"269",1.62979689175195,-2.57526162375609,3.38642943148386
"270",0.272143969115261,1.12545957149101,-0.0995544064878207
"271",0.677632239573647,0.406621270453634,0.621485568844477
"272",0.835978240984985,0.0630644236924578,0.994846067186608
"273",0.652605547194536,0.0721857442674449,0.0879332384981441
"274",-0.273888077503046,1.76845680942215,-0.750849999198953
"275",0.72286518964627,-1.22974495294526,-0.574189857664868
"276",-0.168943404807821,1.58704095136192,-0.882276949783732
"277",0.836836964064364,-0.151261914119677,0.780539167999372
"278",0.909754464410718,-0.815652839415775,0.612764457391241
"279",0.898045322867733,-1.01068531380081,0.429222991064259
"280",0.70467943921738,-0.680775955029579,-0.318973893673799
"281",0.429863793412538,0.626311721523621,-0.293108624375616
"282",0.154422700699464,1.29531672226199,-0.241452642514755
"283",0.16275447729501,1.10304811970454,-0.700243577334329
"284",0.550116656968743,0.99241668977557,0.986686095872404
"285",0.466697423784739,-0.592927477927852,-1.44439161186272
"286",1.13216629945822,-3.12689786453667,0.732586289665464
"287",1.13221421264346,-0.440437441006837,2.00236593861188
"288",0.462336000625983,-1.00071341217039,-1.74320874843105
"289",-0.0527400264204667,1.40887386702865,-0.933460915272086
"290",0.825522542860602,-1.76343787323048,-0.325221248001119
"291",0.242002437504206,0.944756188143069,-0.65424755064336
"292",0.899782403484951,-0.782737779791976,0.585182013081248
"293",0.473951698475047,0.644188918257822,-0.0439081973857082
"294",0.428439657087548,0.733307947903957,-0.122076879913777
"295",0.651376210600343,0.606056024516533,0.782330214596259
"296",0.928534772577333,-0.653442474954588,0.82006067379478
"297",0.493307996844566,-0.203605915296502,-0.986410278536291
"298",0.905100133035202,-0.343303411692555,0.947932929568913
"299",0.736607537034486,-0.985466104944584,-0.36244602194567
"300",0.483836902802438,-0.988650663221988,-1.62826908123406
"301",0.10692659465212,1.17506268744577,-0.802631611165492
"302",-0.109226596040072,1.7450278084606,-0.00503580640307318
"303",0.94838214157861,-1.51948315745364,0.402609214324989
"304",0.935138852885944,-0.500073761989375,0.969238399082864
"305",0.901468568359266,-1.60386152791657,0.127490801281993
"306",0.588966222987051,-0.242428101295155,-0.543741480966261
"307",0.700061704369426,-0.62387589912421,-0.300621322227399
"308",1.03470297136532,-1.65930630351098,0.767770996946914
"309",0.282279074383512,1.25731627862527,0.291386709344876
"310",1.40475086827505,-0.220613541154344,3.55510111280237
"311",0.531130867234288,-0.202488382915146,-0.796258754971221
"312",0.593474671096221,-0.823223511986573,-0.97370803811074
"313",0.762048900799273,-1.21143833207721,-0.368091189502872
"314",-0.533272740449942,2.15503377341464,-1.00266164590058
"315",0.91976665070346,-0.553965777874642,0.850502847666547
"316",0.534339621751122,-0.408876192642764,-0.961111716127713
"317",0.943007463529301,-0.0865735412102927,1.37444012626219
"318",0.569774089224683,-0.362212164298484,-0.744830975256629
"319",0.508357844351876,0.729802295576613,0.271440433080405
"320",0.509396587853324,0.358882115236919,-0.283708549368367
"321",0.527576096007279,-0.495329788143953,-1.06483207472145
"322",0.408036064037153,-0.0555639712695177,-1.26932710291125
"323",-0.599433899901939,2.30275165664024,-1.02328937693744
"324",0.582178056850597,0.0703529231195166,-0.266208212392651
"325",0.910380624546056,-0.596136194850005,0.771617373884465
"326",0.554221847568018,-0.500853458962998,-0.935960962125991
"327",0.218423890449573,1.24379766857013,-0.0647993530999174
"328",0.0463917543740582,1.48835621463314,-0.171278028876988
"329",1.07839410711777,-0.6847470266148,1.54675161901656
"330",0.82562473851813,-0.708330006505555,0.266109155673209
"331",0.273899748747173,1.29293397776404,0.349138874482401
"332",0.615372295152934,-0.607650894789895,-0.712029334512676
"333",0.144543590056898,1.03706246851265,-0.943301233089409
"334",-0.297036844672236,2.23516985940174,0.351678574316015
"335",0.947012154500036,-1.40396605222242,0.4536421231628
"336",0.695854411111748,-0.330084531422009,-0.0869165252806462
"337",0.828671880072267,-0.988023709251981,0.0962933909329978
"338",1.03932906744522,-0.526317799246453,1.4696496374557
"339",0.880183640877176,-0.463853932216375,0.723282275530996
"340",0.614027716176994,-0.706225637944135,-0.790385309808294
"341",0.195129252535304,1.28050360612034,-0.0798931366075232
"342",0.556617116703061,0.389825866888186,-0.00635273100300272
"343",-0.40830053773197,1.9513030657218,-0.879249637755344
"344",0.868001380674011,1.19577760380601,3.05584338671107
"345",0.651576891706396,-0.181245357003225,-0.174185919475515
"346",0.733239812876311,0.326317366467818,0.793025844823244
"347",0.649266693155486,1.02296211351117,1.54898395273304
"348",0.615337296905438,0.468295040254112,0.395927039197672
"349",0.719792799123388,-1.39259078214596,-0.676600090734309
"350",-0.370528637769922,2.94538593092072,1.11927570920489
"351",0.773031358313577,-1.3278079110652,-0.37651448001597
"352",0.643077639001767,0.352984432179275,0.376932973238519
"353",0.852734688780723,-0.411347694565309,0.62881983989999
"354",0.311186063725593,1.14870069260961,0.152579343123931
"355",1.00255966939853,-0.537966193587955,1.27677646609943
"356",0.587712648557522,-0.216990280021985,-0.526757458746756
"357",0.107433553194932,1.77468604322319,1.17603410423431
"358",0.77891576840471,-0.248429484846768,0.400569410742683
"359",0.845055664069834,-0.589366506348126,0.450075521185277
"360",0.236636223220012,0.404895048453355,-1.58584629782753
"361",0.775164164103095,-0.881673635870499,-0.103810306724119
"362",0.528648885756116,-0.669745871577302,-1.19118649261603
"363",-0.0108202572834852,1.65981105158083,0.187633511698812
"364",-0.305099997682948,2.50158866388938,0.810064941621454
"365",0.812371254494055,-0.759291822815954,0.164216421041861
"366",0.808593966969012,-0.838704239616066,0.0915719647178629
"367",0.533763917506776,0.678779617697528,0.311923706046835
"368",0.728427917718094,-1.92310740444766,-0.879241000573713
"369",-0.564108163798042,2.48120204531656,-0.519485400054204
"370",-0.336730932269745,2.26832183052917,0.221402713038898
"371",0.34324401797965,1.48232400379219,1.29193073665478
"372",0.784849469506569,0.375211589090697,1.11521635578603
"373",0.596965008047446,-0.789733515783383,-0.933670012756126
"374",0.505189963507418,-0.756961406206937,-1.37008054538292
"375",0.684674304847295,-0.672429917917927,-0.412995624342379
"376",0.103596066098294,0.993583819672382,-1.24340672358101
"377",0.924536728337629,-1.46700510624004,0.309328665563703
"378",0.0251235666296674,1.29567895279392,-0.886914088266315
"379",1.18282193868346,-1.10006961050835,1.79953716397024
"380",0.775442058022478,-2.25380495714628,-0.773566406293618
"381",0.87640140053238,-1.1053955509724,0.264311469913297
"382",1.04956342015836,0.237242816683269,2.26308398900617
"383",-0.0648871084667494,1.78472536071939,0.346824860801268
"384",0.912922419365186,-0.917503957077832,0.561880118214877
"385",0.861041921322478,0.652271212870791,1.90467404908001
"386",0.817210504904588,0.197365175132869,1.0534625207945
"387",0.932726289543428,-1.19852779936132,0.492525169950332
"388",0.757959719786164,-0.866336692757969,-0.1798224210402
"389",-0.0847496041645418,3.75888543596153,3.33358512374847
"390",0.841423449619284,0.126363777460861,1.09231188043267
"391",0.694515552297464,-1.97538034410356,-1.0703392777457
"392",0.508898225182524,1.11492931827246,1.05882739887171
"393",1.11889789805048,-1.26268433391949,1.38786295083057
"394",0.406535244085699,0.30306672913052,-0.870260077596353
"395",0.559470700007022,0.477873232495943,0.130276110697157
"396",0.639013637581151,0.0789946537652296,0.0274386038621034
"397",0.78619447089924,0.764639624627089,1.72173093403284
"398",-0.154067678436147,1.956801723239,0.406759492380311
"399",0.487959686158237,0.830519248481858,0.350860501960213
"400",-0.290458117184601,1.86750564174027,-0.526587422435644
"401",0.536741341431193,0.378001793669472,-0.121598813338309
"402",1.17027927753644,-1.75790436409398,1.40101582989479
"403",0.176715564173282,1.24271915692058,-0.276264600338318
"404",1.02307673995118,-0.140178213819709,1.72237160519847
"405",0.137813973552284,1.42643348831424,0.0762270037850426
"406",0.896978499195288,-0.466728539315175,0.804948916675758
"407",0.610248666702856,0.939964342148114,1.17711890650076
"408",0.439999557900684,-0.253785718316263,-1.2988484340679
"409",-0.740258952029571,2.49628534252259,-1.37465468684352
"410",0.396296527020027,0.547807616385838,-0.582792347800934
"411",0.351713540062772,1.34490040787806,0.890165980604316
"412",0.894836179402563,-0.575889640830708,0.709150151713851
"413",0.959489004176917,-0.171448675329472,1.37460776320218
"414",0.668806956007909,0.469619444910702,0.665161642476668
"415",1.1091565136212,-0.471820781189378,1.8617597594903
"416",-0.441591918926798,1.81118121078229,-1.45297231681375
"417",-0.0332659123743203,1.87254497929794,0.774169930627164
"418",0.82258971040244,-2.11247802903116,-0.484470268640644
"419",-0.106988176672912,1.83899754427665,0.305602021546887
"420",0.739302029999309,-0.430445554325216,0.0459555278091796
"421",0.737622477894934,0.200135345155393,0.658806833652441
"422",-0.270402452560519,1.81434840150837,-0.587157456708092
"423",0.753009684236698,0.71622118366846,1.47132667359403
"424",0.801406330333823,-1.01971208902331,-0.0594828413048147
"425",0.830721215337686,0.597223363612333,1.66519934201681
"426",0.734528112963581,-0.307717755764122,0.125896695778367
"427",0.506490306917994,1.05312386835663,0.902602735806182
"428",1.09542800109617,-3.20773529572641,0.526980285541565
"429",0.0156657039191584,1.265810251446,-1.01823580522276
"430",0.310331180877798,1.31230378798725,0.586999617143134
"431",0.193128487404156,0.913732583269707,-0.961776664989925
"432",0.311279984446264,0.666368669240793,-0.821037659090879
"433",0.831508932197471,-0.39598753792059,0.535437453826458
"434",0.362256750340316,1.03070809748255,0.131096896473811
"435",0.710147958950443,-1.45107537458715,-0.754625298102585
"436",1.10650480325707,-0.450366442977521,1.86576290093715
"437",0.375295693061508,-0.0442479294841384,-1.42153933010743
"438",0.790526783620075,-2.31139745959113,-0.719113643791984
"439",0.486177525518083,0.462408960251918,-0.258233745265949
"440",0.526121032931117,-0.419385575356527,-1.0108764022795
"441",0.782444265044633,-0.211135729637034,0.452300004988464
"442",0.384032788054449,1.29578977921427,0.907948520875568
"443",0.800768016439618,-0.548625392864009,0.259606620584489
"444",0.395948294412601,0.220099494514995,-1.02571793030705
"445",0.460155337875712,-0.264352504470668,-1.20756873534182
"446",0.56118116962438,-0.889182679140228,-1.17859944077464
"447",0.926420263979362,-2.36000932732921,-0.0570139002104163
"448",0.360144685162743,0.144271942508696,-1.29369612286399
"449",0.594189223204845,1.69923219476358,3.3547101624494
"450",0.460118605750236,0.5639517701157,-0.239199041630476
"451",0.749419213901034,-0.0148846452042224,0.479259729766815
"452",0.705943344637395,-0.546204847513992,-0.212656022737847
"453",0.928121034055928,-0.15363012487912,1.2346963805717
"454",0.922354892406647,-1.29069700617274,0.38995124578365
"455",0.988175106733085,-1.06006784129134,0.850003881563229
"456",0.62277485304292,-0.0581337695596273,-0.198231532608389
"457",0.979866675091876,-1.37543689012845,0.632652029987647
"458",0.779385618711875,-0.952363313982431,-0.127903620224429
"459",0.839492363411317,-0.081999387469984,0.861414582516556
"460",1.2180437971939,-0.167188724310753,2.67141297950984
"461",0.964275964492411,-0.359955676345903,1.22959492401263
"462",0.885531928537805,-2.22363779180765,-0.211957376408056
"463",0.924045116097424,-0.718445919432793,0.751067239530971
"464",0.45248607247746,0.858124402335378,0.225845880830531
"465",0.401858644176011,0.246462182958061,-0.964196902000602
"466",0.77979394409343,-0.21885946496097,0.431928958132253
"467",0.944193066526085,-2.76975885952586,-0.103456101921336
"468",0.957141639295141,-0.351554410105361,1.20107974343098
"469",0.743242391724142,0.231826400344907,0.724905227184941
"470",0.957650594372382,-0.439411573084913,1.1303826445253
"471",0.592083920143592,0.515448446116999,0.347931352738308
"472",0.860500152136257,0.408042221449563,1.53776313801251
"473",0.77240616685154,-0.0140201066461632,0.595091269351688
"474",0.525802738871223,0.21449035197012,-0.383176883674118
"475",0.175382918632371,1.24726044929277,-0.270596410226631
"476",0.418976840120018,-0.514107826505645,-1.62259071120192
"477",0.914372041001911,-1.21102270817525,0.393756598289695
"478",0.124889988469306,1.26192219251394,-0.482870326041892
"479",0.751258776391071,-1.28764732097318,-0.463883937316708
"480",0.434206475259218,0.732612041019452,-0.0944497919972549
"481",0.550844222024054,-0.538025690438012,-0.98184673280524
"482",0.820014856102001,-0.140109323983766,0.707128493289987
"483",1.02712775478612,-1.4252810277837,0.843326014423387
"484",-0.206520218969654,1.99310044181673,0.240526793039648
"485",0.433320268292168,0.658069833530228,-0.224463502857486
"486",1.05105472609028,-1.72583117533565,0.819220201465893
"487",0.339730822037138,-0.159001893263058,-1.71237656866771
"488",0.699497338776072,-1.1916627549001,-0.669758426707548
"489",0.727141587261463,-0.126730216763509,0.255690497032405
"490",0.956277818199607,-0.485698013485992,1.08630563668255
"491",0.451627740080209,-0.277402365749515,-1.26186031553859
"492",0.826319316011656,-2.17126879710756,-0.488354531967473
"493",0.756958782462113,-0.907928333850271,-0.211803058560965
"494",0.631799027217473,-0.716306293508369,-0.708655225894828
"495",0.637846611132803,-0.82480429563123,-0.752905348951108
"496",0.140855881929534,1.84262084324569,1.55578531585426
"497",0.642952217167717,-0.308784099521574,-0.33291531406189
"498",0.86308409568522,-1.6092166491867,-0.0669579216871615
"499",0.830027502178677,0.0233960079175744,0.922464993839374
"500",0.883564107906245,-0.891466487518802,0.431836295517723
"501",0.94184163451946,-1.05454477496495,0.621643258694052
"502",0.962399794061465,-0.0533727785503283,1.504710267764
"503",1.02183370300298,-2.32861544642622,0.431235035014145
"504",0.457922214101719,0.620538745737822,-0.162021608193448
"505",0.479373589742445,0.30351139593686,-0.505503489403315
"506",0.915647267300608,0.0248939634021557,1.35215465304198
"507",0.80270214903592,-1.02593449955477,-0.0567891019434563
"508",0.762388140690455,0.405602393817534,1.04387662744638
"509",0.386454128839999,0.264634610119768,-1.01885714972472
"510",0.856731313358377,-1.01745765628589,0.218516243437252
"511",1.60840578333022,-0.179741022760679,4.61137293976382
"512",0.859093676632883,0.145360284279036,1.2022952526869
"513",-0.162720063946049,1.576851300545,-0.890876418219141
"514",0.609473759746942,-0.830994099788196,-0.898900679404542
"515",0.653105933315247,-0.284328092592622,-0.260619426745757
"516",0.589731472207443,-0.955836080477505,-1.07835606824554
"517",0.00128502561691753,1.45344700379482,-0.516722693808721
"518",0.704304855558223,-0.782032307837931,-0.391724293768693
"519",0.40862036732728,0.495285518849788,-0.598862002779778
"520",0.776458641458381,0.491694169618781,1.23512395759253
"521",0.677279065796631,-0.573182228775324,-0.376583342441809
"522",0.956439888297118,-2.42988439052836,0.0686375826156955
"523",1.69080756773753,-1.09784332010469,4.34077300279911
"524",1.76339338694753,-0.513127911457292,5.10025877149584
"525",0.368537432823018,-0.554422916702418,-1.90599341177408
"526",0.760397196323218,-0.127442033208984,0.421278153151697
"527",0.619869715162424,-0.607545077530919,-0.68946338795889
"528",0.592682475870949,0.30558754596452,0.0636805058970329
"529",0.691135086150944,1.04669479336669,1.81128595023781
"530",0.689012803250695,0.158172967428756,0.366629825341161
"531",0.254318034137323,1.1256780304518,-0.18815473106267
"532",0.600984515266197,1.58667172548005,2.96591518878939
"533",1.17146863036899,0.0409413666643741,2.64839609094293
"534",0.714328012234258,0.073672469291982,0.398172824150775
"535",-0.199000736028916,1.8116119892132,-0.23867236096338
"536",0.663251537116379,1.17660399511562,1.98290815946005
"537",0.633103979015521,-0.11415088935366,-0.20224914903984
"538",0.928221315593106,-1.02103956631533,0.573783606282924
"539",0.74998698414861,0.0725637915892911,0.575254063320741
"540",0.771312780984318,-1.45843186503953,-0.452497658070995
"541",1.02204189667478,-0.857148693691101,1.14662080410595
"542",0.183049102982574,1.23197898646,-0.273543464300365
"543",0.136626731063129,0.882481951749255,-1.30625657596877
"544",0.316614719702484,0.590782305091898,-0.915379975951695
"545",0.337079978447337,0.759034184793609,-0.533787776043394
"546",0.408596741153756,0.640836096339736,-0.376106667664239
"547",0.910321098268553,-1.87636486101484,0.0498524113061369
"548",0.569697181507491,-0.717749170587112,-1.02018155149725
"549",1.20836927219427,-0.230305128179354,2.56431298969369
"550",0.445118121019349,0.567532392165386,-0.308731942240608
"551",0.866831467795493,-0.589248391662943,0.559043382734491
"552",0.569930305119539,-0.482768763464659,-0.843104000148716
"553",0.657382742558805,0.518572731117151,0.679031238852551
"554",0.634329560083412,-1.34554303987978,-1.07939636981582
"555",0.0268624652887099,1.25954723685969,-0.979557694687171
"556",0.532173738878429,0.0200234840028402,-0.570380108005153
"557",0.878077189893454,-1.01588161071248,0.326207146789576
"558",0.345707840502395,1.05147671789601,0.0949570497001793
"559",0.910828353862776,-0.241418962092209,1.06648520167118
"560",0.581493251640639,-2.09030714619398,-1.68132726649429
"561",0.735831336910454,-0.86352105892766,-0.288618584180098
"562",0.787717999094121,-0.470897434425255,0.255306028491494
"563",0.0293732976603417,1.4266116499681,-0.465393363067361
"564",0.149209995910039,1.10871465377202,-0.754482519290684
"565",0.424090838362931,0.133929747590509,-0.985766714158397
"566",0.658866364464734,-0.809330490200758,-0.637424700555486
"567",0.928049164509977,-0.822668662780489,0.69953562889593
"568",0.652781588886682,-0.186527803519153,-0.173119366181886
"569",0.826397162463441,-0.589261360082045,0.356862101287892
"570",0.469875385969543,0.438437769502131,-0.373441144354346
"571",0.504361580288559,-0.24739784964651,-0.971268255820973
"572",0.619075065125276,-0.852545251851902,-0.865180904978381
"573",0.169639329357996,1.39532342053149,0.135237166729331
"574",0.642102052221187,0.0651444443025844,0.0277292963330345
"575",0.98582780304697,-1.27505387069925,0.7157790599148
"576",0.788591181073821,-0.000329490724686664,0.690280394874057
"577",0.249787151673705,1.61035372838849,1.30316787890901
"578",1.46223154027135,-1.68085228089088,2.89550827287038
"579",0.79227151194346,-0.354678341740534,0.374064189487239
"580",0.576198848649274,0.426334535642827,0.141377299117897
"581",0.374754640134925,-0.666315670054542,-1.95817939848707
"582",0.788499173332201,0.064762253351989,0.759298654601323
"583",0.797794198954961,-1.32293872537806,-0.250114315447488
"584",0.0675944122573959,1.34197570353061,-0.539198036040851
"585",1.04403289695414,-0.314861121974343,1.66718420459323
"586",0.273404295135757,1.19176749236139,0.0724962408118587
"587",0.513646994532244,-0.741896662150751,-1.31734604762558
"588",0.505628359280136,-0.423815621652075,-1.11698045953841
"589",-0.308806168058105,1.73635975004736,-1.03210781310134
"590",0.747754710163549,-2.68942984193224,-1.06058496101181
"591",0.414754584256332,0.853100710122851,0.0275724196005576
"592",0.825359295929833,-1.17591632855185,-0.0315473525145246
"593",1.38493283957084,-2.1473887021844,2.31380659098885
"594",0.559378977381645,0.489228609764914,0.146159727653684
"595",0.6795384817158,-1.33158639877918,-0.845981808332049
"596",0.135048853919458,1.20239957614741,-0.591721313437394
"597",0.719938250404814,-1.5120179549569,-0.735953899116325
"598",0.402675202124887,-0.855011407175468,-1.94880560208839
"599",0.537041555219746,-0.356482586244694,-0.903622648135889
"600",0.436605876155006,0.190531432789605,-0.857637877055608
"601",0.885399993370714,-0.445575336139465,0.764120805339567
"602",0.871395340789604,-0.495689492206535,0.653979989471305
"603",0.863790499215937,-2.31354920489409,-0.353570205941512
"604",0.593739812670407,0.952085912257559,1.11960706037619
"605",0.912689005324941,0.874260848882128,2.55801919600995
"606",-0.264729277281356,2.13916168022872,0.304281531815393
"607",-0.552737667328266,2.39223373524838,-0.619869231078941
"608",0.720413092711712,0.53750459778199,1.0223162677171
"609",0.118662441377207,1.49357339554917,0.208397948386336
"610",0.439851230609362,0.448694148695378,-0.509214121425607
"611",1.40222333548633,-0.854806495726076,3.04907004299519
"612",1.09144738037092,-0.774234948860326,1.54932060640779
"613",0.897347277899215,-0.509564630614368,0.772819706287158
"614",0.897470893238519,-0.892981671039164,0.500389907945152
"615",0.513677009703737,-0.00790886123554127,-0.692201962526614
"616",0.606749620917321,-0.165427468790753,-0.383388291016477
"617",0.92207635870616,-2.45757125535849,-0.112702027722616
"618",0.337318138473968,0.606423008437972,-0.787382475497726
"619",0.340359734410098,0.675044508391925,-0.661299856201959
"620",-0.704541211629145,3.26259574986733,-0.199191878176744
"621",0.504242102556751,1.11798448731543,1.04288766574025
"622",0.0993048366883126,1.2622460909492,-0.609901631225966
"623",0.616154924129463,0.61711966847722,0.623708974862433
"624",0.707118909105911,0.112921002056281,0.405637884404936
"625",1.11881814171982,-1.53168039224008,1.24883959197805
"626",0.286437339974963,1.48927297255342,1.03216179960909
"627",0.638754659163015,0.446184816723737,0.481783093772345
"628",0.521273341265768,0.248611200466962,-0.364492877926834
"629",0.185213584212289,1.14121519481407,-0.495751762579241
"630",0.510326033826191,-1.86409814179406,-1.94491298093577
"631",1.01087614889837,-0.359473655630358,1.46300555276453
"632",-0.238302045513669,2.4237617446915,1.00930252116653
"633",0.479797842748222,0.29237345596634,-0.517480152828495
"634",1.25305343367161,-0.958589946532162,2.23652620212238
"635",0.537432756690866,0.015184816936156,-0.549203136320738
"636",0.852344195704069,0.669786470668497,1.88992082646724
"637",0.779549392195786,0.0189820461379339,0.665395292444223
"638",0.573881284501345,0.242547101505402,-0.108866459356845
"639",0.879001390747291,-1.47945916442191,0.0754426181330907
"640",0.680012763155846,-0.515090324634657,-0.318179468546919
"641",0.298864689916478,0.738799391669649,-0.760404019230115
"642",0.449313413897284,0.588418597598589,-0.255561396986192
"643",1.25190374820691,-2.68047729178756,1.46299527288998
"644",0.846223322580696,-2.36200916515328,-0.458706687395717
"645",1.01050787462121,-2.26901645791448,0.396181509873116
"646",0.927337492887587,-1.0716273981618,0.538922090827973
"647",0.549329594757663,-0.505177579077553,-0.963824673264515
"648",0.827045196123773,-1.2196468222401,-0.0476846018659479
"649",0.426015131754607,0.488330853456035,-0.521956352056641
"650",1.29522562923764,0.12419921780874,3.35887440235959
"651",0.895674910098066,-0.482315589302916,0.785979494056414
"652",0.993954814196123,-1.19526032591613,0.800504065888977
"653",0.391308582662575,0.414727767510399,-0.799050658051113
"654",0.742552572494365,-0.588441061297466,-0.0617436948435839
"655",1.07932150885433,-1.66487840954877,0.988293688699352
"656",0.984794108368669,-0.408678016651296,1.29132471474825
"657",0.263821429953807,0.919604837185761,-0.596484154476598
"658",0.672894497851205,0.771028619897334,1.16662178091463
"659",0.886833771189588,0.314438735573315,1.54573158350048
"660",-0.0356140890941309,1.52035352377678,-0.467226663816999
"661",0.409876087093469,0.328579530057364,-0.820871988594586
"662",0.917725226336377,-0.463939935876483,0.910921110223783
"663",0.419488372371662,0.138190848453195,-1.00392615389546
"664",0.74597383978062,-0.705833805130659,-0.130376960205006
"665",0.807797920737033,-0.815143239752784,0.103323923455491
"666",0.226869530976432,0.724485043574937,-1.14518162804044
"667",0.453202987546857,-0.328528355083911,-1.29882856587416
"668",0.915124647131051,-1.50419463556481,0.243822064140774
"669",0.930817828444482,-0.966316160160494,0.620513372364417
"670",0.764996200375473,0.134533356219122,0.719446736221815
"671",0.808156351867306,-0.921311608954458,0.0356180210137903
"672",0.000591335014572952,1.40079102903764,-0.692646970812743
"673",0.954280638069757,1.19373097663841,3.48194642847677
"674",0.641009850078323,-0.371379559241303,-0.396414055924372
"675",1.00989667996661,-1.66538701188684,0.640935252302942
"676",0.79094652590566,-2.32772082046954,-0.722880372663723
"677",0.78860777721729,-0.603724753227718,0.157076395986437
"678",0.389459320656905,0.308142582988147,-0.949181803757554
"679",0.153568946121391,1.58305989572662,0.714711186188686
"680",0.804153329609994,-0.871347999568386,0.0478667218184358
"681",0.830660207925008,-1.83368047436919,-0.330215324767189
"682",0.730929578651196,-1.5807975769896,-0.714259803669866
"683",0.821403217196864,-2.90089752199847,-0.756921891221772
"684",1.07438960113189,-1.82239044294484,0.893306252171076
"685",0.0963153922519299,1.40247110544967,-0.208673346969285
"686",0.641439852529802,-0.732371408987784,-0.671734305921515
"687",0.409793748962644,0.610484872862212,-0.418600034130163
"688",0.588774117070093,-0.128573634231091,-0.437934187397204
"689",0.401708034863981,-0.219282164949783,-1.45888931033028
"690",-0.688668513817985,2.55811159035943,-1.01487718509687
"691",0.946045902243343,0.444839609719872,2.01635490299851
"692",0.514652164287881,0.734435475417413,0.310942674681159
"693",0.72004244001852,-0.407378059304099,-0.0313574286567831
"694",0.595602802441668,0.113508171032076,-0.151283537547218
"695",0.517226166612512,-0.52421192301983,-1.13922715694378
"696",0.682318905819425,-1.06519798326459,-0.682341086692756
"697",0.801596749344603,-2.07518151543694,-0.574884387377958
"698",0.769349569335748,0.248678342375136,0.875970508554522
"699",0.473015411265668,0.268026279947929,-0.581847221053331
"700",-0.257251393286079,1.95109486376202,-0.124567574080537
"701",1.05266119597539,-3.83312407979719,0.160432763483751
"702",0.633290392355505,-0.877856069165897,-0.810694416253757
"703",0.603564917455248,0.69914084433456,0.695056554341384
"704",0.722485231590232,0.12104725703499,0.491613163548284
"705",0.190357557216293,0.699113109166279,-1.37102710012585
"706",0.0288188577864081,1.68628572047626,0.481909113052617
"707",0.806683119220634,-1.10819696394941,-0.0859195775125137
"708",0.655480924907041,0.614211377632934,0.815728615563709
"709",0.558506578548023,0.00980082246469418,-0.449511180673225
"710",0.771623587455962,-1.88868135788698,-0.648841349110778
"711",-0.12241936683362,1.33588297702206,-1.50744857176022
"712",0.353385303186917,1.24024674481511,0.600393561055112
"713",1.339838448502,-1.40282311497288,2.41836054947397
"714",0.608401753864398,0.434332168697562,0.313476265236997
"715",-0.104541510232949,1.86384410979726,0.39219687112411
"716",0.654194399069666,-0.182078014238421,-0.161880733423025
"717",1.39615492197693,-0.99204696972253,2.9312233783151
"718",0.611188504916365,-0.51787184947894,-0.664473924975959
"719",0.894687474469974,-0.374564161307602,0.869286820718493
"720",0.388369954661544,1.26028935179362,0.83002473589921
"721",0.683532904434235,0.869488355007727,1.40297986107636
"722",-0.683208027998273,2.60026694468638,-0.920830143323056
"723",0.652324785582001,-1.85573328648654,-1.23135223096546
"724",1.13003063649692,-1.7616900074548,1.19809359386456
"725",0.145153873298134,1.60899894060836,0.774711596417276
"726",-0.493180174038055,2.65042541569215,0.106049813094361
"727",0.712802371186297,-0.875748323234084,-0.411760693630714
"728",0.836862901497013,0.530653123681288,1.59433914466148
"729",0.848025527309381,-1.15676908178458,0.0926926069002032
"730",1.22589062302783,-1.91876704691537,1.60988021507544
"731",-0.219963743835652,1.95715643717442,0.0782340553503587
"732",-0.509309029834936,2.81972258501106,0.264888179530573
"733",0.706492173012078,-1.18626396773016,-0.631739444066813
"734",0.856327958901961,0.306676121969637,1.38329338062791
"735",0.998958584361867,-0.816411850946719,1.0582755561088
"736",1.40775517879879,-1.28597223018353,2.81950277119988
"737",0.920343446713683,0.200711403816577,1.57309542230249
"738",0.801216801921236,-1.66191482228604,-0.400863685895176
"739",0.491594991738589,0.59215672045901,-0.0383388228764936
"740",0.246741300202027,0.502558523362948,-1.39767443555669
"741",0.464119317266482,-0.242173888597878,-1.16774530190685
"742",0.816871715450757,-2.43169478744758,-0.629828725763152
"743",0.824879621253082,-0.800491649614232,0.198607157967936
"744",0.98660525596038,-0.0682086862806324,1.61077196756261
"745",-0.74075615029593,2.52657545007876,-1.32665283435843
"746",0.826217786113751,-0.64841640266938,0.312138721877081
"747",1.03287264027155,-0.945180787128905,1.14405517771949
"748",0.248137510159314,0.858694018579502,-0.794804093432459
"749",0.724749959885937,0.237214773358016,0.638982592724695
"750",0.805232129306188,-0.476797096219754,0.338162148935024
"751",0.514555667126557,0.37724020358827,-0.233544767134675
"752",0.93686077538209,-0.396494983569286,1.06177387377376
"753",0.736029553326262,-1.6752416013716,-0.732930492613376
"754",0.88151646516814,-0.275558168452095,0.889225001472314
"755",0.65979303383107,0.20834794494562,0.279431650994739
"756",0.892466879863628,-1.47861592425872,0.143189462265451
"757",0.73564720303284,-0.86011528320395,-0.287303290180132
"758",0.478849469416222,-0.112211100722485,-0.971624862802033
"759",0.566239089413262,-0.564410603009625,-0.925114964327654
"760",0.307427386671576,0.478329047254632,-1.12928701386256
"761",0.653434793815638,0.140725864072625,0.168699280537561
"762",0.560945410029569,0.0742188088519868,-0.368141824685334
"763",0.435307840239186,0.846966885317134,0.118651511377329
"764",0.683798546957247,-0.571920688759114,-0.343028772172342
"765",0.585961334766952,0.965878483682257,1.109516444087
"766",-0.173636453651831,1.99569485927096,0.411681280926238
"767",0.734332264030394,-0.743516577048018,-0.215047071795817
"768",0.879620892364779,-0.555457285825458,0.64863186321866
"769",0.644842702355368,-0.881047784821393,-0.755010578447738
"770",1.14868647472373,-1.10303367160303,1.62712085415709
"771",-0.0405179484323464,1.12954840537468,-1.65293848932218
"772",1.13902343947456,-0.981055803068361,1.65236645177312
"773",-0.503310958285136,2.90009274180904,0.399074667529805
"774",0.75597588598743,-1.65088236439609,-0.621968075522416
"775",0.192765417513808,1.06340677891178,-0.642589680536647
"776",0.449451317713401,-0.0933740938423117,-1.10008239225013
"777",-0.369390265765,1.71532707897961,-1.40698277206821
"778",0.0874187782148376,0.966609471970498,-1.38166031179415
"779",1.11998490908475,-1.42337610087868,1.30858138108323
"780",1.2845738279088,-0.602779259749662,2.63761273165755
"781",0.706322506383319,-0.190308863639404,0.0910464153531175
"782",0.427162726570626,-0.394531778009822,-1.48508000986117
"783",0.416392221703057,0.895372002328103,0.117935753168838
"784",0.394736858526286,1.19371302870694,0.684181157424997
"785",0.556666856491678,0.913039094697118,0.854522236739709
"786",0.586990274177278,0.221300775317886,-0.0690632441248616
"787",0.835709921708625,-2.01360675850306,-0.379847619097804
"788",0.720775066175512,0.31898061970809,0.721259938035883
"789",0.989062683646856,-2.20581193681173,0.312348339289362
"790",0.45827304422745,0.248347039190066,-0.679817914709667
"791",-0.141328748738135,1.96683586434259,0.497338928522207
"792",0.470138143023804,0.730092610947547,0.0808442710255772
"793",0.603037121412672,-1.12000711064498,-1.11103899653103
"794",0.863993235115802,-0.0382186929173643,1.02810207453881
"795",0.58969327035095,-0.523775123914586,-0.776551718958434
"796",0.561478534252401,-0.265792398432246,-0.702242792507814
"797",0.437169269467601,0.290200360084648,-0.733361397535296
"798",0.503055700546794,-0.245962218923131,-0.976497995911225
"799",1.00812505765458,-0.615200926152855,1.24611985050245
"800",0.576482402797237,-0.193790204530099,-0.561405586570278
"801",0.562307724041621,-0.926308462584351,-1.19680968746831
"802",0.794551689321154,-1.47602525495104,-0.345097051235592
"803",0.807535308366758,0.033655482810792,0.820928998722759
"804",0.832361564697148,-0.791470636277482,0.242132090893187
"805",0.744012130526407,-0.226253565418242,0.246233653940605
"806",0.85622199579319,0.0179995760547056,1.0477185351598
"807",0.67833763151161,0.0472861590891661,0.189562633722414
"808",0.728123384948621,-0.632462600725605,-0.166643920762987
"809",1.37928722565783,-1.34562716443233,2.64534766994151
"810",0.732648245626444,-1.04180670224149,-0.41666501919577
"811",0.76962743571394,-2.02456015427702,-0.714654641249408
"812",0.214004229086125,1.00899044670715,-0.657989534423069
"813",0.668411510120431,0.715511205855802,1.04712073918107
"814",-0.126311703641499,2.01022949121462,0.685732267716544
"815",0.925244214363756,-0.756599871145845,0.730440567349647
"816",0.593665034839431,0.530609075167891,0.378284231474444
"817",0.780929232938203,-0.718067642743296,0.0357543105892035
"818",0.533411228155197,0.762410540465361,0.453854153131428
"819",0.130310319113656,1.22826478301155,-0.547177366316375
"820",0.227538417666235,0.718441450904241,-1.15222552800619
"821",0.237583042286162,0.764600234400724,-1.02139625720852
"822",0.261445506616865,0.79531812250907,-0.846784256878545
"823",1.47385916995168,-0.308159184894851,3.82216587828642
"824",0.695790019545835,-0.801296061002886,-0.447384837741574
"825",0.741073323412091,-0.343715650675244,0.127445349202922
"826",0.616205763912768,-1.76350212113395,-1.37183359688222
"827",0.689891161118936,-0.553689622253647,-0.298663023596055
"828",1.22041668149513,-2.26962510416916,1.44550286548925
"829",0.135937205564654,1.01074599462619,-1.04449277067262
"830",0.769979809851914,-0.534894482575003,0.116252048174509
"831",0.680424308395871,-0.709975759849962,-0.461057682560292
"832",1.15404418375022,-1.52129094734511,1.43003570622568
"833",0.507858439818558,0.0677988541478952,-0.640595095933889
"834",0.636059038406499,-0.0456749943058914,-0.119175863643268
"835",0.343457206251796,0.38829299714026,-1.07421661659246
"836",1.43900642921851,-2.27336437655827,2.53708462788264
"837",1.06732156095002,0.471951664674172,2.66106069500696
"838",0.706380034105884,-0.365183900148196,-0.064321644518341
"839",0.994187045768077,-0.317923524196995,1.41528894066601
"840",0.501292854784129,1.00621641490051,0.77241068648614
"841",-0.463618427269928,2.57223408455609,0.132968860768012
"842",0.59869447959699,-0.703644506918621,-0.865220979156042
"843",0.077450759459575,1.53681604894983,0.158420527723516
"844",0.0954845144771343,1.25871187434516,-0.638747593197583
"845",0.96836301419889,-2.47628332872388,0.112347709169952
"846",0.28779238114828,1.06344695790452,-0.167362879258959
"847",0.524184215551829,-0.886423526144966,-1.36179526990716
"848",0.285177267827556,1.2613557499504,0.3170025141627
"849",0.506568828656968,0.0538199980817884,-0.662228576306416
"850",0.52126738505881,-0.193995198827471,-0.837671931747923
"851",0.738482014246988,-0.0527632167323057,0.385739106618071
"852",0.46525824028884,0.946168546901057,0.464946721603217
"853",1.33641279962062,-0.909584850668136,2.6844037085605
"854",0.38787400122383,0.533074271758136,-0.646997494152581
"855",0.608997375330126,-0.935953941848436,-0.969487304614658
"856",0.829443264896333,-0.768117210189468,0.243498055689709
"857",0.814781806408994,-3.42272117160412,-0.931960929716569
"858",0.252952473780433,0.966994723844416,-0.553181913419797
"859",0.480334307827421,0.302181093228339,-0.502389279434523
"860",0.5389034780153,0.71319185549822,0.395615895989104
"861",0.452226172532188,1.29843246403287,1.25647298714106
"862",0.557044375291661,-0.286915264928789,-0.743218515909627
"863",0.414171204623989,0.0584363122985915,-1.1192164906473
"864",0.396598847178045,0.690769573154307,-0.353869945474522
"865",0.45876607865315,0.580750991663654,-0.220174764841223
"866",0.174460674312229,0.895838731664639,-1.09079842111206
"867",0.575087095554856,-0.330530937898372,-0.691138739585993
"868",0.538836032249679,1.03379200382072,1.02085916961688
"869",0.363441537386251,1.10544415485115,0.308884503738836
"870",0.625205305396877,-1.13546179187028,-1.00915790935302
"871",0.693610569852553,-0.124943441876707,0.0897696695284328
"872",0.707152961750504,-2.1757462369527,-1.08588244862541
"873",0.29770732128091,0.728036028679701,-0.784865966261271
"874",0.797020044682227,-1.55466659850621,-0.371281666188354
"875",0.571535398129616,0.563876808037195,0.317770567058882
"876",0.253448997549371,1.30693928998308,0.287052173342539
"877",1.61553504458757,-1.40093337575842,3.7978146352652
"878",0.628081297079535,1.06820633016832,1.54500110067955
"879",0.437233315047731,0.0578109348316273,-1.00458416043546
"880",-0.182439596291581,1.8124010929806,-0.153406214127488
"881",0.637680589027922,-0.837590141876544,-0.76225507016695
"882",0.610590976112089,-1.07967831328486,-1.04959019975436
"883",0.310509259435872,0.706030828915091,-0.758551177764042
"884",0.755091176656287,-1.85935384748346,-0.719065601051879
"885",0.34904336093137,1.75622123553127,2.32358247013848
"886",0.837342171131945,0.124432644536223,1.06972098398633
"887",0.252444722779825,1.38678190081607,0.522351085624357
"888",0.742447218599561,-0.730192513595478,-0.165172440731471
"889",1.22149539558114,-3.15295641648416,1.17210733653462
"890",0.776806441374316,-1.76451815228818,-0.569280093629188
"891",0.527710420102822,0.27169792998147,-0.303810989210164
"892",0.446153169573617,0.369867979417238,-0.585379991858683
"893",0.678153773500415,-0.461738464850666,-0.285166563111056
"894",0.268275641424772,0.697221261950714,-0.98463022135501
"895",0.363160329377084,0.200404593863528,-1.21318435985596
"896",0.53715334294253,0.159118856925155,-0.391574589633293
"897",0.326191091202661,0.515689255443411,-0.981178164363831
"898",0.234845075076338,1.29646858233125,0.163949276510159
"899",0.792043781873305,0.300890903348202,1.05452109022437
"900",0.477157778881303,0.360639030954527,-0.442583725619586
"901",0.430496615349092,1.191635392771,0.857617186065388
"902",0.172626043055652,1.23544112173147,-0.316360895656899
"903",0.626573139225977,0.215292543217121,0.121636268448818
"904",0.301784334284841,1.22750664080963,0.308168177416969
"905",0.829678785659065,0.000151769025175475,0.896221999912334
"906",0.666072010172186,0.155531931868317,0.248877890839207
"907",1.43331546719,-1.93303431566455,2.64107365649566
"908",1.21989355882743,-0.0760850808453792,2.7693219489146
"909",0.791820509919722,-2.04431848505134,-0.611570775110036
"910",0.364588181235122,0.747204442379892,-0.417093042976328
"911",0.895101823116748,-2.13287264535865,-0.129781609661194
"912",0.670703988665636,0.589238859158686,0.852666019308305
"913",1.93361530345585,-4.60789215696331,4.4095825171635
"914",0.506905153990935,0.555101358477987,-0.0187240018502301
"915",0.857809415248083,-0.672339024251873,0.452745453880354
"916",0.258374218911935,0.861082320267897,-0.739032877119642
"917",0.402884878913318,0.469294084390046,-0.664912308253474
"918",0.633806296554996,-0.538176039233548,-0.567152500025185
"919",0.584349977835893,0.675309634842361,0.559091052878933
"920",0.245812685222457,1.2145195818463,-0.00614007789129055
"921",0.928747689884388,0.11415880341253,1.51517153552246
"922",-0.794270786342052,3.27694598634872,-0.633500308814934
"923",0.650349230082372,0.0713533863458107,0.0757412726796521
"924",0.848692750994325,-1.38464387055237,-0.0279933265068259
"925",0.875609013018202,-2.06710240283584,-0.201644389811399
"926",1.04573082617845,-0.00375249272272417,1.97240110327483
"927",0.549736691905013,0.55186865667541,0.190539874008967
"928",0.0799511822540168,1.00308794520152,-1.34109504272093
"929",0.484414296690473,0.935593672391713,0.538984537191113
"930",0.552286368415263,-0.595927193726976,-1.01869724588161
"931",0.785956465344941,-0.240715153601646,0.44276493934985
"932",0.969477690094195,-1.64037861918133,0.450417956902907
"933",-0.0503031266398788,1.5141007109362,-0.563289561437512
"934",0.939504828148837,-2.18202867723515,0.0735016527762795
"935",0.498213354427649,0.460162712037034,-0.201236489860728
"936",0.843504272190616,-1.56666621453367,-0.144629269514368
"937",0.879922402274414,-1.13867751464988,0.26257113553038
"938",-0.795717325354308,2.68062759455282,-1.36176795840157
"939",1.0110151753681,-0.817134032129258,1.11807390830469
"940",1.01323505534783,-0.709023195963333,1.20367005764989
"941",1.28280643517353,-1.59850797408197,2.03671129592875
"942",-0.542625571455489,2.43818955056277,-0.486707856166933
"943",0.478361738681479,0.871838672566126,0.381679162689654
"944",0.667285009228877,-0.14814029169058,-0.064232711769198
"945",0.778999530431481,-2.39185033416615,-0.805332192132309
"946",1.14107846981955,-1.06346445590259,1.61249126885241
"947",0.728808716950118,-1.3394441524583,-0.603785477508324
"948",1.25050076662215,-1.24596553718372,2.055036702014
"949",0.80877927154001,-0.844782299685239,0.0884691760187569
"950",0.390889493774156,-0.169496558109634,-1.46654370780902
"951",0.164499890696853,1.07060368077283,-0.767387911814722
"952",0.108897976352691,1.19570168074507,-0.739870182075455
"953",0.54756960902541,0.150601517064222,-0.349310459727249
"954",0.115054559437044,1.16872396621798,-0.778032694623476
"955",-0.467129739358939,2.31998324071028,-0.328062267874583
"956",-0.478427708999115,2.08199090859319,-0.897401463994981
"957",0.857478828228513,0.846257861798295,2.22815929485276
"958",-0.486623095115589,2.57089482766471,0.0158130407177066
"959",-0.587996023938638,2.65410484995969,-0.362510480838458
"960",0.818465774562102,-0.391641996620145,0.473847085973827
"961",0.794420321830841,-1.65278508767336,-0.430627132395567
"962",0.957029285345011,-1.02602304624192,0.71479279181788
"963",0.616142251707687,0.0108806970154876,-0.160195638794274
"964",0.184997620125952,0.73646184490052,-1.33380857632116
"965",-0.0272817564089322,1.56017884171401,-0.277655883863784
"966",0.582721258253301,-0.197770870385417,-0.53392118003444
"967",0.285266497550409,1.17241629307451,0.0823591638659244
"968",0.233386145780723,0.761775662029979,-1.04739800958808
"969",0.971073420202473,-1.82338975208189,0.376293013923695
"970",1.21304940802823,-0.54378967218888,2.3247332279096
"971",0.673162206594681,-0.442541020745608,-0.294604436130576
"972",0.933022529541725,-1.31484778499161,0.430336442908927
"973",0.734032525481869,-0.243286255871915,0.180811469359632
"974",0.939626758754272,-0.0952417825828762,1.34894801361749
"975",0.849308517830318,-0.119888614029482,0.873175534114079
"976",0.996015240157604,-0.253461491253048,1.48152234453061
"977",0.717870409164277,-0.745401254133866,-0.298666836643464
"978",0.452366284148117,0.989695442696554,0.492091595127561
"979",0.569236816958232,0.0923695543243228,-0.30668923585619
"980",0.957499715868927,-0.318773376653788,1.23111324636105
"981",0.32781167087111,0.556420987326916,-0.912190366846757
"982",0.7594532832568,0.131906595549163,0.688745974328478
"983",-0.453713883557851,2.10117509089544,-0.72836407990945
"984",0.482242070569806,0.536895800751677,-0.169449568533892
"985",1.139294780745,-2.36704872152066,1.00486847681218
"986",0.615393735569359,0.547372840280463,0.512038344603883
"987",0.751008770817224,-1.07076820853651,-0.342210387727366
"988",0.871908365536661,1.0598953370018,2.74509904121879
"989",0.679686377120666,0.0351917812598387,0.183326237198395
"990",0.712767686594347,-0.419972382227374,-0.0781258825505723
"991",0.881838352762287,-1.39298134284755,0.133426193567598
"992",0.604336971199705,0.946989940713943,1.16203744131732
"993",0.905784912001078,-2.04137991141944,-0.0405802844423511
"994",0.627441111400632,-1.03559158749393,-0.938947501639728
"995",0.0146985997393697,1.96105304737061,1.26201370524174
"996",0.968234128546141,-2.24462495751005,0.193776991197373
"997",0.884489946486442,-3.13713719589415,-0.508601816223376
"998",0.642674540596549,0.0235230346777022,-0.0141649679778921
"999",0.824165844811582,-0.738421760679397,0.237669607842543
"1000",0.793767450258369,-0.982221417621929,-0.0746363480134467
