"","x_pa","x_child","noisetmp"
"1",-0.347174520279344,-0.306442523355906,1.7733398707409
"2",0.793159063995347,0.147747962392459,-0.116237468368896
"3",-1.5032123942348,-0.665526482266176,0.72490709574922
"4",-0.377237014047763,-0.757012935037917,-0.446492638124112
"5",-0.47945906861808,-0.767496447125761,-0.395313042937748
"6",-1.62242747664603,-0.869980255827053,-0.254748430384333
"7",-0.548424553312866,-0.760430425895391,-0.296811101998907
"8",1.98659931241017,0.815817806438924,0.510503117970295
"9",0.130150910885892,-0.532886641365606,-0.124647926666373
"10",0.378775846690636,-0.365972768537881,-0.0284343843407837
"11",-1.17829660595529,-0.448470044616411,1.67264506735906
"12",2.63631265206836,0.598884533393291,-0.964341280472447
"13",-0.171294435898139,-0.256473545476615,1.80164780865995
"14",1.21700334727559,0.295094318032513,-1.02657179698855
"15",0.0852075615881337,-0.431294013349512,0.482609615900335
"16",0.717171584321064,0.205460976404555,0.719682952106704
"17",1.97723890669802,1.04279765623811,1.65303103919819
"18",0.378932247658639,-0.391546428642839,-0.156902661505514
"19",-0.919644925920769,-0.94728479194077,-0.960622662666097
"20",0.986614461211731,0.0464289471914504,-1.57718076145113
"21",1.6901914968826,0.503035028403781,-0.767349001725465
"22",-1.23053039467688,-0.862464157241617,-0.372764956364792
"23",-0.333342761229414,-0.925194591197401,-1.33603886492405
"24",-1.90491812908828,-0.858510460131392,-0.109355383915499
"25",-0.378689625738885,-0.391197302782802,1.38414979521935
"26",-0.825126787181687,-0.795707020326499,-0.262332846465914
"27",1.93546770945938,0.738091949862491,0.164510765013515
"28",1.15999707972752,0.901093339745224,2.1459273711447
"29",0.522360165935482,-0.280089422354319,-0.261202218034481
"30",-0.458317132294581,-0.909904503921327,-1.12775171415468
"31",0.262035882609184,-0.656899308522197,-1.08922376935582
"32",-0.317092739228302,-0.733161970484252,-0.394581175606391
"33",-0.0371321258154929,-0.587846922563021,-0.0655019750707264
"34",-0.15834544989641,-0.527972761313846,0.425625623397484
"35",1.82160054555696,0.705391165812657,0.105227235500821
"36",-0.359406584799202,-0.69984333238919,-0.180078359484686
"37",1.17709925460557,0.729258533968328,1.24236960031579
"38",-0.809109313448811,-0.824961832513803,-0.419253872551445
"39",0.239716332075051,-0.337084074016788,0.574595692898803
"40",1.0228597596988,0.255604858858679,-0.66402119389282
"41",0.0161105474615068,-0.407325612344514,0.740787644912432
"42",0.688998896413955,-0.273448425730561,-1.43400540791327
"43",1.7369834427681,0.937592376925415,1.35325733259546
"44",2.56215439286656,0.717179837434956,-0.338875860555224
"45",2.53550930028955,0.554021649723902,-1.14194247014135
"46",-0.975472443747266,-0.891885268862697,-0.650820519496028
"47",-0.120544779948028,-0.406678316852799,0.975986769600408
"48",0.511416340026177,-0.485717787166093,-1.22957879533769
"49",-0.130439050022809,-0.644892434539256,-0.200095930011955
"50",-0.151398988618643,-0.688977208494441,-0.389477870287675
"51",-0.66802466814402,-0.789694620294002,-0.34445350543649
"52",-0.490187466682606,-0.876105680950047,-0.928199713804
"53",-0.913961995520465,-0.815694631492148,-0.3061069083779
"54",1.33205763493622,0.785125970253192,1.17719854905636
"55",1.07100755725233,0.411475999314626,-0.0451299915018355
"56",-1.11396555063423,-0.824536615243071,-0.239439685010828
"57",-1.19968421753689,-0.631320984940729,0.768574491909722
"58",-0.401314361108188,-0.829031915421602,-0.781018623693391
"59",0.139105711562172,-0.310474833347015,0.96665109882544
"60",0.27818719489819,-0.666863127056894,-1.18778395320253
"61",-1.95140024735128,-1.02268851020599,-0.917255762303322
"62",0.663484248307859,-0.0720898195613873,-0.198153639805281
"63",-0.72670819793277,-0.839421712940863,-0.549078652280628
"64",0.980923076451032,0.303833767147703,-0.268287366266749
"65",-0.0728141977141725,-0.42890205784293,0.789371678151809
"66",0.899454639006652,0.110502076017267,-0.886365702759534
"67",-1.17479461178894,-0.927925808859522,-0.726318543226409
"68",0.745959900229805,0.141217952059795,0.175166637535738
"69",0.516828625307813,-0.382152432643248,-0.741080305181701
"70",0.524319961801386,-0.360837207493287,-0.675839003548887
"71",0.88655184999016,0.151795118658957,-0.61779176092671
"72",-0.415755741112578,-0.832565878975922,-0.78371100008939
"73",-0.214862205863496,-0.869235685372759,-1.20226582921561
"74",1.42569006197296,0.691454894584779,0.540665875217733
"75",0.274610539376512,-0.635263568861885,-1.01885079482441
"76",1.08339004301405,0.489375949996649,0.30572661556713
"77",-0.545059630202064,-0.920288561626548,-1.09907022207689
"78",-0.790886802168869,-0.572003069578345,0.833222213970435
"79",-2.63701538601793,-0.555834748096281,1.5723568909244
"80",-0.92627610117364,-0.714373221080561,0.207920534067971
"81",-0.137320506867626,-0.766927787629367,-0.799976366123477
"82",0.380216461317865,-0.152473610107065,1.03352666757677
"83",-0.231587431437376,-0.498046288833567,0.675727589289261
"84",0.970596449499642,0.357908004401856,0.0425217573874986
"85",-0.870190323428535,-0.74324747703148,0.0290485538357758
"86",-0.889463935305755,-0.566632010480638,0.92418764694847
"87",-0.685041662418221,-0.736553317319102,-0.0657074952073921
"88",-1.2671209881877,-1.0746073630518,-1.41688752101544
"89",1.42513389984326,0.625104502682188,0.20984098168905
"90",-0.23982916199394,-0.585223243177758,0.250522369261317
"91",1.75598430302509,0.961148187052155,1.45070566270504
"92",-2.28719246123931,-1.03457817006377,-0.893058070632634
"93",0.392913189055372,-0.467449394435828,-0.5909543592868
"94",2.69563954715875,0.592627663867487,-1.02140127133743
"95",-1.6864064574371,-1.07233854058223,-1.24510631322328
"96",0.995400942176313,0.304576197545275,-0.319640893697949
"97",1.01730123653603,0.493590470984788,0.545555380276706
"98",0.822953314421274,0.529647106050734,1.61148250767203
"99",-0.253809770641015,-0.602249310327196,0.183236961010821
"100",0.617046616755362,-0.169526215637683,-0.314342595554031
"101",-0.687697921152562,-0.766193896614194,-0.211895860786483
"102",-1.71841164590775,-0.744413654172881,0.404891297928796
"103",0.94593958536886,0.568944589301691,1.19840630348279
"104",-0.560490268297117,-0.702063042731803,0.00557820662403149
"105",1.6547959796711,0.799081920918753,0.754486876967696
"106",0.356121417098492,-0.36418248702447,0.0651585684817899
"107",-0.205100685848009,-0.467960641907969,0.791004992148191
"108",-1.39571886193321,-0.901351562600195,-0.495957193251736
"109",0.350871748754902,-0.368983243615595,0.060147252691683
"110",0.930834116945093,0.0712663395847865,-1.22522301368021
"111",0.422607320746611,0.0188806453001812,1.71861230246584
"112",0.297790741922463,-0.448325464951328,-0.156519750207661
"113",-0.366975078694571,-0.55298269456585,0.562526830682247
"114",0.00135664798934962,-0.112644339443312,2.24171902141895
"115",-1.32012449864759,-1.08176704289993,-1.42949328538842
"116",0.692782211781342,0.237439602604333,1.0866839635128
"117",-2.28157782413837,-0.554730482055779,1.50491320217831
"118",-0.619939677161208,-0.8555013900492,-0.711628578561259
"119",2.29285095604826,0.883157517226052,0.634057679715789
"120",-2.07785944228237,-0.34569861188994,2.50118724871121
"121",-1.74805829263041,-1.06676425220881,-1.19745174608177
"122",-0.302767226352838,-0.667528524416327,-0.0832326360487242
"123",-0.844049912625126,-0.584911278252856,0.80401251347973
"124",1.58904494313815,0.709427425925195,0.388856864454231
"125",-0.898683793895356,-0.531927947294046,1.10340073800453
"126",0.0588174919453999,-0.185813836899713,1.76476868366497
"127",0.0105562816735761,-0.790539994174893,-1.16484410985623
"128",-1.08194107871871,-0.600874655633838,0.86240550086375
"129",-1.22815664740074,-0.617350712462075,0.85170874569863
"130",-1.39217966801299,-0.753654431653272,0.24109606764423
"131",0.34904644927948,-0.367854830689329,0.0723400288667059
"132",-0.268565276701476,-0.837489387556114,-0.97449016295726
"133",-1.09720467207769,-0.878314476131282,-0.516889714990293
"134",-1.92191160647021,-0.837334888287662,0.00131587161657778
"135",1.46286306001995,0.76527357415763,0.849551795057534
"136",-1.2309626489484,-0.954743996240697,-0.833965250277629
"137",-3.00466659532648,-0.565578536558435,1.58622812713819
"138",-0.784883117660891,-0.537803668905458,1.00011219969788
"139",0.231220797062781,-0.53538867753334,-0.393042986270092
"140",1.62280243373196,0.464696449420888,-0.87813814581546
"141",-1.47609602377977,-0.822685393811416,-0.0711039922166178
"142",1.4485817838116,0.643053142904671,0.261178328725293
"143",-0.569719362339908,-0.525114484362881,0.898297133585082
"144",-0.340584988242566,-0.71951538242049,-0.299430847938368
"145",0.402217653051258,0.263740815889094,3.02768294516245
"146",1.47999824815855,0.449757508071667,-0.754663835381862
"147",0.213152445689961,-0.615646508965113,-0.744859610986659
"148",1.41417875452657,0.443532705206844,-0.679592987000654
"149",-0.680202786737663,-0.782942751453723,-0.301338900180365
"150",1.03439201932723,0.484738066548293,0.441651850363888
"151",-0.548111725758687,-0.681908689683169,0.0955220845521143
"152",3.02967614392639,0.586681632146467,-1.17656080838075
"153",1.38397951363177,0.528174539539638,-0.203923843751379
"154",-2.11995564634665,-0.742491787066054,0.527810110391841
"155",1.55637774159171,0.732271829247972,0.546974573231981
"156",-0.974727138032506,-0.305011879168067,2.28311941671747
"157",-0.0640546231535432,-0.51033492583147,0.367748110714951
"158",0.931921195915656,0.34968234317776,0.162114712950668
"159",1.45156547652316,0.689205058437297,0.48714870740926
"160",-1.39907398917741,-0.963393514073475,-0.804812611406623
"161",-0.484546265354325,-0.670892605568795,0.0925394351033148
"162",-0.24706971298395,-0.120047691903359,2.58568412922902
"163",-0.592667752882868,-0.546149160569616,0.812606821216146
"164",1.58526138169353,0.420734842767036,-1.04962301072948
"165",-1.97609859364799,-0.69861470517838,0.709862293007056
"166",-1.06939077990346,-0.375475782510649,1.98282244068986
"167",-2.53317335550441,-1.14176587625481,-1.37719112384388
"168",0.445920239511939,-0.491114248936616,-0.933675946379751
"169",-1.07145096533569,-0.2501346332017,2.61061281767614
"170",2.53255395654187,0.653175949920662,-0.644742248761592
"171",1.10357457074276,0.301959674240641,-0.692235775021969
"172",-0.336655599251112,-0.817252890688949,-0.79256451842816
"173",-0.825696745066454,-0.858478426939848,-0.575814077655343
"174",1.02114905924474,0.53580706595765,0.743010743158944
"175",-1.5179335803686,-0.486315835793489,1.62642237943378
"176",-2.58196938168786,-1.03710093168239,-0.844383927186345
"177",-2.10611844594137,-1.11941015238918,-1.36023281148304
"178",0.849294034726381,0.544209567983521,1.53615947897152
"179",2.39519014398261,0.810237389185078,0.211088184463718
"180",-0.445448006192956,-0.636595243028929,0.226126266463576
"181",0.633722965670277,0.216483222443,1.48910708723435
"182",-1.04683759450814,-1.00871636524443,-1.19538236150389
"183",-0.871672302140918,-0.464272304114668,1.42485971134185
"184",1.04111260498165,0.592534628985581,0.957795936381126
"185",-0.515347297128073,-0.74028774074978,-0.22577377856323
"186",0.338299380168803,-0.47562165555104,-0.428467335191132
"187",-1.31881190302439,-0.570897238657316,1.12429302641922
"188",0.826349221895219,0.0277041905235836,-0.917960785644064
"189",0.17506962783053,0.150942935101912,3.18681996639546
"190",0.16286378086008,-0.0819761476226636,2.0523801795156
"191",0.861256923978137,0.301375763180903,0.258245276178035
"192",2.91578783521342,0.821976323653595,0.0392957675966742
"193",0.577634556470221,-0.277627523815667,-0.581312067547021
"194",-0.126016536976166,-0.282635276053929,1.60451761684809
"195",-1.24803797568465,-0.869510703320742,-0.39999707640843
"196",-0.169396756471886,-0.573117607784776,0.215733903404962
"197",-0.382423076300978,-0.619780330903967,0.245242173248592
"198",1.19321504580598,0.664319707256764,0.877160309447086
"199",-0.0633422696076573,-0.561648492833061,0.109995809838252
"200",-3.2984161561606,-0.958000660002758,-0.333174931382028
"201",1.23859139049545,0.831322676476713,1.60443586398217
"202",1.41154899974206,0.561903681596772,-0.0832682821389962
"203",0.160264778334877,-0.588456533517683,-0.4736894092852
"204",0.95400941856698,0.126129406846649,-1.04929254046537
"205",-0.00980804775410625,-0.350169746800814,1.07448610233812
"206",-1.27329791675225,-0.992161668525359,-1.00190569794281
"207",0.77411527998994,0.256476732267433,0.552425058858712
"208",-0.157869892533731,-0.667886794520454,-0.274631495388919
"209",-0.452021415089246,-0.502815680808017,0.90151911452912
"210",1.45390721598052,0.719481573795884,0.634787638702709
"211",-1.62299189682533,-0.975728803325959,-0.783297881587986
"212",1.93312638368073,0.92088233191349,1.08047297920994
"213",0.184523700484411,-0.492519821398941,-0.0543340652667941
"214",-2.15289490522305,-0.711261736088017,0.692062109748881
"215",1.12648071626021,0.44462159440372,-0.0450236333907001
"216",2.29931592840869,0.93484516755098,0.888645569091545
"217",0.0746727244279797,-0.764210032688848,-1.15981162725426
"218",0.666388697714589,0.00285045460803274,0.151318585928275
"219",-1.48933272963933,-0.782136350957452,0.13665380351887
"220",-0.402259799700765,-0.71127376878992,-0.191239258537799
"221",1.92383724045977,0.87540706228314,0.861124213528345
"222",-1.47045270387955,-0.89155487312944,-0.417603377972394
"223",1.10239301067437,0.85212435448496,2.06208170979281
"224",0.661694843634308,-0.160506078165825,-0.624819485688911
"225",-0.798443884288075,-0.743067148227883,-0.0169630409697243
"226",0.367113180664537,-0.52858068288047,-0.797345894086995
"227",-0.129237758229884,-0.436820060797553,0.838457839521276
"228",0.403635472990295,-0.247360068838996,0.46641900480019
"229",-1.22089857558929,-0.699487564005115,0.437667757584494
"230",-1.09322473635421,-0.805724762742474,-0.155992060183866
"231",0.0474871034025519,-0.46120329456397,0.410582568357362
"232",1.45313108617415,0.567054004145954,-0.126110911738922
"233",-0.24208801252995,-0.252063392859663,1.9192277620645
"234",0.634601811995731,-0.0191379362945938,0.304133427892383
"235",0.048569043032482,-0.831639302487591,-1.44375211035183
"236",-0.166814300282034,-0.590515878598545,0.125065230829757
"237",0.589738815077015,-0.291798464754251,-0.732602045590775
"238",0.239572727473822,0.085142051679721,2.68613344991395
"239",0.181687858530195,-0.0376737800221169,2.22709233233702
"240",-0.375152874602442,-0.788946509569872,-0.608409795243991
"241",-0.111411055570069,-0.27039542641286,1.64336939694694
"242",1.59561514876403,1.10574134101756,2.36183452023868
"243",1.61794174305911,0.654303442376193,0.0760159718491444
"244",-1.36173562908015,-0.775958189007051,0.11709441773314
"245",0.398973916543656,-0.47692487034153,-0.662542432180549
"246",0.623312244979465,-0.0440454043608035,0.266310261257522
"247",-0.0679259170893156,-0.706083249054381,-0.604579214091719
"248",0.138303599506026,-0.339237114726015,0.824713102695887
"249",-0.604112207135442,-0.651352209389756,0.296125832001379
"250",-0.723998739886376,-0.295446957000758,2.16882129920079
"251",1.31091746771318,0.518105498851586,-0.116237562415537
"252",-2.08095073916388,-0.16949424602458,3.38299580804955
"253",-0.663500243651739,-0.568022224702554,0.760402166858161
"254",1.50241649704989,0.316453044537066,-1.45502804583958
"255",0.73752707136584,0.125810671809423,0.161343304633815
"256",-2.07021503965856,-0.848853373517094,-0.01653837290343
"257",0.298363684313468,-0.562702936805391,-0.730241127445917
"258",-0.0297658384449398,-0.254294267311457,1.58942018487255
"259",1.02637477280972,0.535506001803893,0.72318549870361
"260",-0.00362944973437898,-0.543867533657739,0.0947565163238591
"261",0.109316973596939,-0.338521095713564,0.894197443734697
"262",-0.141606536876674,-0.736780772249129,-0.642880497422746
"263",0.0123357908769232,-0.494625938312314,0.311391644492739
"264",-0.700964261466796,-0.447594202072653,1.39108103341567
"265",-2.89278126280987,-0.449005323105579,2.1512276424833
"266",0.309560761969272,-0.360281125082048,0.245568021860564
"267",1.74268295340931,0.733892040515322,0.328606883619824
"268",0.422112448466523,-0.458744544033727,-0.667405659275508
"269",-0.0489637748440418,-0.545632950794701,0.165883955326606
"270",-3.82568556377685,-0.902752160496857,0.00728122987553494
"271",0.573705154407225,-0.2311288494535,-0.32334329753798
"272",0.243469450656805,-0.259732241793467,0.950672558310211
"273",1.01669800344418,0.24252872380757,-0.707606175428117
"274",-0.460819341244929,-0.60733987617543,0.387512220149444
"275",1.28534883407772,0.764587115507061,1.16860530993534
"276",-1.57147785221952,-0.909918457713754,-0.472207831341141
"277",-1.49017309532957,-1.04242567403861,-1.1644762213668
"278",0.740591793780563,0.0985148744452079,0.00168843111055268
"279",-0.282791539509683,-0.827996364126118,-0.909555205517685
"280",0.891223326899257,0.249120400358745,-0.153895600484279
"281",-0.384572029741601,-0.555954418212119,0.566670046946499
"282",-0.46486914965477,-0.214807661895787,2.35410844657889
"283",-1.10617009265671,-0.695963920494025,0.399457477766589
"284",-0.384631742707804,-0.814124647015988,-0.724117321196852
"285",-1.0355461404314,-0.786207062105595,-0.088934396975363
"286",0.539229987796262,-0.124213537166246,0.422349125475087
"287",0.924283040111423,0.574659789531903,1.32059815167156
"288",1.6014184827083,0.752872021223136,0.589962736322297
"289",-1.23046624296262,-1.11265326652286,-1.62374002802693
"290",-0.459100801240336,-0.287384903835677,1.98561149809135
"291",-0.138199837007336,-0.57386831114082,0.166629253871053
"292",-0.533986705311332,-0.78079351095226,-0.411443068698617
"293",0.363467910244096,-0.574227792589976,-1.01203200457235
"294",-1.40494447533245,-0.941369891060944,-0.692333092526906
"295",-0.859114255331025,-0.963587281515514,-1.07968268141828
"296",-0.510590225568617,-0.919819190693534,-1.1277916357479
"297",3.44301869924727,0.81156657797781,-0.172313998115869
"298",2.77564882699104,0.642429617754196,-0.805321096601646
"299",-0.348319520062158,-0.440133931805021,1.10616347175975
"300",-0.436919682750467,-0.740683105346427,-0.302815954125237
"301",-0.198075553662476,-0.465114878638549,0.795692161838706
"302",-0.125854683693165,-0.551823946170699,0.258329253601266
"303",-2.68613151417031,-0.793292704014529,0.394108646019909
"304",0.487581199752607,-0.35612241406116,-0.457519832257609
"305",0.456472382866043,-0.0819498811168987,1.06381249222929
"306",0.554012451680796,-0.160077393269361,0.155136869040656
"307",-0.190633532995411,-0.60348952522656,0.0936082457393714
"308",0.301290482245579,-0.125451506322273,1.44661195356675
"309",-0.226878849910602,-0.647501436211981,-0.0777036525398271
"310",0.648147558626104,0.0377546702345889,0.480124737928027
"311",0.799555949990091,-0.140401102543543,-1.5973775536617
"312",-1.25059931728618,-0.80107360369471,-0.0566505601282549
"313",-0.213813731679678,-0.676437302068224,-0.239672957397171
"314",-1.28684807773395,-0.908995393405894,-0.580081681406431
"315",0.0798796038191047,-0.491224492829396,0.194214643910969
"316",0.975798399852439,0.372057425502963,0.0927749345319717
"317",1.37998755808536,0.561085093826571,-0.032246600999646
"318",1.83928089539153,0.646876045944537,-0.204442354687596
"319",-1.0746217561926,-0.84735153585211,-0.373806148439638
"320",1.06385875773573,0.472874491642942,0.284639797640757
"321",0.0303578123840902,-0.66273498159475,-0.56348068891887
"322",-0.0339904335275796,-0.719923212135962,-0.731341827944222
"323",-2.55957449810128,-1.04200785736503,-0.873240221022182
"324",0.236095008272135,-0.679793274558262,-1.12871948010024
"325",-0.59111302979258,-0.491557247052387,1.08426192852143
"326",0.251270414484097,0.100548588681338,2.72961159169295
"327",-1.64629749150526,-0.751107708585869,0.347722423285365
"328",0.11819372741445,-0.778509669942364,-1.32556319940974
"329",0.251427512130935,-0.418338389395623,0.134720620681262
"330",0.737122593444574,0.0335108047069817,-0.297079783475444
"331",-0.696493093757545,-0.244087616134406,2.40526626596833
"332",1.08522604902828,1.24216082459055,4.06400663179905
"333",-0.213823385635941,-0.628598737801631,-0.000467244928778745
"334",-0.268934105951944,-0.961864133906349,-1.59590679018343
"335",-0.409794561607329,-0.746734960234033,-0.360706924160295
"336",-1.90734653739406,-0.93059297607817,-0.469079797597118
"337",2.6423333063404,0.679482054050661,-0.56402499670496
"338",-1.51111065951824,-0.9093148930764,-0.491097148427615
"339",2.68276308024344,0.774203848682114,-0.108027795093795
"340",1.08573511006978,0.341655831915769,-0.440079470163919
"341",-0.0610391064478579,-0.735874976003988,-0.764975123748308
"342",-0.562816511625925,-0.411886003006173,1.45848156688595
"343",1.07710391504677,0.467667529520632,0.216675708716108
"344",0.128635432909428,-0.602978472241783,-0.471627080389349
"345",-1.09259530429538,-0.834982382479299,-0.302605156551918
"346",0.47890695401332,0.0303029931980473,1.51781388628744
"347",1.10698489505774,0.160868415105713,-1.40772952801565
"348",-0.519292516842102,-0.492958099677809,1.01447287044229
"349",0.598948945449172,-0.0945350212410049,0.190450303683575
"350",1.39770188679106,0.30147708216006,-1.36155888689761
"351",1.28249811259675,0.477678698110019,-0.259946306300936
"352",0.394815631195022,-0.0637128098478051,1.42016666902417
"353",0.301992179564591,-0.478930807142161,-0.323047968132242
"354",1.84861383468234,0.645961529142533,-0.21789639060746
"355",0.696956996893109,-0.274507165602786,-1.50976865684716
"356",-0.121763284828865,-0.502103899314247,0.500716486170782
"357",2.0576623460799,0.6451206482664,-0.398480258802137
"358",0.447561259115604,-0.128255837765325,0.873184947662812
"359",-0.422846649373554,-0.785510411129359,-0.541175246403583
"360",1.90016080768202,0.756875172314137,0.289307088883079
"361",-1.30553107795721,-0.849927554297661,-0.276584785445447
"362",-0.452394055707853,-0.412432863896424,1.35379987823259
"363",-1.52178400182848,-0.968225039351777,-0.781704639335671
"364",0.511916483866544,-0.168758295622974,0.352526961126756
"365",0.292936297434671,-0.259051411829971,0.805300001061636
"366",1.1185196123505,0.475367070310304,0.131328243462859
"367",0.0919341208751805,-0.705039734840117,-0.90048183475921
"368",1.56909566772118,0.49775089953524,-0.642956622279023
"369",-0.0267968032708479,-0.162884640742577,2.04125010794136
"370",2.258837664644,0.59906293661104,-0.765772354156235
"371",1.24226040459208,0.151958419582557,-1.80071224010972
"372",1.85880808702494,0.479062299217255,-1.06198395933183
"373",1.21661875543035,0.480147008681091,-0.100397114708121
"374",1.66050092383233,0.556974658055479,-0.462884844534764
"375",-0.213889341798198,-0.449790830541236,0.893660359448623
"376",-1.27208307475926,-0.909081540675685,-0.587045498278503
"377",-0.37973723896461,-0.628116396948973,0.200680715908477
"378",0.502732271953067,0.263576947443098,2.56304243234152
"379",1.43363922365837,1.23289392424822,3.23469713375917
"380",1.41685252669872,0.510683732951881,-0.348363734315081
"381",0.566333542637302,0.0755477372250309,1.25702008775668
"382",-0.816635487416178,-0.837646637722309,-0.477654441451775
"383",-1.29405284640233,-0.721433622732533,0.360887341269986
"384",1.3250474227728,0.41533641797444,-0.658096013772339
"385",-0.0999040268666966,-0.499237954979206,0.481204883981586
"386",1.72550677851084,1.11108120118811,2.23321617633187
"387",-1.11268791826075,-0.789023016151428,-0.0625199386651778
"388",0.999440461991785,0.379289708014368,0.0388904319883899
"389",-0.0392624101584367,-0.678463150430042,-0.514897291472798
"390",0.87865853436681,-0.00208381405629315,-1.34813351259719
"391",0.116971372391531,-0.313543563018871,1.00201503934576
"392",-1.34464512439767,-0.698012690857355,0.49968505594554
"393",0.45850910973984,-0.385593100114436,-0.46388459157847
"394",-0.0439917788012711,-0.88984879540546,-1.56368675232788
"395",-1.69914128928667,-1.10170146275438,-1.38776630836398
"396",-2.00912313053759,-1.12617406356652,-1.4190709999374
"397",0.557944617540352,-0.174980896759751,0.0565902233675461
"398",0.272536731152451,-0.535071393676087,-0.511586751668807
"399",-2.00427739459104,-1.05099726801677,-1.04447625044056
"400",1.77817392527295,0.632977713648921,-0.213295411101418
"401",-1.46172526461437,-1.056199418242,-1.24417192889581
"402",-1.00773328406687,-0.736548392201204,0.144074830914516
"403",-0.752345827595693,-0.879363660694532,-0.730378338533339
"404",0.661327333291216,0.0537421596450759,0.449575775843443
"405",-2.04184817416542,-0.701546166183357,0.712675194311503
"406",-0.187457604971998,-0.609130527503853,0.0610131604234463
"407",-0.622909549699463,-0.860682396645716,-0.735120590493225
"408",-0.258352561363144,-0.677368274165314,-0.186631497507895
"409",0.100750440086284,-0.660144434653148,-0.695089041098954
"410",-0.782757727852823,-1.05047504625544,-1.56470449699064
"411",-0.52694180060891,-0.840056275606814,-0.714087078716537
"412",-2.0251799644296,-0.662503890619654,0.903524434837154
"413",0.154570701080616,-0.665464179696774,-0.844961118398513
"414",0.596223328390285,0.0268272941360721,0.816175335759061
"415",1.16539026743088,0.449978842819098,-0.123800103040445
"416",1.44193495168672,0.335158657552541,-1.26754668780766
"417",-0.85608237354449,-0.720997454396935,0.131328500072374
"418",-0.83838478323233,-0.498681110103748,1.23148478784414
"419",-1.20636898689809,-0.706187123310678,0.397390231964068
"420",0.427818070093685,0.0203815081014743,1.70376308530211
"421",0.2855269948801,-0.499217627249878,-0.372256279056525
"422",1.90136297356152,0.698792651682006,-0.00217721812859331
"423",0.465512786527515,-0.377386720500198,-0.455839579395053
"424",1.16833725966692,0.559891565627321,0.418091044111647
"425",-1.46617064681248,-0.786193828208405,0.107562945750472
"426",-0.452496602983041,-0.552993211652537,0.651099017714119
"427",1.91643403586344,0.775634359622666,0.368718309027627
"428",-0.252580211665775,-0.398698887714936,1.19943314057291
"429",-0.23107325866017,-0.684564994901986,-0.257536189107878
"430",1.61832517182075,0.486527252657515,-0.763349131214144
"431",-0.6206447379934,-0.74683763427054,-0.167736237408351
"432",-1.55130804006215,-0.813764584557231,0.00134767104055065
"433",-0.153351676918816,-0.856911206646112,-1.22630374668117
"434",-0.0824062062337601,-0.671586295484442,-0.408437317427939
"435",0.272144218695984,-0.40469799222924,0.14147019807626
"436",-0.965611827148565,-0.0717502517942294,3.44418163005141
"437",1.75222594210945,0.469674287413024,-1.00268025224514
"438",-0.170967149474422,-0.602032895887433,0.0733870216143849
"439",-0.108253380704654,-0.538444247173349,0.29822976774023
"440",-0.803494233696856,-0.335298359868335,2.02529142181105
"441",-1.96213672016791,-1.06033383018996,-1.10253570573603
"442",-0.978157794658115,-0.877210371216051,-0.575909886307109
"443",-0.362903172857248,-0.66058654247958,0.0200508470934855
"444",-0.492377517230407,-0.90234194163615,-1.05732263937772
"445",-2.68748005646166,-0.532821598525799,1.69670922315157
"446",0.47025580480878,-0.357233334746437,-0.377756603142409
"447",0.381630862103562,-0.332025107780677,0.130316900004692
"448",-0.81923188988548,-0.648836206993944,0.4681221663107
"449",0.00965030798038099,-0.485350415640113,0.36279770671117
"450",-1.67006384092149,-0.98673404053887,-0.822468859806226
"451",-1.23746596440931,-0.282340275113128,2.53103743958725
"452",-0.776255904955181,-0.972658038647754,-1.18010438018542
"453",0.180467941967042,-0.403135071914284,0.402869571778678
"454",-1.7710399186744,-0.824104402457272,0.0230141004583904
"455",-1.34449788852943,-1.09556614512267,-1.48814411125766
"456",-1.77095107352147,-1.200621093292,-1.85959684798432
"457",-0.500612781332501,-0.798860698866662,-0.532222872731874
"458",-1.73973921209764,-0.737714284020857,0.445176542814772
"459",2.59800282679913,0.882808666062972,0.472582685295102
"460",-1.01435415545912,-0.741514479925182,0.122917118083717
"461",-2.92248574044108,-0.939472688497944,-0.296271949923502
"462",-0.392616642475517,-0.819194561780063,-0.7409809344268
"463",-0.0545343782563076,-0.109488791628982,2.35604059439201
"464",0.37572352798434,-0.496888120234553,-0.671345901938651
"465",-0.836606488593224,-0.787493274209227,-0.213734897084582
"466",0.386106556828432,-0.305897213679799,0.243583134094435
"467",0.2374625825275,-0.694645458230151,-1.20683526036594
"468",-0.666037477933431,-0.828472114495945,-0.539878935717137
"469",1.09108051715486,0.479664193047798,0.233669591482469
"470",-0.306693566086865,-1.05318233429614,-2.00686085454999
"471",-0.531879642246409,-0.4277972588945,1.35165019483456
"472",2.57975204387344,0.592714603366142,-0.969453892537501
"473",-0.479664378876465,-0.902370185374609,-1.0694861155047
"474",-0.0219663571888192,-0.403128656859521,0.831487488409593
"475",-1.3152893232608,-0.831036932134738,-0.17791843682428
"476",-0.930226076357498,-0.598916880851013,0.787564555093645
"477",0.401963834494249,-0.348040074298963,-0.0301925126178763
"478",1.28723371368863,0.37420068955876,-0.787271450983886
"479",-1.57219393544033,-0.776547655585638,0.194900383328633
"480",0.725507061940332,0.0892869286697193,0.0719305270127392
"481",-0.387328538641531,-0.445426796453028,1.12224731542236
"482",-0.678468483124962,-0.673476408655887,0.244667801786247
"483",0.546154793982913,-0.147997137824812,0.262729818297186
"484",1.2765682075631,0.559423012564066,0.161331859796128
"485",2.2867940728031,0.608243868647955,-0.736882288610975
"486",-0.851023457914768,-0.44933886373918,1.48637527402324
"487",0.825827039988849,0.00481669525860751,-1.02937717504413
"488",0.0901765763391956,-0.460942016373324,0.323775879293244
"489",0.0646450670868107,-0.439565238090842,0.484132777218008
"490",-0.579922001537945,-0.727438252677768,-0.104598776329884
"491",-1.53175804862813,-0.0354421075041572,3.88586737534962
"492",-0.502083832782726,-0.702191143050999,-0.0475085009443216
"493",-0.145893879080409,0.355709152878789,4.82589226909003
"494",-0.654375574005807,-0.808949942814335,-0.451358968036788
"495",0.203037662047378,-0.519168496525926,-0.235533285081234
"496",0.304523716721031,-0.485980831523297,-0.366492374174613
"497",1.07101008144983,0.52159734030899,0.505468732161136
"498",1.56291567802632,0.802248601582789,0.887912874034856
"499",0.101600670190633,-0.911071000937036,-1.95157801356532
"500",0.799194604391323,0.648570905145244,2.34974366305713
"501",1.53607107450608,0.733575212343734,0.581807257287109
"502",-0.845830779926225,-0.717498130462885,0.142230487220925
"503",2.09681000856149,0.569624343016056,-0.804820070773171
"504",-0.0445867856269248,-0.662009437316045,-0.423470287141904
"505",-0.786191487540165,-1.02924955890374,-1.45622013428305
"506",0.566153612715582,-0.397152661339765,-1.10534819439383
"507",-0.797697404542071,-0.387565283786413,1.76004074057219
"508",1.47544543430687,0.822737779652545,1.11724824972257
"509",1.37965507559537,0.337399033815222,-1.1500814611076
"510",1.6111536236533,1.10989742742664,2.36259878439334
"511",0.359530981448209,-0.330068960916788,0.223268465902806
"512",-0.563884398747962,-0.865434969167051,-0.808338556285235
"513",3.24176142784552,1.12445764407574,1.44666595361606
"514",-0.583137022265025,-1.01313664136401,-1.53036230178484
"515",1.8753655570864,0.831792473451526,0.686327559055576
"516",-1.17923501944108,-0.501962983352856,1.40563100753776
"517",0.0343257287956671,-0.70152970671394,-0.765150932091716
"518",1.53314533791188,0.579756372513641,-0.183139645514854
"519",1.28059631157828,0.44862830924777,-0.40118529891656
"520",-1.11893819714402,-0.858001863974259,-0.404249600418545
"521",-0.90635686562546,-0.708011322293655,0.227684145906742
"522",-0.732990313778571,-0.869244608827183,-0.693637582856788
"523",-1.05866323075209,-0.852183310197106,-0.406394487677344
"524",-0.12719751216532,-0.853676517166011,-1.2489026011999
"525",0.0360975886636584,-0.514783856379274,0.165124920863687
"526",0.709576430044396,0.137919289151077,0.444596324930012
"527",2.07374420223815,0.569882802874656,-0.786665264582242
"528",-0.417319664232587,-0.924064212493086,-1.23959643489809
"529",-0.26519332200586,-0.834434305030821,-0.963404189244253
"530",0.122271737408712,-0.664273688643985,-0.763593954679476
"531",0.0385338331260101,-0.230068679351483,1.58393575868656
"532",-0.671346579298064,-0.902194847437572,-0.904390864904948
"533",1.22574826136242,0.704462681468196,0.999723230049575
"534",2.71425111198186,0.719814228487265,-0.393310555418649
"535",-0.121326409324466,-0.342409610994082,1.29852228930128
"536",1.10262360436903,0.627908120816586,0.940317966975808
"537",3.07382214527304,1.14085262913659,1.57984825939203
"538",-0.7795592614283,-0.674423425045234,0.313350948413925
"539",0.649736500316321,-0.159756158125132,-0.520484247881828
"540",-0.604893451458884,-0.345172652599945,1.82767012988527
"541",2.64747771409231,0.528981343003356,-1.31880095773569
"542",-0.175205547248914,-0.315181174796675,1.51363822932726
"543",-0.292806316274201,-0.723638353804786,-0.37566256789198
"544",0.00169743505879142,-0.245650510549578,1.57605984039293
"545",-0.603970186185987,-0.602849343041464,0.538522576067446
"546",0.598626798946987,0.0324217955881877,0.827478296398341
"547",1.54202288724085,0.891394533836632,1.36252014325556
"548",1.65771770789315,0.717912563392209,0.345133021735242
"549",0.900227795828003,0.236148466766042,-0.261789187330758
"550",-0.14678796169212,-0.194997040709902,2.07367497288989
"551",-0.777644723635994,-0.408311901339026,1.64258674349732
"552",0.894315131087858,0.35302147492277,0.350718951274167
"553",0.0489271257280197,-0.696770745683784,-0.770123301774779
"554",0.226692160649247,-0.101734339671601,1.78779551073699
"555",0.372854943925201,0.0632775398750744,2.14036986888741
"556",0.244945035838391,-0.223963234674642,1.12529546184659
"557",0.408611089002206,-0.376401427605813,-0.199156908059266
"558",1.01892150975196,0.387921470077086,0.0114575410378912
"559",-1.15359466175874,-0.93474078410178,-0.770698216426888
"560",1.05524009386489,0.372842246006185,-0.187592061162355
"561",-0.0371822427158906,-0.278080236904839,1.48341830775245
"562",0.772614993456271,0.580822650123572,2.18431940531171
"563",0.00547183191022588,-0.548024403824346,0.0572079827396337
"564",-0.835343290372432,-0.968944412746074,-1.12181499164427
"565",-1.81652097436524,-0.855668931377727,-0.120944262206168
"566",-0.866228054400961,-0.617906042708546,0.653248604962516
"567",2.75165238443752,1.12704627823958,1.62742733160334
"568",-0.106799087185256,-0.0492056656443458,2.74216023148336
"569",0.59462018883677,0.109821084866139,1.24219312136
"570",-2.13069223296621,-0.735057789424945,0.567638308542101
"571",-2.60345790246917,-1.11985751566422,-1.25406753651205
"572",-0.615938792565379,-0.984657883731852,-1.36067402951791
"573",2.2942401211974,0.875835371756172,0.596617661415673
"574",0.851325373603468,-0.120352382735796,-1.79762379088668
"575",-0.40670255567955,-0.198886526136475,2.37532740449944
"576",-1.07490734224064,0.0138370377887286,3.93228650708482
"577",-1.44017206108792,-0.862173919505677,-0.28240089842581
"578",2.59529431585216,0.951737935564561,0.818472747044044
"579",3.41608019612649,0.868545652097744,0.119492208238267
"580",-1.6791150971869,-0.937918177499579,-0.575399599134632
"581",-1.18346429146433,-1.08733960974415,-1.51922553882874
"582",-0.271675688830667,-0.548561377205734,0.473997714462729
"583",-3.02837683689101,-0.803964806465699,0.397962465171982
"584",1.10305881226686,0.318482286929203,-0.608098567238204
"585",-0.961638846894351,-0.661250240903021,0.49438156317694
"586",-1.02474761796953,-0.961947729736741,-0.97352714921641
"587",-0.583422157863555,-0.425508207795549,1.40802137893437
"588",-0.06459582643967,-0.364527872354112,1.09768239365247
"589",-1.87081038594396,-0.885106500832422,-0.252114916048009
"590",-2.86984643182428,-1.08651314537533,-1.04009423122338
"591",-0.157659864128489,-0.860567510080074,-1.23833861340814
"592",-0.968920886619047,-0.900625891625407,-0.698287158163787
"593",-2.05378569219214,-0.345189759928444,2.49755412128153
"594",-0.533869727355117,-0.604753703971437,0.468651268312954
"595",-0.688000457756815,-0.550169003664689,0.868457696843661
"596",-1.80461781139829,-0.556050390119508,1.37356005354219
"597",-0.932671153034196,-0.811301624563479,-0.272901182987611
"598",1.9913341511152,0.480969128423406,-1.16756988857861
"599",-2.07920577329815,-0.55255663911946,1.46723993219342
"600",-2.21937917232801,-1.05924240742814,-1.03195987391402
"601",-2.16241318444859,-0.905547827954113,-0.277056517857902
"602",0.732535054500234,0.495071101265906,2.04590197361694
"603",-0.47914163408242,-0.902172004192626,-1.06899337086261
"604",-1.55421751463631,-0.307010221863896,2.53616652392827
"605",-1.90929534786558,-0.851359125381105,-0.0723590568400004
"606",-0.950657662412398,-0.924220723735387,-0.826871872714737
"607",0.331843580947363,-0.674356649835878,-1.39973620566424
"608",1.41017301350399,0.397165732493816,-0.904611921290709
"609",2.151423571108,1.05072349353033,1.56228535981891
"610",1.0868191960216,0.533477069737914,0.515707695253853
"611",-0.0666207608598703,-0.477719552575074,0.535081047902523
"612",0.174367488314271,-0.539012097395239,-0.261201624663002
"613",0.502703910498822,-0.22763288870389,0.107142164493476
"614",1.27349376263421,0.590885248793569,0.32520452538033
"615",-1.55794293054459,-0.849480435583964,-0.174847059203513
"616",-0.377620926061813,-0.962016535085701,-1.47109694098801
"617",0.657027550225632,0.104194450716598,0.738439416196601
"618",0.576114844748786,-0.339177955946773,-0.879175302299654
"619",0.453074616402015,-0.352544879884008,-0.273456251470392
"620",-1.30438274547702,-0.949305610524673,-0.773973004958685
"621",-0.416818939512606,-0.969568627912531,-1.46763245141547
"622",0.208291499380607,-0.663984883539525,-0.973540042271901
"623",-2.17907026365948,-0.952725417287742,-0.508929785302292
"624",-0.744657147201126,-0.776701840444126,-0.222540237620796
"625",0.410268226101743,-0.338728003323931,-0.017628533718141
"626",-1.23936980008195,-1.14800228097917,-1.79640197579164
"627",0.980735553528258,0.408297682871697,0.254757763045135
"628",0.0921459313197278,-0.217340485974005,1.53755938893707
"629",1.61988412516899,0.539417055647692,-0.500866033319681
"630",1.49358314311609,0.523745354437558,-0.405364946178702
"631",-1.63370527749175,-0.840142877475628,-0.101713883638908
"632",0.700566861692601,-0.0306141648368707,-0.321619316256451
"633",1.70090890785997,0.417747271342003,-1.20601413635619
"634",-2.28799469213096,-1.07006406520112,-1.0703068209493
"635",1.36935224789279,0.913163416891203,1.74735024269446
"636",0.735757468561786,0.332654250694228,1.20905028419301
"637",-1.7844308812635,-1.10382837839851,-1.37148029516684
"638",-1.52453010940339,-1.08071486883401,-1.3431441835413
"639",1.21260693518169,0.1671025606193,-1.65607532764174
"640",1.28536948407375,0.23615915663403,-1.4735777700789
"641",-0.329113751239774,-0.725926244798269,-0.344527657488038
"642",0.642420642776845,-0.0456220920669872,0.109709461683554
"643",2.05218123060134,0.402640344817503,-1.60674739876958
"644",-1.0081446438991,-0.97502609877782,-1.0480848800802
"645",-0.903493694198737,-0.911206756045891,-0.790042960844541
"646",0.433235316209894,-0.25414427633312,0.30758545258698
"647",-0.339937146981526,-0.845014257037218,-0.927656727040804
"648",-0.616612759948776,-0.430028784562417,1.41302212010929
"649",-0.753018467794029,-0.712695830998499,0.103437421167759
"650",1.62784061413561,0.988177969536128,1.73296882144334
"651",-1.24386847553709,-0.975748993366841,-0.933083637875565
"652",-0.94709054179595,-0.830906879179733,-0.362395837601773
"653",0.939083088052805,0.307388814758357,-0.0802769035326547
"654",-1.04653371089178,-0.352037112800099,2.08785056375474
"655",-2.34363594043421,-1.15692768696755,-1.4922880386338
"656",-0.24923910821287,-0.438009740623054,0.998637860070121
"657",0.593341624421055,-0.06231088172636,0.390305370379329
"658",-0.0707831002857503,-0.459280776501903,0.634142718902711
"659",0.447313183837359,-0.137164187193678,0.829768574828399
"660",0.0789747518204606,-0.575009925370695,-0.222810997344141
"661",-0.480484458503358,-0.794304790000667,-0.528378238454982
"662",-0.387004797766075,-0.476034775942998,0.968862744293587
"663",2.23545643776673,0.516832058958217,-1.16234941266393
"664",-0.409191561528545,-0.709899276741448,-0.177153148046069
"665",-1.79235460736191,-0.788786809977754,0.206151480180114
"666",-0.121141954129705,-0.0382521011883513,2.8190286670051
"667",-1.75175968442446,-0.69056885285737,0.684686953072691
"668",-1.41971121076163,-0.712304306608994,0.458888517560095
"669",-0.673954324790766,-0.233428426470352,2.44144757674903
"670",1.22256174876048,0.486328540794527,-0.0834986848237201
"671",1.33938391033299,0.542921409556097,-0.0479236465983683
"672",1.75309340173871,0.571756955191928,-0.493187995361942
"673",-1.13967805033971,-0.783080832897534,-0.0192631708067729
"674",-0.287001748018007,-0.339967357187679,1.53569719836566
"675",1.53403844058567,0.420090907328189,-0.982734799159758
"676",1.20162943225689,1.35138426598943,4.29181426631367
"677",0.916974135868122,0.387687241379308,0.418495273973031
"678",1.46890352799996,0.500498091464098,-0.483792949842128
"679",0.0263860627155517,-0.728811292752746,-0.886208940286544
"680",0.870008029214125,0.124282509232481,-0.672543771826732
"681",0.464437143796191,-0.330626532759823,-0.216933286778273
"682",-0.647203865602996,-0.503487789432848,1.07030514467872
"683",0.57467337377386,-0.156677211196495,0.0426659517808346
"684",0.650567411275024,-0.0963731143955324,-0.210424272882015
"685",-1.82838520266535,-0.903875873120011,-0.358430097413744
"686",-0.242938681355959,-0.66254266824075,-0.132076488246479
"687",0.193928675704272,-0.294853961575421,0.909847799952745
"688",-0.0579611007908482,-0.65187070634963,-0.350105072743324
"689",-1.77032388344664,-0.838363009564906,-0.0485005676348503
"690",0.784412512531993,0.492233496626753,1.66270382485369
"691",-0.133661428916428,-0.766823609060021,-0.804917420567046
"692",-0.28110120190925,-0.603619268729163,0.210271738911826
"693",0.936542067816093,0.501916582662681,0.903270692347379
"694",-1.03163933316864,-0.590277936830154,0.888586980891857
"695",-0.965820700237872,-0.980205488876022,-1.09797386027328
"696",0.773406952752792,0.14396092301621,-0.00536084334678107
"697",-1.61086614347521,-1.15292985695082,-1.67347251591402
"698",0.70637739019185,-0.0375358878652047,-0.405808212630746
"699",-1.12455703902845,-0.803124039023817,-0.127029931502428
"700",-0.361487414009645,-0.617035210054875,0.236252608753762
"701",0.783439299463571,-0.0717872895730987,-1.15101816740478
"702",2.13053326063231,0.840153785931116,0.52387381295172
"703",-1.23872166134087,-1.15252608619779,-1.81931724163856
"704",0.523598515548877,-0.225478614074488,0.00497273411756409
"705",2.07033244024919,0.623215153628174,-0.517475241015696
"706",1.59663656169591,0.661820345276316,0.140900751868284
"707",1.4843010088412,0.884357780869702,1.41175522665442
"708",-1.25876384445997,-0.740077817382497,0.252013291664823
"709",-0.997002122674388,-1.02762097474019,-1.31728721196286
"710",1.4464715586295,0.545542933873372,-0.222972419269366
"711",0.653238723455984,0.197119454980061,1.23486608033956
"712",0.525446046223732,-0.323518248653262,-0.49553340066629
"713",0.907449003710208,0.311170614956537,0.0795319322527905
"714",-0.145267492552455,-0.473934504252437,0.676752620130513
"715",-0.400891254557169,-0.755631368191842,-0.414458695065949
"716",-0.106428311803525,-0.600938325869465,-0.0170806714898033
"717",-2.34764820654168,-0.209357228017955,3.24643903768826
"718",-1.43541690040038,-0.961490530659593,-0.780845778786319
"719",0.597087409503491,-0.343819026914343,-1.04303466617586
"720",0.153011340771881,-0.844159606687905,-1.73469355246279
"721",1.769532159881,0.879851019903094,1.03001183198741
"722",-0.143795282256537,-0.559555866958761,0.246477001849265
"723",-0.365812989435891,-0.810865687449571,-0.728157735956957
"724",-1.3493710952932,-0.988651813810612,-0.951527578566569
"725",1.65431095506396,0.873616601950739,1.12774377919119
"726",-2.20047023313099,-0.941680619819784,-0.448605181786982
"727",-0.330205959229842,-0.845665363281707,-0.941973185863207
"728",-1.17272088148425,-1.18460941366754,-2.01073654058583
"729",-0.633601441763789,-0.874859468056035,-0.797382413020582
"730",-1.90775153002993,-0.988268526896016,-0.757342887834554
"731",0.134982993155297,-0.577163099501263,-0.357190376508054
"732",3.42036200931728,1.07456718476409,1.14849384258693
"733",1.07063246426454,0.171645054930515,-1.24309822270201
"734",0.327311596191149,-0.358483978181547,0.195165181938425
"735",-0.833487770480805,-0.799154905890685,-0.274080255256049
"736",0.189608058269834,-0.597057643057924,-0.590023224407149
"737",2.2689479510339,0.732097281670643,-0.106805244786756
"738",-1.31490182482373,-0.818704471195771,-0.116422823519611
"739",1.44463354507197,0.646339651819271,0.283981747102463
"740",-0.536880370042919,-0.715657355634781,-0.0831768061013146
"741",-0.831197511962932,-0.859794528708549,-0.578778327860924
"742",1.82571918103746,0.971183068741611,1.43017282935434
"743",0.0708960957299548,-0.484931816205428,0.244425233808968
"744",3.04330385119519,0.800465449950843,-0.112147861174092
"745",0.953225739160281,0.197198409742596,-0.69071128535234
"746",-0.818312889566892,-0.426771541189406,1.57783562179663
"747",0.655751395154915,-0.0433564361835935,0.0114431625438027
"748",0.916271603090087,0.11259063047079,-0.953806747267731
"749",1.20453287253568,0.432302388320483,-0.310651808922189
"750",0.537873874694238,-0.286345703507934,-0.380436136008189
"751",-1.64366993258882,-1.03054190639925,-1.05033449583975
"752",0.317061593335973,-0.286813757823418,0.588090728443762
"753",-0.47609713037241,-0.982158538108708,-1.4718334282285
"754",0.454362094779024,-0.451619149558038,-0.77476284015063
"755",0.726861960564611,0.104207765743855,0.135840267854223
"756",-1.30938637802054,-0.98485936549724,-0.949575403238959
"757",-0.717415021715428,-0.769830790373044,-0.207916945174216
"758",-0.489827731620748,-0.784289397742203,-0.469456905207074
"759",-1.08293756292351,-0.729002528380999,0.222285323228951
"760",-0.220498941341169,-0.715986215059081,-0.428531654037501
"761",0.0205290352123962,-0.736754886514093,-0.914732384856705
"762",1.5835925571547,0.586889852752182,-0.216641825638653
"763",1.2432588119603,0.586395080633265,0.369214695610719
"764",-2.13375607821373,-0.725739484225395,0.614985283857647
"765",-3.25513372052774,-0.407671529196537,2.41252926874096
"766",0.537954176581672,-0.142459948942965,0.338527144592292
"767",-0.251718902689296,-0.589914164876708,0.242265283397307
"768",2.11393079849668,0.675195580856371,-0.289226479539608
"769",0.747198280884446,0.102117239166596,-0.0294740678605906
"770",0.888009309289681,0.10811763061755,-0.843300970636919
"771",0.190622920567335,-0.67987207736014,-1.00670547100612
"772",-0.686210667645726,-0.855809345422447,-0.661100363968777
"773",-0.666773215583868,-0.905615512119284,-0.925026134171919
"774",0.476353962798682,0.0326694144376565,1.5421735031101
"775",0.913982440216619,0.283917852254429,-0.0867657867886132
"776",0.761949998498195,0.121776361508017,-0.0372598598549187
"777",-1.35008072586314,-0.676507656893944,0.609490334541358
"778",0.400593607034988,-0.561493737582496,-1.09191671312652
"779",-1.21013223429153,-0.72961672351606,0.282005962327002
"780",-0.621110349427154,-0.900852907138153,-0.937434069289483
"781",-0.51834234944248,-0.552370656028795,0.716544922101253
"782",-0.192873261281154,-0.751873448132216,-0.645227170090765
"783",-1.0439199031149,-0.783110014684203,-0.0689206645344933
"784",2.19579984471566,0.483914787450293,-1.30145628993699
"785",-0.332915765710567,-0.461400793827497,0.982443577751329
"786",0.00950036726919046,-0.643512823278704,-0.427734225423603
"787",-1.12172207756329,-0.825698083141222,-0.241326601088339
"788",0.86186752390348,0.27960509223333,0.146194315017376
"789",-2.09070123904917,0.132088991244616,4.89338388920473
"790",-1.35925912721165,-1.04281649139229,-1.21822542765347
"791",1.12543656651766,0.288984784253362,-0.82026098947743
"792",-0.570111386939275,-0.568354882374782,0.682432137029444
"793",-0.595206349999481,-1.06922982838319,-1.80067132948929
"794",-1.81681947881151,-0.63707530997481,0.972113473359778
"795",-0.826553754552027,-0.932625238388274,-0.945983457232105
"796",-0.565840002640211,-0.480517864215043,1.11793752181527
"797",-0.835114368059195,-0.408321502835106,1.68115004833279
"798",-0.575339581755368,-0.761838708944022,-0.280506695485893
"799",2.38177845340167,0.957108547342312,0.952790986472561
"800",0.00883792121947456,-0.504110961769797,0.270511783476371
"801",-1.17296967890294,-0.891740852472813,-0.546273670980527
"802",-1.29514737602534,-0.483990045664293,1.54858373445476
"803",1.76349115010738,1.09964806511495,2.13530328054209
"804",-0.211200064020606,-0.701997600028905,-0.37097087915959
"805",1.00321411577732,0.534281163322436,0.799927028819419
"806",-1.04631054174014,-0.771278587851056,-0.00847679231905508
"807",-0.726099990083846,-0.734922492304124,-0.0270251502852683
"808",-2.37416107385721,-0.989105264844521,-0.646569565197436
"809",0.564361667587293,0.200608205489831,1.89471354679406
"810",2.91615704369933,1.49484107699774,3.40348665526873
"811",0.790799241448131,0.0666082870431827,-0.506836184430232
"812",-1.16080262597542,-0.807006380600158,-0.128502086914332
"813",1.28752247378194,0.637877832814023,0.530511091443972
"814",-0.830981830974867,-0.921718965913669,-0.888541941400874
"815",-0.685972863991914,-0.773281407951594,-0.248641081288819
"816",-1.12045062413336,-1.00178330734846,-1.12239358790734
"817",-0.324283934978414,-0.840874848947465,-0.924819583412598
"818",0.326154418698719,-0.510387894306789,-0.560411910901184
"819",-0.413861613291874,-0.103888106857466,2.85772840171959
"820",-0.299050503597679,-0.263819341409831,1.93089827510785
"821",-1.11265689442249,-0.935779896541077,-0.796320090372465
"822",1.4199819175164,0.644811367821428,0.31700118969709
"823",-1.72827680729101,-0.703690433427192,0.61165956337732
"824",0.503121121935634,-0.484380077001549,-1.17878553055281
"825",-1.98856151300719,-1.11434855362385,-1.36544065212083
"826",-0.681544579182114,-0.513148972526973,1.04865347881982
"827",-0.611275476291918,-0.424213328854724,1.43772762618829
"828",0.618397322422922,0.189294593393249,1.4697638803099
"829",-0.893144514392188,-0.871826593012199,-0.599506778368808
"830",0.481079723728493,-0.331877068397981,-0.303815313042263
"831",-1.17540778397143,-0.633631684935289,0.745447424055028
"832",-2.66367151626416,-0.399650882653927,2.35821150051106
"833",-0.159261289156542,-0.626138648313624,-0.0638821856265722
"834",1.85100385765752,0.314559530106296,-1.87716528247525
"835",-0.00650502736056504,-0.678686842384066,-0.574094566701677
"836",-0.803069304399701,-0.783187889034416,-0.214442528149651
"837",0.321489814711238,-0.299119643214743,0.511719937230644
"838",0.609332956402899,-0.157075607866664,-0.195826617694085
"839",1.65995281508117,0.444570609359304,-1.02425058468637
"840",0.929013242581087,0.1119884338472,-1.01364016111192
"841",-1.92994147336462,-1.06072939447413,-1.11340957976851
"842",0.0482257205090315,-0.00209435933087643,2.70465674508999
"843",-1.58260181603609,-0.274705731893389,2.7077901152765
"844",2.30737992189663,0.775541124868866,0.0873547307316645
"845",1.94626176131253,0.889855973231928,0.914130004166637
"846",-1.5333011779697,-0.882491414564431,-0.348815671097818
"847",-0.236983732284621,-0.816374218023939,-0.9089060369246
"848",-1.6450268610127,-0.798509909820643,0.110283202634824
"849",-0.751940241525594,-0.867662052738068,-0.672157840213261
"850",0.26974791917529,0.193757227669748,3.14098986869494
"851",0.772043203505904,0.254385804308211,0.556021708053582
"852",-2.04382676316678,-0.788747564230068,0.277183061003934
"853",2.26166475120556,0.696538613490372,-0.280134866446056
"854",0.907455100603134,0.644855693645778,1.74792906275908
"855",-2.23183954677031,-1.11764984150959,-1.32108842570123
"856",0.236350287435089,0.179059731554297,3.16482678420642
"857",-0.642294077646944,-0.38326716109481,1.66751763611703
"858",0.609096159113694,-0.253880661494286,-0.678146757592103
"859",-0.260553460937416,-0.519425985719908,0.60584172486554
"860",-2.1110297216192,-1.13636545258515,-1.44378113489636
"861",-1.55954768804346,-0.862399016403427,-0.238864929204757
"862",1.68386526336399,0.420007947680046,-1.17518823882888
"863",1.71064659343508,0.646928460451036,-0.0710729702170766
"864",-1.35655300079537,-0.880356036537319,-0.407049085313266
"865",0.979012894958181,0.271020301809777,-0.424948926332984
"866",-0.496512377399061,-0.392349040674924,1.49651390187956
"867",-0.107092555221854,-0.761016535644601,-0.816437174538811
"868",0.806550771209521,0.236124842943186,0.241958031920581
"869",0.908513434158771,0.470364039549623,0.870571471411717
"870",0.314502985684295,-0.49793478803608,-0.459004468316117
"871",1.66628977495021,0.639719785551451,-0.0560432011059347
"872",1.09809374757817,0.261693393865617,-0.877287306822742
"873",-0.702744316749803,-0.635674353181782,0.452008751616554
"874",-0.441590174648029,-0.807753898575396,-0.63350261051345
"875",-0.262248700568107,-0.585210082768977,0.279042948879467
"876",-1.29593998421105,-1.02260626458269,-1.14415110539701
"877",-2.03074082800754,-0.793408713367554,0.250460576127338
"878",-0.679025608980722,-0.597259485402853,0.626178325746839
"879",-0.334549362559776,-0.691463326193809,-0.166009100347527
"880",-0.840328736942824,-0.892594062619969,-0.736815430753454
"881",0.792060436891485,0.132880646816588,-0.183557748671962
"882",-0.715972945776164,-0.961954468290532,-1.16959523927492
"883",-1.90284794609363,-1.01128735696265,-0.873827361631936
"884",-0.294940946958341,-0.579507771152042,0.347549459072636
"885",1.07903161819003,0.330455480107874,-0.475389203158784
"886",-0.745506317829479,-0.716395548538565,0.0795975526828164
"887",1.39476512230345,0.61714184749469,0.221888742589249
"888",-0.359891482526954,-0.684099390997088,-0.100824393243606
"889",0.7507724634779,0.250732822970744,0.687437453156496
"890",1.00176563985821,0.358371982925342,-0.0742898502610116
"891",2.61478549058129,1.18664180448055,1.98410247904455
"892",-1.4011347394678,-0.862792519607988,-0.300977502525013
"893",0.0193138823057937,-0.494083866436496,0.300931686734519
"894",-0.00295105138889814,-0.611627005175789,-0.24528189805187
"895",-0.176019897193369,-0.416470486027986,1.0083389366816
"896",-0.876173529004924,-0.814129572237284,-0.321593919495239
"897",0.017560039840978,-0.738886625328079,-0.919757695582861
"898",-0.0144906777329629,-0.328399863499114,1.19178032467114
"899",0.455473476866314,0.12063950533842,2.08139115943849
"900",-0.851670036931189,-0.690572650359624,0.280622113166242
"901",-0.740883176361241,-0.675744015758818,0.279547853013427
"902",0.743725868150938,0.233631082894354,0.653809155503417
"903",0.657056689641799,-0.368643940486688,-1.62599874751548
"904",-1.78474519250582,-0.849042198684089,-0.0974530036365932
"905",0.257819537827464,-0.603700733269165,-0.81077300685352
"906",0.525648929130199,-0.240432038285544,-0.0812375844373798
"907",-0.423294222093017,-0.64731335391609,0.150266098388283
"908",-0.708202688315828,-0.99647165656788,-1.34791932608773
"909",-4.56380341680665,-0.902793274091375,0.0773405908517377
"910",0.406115878677787,-0.335414461329373,0.0160234764103335
"911",-2.20181029455819,-0.800506690983943,0.257581746489213
"912",0.635813396512676,0.0353183243667483,0.56691342169506
"913",-0.432808524014264,-0.865471223135718,-0.930886575810918
"914",0.736298329762461,-0.170151661153115,-1.30911045545996
"915",1.38420773979352,0.494679306578885,-0.371805953066522
"916",0.408284039818911,-0.367036684225657,-0.150986762401741
"917",-2.63570017139019,-0.824568684629059,0.228441940021727
"918",0.28069404794124,-0.437994764564114,-0.0511556935861708
"919",0.882050253637313,0.165330499448965,-0.527943455933398
"920",-0.469904528739664,-0.952234707005599,-1.32816007938689
"921",1.1963689305265,0.590946460034504,0.50250869328812
"922",-0.887746918632573,-0.898037275267722,-0.733904314729287
"923",0.238218320668428,-0.359304279585701,0.467735836473431
"924",-0.755934131717071,-0.500785112076795,1.16505323180704
"925",-1.04667489868692,-0.480734730432162,1.44443836923004
"926",1.19086647845634,0.558761719184473,0.355197935530555
"927",0.424842263445239,-0.125171566913113,0.988798948445694
"928",0.501196374275784,-0.122374705678053,0.641331813124991
"929",-0.971309236214902,-0.997690158474645,-1.18223391847857
"930",0.0176069142329888,-0.571652248626193,-0.0836745376625613
"931",-0.778374825590089,-0.973018205171024,-1.18044040612102
"932",-1.37165721623025,-0.860149388649417,-0.299761397372105
"933",0.741394533062417,0.215734952965548,0.581756892126976
"934",2.96012831217348,0.809658045634372,-0.0380057859613932
"935",0.359339035392262,-0.45792312678241,-0.415298451629892
"936",1.4722242874796,1.06051666628937,2.31113158355237
"937",0.997779233780594,0.296234245083247,-0.370220303971738
"938",0.970758437096199,0.144660443879922,-1.02435805469396
"939",-0.82597171822072,-0.550396035229083,0.96477911007017
"940",0.381859837257586,-0.415145933614269,-0.286171597061874
"941",0.314765571320987,-0.336967016565312,0.344963213551711
"942",0.440486049868235,-0.320549579806599,-0.0564645729947511
"943",0.0470992059435097,-0.421172069474662,0.611510217441437
"944",0.700286178315563,0.119014541740018,0.428944896271701
"945",0.587288160054392,0.000872303400067553,0.747280860304269
"946",2.35564287841613,0.570241822358897,-0.96697081200686
"947",1.56381145789166,0.701353946019061,0.382220303153626
"948",-0.00292706667686668,-0.379367455644787,0.915971947190792
"949",-0.922074065634262,-0.701389423437529,0.270316943373577
"950",-0.0640217021488313,-0.708482912487045,-0.623046533260347
"951",-0.308742591502759,-0.652766691469273,-0.00237014050556625
"952",-0.915341162511547,-0.168023906725685,2.93308202414546
"953",-1.35565156340941,-0.764990791821136,0.169401556291862
"954",-1.93687893717225,-0.478549064284013,1.79942428196223
"955",0.603620782044179,-0.387195335331596,-1.30565165052468
"956",1.88760838013825,0.509617587607293,-0.935702974572802
"957",0.249150119650353,-0.483878909484761,-0.186384597906755
"958",1.77900152999191,0.732594534476088,0.283937380599365
"959",-0.0457212545184962,-0.770523566312504,-0.964099402955017
"960",-0.302503637504673,-0.716070768622808,-0.326256263071858
"961",3.34299927487857,0.72051087604777,-0.601349482045711
"962",0.0469160088527451,-0.529155334206005,0.0719580950766698
"963",-1.49704009529432,-0.884960146757136,-0.374568890750747
"964",-0.24607232662191,-0.647642889396745,-0.0535653274335948
"965",1.51983065070233,0.989100011225324,1.88267321577912
"966",0.180868644848445,-0.273847763460865,1.04829400897802
"967",1.53099222683115,0.409523829058208,-1.03123920293967
"968",-0.164247081083083,-0.461770309915022,0.765123966906411
"969",0.775916556496838,0.109975596468225,-0.19222210945051
"970",-0.401198432511257,-0.829344496420441,-0.782702832405588
"971",-0.862186716288368,-0.565474736544345,0.912838210028803
"972",1.09165746809855,0.376714549156208,-0.282826319941697
"973",0.489559947048455,-0.485871823952006,-1.11626456367203
"974",0.918819550192403,0.383723905417564,0.390349696693529
"975",-1.56446289644799,-1.01188720128347,-0.984548689729997
"976",1.02859391138514,0.521448938545363,0.645185061167272
"977",-0.711631501399413,-0.633477309159163,0.469590162479037
"978",1.15854158496519,0.525881037297402,0.273711435423705
"979",-1.45010736630625,-0.128666563699183,3.38900461793679
"980",2.01870405276574,0.837967605633429,0.595661885636917
"981",-1.06041152691322,-0.755237536394339,0.0792635756506354
"982",-0.514053116467741,-0.580813726197594,0.570412326411952
"983",1.01987916775727,0.406502248637592,0.100971105093575
"984",-0.913153990883281,-0.645506590396839,0.54434342056298
"985",-0.233939254743673,-0.244624621804771,1.9458956402597
"986",-0.392012062854481,-0.534825618319538,0.680224185722685
"987",0.478502736379744,-0.12461049568682,0.745235593756989
"988",-0.316485476463571,-0.770398684247197,-0.581471376370828
"989",1.84988389735252,0.548826324529981,-0.704773577998136
"990",0.756186164303377,0.235694469146368,0.573182633326387
"991",0.416360968260573,-0.424038954297197,-0.469566084212619
"992",-3.34252472675975,-0.849281331299447,0.216360892160917
"993",-1.17482353732236,-0.880876914382318,-0.491060134848305
"994",0.622012292808437,0.0835496449454151,0.914064146216133
"995",0.257445733331002,-0.0973623096591421,1.72201837457147
"996",0.46001179268426,-0.422191465774495,-0.653903511046294
"997",-0.295271673773179,-0.344451834431836,1.52322499617122
"998",-3.07754144455134,-0.569266094450075,1.57892850489641
"999",0.99115917071277,0.534525915359354,0.846048882699944
"1000",-0.664363870785311,-0.845603727747164,-0.626834768653942
