"","x_pa","x_child","noisetmp"
"1",2.53194548165702,-0.901840944674179,-1.17642301068733
"2",-0.72550105828007,0.351164709448534,2.00904938975058
"3",1.28812282967225,-0.51492152756504,0.209104469198134
"4",1.98869961665264,-0.656972706952152,-0.154373287428234
"5",0.898692120936721,-0.596021246376488,-0.45117493501642
"6",2.1323599209929,-0.522501299590819,0.576104486747893
"7",-0.177224616218356,-0.26308337514151,0.063492288170725
"8",-0.938643764734252,-0.165197507065048,-1.17026692455297
"9",0.307371819790209,-0.714086115419381,-1.56403016768921
"10",0.107700639901757,-0.461548603255139,-0.53152574507771
"11",-1.45549125673002,0.200322478844319,-0.382090724249558
"12",1.52747814250332,-0.54990137687588,0.166287592354313
"13",-1.75249039380407,0.305442254841401,-0.267690914786257
"14",-2.23748171154892,0.263637735454075,-0.978651836049895
"15",2.86756950632438,-0.882882352001243,-0.977156167417872
"16",-1.67319821993577,0.207123470896811,-0.658939739805161
"17",0.969079478051763,-0.603283269115703,-0.43718669674504
"18",1.15215066218235,-0.547124100408767,-0.0346749386250581
"19",0.742774622297197,-0.562477212768857,-0.402673611626616
"20",0.247260924226693,-0.769308801340615,-1.9059061344058
"21",0.926997721498493,-0.303353256235533,1.03264116791815
"22",1.07157317384011,-0.394765995748436,0.675085160027168
"23",0.575066850020507,-0.690886308736602,-1.18649563821277
"24",0.0696830197681243,-0.20161938642279,0.720222420880095
"25",1.5454473131756,-0.843413814807095,-1.29199114875198
"26",-1.25205622689471,0.438032756216718,1.15486562102122
"27",-0.190571952302582,-0.371817311933132,-0.501204272339976
"28",-0.0117819677565866,-0.366254506374309,-0.210539647269575
"29",-0.902528553133533,-0.150802671511711,-1.00287131535242
"30",-0.569062515983645,-0.30288722134281,-0.874481844970547
"31",1.02382073404725,-0.208705857925668,1.57342484541104
"32",-0.412276784771868,-0.479694821380728,-1.42938193106891
"33",0.729867853503482,-0.13162477428147,1.74120215531041
"34",0.379362232690794,-0.45358027570637,-0.186368788867
"35",0.704458513195913,0.00910356914726729,2.42415097924574
"36",-0.482790918950309,-0.055317643616118,0.550839235599759
"37",0.784447635599371,-0.660118100092365,-0.857901743403702
"38",0.61404074651364,-0.407032868778884,0.267085988353595
"39",-0.699028945311861,-0.288301550877967,-1.11809009189213
"40",-1.34768101871103,0.978511164378209,3.68549102813626
"41",0.293653611815373,-0.163699506709,1.17314506322042
"42",0.341725333410992,-0.333912330476726,0.373168144729614
"43",0.670383048086429,-0.722525870394109,-1.26226907117027
"44",2.92261666342899,-0.286890585297671,2.0187009465366
"45",0.160330291047793,-0.0446967197819214,1.61677267104911
"46",-1.03766077697442,0.142488287486695,0.125178077218903
"47",-0.800876980625912,-0.0796733404185444,-0.357058709796217
"48",-0.332290248038532,-0.233845942762822,-0.0506544749366207
"49",-1.86664295582447,0.295833272877922,-0.449946959947072
"50",0.139423456161239,-0.139726502311555,1.11649161324768
"51",0.888805020119923,-0.58370076870552,-0.396805696329647
"52",0.566659754906522,-0.20022131543899,1.2593125690771
"53",0.586364886620094,-0.20268136287206,1.26456591496883
"54",1.55734904919676,-0.415210002745702,0.855131341257931
"55",-2.84036824854155,0.443070844172164,-0.521986701660289
"56",-3.04408812433632,0.382385070628486,-0.943508563280244
"57",1.93529025387387,-0.655067877394249,-0.167419396817911
"58",-0.129214515251276,-0.206987492269985,0.417638675396006
"59",0.986799172355493,-0.199086919962625,1.59613648433225
"60",-0.7477726660655,-0.122882017345687,-0.421891097033183
"61",-0.705084579561532,-0.092187259326455,-0.153391648961484
"62",1.20078551123794,-0.617773205993351,-0.357615664995848
"63",0.385958990900181,-0.539640225661717,-0.609972058570192
"64",-1.07229581648286,0.169041502632671,0.178830804078931
"65",0.722966633120776,-0.402131454833975,0.383080908980614
"66",-0.712616330992626,-0.146761962797917,-0.446158353886102
"67",0.394401214760044,-0.364609903647496,0.273704702149355
"68",-0.788491616116511,-0.0736658614829665,-0.290910519449999
"69",0.813426544458575,-0.690716682843608,-0.988453875608333
"70",-0.650871539558008,0.0286265551415726,0.589058220525635
"71",-1.98200521428893,0.381114340186758,-0.148220314164253
"72",-1.54331034942622,0.18697634055375,-0.580992147046631
"73",0.976398021508407,-0.544824363618997,-0.139779643276179
"74",0.282589769920375,-0.103849488571263,1.46038645179298
"75",-0.502719615915906,-0.311443010567823,-0.771647607325355
"76",0.638327658117183,-0.470149296945694,-0.0275453324748467
"77",-0.314528764306304,-0.274128033322203,-0.2203632356866
"78",0.840768279587879,-0.653558970331863,-0.781850421125053
"79",0.168304765736372,-0.127508702356102,1.21219471392966
"80",-2.20704977180066,0.329145143962392,-0.6242877920099
"81",1.99729369094914,-0.685905832502524,-0.295457335804653
"82",-2.12271995194868,0.385002820688868,-0.267798636217163
"83",0.156836957485893,-0.673225483260442,-1.53004285477331
"84",0.675847870292669,-0.199581299557412,1.35702900217442
"85",1.6899391563382,-0.563192530126404,0.180862548288898
"86",0.417116329025853,-0.261370694957011,0.812593087951211
"87",0.0338143550933171,-0.443398114100742,-0.53518502250229
"88",-0.102843642873697,-0.515417130380322,-1.08530704763657
"89",-0.0778330504318764,-0.456325593354338,-0.753461256991931
"90",1.33007086470828,-0.47579430600681,0.429084984974889
"91",-1.15411887149501,-0.00650366083319778,-0.874986791606267
"92",-1.014701595389,0.395088401239446,1.44223342886624
"93",-1.49807815942631,0.370866513850141,0.405305091754723
"94",0.517840789845933,-0.616350632646641,-0.865813542202399
"95",-0.469670878581187,0.0205338136664508,0.957204069215252
"96",0.326681429073251,0.24902897634486,3.2720746006256
"97",-0.197985254574211,-0.184680576932745,0.422694959753637
"98",-0.832532048261571,-0.0123532748627673,-0.114086957560867
"99",1.20807536047086,-0.636054549506359,-0.444548718485029
"100",1.31386105568339,-0.336366759318568,1.11687907179159
"101",0.947759156377545,-0.590145966399185,-0.386518051743921
"102",0.0432599449525509,-0.256121790578465,0.413573251959477
"103",0.174174059497274,-0.412624431297528,-0.206441388612143
"104",-1.51938317604656,0.416951826179068,0.603929381308599
"105",2.08224097433345,-0.890413711508893,-1.28331933488103
"106",-0.194718332758622,-0.211818774642383,0.29220656780209
"107",0.804952182196267,-0.595692971287473,-0.519856875801755
"108",0.573525015876496,-0.197751625046627,1.27780232078507
"109",-1.2833432987514,-0.00118601853773928,-1.09911506984733
"110",-0.0112795266832275,-0.478999944815888,-0.77358161304482
"111",-0.183632478000269,-0.218260830105944,0.277540697973318
"112",-3.40900848708912,0.554421716078046,-0.266684163807274
"113",1.5763378411202,-0.822307069781514,-1.17069017798956
"114",-0.244344667883644,-0.0351137818108172,1.09506924672509
"115",-0.259907044494087,-0.257263466516874,-0.0417137784366831
"116",0.676854273725638,-0.669119961161927,-0.989823454097793
"117",-0.75559065053398,-0.00251206722565739,0.158278937686527
"118",-2.15380053808401,0.581958060141408,0.688021680327549
"119",1.6937746661865,-0.551926293587079,0.239030717779738
"120",3.35739195185114,-0.933587018743036,-1.09973265548726
"121",-0.530949499292657,0.293580862385027,2.19271703990452
"122",-0.826058817047471,0.0940114418366545,0.436736769459881
"123",0.816259523085493,-0.663057575948306,-0.847985642411565
"124",-0.678166845354948,-0.27469509912935,-0.996186857168612
"125",0.536198821800484,-0.308329063070945,0.6911889202209
"126",3.05833555515895,-0.834741220380072,-0.682702845675836
"127",1.1262227714022,-0.584752618213619,-0.239306603028334
"128",-1.02855089749568,0.460581549263594,1.73693524957244
"129",-0.389807906696921,0.222173808325721,2.12310260923233
"130",-1.13281424174202,0.144566491388101,-0.0751788391694326
"131",1.93580211901877,-0.785034007142731,-0.817031150791861
"132",0.662259127187742,-0.581596530165978,-0.564453146522815
"133",-1.84538841741019,0.340565430652863,-0.202155031040674
"134",-0.00631892480457646,-0.541717559700932,-1.0804193299562
"135",0.508264879867755,-0.436738892200103,0.0233504750885389
"136",0.66665869256748,-0.312689316338657,0.783786542174761
"137",-2.06070587048776,0.544115111913089,0.587379258114161
"138",1.88847576224622,-0.454256962908363,0.816398932724827
"139",0.69963164429612,-0.664019409562749,-0.945432097343754
"140",-1.85435786317143,0.345458914583806,-0.18791708213867
"141",-1.80899379008717,0.356209810310918,-0.0817202284620362
"142",1.97009755775401,-0.694086358811637,-0.347741230950367
"143",-1.03208633305638,0.0899514541982679,-0.124502303527447
"144",0.861816514477312,-0.461597418171633,0.193749695717127
"145",-0.131791570644859,-0.448392108452732,-0.793262450329472
"146",-0.543498792507352,0.0572950954369984,0.983714336677299
"147",0.11248398293809,-0.388779939960704,-0.161755093157499
"148",-0.919172184258982,0.511345813165198,2.26341495738722
"149",1.08296646473153,-0.539835237255057,-0.0427617025372575
"150",1.69283501478255,-0.830489828143518,-1.15423668191413
"151",-1.70066750729552,0.504165749189184,0.790805359432619
"152",0.473132995739743,-0.337712402640531,0.485357830034793
"153",-0.841761708692126,-0.0660907575748567,-0.409615124916996
"154",-1.31279353717819,0.154128658859614,-0.375506657361866
"155",-0.986002264568722,-0.0690744251879031,-0.809120209350793
"156",-0.133819936038636,-0.280917764484892,0.0410509451076035
"157",0.0109328446629977,-0.0573539048561535,1.36466648789579
"158",2.22411004948438,-0.633894205355335,0.054405455480125
"159",0.0718413427819716,-0.419922142660677,-0.368534044066733
"160",0.738848976921254,0.159879813562113,3.20596123599835
"161",-0.424316449609183,-0.260953254931163,-0.359177173743736
"162",0.133954687101647,-0.309955669009117,0.258705664502361
"163",1.45802080355427,-0.34856201361581,1.13630576440842
"164",0.890969010733463,-0.481283117764664,0.116869295484543
"165",-0.0256955749897767,-0.305711654955684,0.07308827270068
"166",0.989345687310896,-0.235770660659721,1.41448104814037
"167",-0.197437572651775,-0.341272470622786,-0.359391286464372
"168",-0.45556888532945,0.0185784449670401,0.97617361176327
"169",-1.83514618606401,0.0892957718132275,-1.44673899312615
"170",2.06926607943229,-0.440868109515538,0.959195655309
"171",0.404690063943734,-0.307336800019919,0.57039288850146
"172",-0.147920240734645,-0.263728155264142,0.105592415340027
"173",0.922311346256716,-0.272956685379687,1.18125738816711
"174",-0.922469615730573,-0.0809972798527737,-0.707009596291995
"175",0.70270265284315,-0.101333741384923,1.87052231741959
"176",-0.209462812156131,-0.267481693885724,-0.00970692716735652
"177",0.766744297513841,-0.133731282675447,1.76012662761339
"178",0.761908277665682,-0.428837003170142,0.280773067393685
"179",1.60364867421851,-0.488166490851546,0.513754577549352
"180",1.64168935884968,-0.324332848210411,1.35176073893704
"181",-0.710702082057502,-0.101365403827293,-0.214103593488488
"182",1.38297551481432,-0.734442522753521,-0.834205128693498
"183",-1.30299675614026,0.118139352361831,-0.537994218900973
"184",-1.11088458523483,0.114224875718961,-0.180121452395166
"185",0.484906964202437,-0.135064318613876,1.50978685398343
"186",0.458901787015324,-0.288255675066706,0.718998503333821
"187",-1.77338828439751,0.222632212605951,-0.707181324192486
"188",-0.889767700491342,-0.042874261037992,-0.428571354864862
"189",-1.78024396731883,0.256097181489823,-0.548114555380748
"190",-1.5766278715382,0.344924765664619,0.161099195895795
"191",1.26700533796643,-0.246013103123902,1.54118536452038
"192",0.17438331490179,-0.524731626894745,-0.766730411964328
"193",-1.11283103462663,-0.0571518722306983,-1.04119808890116
"194",0.675529607280135,-0.380350577271207,0.452916593029171
"195",0.518233456122033,-0.522548495174247,-0.396439331533528
"196",-1.93903639286757,0.743564210193374,1.70926671883821
"197",0.244140619575788,-0.0240056342882515,1.81711705867674
"198",-0.226903621040637,0.337235444082365,2.98556721287168
"199",0.125109880374643,-0.529012223916101,-0.847375165976959
"200",-0.153593183487626,-0.149586990257227,0.667612873718628
"201",-2.16596691553231,0.507635720195592,0.305237322423846
"202",-1.1851884867526,-0.0208976256489028,-1.01013021539902
"203",-0.709600681602498,-0.0647727789499045,-0.028227159615167
"204",-0.785254980334777,-0.161172310532718,-0.719092532837833
"205",-2.06974775217258,0.314844474374885,-0.5678234066842
"206",-1.01440928767655,0.116550703596051,0.0502416843452446
"207",1.85309231238222,-0.917624887226674,-1.51602521784945
"208",-0.674319378889835,0.0115828296900598,0.445002617792509
"209",-0.452916593972123,0.344393176493272,2.61060938433311
"210",2.12363807523784,-0.862218639376844,-1.12590759617422
"211",-0.958447251906696,0.412110704529925,1.66555982615228
"212",-0.055110529640605,0.095860709540727,2.03988116709915
"213",-1.42514881022763,0.320462782698422,0.266638878846908
"214",0.0222941792610318,-0.13658036748011,0.983682696483576
"215",1.95005583805698,-0.507920918951642,0.574609497875378
"216",-0.0504252007835654,-0.560891729924534,-1.2372730814309
"217",-0.03604174945717,-0.10216543797927,1.07648638919716
"218",-0.0035170355213515,-0.00734383732771815,1.59525016991952
"219",-1.93297137711096,0.603840044150243,1.01714326576459
"220",-0.43014096571795,-0.459711749850926,-1.36443854224532
"221",1.5314774444083,-0.760925346583964,-0.886758910182558
"222",0.459431992700803,-0.41414796712104,0.0900476944935726
"223",2.08633927759092,-0.354035409125352,1.40021263876554
"224",-0.862461300201025,0.393780101639876,1.83058889434806
"225",1.10883712310388,-0.456862056921168,0.388956549026542
"226",1.50050349020233,-0.284833918681745,1.47753193211014
"227",-0.769413475081048,0.144523306221345,0.854642022389522
"228",0.67738776000745,-0.457939292602509,0.0665254006339404
"229",-0.272520925754648,-0.431630512868144,-0.934919228448258
"230",2.68028946540826,-0.351481766892384,1.62322261215046
"231",-0.0202799458158122,-0.0661534997660964,1.27833364196042
"232",0.834833378043262,-0.521140942648583,-0.124249346874397
"233",1.79689359406676,-0.353578720227379,1.27892419083935
"234",0.372501198410814,0.781439392051467,5.98173204701577
"235",-0.534184282976658,0.0211294173304947,0.823386064475968
"236",0.443458476978818,-0.47823821369497,-0.245868952915589
"237",-1.89517283054858,0.00600709501559682,-1.93088361755439
"238",-1.17490136813339,-0.0102040360104734,-0.935959207401859
"239",0.006523531315946,-0.612523108038659,-1.41709579031491
"240",-1.10927944593283,0.252158197510658,0.513009065365969
"241",1.74798446366043,-0.787444851055352,-0.912954381483347
"242",0.187246421447645,-0.179478564890357,0.974641266847215
"243",-2.76598547587051,0.961360279502014,2.11588626864855
"244",-1.78408500627822,0.322730733187968,-0.219554835604204
"245",1.38113054951306,-0.620194036086458,-0.263993408597781
"246",0.0573689365354101,-0.221594131273957,0.604527721642998
"247",-1.10285307331547,0.0911829503535721,-0.277942231167324
"248",-0.543034126635724,0.0337280392486257,0.866906379692367
"249",-1.17244450230096,0.311158911026745,0.675831034231676
"250",0.85987504130665,-0.437789967141783,0.311338586080875
"251",1.94456715991328,-0.565377860935434,0.284990032878683
"252",-0.351857854536675,0.152059852697813,1.84333920171028
"253",1.00863952063599,-0.192209112806833,1.64556488184507
"254",-1.13450541001881,0.123807629581292,-0.182536883210163
"255",-0.507528025729591,0.178178354168359,1.66623313529051
"256",-0.589417990764768,0.347674702597686,2.33161166827429
"257",0.243146466612364,-0.38817632159449,-0.00485083598812529
"258",-0.712884349585855,-0.113601726433509,-0.281068182511091
"259",1.33519617828506,-0.644951416478902,-0.413762718473918
"260",-1.65226389725868,0.462782682163094,0.646905978453273
"261",-1.44607179520282,0.721564077243992,2.23889173604379
"262",0.963387460394637,-0.328906913978917,0.930703814109352
"263",-0.644421229783244,-0.0627790487232432,0.147953475603571
"264",1.60842893793785,-0.61026852853842,-0.0943691850102765
"265",1.27455391596503,-0.66888318773175,-0.568694657896526
"266",-0.913743481930173,0.116165535710279,0.301922265479772
"267",-0.911801273066976,0.153743096005344,0.494986467253828
"268",0.532644925210766,-0.426032540602592,0.0994169582332933
"269",-0.374654775116959,0.0351238957232963,1.21643021011672
"270",0.413966545063421,-0.473334666290288,-0.250352189927402
"271",-0.532749635141547,-0.0598626621586791,0.421565808137121
"272",0.959548450658107,-0.650365152462499,-0.679286745979166
"273",1.41572728028308,-0.793815001544876,-1.11293243706426
"274",0.151857255264161,-0.386578916719342,-0.102775816238017
"275",1.52952469336308,-0.511479110065999,0.359460429112911
"276",0.989819893108734,-0.676131122181455,-0.786993193223548
"277",2.27990951394433,-0.561845754407488,0.43543151490293
"278",1.23082673289233,-0.438351632493031,0.557815272749834
"279",-0.914445502069998,0.0690294345552416,0.0643735151630975
"280",-0.0821818332585452,-0.0927448387038292,1.0581697467818
"281",-1.83622025441296,0.716188819490437,1.68648836383646
"282",-2.02546249753925,0.68110703033631,1.30736172322435
"283",-2.82302734643685,0.467102308273513,-0.39117374968301
"284",1.36706985541273,-0.163775861587016,2.01020988046688
"285",-1.10954984372291,0.411525379641222,1.30926105901451
"286",2.02503429267176,-0.635765546209259,-0.03328806189396
"287",-2.7749846154033,0.586350705020492,0.235120569463183
"288",1.10430575020246,-0.601337229097899,-0.336353555905896
"289",-1.13942865365229,0.0320699120300382,-0.651565710199892
"290",-0.384729471697036,0.0259686903058793,1.15170024382055
"291",-0.292290266885498,-0.633120332533459,-1.97635486696884
"292",-0.286535985914911,0.141456118349466,1.90648282196551
"293",-1.26589736074264,0.447800193237307,1.1778839861902
"294",-0.377468143133606,-0.376382894076312,-0.846378444500673
"295",1.13868664579706,-0.326745559920296,1.05868461770009
"296",0.478920236404585,-0.36393078573057,0.359776523935715
"297",0.881237595028146,-0.649000721215716,-0.728870262106397
"298",0.437508661326189,-0.615338899649706,-0.93717608987244
"299",2.52431006257699,-0.28770233166518,1.89173055634332
"300",1.0681058063509,-0.776446497092772,-1.23560918744624
"301",1.31907199388834,-0.581492200666548,-0.105735774850301
"302",-0.889596842336843,0.642790720595657,3.00022102692876
"303",-0.145875344433374,-0.210606666862352,0.374320315772918
"304",1.21966728828244,-0.373646769635132,0.874567747070853
"305",0.449426545475667,-0.442570845140101,-0.0617342069600022
"306",-1.54259268585115,0.60722899058093,1.52131204885038
"307",-0.74747060208533,0.104261011467385,0.714657782813267
"308",-0.601976014572604,0.257253556414509,1.85018248849173
"309",-0.912233988481716,0.0623328981132736,0.0367812165719307
"310",-0.0512496938491736,-0.16201370837353,0.755956044756793
"311",0.591816771626473,-0.131750393030329,1.62403771971019
"312",1.35793177254356,-0.463851821033155,0.504673011145848
"313",-0.348406878711099,-0.0841421607568548,0.668643377167782
"314",2.44208213525694,-0.803892302147606,-0.717066210630415
"315",0.498777481445822,-0.426891131952724,0.0637205852330019
"316",0.0674040814618942,-0.346298918663627,-0.0060916986664908
"317",0.705724479268855,-0.553762698616506,-0.389141589833611
"318",-1.07230165271482,0.0744416303504555,-0.294181649422299
"319",-0.353438493660395,-0.263966708095025,-0.239692507126699
"320",-1.47699170293469,0.273455952648436,-0.0497006584730945
"321",0.361369557455324,-0.571584067964141,-0.79480996325149
"322",-2.15461437137966,0.496164619051406,0.258304298714217
"323",-0.0846550213286762,-0.3973287323196,-0.468327216665749
"324",1.4438893573809,-0.650703396604352,-0.382022197717753
"325",2.36764828900154,-0.657654556965779,-0.0118979569646313
"326",2.97721937477608,-0.453487314791048,1.20117090026365
"327",1.5483804019502,-0.87625260210789,-1.45467760221816
"328",1.03639331835733,-0.323291466262651,1.00899567655202
"329",0.965151469468479,-0.668564647859503,-0.766346518816664
"330",1.60352390800875,-0.0541655659809889,2.68369684087826
"331",-0.631425061998731,-0.156388791382077,-0.288348619913604
"332",-0.485777922630735,-0.256569110256228,-0.461639212741414
"333",-0.177245231573166,-0.204658345982019,0.355585144529238
"334",1.98949644831602,-0.610667976728882,0.0774830213034358
"335",-1.00544794287196,0.0124373917182301,-0.448858666753002
"336",-2.15716855793382,0.409862365068992,-0.175558743672504
"337",1.60773608199806,-0.66449031259456,-0.365823651036958
"338",0.461710685204512,-0.54525926836155,-0.563316247477773
"339",0.692720331750725,-0.458110287112293,0.0784107452089466
"340",-1.13984399960897,0.415686473016047,1.26564707688259
"341",-1.93121373128383,0.357141860359803,-0.214459430986592
"342",-0.639517141475275,0.151609185339122,1.23192659886063
"343",-1.31090606394241,0.488373805511963,1.29907050972465
"344",-0.96687913174132,0.255296878373878,0.860231471808255
"345",-0.862840025511596,0.063230753783214,0.17677316874822
"346",1.2328447503309,-0.543754726439155,0.0320200529162971
"347",1.20396163300322,-0.191889713063607,1.77375310588348
"348",-1.54956783630307,0.391961467299908,0.434883499329822
"349",-0.868895991750143,-0.0985960946622009,-0.649390952806585
"350",0.348945525278206,-0.586687165944066,-0.883182405200569
"351",0.646693304506908,-0.533949493684077,-0.339404928228315
"352",1.75559902109658,-0.619135647801187,-0.0678637788672255
"353",-1.69266397791809,0.141998961111247,-1.00977383158079
"354",-0.922943047212329,0.0868136137826327,0.130797102257711
"355",-1.75240091582983,0.108020295387792,-1.25469091020042
"356",1.03290389858569,-0.350023259223187,0.872984000739948
"357",-1.19039429331228,0.0194685621758864,-0.818696904524823
"358",0.144979032251725,-0.518856460461399,-0.772440891476876
"359",1.40737135430702,-0.619249167011694,-0.244701084495532
"360",1.56683934739327,-0.270339775000843,1.58432361267733
"361",-0.920443773640661,0.498879734172225,2.19772225219142
"362",-0.0675664156587383,-0.108800567875255,0.998883294049535
"363",-0.523143121840545,-0.117218502955862,0.155695157718144
"364",2.03911689723884,-0.361276027723786,1.34492745010633
"365",0.890717442572915,-0.211674542788267,1.46472781342752
"366",-1.57008472635644,0.303208878563136,-0.0382253399927476
"367",-1.29073076707895,0.143054018375171,-0.391337237906138
"368",0.434999875698535,-0.20442120071756,1.11495814849366
"369",-0.0296822215590574,-0.143166539263295,0.880305270138065
"370",-0.040359037956765,-0.334518450210733,-0.0912953952510873
"371",0.0859972905871637,0.0310430199908694,1.9042618140693
"372",-0.582669595759768,0.212117364452193,1.66942316982499
"373",1.58434029550607,-0.600353945708741,-0.0568789159945623
"374",-1.75808121926534,0.201979931776013,-0.791848359354873
"375",1.49642918037452,-0.527418795717521,0.262462335149074
"376",0.731384170317138,0.111750929586952,2.95930521120741
"377",2.36087497446868,-0.803006242552516,-0.741063834228183
"378",-0.208004130228946,-0.126382812112414,0.698135734030541
"379",1.27282561644249,-0.57134300213903,-0.082015675841551
"380",-1.79101904606679,0.175575772864458,-0.96361448887511
"381",0.316828005740586,0.525161126214065,4.64229483201958
"382",1.01879069353893,-0.723387827289662,-1.00340229234504
"383",0.723828764821075,-0.287622680475305,0.956324151484934
"384",1.45395310942761,-0.634262682819778,-0.294385678462484
"385",-1.3213806937616,0.652947233953982,2.10341192418149
"386",-0.817043573800802,0.00886216949676937,0.0376962643713377
"387",2.08404806586121,-0.741344435542601,-0.537249253198447
"388",1.03101972694095,-0.44499766386357,0.396839651990799
"389",-0.209355868008654,-0.348936304335863,-0.41680771380745
"390",0.226057580281636,-0.0361636946077272,1.73592786547695
"391",1.19104750026208,-0.749494308070196,-1.02222488639932
"392",0.673926376528953,-0.616547942669994,-0.729411110599167
"393",-1.13334277435654,0.0738666241302058,-0.429792581978009
"394",3.32561264320997,-0.738730949909029,-0.133278834997172
"395",-1.82012229222303,0.414942385595653,0.198913375597483
"396",-0.582644008997725,-0.041084000080346,0.403475278109455
"397",0.351322191908949,-0.616211236722704,-1.02833457750518
"398",-0.539863893891221,-0.368842852091651,-1.13895211785548
"399",0.360638258856185,-0.502942454840533,-0.452355573711493
"400",0.961982082697431,-0.603888651574467,-0.445192356675957
"401",-0.711344746757779,-0.11143763734156,-0.266166338098105
"402",0.151347926497124,-0.345900823526291,0.100003194160825
"403",0.661873024747408,-0.250685403139954,1.08977696822078
"404",0.984782688500456,-0.266750581782698,1.25642008014464
"405",0.566074877152375,-0.591072717910295,-0.695468919759836
"406",-0.457766072797003,-0.286081151692316,-0.551577010204378
"407",-0.375871257165215,-0.209312570902568,-0.00803114816368823
"408",-0.412880096784273,-0.409943827618668,-1.081798223346
"409",-1.41543740461644,0.406612643183426,0.713030677274198
"410",1.5631020439204,-0.646960988492127,-0.300686198629699
"411",-0.941292866787406,0.0327670094932353,-0.187292986078384
"412",-0.326970106371463,-0.412456786356226,-0.934158371565463
"413",-0.0337720006401514,-0.227806414409155,0.451436222608603
"414",2.32524640450824,-0.506604890689475,0.728167881880651
"415",-0.89324227634222,0.236081879032106,0.956722559834288
"416",-0.837224995417724,-0.26904602075245,-1.41123472252633
"417",-1.69665498471614,0.496491191221289,0.757565701658001
"418",0.505928671735525,-0.291081371470723,0.749459437080029
"419",-1.96973910512954,0.275180684155554,-0.665114934274966
"420",1.91210970971083,-0.623298698157566,-0.0185398230526571
"421",-1.47242251367781,0.054886378664591,-1.13552791126276
"422",1.74113528700184,-0.755342759591179,-0.755643125379292
"423",-0.407162909748118,-0.263940791706581,-0.340711040875997
"424",0.416911335330498,-0.59823039711854,-0.871908624873725
"425",-1.42097583390558,0.102572793391156,-0.816105833630983
"426",0.533855108912571,-0.56720968149897,-0.605359629504529
"427",1.37322036083063,-0.6778701956067,-0.556804494134564
"428",-0.783039792664145,-0.00329792371362992,0.076658351718352
"429",-1.71224571584707,0.181195306867982,-0.838768813212277
"430",-1.03460541529051,-0.00390008928971745,-0.599645889012488
"431",0.378669948374755,-0.6749081771738,-1.29371283168191
"432",-1.65465267298896,0.352631000394455,0.0929807428751272
"433",0.110077119232117,-0.443922783442728,-0.440449077163008
"434",0.857368531747321,-0.472504113553827,0.135895479378419
"435",0.416039231189706,-0.049207375796637,1.87234167944046
"436",-1.16811964886406,0.0511381337002853,-0.61548511109833
"437",-0.769482585744157,0.0318590481056741,0.291125105119829
"438",-0.0836053479341568,0.467726533028902,3.85846837332025
"439",-0.493263166713052,-0.190655517553941,-0.147742764357243
"440",-0.523818314173205,-0.452096965267977,-1.52016003070023
"441",0.196470838807278,-0.597215253119977,-1.10329815340453
"442",0.131078835839455,-0.224731196790164,0.681325081123868
"443",-0.466828849802431,-0.452159174186233,-1.40043524702623
"444",-0.996408048969416,0.0394258681808669,-0.292051903865601
"445",0.637481902103818,-0.377399752273697,0.435478278893952
"446",0.377227820133908,-0.362384062272169,0.267439000849728
"447",-1.95652756915104,0.254358658665474,-0.755342387254199
"448",-0.757159713665761,0.217040485252864,1.25166701912481
"449",0.235811961971639,-0.425505879621809,-0.199745827725891
"450",1.80801500125002,-0.843097607255853,-1.16361471382504
"451",-0.862952400206098,-0.282816264212164,-1.5537790185043
"452",1.72719132610568,-0.624062430450927,-0.105786722091094
"453",0.731944054645575,-0.588163995187778,-0.539817556607079
"454",-1.4082391780799,0.245259069644904,-0.0820563105942871
"455",-0.441340626666138,-0.238126207425801,-0.278747090808341
"456",-0.420909285615242,-0.333030094555669,-0.712882362296606
"457",0.327791845422637,-0.399248824307644,0.0318575963690617
"458",-0.0218070132943885,-0.294866926540854,0.132667817943117
"459",-1.442098467762,0.115999566952458,-0.782662371646086
"460",-0.687170652721944,0.0513887541206636,0.611135391527902
"461",-0.463843245265463,0.0525186357754822,1.12905612112245
"462",-2.4230671011351,0.394937819044076,-0.474986975874094
"463",-1.54775853714237,0.540523837991707,1.18030724485716
"464",-1.42767943774643,0.155850916449687,-0.560474805667006
"465",1.65091243539472,-0.590026201933617,0.0278091475592929
"466",-0.425833664926786,-0.0547321058242981,0.668947301031254
"467",3.08430208502673,-0.80038804070134,-0.503905452800498
"468",0.0390391290237458,-0.407550576744238,-0.349089830173505
"469",0.46548083732148,-0.468982664775634,-0.178313004963796
"470",-0.673564569164812,-0.13510557940049,-0.286521734768617
"471",0.866568646402835,-0.669417929225962,-0.841814777064285
"472",-0.0328966311641728,-0.539221111431431,-1.10442214745213
"473",-0.486947946419575,-0.155386554397418,0.0418316666947432
"474",-1.96698521957594,0.191641635449319,-1.07992710237602
"475",-1.04005498763755,0.481883630257621,1.81659312270526
"476",0.217611819464252,-0.569614598385098,-0.940947413884418
"477",-0.543575620833401,0.24572694209388,1.92570366390695
"478",1.90398743415422,-0.742303519988304,-0.617080932791202
"479",2.98347074149216,-1.02373762314078,-1.64833105931348
"480",0.659836088680786,-0.421081752040964,0.236076575186561
"481",1.2929280550955,-0.427789064338843,0.647582868266086
"482",-2.80928648056569,0.336344058945253,-1.036449984716
"483",-0.133620473482044,-0.218868420461487,0.351598643937443
"484",0.731384694787452,-0.686573735174139,-1.03231768924944
"485",0.444577321000741,-0.418877944162945,0.052021134102144
"486",0.353530213361275,-0.397844335923946,0.0657892711276572
"487",0.852301226117736,-0.63880180602221,-0.69938686391223
"488",-0.488017539972892,-0.101873621188776,0.307161537850866
"489",-0.548848050534908,-0.123271062787389,0.0690215040903894
"490",2.53681484729051,-0.695128040354358,-0.141242994386604
"491",-0.726378045035504,-0.0931880380386744,-0.21507578542648
"492",-1.01476323839903,-0.0465968853585383,-0.766339908453288
"493",-0.289703584329942,-0.31325715636759,-0.372557343225418
"494",-1.41267833045091,0.317980487613217,0.274338424286362
"495",0.598143651129181,-0.56397166246354,-0.531499905846969
"496",0.670537966535844,-0.417042442489849,0.265277986011085
"497",1.10737525764898,-0.717505410157367,-0.915206025275291
"498",0.236976800987129,-0.302142172447256,0.418385462397441
"499",-0.426617834535647,-0.111345119646308,0.384339649126167
"500",0.642732223718245,-0.246892631599648,1.09250273525783
"501",0.432157756269017,-0.317194737151763,0.548305028970322
"502",1.10537701373851,-0.317703776659879,1.08250805971095
"503",1.43542603222134,-0.0798131020812962,2.46783875236476
"504",-1.29990880889962,0.404064063405013,0.897165240104297
"505",0.331658697058563,-0.687761903154663,-1.40663369515518
"506",0.67444166790026,-0.492672041420783,-0.10960048752484
"507",-1.5483480486774,0.012757513972825,-1.4593758211953
"508",-0.373975402781196,-0.408146714839944,-0.99865120946842
"509",-0.366832418604055,-0.524439717589916,-1.56679542726567
"510",-1.79240754072825,0.577612144639303,1.04491359044543
"511",-1.09928253408318,0.357904359676406,1.06344109475571
"512",-0.0518220778392528,-0.410917986047528,-0.489371788340675
"513",-0.826407666524471,0.221350337568018,1.07240359045349
"514",1.04972656782448,-0.534503903937529,-0.0381194165173298
"515",-2.82183358427,0.353987432409388,-0.95601089341195
"516",0.27862869998115,-0.459922658662878,-0.324302084371275
"517",-0.94788504396636,0.205818217082749,0.661007624178816
"518",0.749466242159475,-0.687729810617164,-1.02358425846136
"519",0.892064048223471,-0.447802938664325,0.28507234879387
"520",1.04901383628497,-0.678440726789421,-0.758280093680837
"521",-1.26914316571819,0.0890709812403793,-0.62176810013013
"522",1.19691521526554,-0.564910657229705,-0.0956852507643983
"523",-1.89607182481384,0.269135198918321,-0.616234615011429
"524",-3.34188975257161,0.998406483221175,1.98457396901341
"525",0.700844271456621,-0.451177714338985,0.119774412530314
"526",-1.39996468481483,0.403500977904672,0.72267255870392
"527",-2.50472661200596,0.983084203799356,2.40383750694883
"528",1.93916113315074,-0.437066758982476,0.924240288204708
"529",-2.28230549942461,0.584782743415308,0.588505622721805
"530",3.32396823735593,-0.787565989672222,-0.377861342157531
"531",-1.0969468266235,0.00992057045896075,-0.671375557475837
"532",1.70669565461707,-0.728900285538647,-0.639675550686423
"533",-2.10316062835431,0.714681999621526,1.39913093155612
"534",-1.41201391011746,0.582588391868897,1.59845564515202
"535",0.0807340775618877,-0.190491521263219,0.789930923030465
"536",2.04693933369984,-0.750120472121731,-0.596106348187401
"537",1.27192184297139,-0.77745932495553,-1.1131320664001
"538",-1.15832516603639,-0.0907359736874404,-1.30481483160387
"539",3.05885515713518,-0.499795395096316,0.992167629459314
"540",-0.347494786297739,-0.22868214148682,-0.0523910726006291
"541",-1.08090552349492,0.109435604337762,-0.13842672798999
"542",-2.32302622530716,0.633820067723506,0.799596772590872
"543",-0.2324356949719,-0.0927935286797565,0.826350761169239
"544",-0.57382707906585,-0.337264516514261,-1.05721406020187
"545",1.62244096805043,-0.851237124846167,-1.29224898492329
"546",-1.64252160856694,0.27155970604532,-0.296230824863145
"547",0.629135019650937,-0.35665136790394,0.532052773813041
"548",-0.45224022991003,-0.247175878660611,-0.345870726307981
"549",-0.726185737415913,0.217798936451342,1.34037710946362
"550",1.4298084711741,-0.742958803046704,-0.850947674824218
"551",-0.534560489612111,0.10975651326203,1.26569734445397
"552",-2.96912784816861,0.58415689881112,0.107342498560028
"553",0.657245632702719,-0.403508150182437,0.321755693671377
"554",0.256202814454173,-0.456284536731247,-0.330819882429815
"555",1.91676412231339,-0.822454582501409,-1.01230969662339
"556",-0.356085306366843,-0.265991445216491,-0.254680088232295
"557",1.24101599651987,-0.654684926598873,-0.517703474531402
"558",0.168723562515876,-0.312185634565281,0.289306445880531
"559",-1.25851239031464,0.35294829041839,0.717358178234203
"560",-0.342967468004429,-0.303135041096247,-0.416409770717973
"561",-2.30509757811912,0.601833774452096,0.654568855260583
"562",-1.55130742051398,0.228160507270955,-0.386628856389682
"563",-0.0925338532867191,-0.510893916661807,-1.04759918461698
"564",0.971930073763433,-0.718285116336859,-1.01020201737565
"565",-0.900461573206409,0.0854714146087725,0.18407883365219
"566",0.147820561563564,-0.258289449151604,0.533818938265451
"567",-0.0135193683707333,-0.329487570201575,-0.0290765676363275
"568",0.515323657811431,-0.746360300475452,-1.51819445321249
"569",-0.296832464978984,-0.401244952098618,-0.824873289501453
"570",-2.45310649440448,0.463155814675677,-0.157025220188004
"571",-0.377645965808354,-0.0496419745345807,0.786992286158999
"572",0.222910083874138,0.302516282812073,3.42574937090637
"573",0.147873357656685,-0.218785718279932,0.731401155649676
"574",-1.55819894726278,0.0977725144897443,-1.0484672768838
"575",0.666214083200116,-0.34983510366409,0.597683795866643
"576",-2.52982454724171,0.654792502241112,0.743951122501026
"577",0.132503582921217,-0.561768883869483,-1.00212697373204
"578",0.317922129227652,-0.492523364169821,-0.444964688132555
"579",0.995754096150279,-0.614813138882134,-0.476305410558981
"580",-1.25836864584964,0.410753846053158,1.00665422578633
"581",-1.09158606213537,-0.092270375827677,-1.17057364450709
"582",2.409262906238,-0.818829892098949,-0.803129592549537
"583",1.3051031448927,-0.480201210082119,0.392625371484512
"584",-0.698599971413229,-0.0638410035531938,0.00533299837962468
"585",2.08549976516609,-0.798752020264783,-0.82370621614059
"586",0.279826640807084,-0.7141496441314,-1.59412840348318
"587",-0.979197066149398,-0.158587952101115,-1.23989933275992
"588",1.52144032063118,-0.747247416794225,-0.823580610360913
"589",-3.20813301487739,0.741367987862578,0.764909252437094
"590",-0.79828460244106,0.185151413478402,0.974667174014044
"591",0.863044108189184,-0.288036624416846,1.06246859998966
"592",-0.669478620871717,0.060148208751834,0.700100479570759
"593",0.0341818043769205,-0.227909954183816,0.542738981843971
"594",-0.858012002329779,-0.0598498875064366,-0.424967208226077
"595",-1.33063225110498,0.134039979950429,-0.507339550147839
"596",-0.136261534222089,-0.264409569793709,0.11990353765214
"597",0.730686417266129,-0.477087635007801,0.014549044936337
"598",0.0534545154663322,-0.436707749104357,-0.476101662270955
"599",-1.04518529713517,-0.0306716458012412,-0.758053712668739
"600",-1.12782498442493,0.335282746686842,0.888951449347318
"601",0.0606982713201085,0.195264047803601,2.693111174558
"602",-2.13804323813168,0.459958714989784,0.0926300276109522
"603",-0.847008709380031,0.1378270603877,0.594844603963948
"604",2.83219507421612,-0.761684620875571,-0.381557669087489
"605",-1.17734867100528,-0.0727526407486594,-1.25364643923604
"606",-0.809578934159363,0.0693690302703162,0.36246320127799
"607",2.16964459071554,-0.709250390494899,-0.343142527808932
"608",-0.830342509647667,0.0627475132125834,0.267827398196713
"609",1.02714184199759,-0.7019381529703,-0.890485705726424
"610",1.26081409379072,-0.828560398482841,-1.37523110951897
"611",0.524562049243282,0.00612383784648091,2.2527681642837
"612",1.49601507469521,-0.810571160012339,-1.15351776743241
"613",1.48200004149152,-0.669844852999943,-0.457300600827112
"614",-0.922778485353463,0.218909727552943,0.791711312969198
"615",-1.42646357366559,0.66294862953358,1.97696059210791
"616",0.535279538521905,-0.505486105909121,-0.295437418518482
"617",2.51382842948365,-0.529855870815301,0.677464103889897
"618",0.894455008539755,-0.133884793749202,1.85641274097865
"619",-0.593213843193716,-0.222329649399011,-0.527232588234413
"620",-1.87965354754241,0.903337367050434,2.57298682749298
"621",-0.512996244187282,-0.134056625822012,0.0933684639165791
"622",0.372652888819523,-0.767228951249294,-1.76145459921825
"623",-1.24413091466809,0.0105428025150845,-0.967647562878953
"624",-1.16942965888601,0.0577499813310458,-0.585091658926725
"625",-1.82101858232083,0.596839315311518,1.10735335313441
"626",-0.254996940072423,0.0273915490682524,1.3898146698682
"627",-1.57281907542621,0.360574316425578,0.244728215217807
"628",0.58792304837021,-0.427137468379754,0.143663826786703
"629",0.415963100726652,-0.547796418777458,-0.620679053150495
"630",-0.20598096491468,0.0165815667497538,1.41620964511749
"631",-0.429994387482703,-0.159950339201036,0.134657929942202
"632",2.1001627640449,-0.887928204243184,-1.26373970267479
"633",-1.24472165885854,1.01377009261795,4.04737165036914
"634",1.19728442977361,-0.599287934890784,-0.267344156216874
"635",2.05783463926472,-0.359022471871169,1.36380629725828
"636",-2.68302015131636,0.632790882986919,0.527121761054048
"637",1.55965122552488,-0.409873141237678,0.882992105713034
"638",-0.340898040051812,-0.440516796688575,-1.09956098344383
"639",0.833792503802616,-0.488321810674652,0.0390573597751137
"640",-0.202820788946883,0.196689530636769,2.32181758637124
"641",-1.00055042550225,0.187862447166594,0.440085635812285
"642",1.46695179553025,-0.374385721149369,1.01197560769569
"643",-1.31901731910391,0.357895657738436,0.632318412852123
"644",1.689058139127,-0.790373256347134,-0.955463515267972
"645",-1.33649325863173,0.500305188792633,1.31378459511426
"646",0.618111408861868,0.164043161929434,3.12600049609475
"647",-0.707268202400504,-0.00238790918550016,0.289854931348597
"648",-4.42231448498369,0.896903750023015,1.06942919181622
"649",-0.735106736102404,0.225550261976731,1.3549835132621
"650",-0.798480699892363,0.21745026415763,1.13558718922491
"651",-0.260881033188196,-0.0532900635353017,0.97651174081332
"652",-1.04331573453248,0.264842809500586,0.723836925621239
"653",-1.90813971409787,0.324757612921461,-0.351370082439786
"654",0.382935740331402,-0.315808039080036,0.506123740106418
"655",-0.766077538729772,0.0212989798747474,0.247944532599434
"656",-0.00534894892319795,-0.286528645412992,0.196842027507922
"657",-1.58522485385215,0.336087673258829,0.104829101180667
"658",1.17557931395264,-0.685331827228075,-0.71101456922639
"659",-0.567444155232243,-0.166151080842539,-0.187129446990217
"660",-0.422710002800871,-0.145737589206424,0.220052990999232
"661",-0.466912543997216,-0.134792417160449,0.186227214770094
"662",-1.00696680506523,-0.00585504278466793,-0.543973662412131
"663",0.451638798455372,-0.690312968511491,-1.29830162591643
"664",0.0282184112887561,-0.357294926805656,-0.112045319466299
"665",-1.27899113419425,0.395523777592912,0.892384800587499
"666",2.24651180774027,-0.331448795361401,1.57503540304226
"667",0.244550194911092,-0.499379065011605,-0.559291191520215
"668",1.65217830719119,-0.690087302213044,-0.471878213039772
"669",-1.95433307184415,0.162422216994611,-1.21270599445302
"670",2.93621839795932,-0.595173347814737,0.481165773450918
"671",0.804329076667272,-0.824880147687601,-1.66627360141893
"672",1.43126014063546,-0.470729296271526,0.510990915757465
"673",2.29022010913915,-0.928192883893413,-1.39251683230192
"674",-0.828485146386679,-0.0905190866143076,-0.493054675212261
"675",0.105533461080183,-0.438160405197516,-0.417277433006285
"676",0.491820989961826,-0.514865091356959,-0.382687914735005
"677",-0.87544805248841,0.486927000137568,2.25993346446512
"678",0.67728430970216,-0.402178389091173,0.345243539049691
"679",0.427455183318853,-0.469649426667506,-0.218589126630365
"680",0.647468109825237,-0.491467674000468,-0.126336339588158
"681",1.48597702764389,-0.712934075616284,-0.670637457558007
"682",0.958714828270092,-0.649500006357305,-0.675547964409678
"683",-0.704508709947653,-0.153113118588174,-0.456506842778164
"684",-1.95551267862479,0.331253898518555,-0.369794352381249
"685",-0.300716238561909,-0.314234442094744,-0.396597569768765
"686",0.909161384499527,-0.323990565026497,0.916591640498702
"687",-1.14053994187176,0.155871419248395,-0.0348851600202539
"688",-0.543794660569323,-0.236261957332697,-0.484725313871655
"689",-1.74266306900242,0.283839142920436,-0.363601861263201
"690",-0.783288576789577,-0.1503017601104,-0.65907641408026
"691",-0.989173797010524,-0.000523069376036869,-0.474145420536658
"692",1.27602223854672,-0.543215999041598,0.0605087696552352
"693",-1.60486360190827,0.518283946430658,0.988520884534834
"694",-1.15387318379204,0.134156251729925,-0.171179904763885
"695",0.75740465860706,-0.480426584380337,0.0192528629968157
"696",-0.439810923618257,-0.148060545570207,0.174632682534185
"697",-1.66741651516462,0.230950436895761,-0.532241782989684
"698",1.76842721068702,-0.392693215328522,1.07029125127949
"699",0.770391715141098,-0.380301634429555,0.530152216478051
"700",-0.310959519838408,0.327203233666129,2.79260130591037
"701",-0.456289941049362,-0.341178661392918,-0.824072091055909
"702",-0.0420469170446065,-0.105414108866475,1.05186825246294
"703",-0.197749312895632,-0.415287960638389,-0.729965722973458
"704",-0.684639440923564,0.0108208435094493,0.414812317756185
"705",0.483118573125079,-0.516048480569083,-0.396827724518134
"706",0.244772243411979,-0.198458304465009,0.945561345126511
"707",1.05396476171632,-0.431846452867579,0.477997717589398
"708",-0.800021676219702,-0.145712477024096,-0.684743645022845
"709",1.6178745058328,-0.844593665477093,-1.26129574118593
"710",-2.76792271792788,0.366196671686951,-0.861165041431181
"711",0.562626724159361,-0.384159921584356,0.33599891921218
"712",0.585177411031628,-0.222943784358551,1.16220236030619
"713",0.356404075431138,-0.353787139925863,0.289049638690748
"714",0.419791863502939,-0.477077856931586,-0.263293198125702
"715",0.905169099238409,-0.241391932351981,1.32668718387426
"716",-0.735473122650103,-0.0368610344939111,0.0419299259059652
"717",-0.557256944897303,-0.0908213473623266,0.212490478563952
"718",-1.57594177427006,0.673351286229973,1.80419990987472
"719",1.53320652551261,-0.382167083135886,1.00792753281076
"720",0.661639823019716,-0.231481840563,1.18559813164518
"721",-1.17845975351925,0.0891194376919679,-0.446526812709183
"722",0.752075563259122,-0.0824495029097914,2.00489837645042
"723",-3.38251189935893,0.372540989984469,-1.16383634636164
"724",-0.53524827087902,-0.170957699748839,-0.139381343547376
"725",1.74782466589473,-0.425444924549555,0.89697072849502
"726",1.25658177471831,-0.254481964089658,1.4926384253836
"727",1.18898021294891,-0.633733973228969,-0.444701833583343
"728",0.438193804587443,-0.307960456241572,0.600385647358076
"729",0.81109222508333,-0.369648036081048,0.615096293736529
"730",0.758679788154245,0.0144806149203945,2.49480130546275
"731",-0.688803055918011,0.343022250535052,2.06509061439739
"732",0.478196208433193,-0.489257603909347,-0.267545809951676
"733",-0.288077103917331,-0.304286064055836,-0.324889262536597
"734",1.25212914651657,-0.425153202333598,0.636622123221825
"735",-0.964851814073223,-0.162543093006421,-1.22387486955339
"736",0.81548948324952,-0.76937537334548,-1.38016482806307
"737",-0.468722678975332,-0.257526196950742,-0.431150531821541
"738",-0.0923328876438906,-0.374294455662031,-0.364308989752205
"739",0.723761119117698,-0.634665942897084,-0.77894702199339
"740",-1.20334269633881,0.159263267348313,-0.145357819752027
"741",1.28475310214536,1.34572279234519,9.51034697595773
"742",1.47058084296988,-0.718221350002982,-0.705262982198508
"743",2.59703681933541,-0.762804879673966,-0.459903213321777
"744",-0.622390484333431,0.036820424222391,0.699506403856972
"745",0.827477181621992,-0.439049193971323,0.280622991299766
"746",1.84881939717747,-0.75962135254649,-0.727906740333394
"747",1.90778244310483,-0.835725847591632,-1.08254768894847
"748",1.02366618026494,-0.457615206999014,0.32877324557182
"749",1.78455464396402,-0.493618040877706,0.573087801635286
"750",0.765237401305952,-0.47584040770446,0.0483903707792073
"751",-1.84068381083964,0.468166940457791,0.441245195959376
"752",2.14876927699184,-0.892131620875707,-1.26563749188819
"753",-1.77079657988545,0.250656403194063,-0.563927297679716
"754",2.42527195542302,-0.632892803794172,0.132123705273303
"755",1.51022828140636,-0.603344290393636,-0.109917280504714
"756",0.775271598186535,0.383047377006776,4.35073682408579
"757",-2.38482729594816,0.729363998668366,1.22720547782315
"758",-0.378143352041208,0.0330528409948085,1.19953220856295
"759",0.562564255687154,-0.605877681101637,-0.772646034172508
"760",-0.921028809658613,0.258308043412386,0.993318471191652
"761",-1.13891672506823,0.216259262596979,0.270453867927023
"762",2.69302718218801,-0.710835471698048,-0.169564951097642
"763",0.435844338716786,-0.320735103222136,0.534215214316029
"764",0.712507069285759,-0.427916143316671,0.245642550823721
"765",-1.03432560251105,-0.0251775216980998,-0.705380037860628
"766",-0.248333646854806,-0.323732826636167,-0.354664754496353
"767",1.39298153705206,-0.624143238146006,-0.277135778322085
"768",0.729910871106583,-0.511040482172717,-0.155841628391176
"769",-2.00233941643171,0.771985061963394,1.78519890142589
"770",-0.472277559444842,-0.288703883729215,-0.59434205562186
"771",-0.364044185182129,-0.326357972203948,-0.571211282038032
"772",-0.790943417750294,0.0595148945557594,0.367886592621063
"773",1.41667922920894,-0.742151794481076,-0.854093843268287
"774",0.788164376374116,-0.591937093435308,-0.514096344006015
"775",2.48672877923191,-0.270299686945583,1.96613087427093
"776",0.946600675214711,-0.595978474282984,-0.416501954925603
"777",1.12964467268425,-0.623169606280733,-0.429201821012616
"778",2.59347424038777,-0.804894206008365,-0.671503658579738
"779",1.30814864299827,-0.766958881520972,-1.03939329253826
"780",-2.80663877983016,0.394863058839512,-0.742206910051405
"781",-0.643438079283641,-0.170740565632613,-0.389436871185574
"782",-0.661930256574822,-0.231817148786807,-0.740721483424372
"783",-0.222339585110152,-0.173519679851555,0.439242445145455
"784",1.49760433364965,-0.638315386288354,-0.291401424295009
"785",0.272731137722506,-0.169855219696746,1.11957617345069
"786",-0.85284118022795,0.385739937911515,1.81770027201296
"787",-1.85830790168796,0.41905213616011,0.175565500435519
"788",0.574143014028618,-0.565912328885806,-0.562449720327295
"789",0.818367668254264,-0.636226079655143,-0.712213774584861
"790",-1.94118974851641,0.112647670050674,-1.44761607658708
"791",-0.977492734342416,0.545232359159401,2.28342630692948
"792",1.44763745931619,-0.151030480371308,2.11836905481925
"793",-2.15846722675689,0.521403541889378,0.3809529149147
"794",-1.1504090601647,0.0331269630775855,-0.669160028222124
"795",0.49154477359581,-0.296210986212829,0.710322353494782
"796",1.34296174397025,-0.382698046974263,0.901940407460605
"797",1.6610575048063,-0.471669142320554,0.624537809716027
"798",1.37519922925962,-0.538443070786997,0.141441142996255
"799",-1.10756363279853,0.00282676532000489,-0.729939100721207
"800",-3.13320815767866,0.409618943853777,-0.855211724006953
"801",-0.98347364169534,0.668949796336364,2.88722456908421
"802",0.265653621143965,-0.38086096753818,0.0567597203029801
"803",0.0197820870988439,-0.560604733209709,-1.13977679205528
"804",-0.091298417459629,-0.4113501236437,-0.548080456469963
"805",-0.219412016896352,-0.293600102795766,-0.156396147350379
"806",0.801348599421173,-0.705098586390911,-1.06966831482468
"807",0.641778787447139,-0.185238264971803,1.39996053027182
"808",-0.501112409861727,-0.252249446001914,-0.472272756792428
"809",-0.875032627020311,0.3457159400241,1.55503378360893
"810",-0.163651322205692,-0.320670832490136,-0.203309670714171
"811",-0.0928886125166929,-0.348765517962172,-0.237474341597894
"812",-0.192847399729088,-0.374681942141391,-0.519136461201401
"813",0.448550555717029,-0.487723032141559,-0.288344679941348
"814",0.456730415198214,-0.247556060011436,0.920403370346546
"815",0.381250532576204,-0.223486438274004,0.966020387320136
"816",-1.24628688400367,0.285218239825815,0.4016552052022
"817",1.00401779228008,-0.131746903962798,1.94470906984601
"818",0.0808597422329035,-0.336362955371197,0.060733041325433
"819",1.03402815595745,-0.680211232307078,-0.777197335055904
"820",0.883796775566648,-0.510019597483094,-0.0320799229857082
"821",0.366879522690022,-0.492578053603708,-0.394113731758053
"822",0.318068865591655,-0.257169022328636,0.731962916598058
"823",-0.601858023509452,-0.11488236184118,-0.0102197734405588
"824",1.52339823667796,-0.840705722134038,-1.28985352578009
"825",-0.000165838516680339,-0.547841023955622,-1.10270095231507
"826",3.48571430675548,-0.094955051541446,3.12418326861342
"827",1.06814481401709,-0.681971097971016,-0.76320638392588
"828",0.413261618040262,-0.501444577345701,-0.391602148719754
"829",-0.318448683626552,-0.279360528941145,-0.253477595975561
"830",1.06000661493938,-0.276960203344573,1.25645147856744
"831",0.268419779010978,-0.180905684668292,1.05958462261732
"832",0.615740105864406,-0.297570667857046,0.81587358918901
"833",0.228685108107055,-0.34890126631298,0.175220890476199
"834",0.933762128954511,-0.546181039462349,-0.176654537191528
"835",-0.394443480834077,-0.00848170420259342,0.961000275950715
"836",-1.01732129632862,0.224508129740058,0.583097448375503
"837",-0.669720561296134,0.191919569824246,1.3583455337365
"838",-2.8030598156851,0.627903576754062,0.425227211668635
"839",-0.0268681643020109,-0.651865757961501,-1.65930062548922
"840",1.64870235720742,-0.459502067572599,0.679349704415262
"841",0.686359475991984,-0.219904659068688,1.26416838187469
"842",0.280885552491305,-0.64709376893923,-1.25769323450761
"843",1.60251725664565,-0.612723965303845,-0.109598442384173
"844",-0.570782901221577,0.0699089998085152,0.985589302308195
"845",0.199678085560777,-0.0744491809109267,1.51425053667739
"846",1.15673589557044,-0.682569024012436,-0.70900793971971
"847",-0.145934829385324,-0.145208225352717,0.701221827741446
"848",-0.29014871600516,-0.182408204291827,0.280916940476536
"849",-0.317272646185865,-0.117860281310698,0.55611195091025
"850",2.12149822851875,-0.702021712679942,-0.325765337529599
"851",-0.689283661691338,0.317926278476952,1.9383691414337
"852",-0.768797628988,-0.176380309907853,-0.748133520044132
"853",-0.626409452974729,0.0307200835330318,0.659329263312325
"854",1.69490330004777,0.222944740256174,4.11392579586161
"855",-0.973117219004572,0.308764758196966,1.11196872612645
"856",-0.794034694940332,0.303145702861652,1.57705111756257
"857",-1.34246372537636,0.303410448979645,0.318974303465383
"858",2.36477160207466,-0.491142475907129,0.819640803967763
"859",0.0886811599399133,-0.509314400038291,-0.79414054519314
"860",0.1070678677799,-0.454736354763478,-0.498250245244704
"861",-0.601368461520216,0.217616575915252,1.65342522462453
"862",0.97542987919023,-0.504740297476906,0.0599656103770398
"863",1.33987298592678,-0.683856085356588,-0.605612161528042
"864",-2.08133772323506,0.490494481744763,0.299162860952141
"865",-0.76192947549234,0.59658165007618,3.13602554345986
"866",-0.737490167744604,-0.0880899664877969,-0.219711502614754
"867",0.0526096612672854,-0.36481096709333,-0.117712182810184
"868",0.473050957049692,-0.589297659801643,-0.772646727765377
"869",-0.571457768742551,0.0853561978273324,1.06128959015081
"870",-0.123443291782725,-0.387149051250955,-0.474515021677453
"871",0.216589630509328,0.0452807144110088,2.13236067694176
"872",0.255453884388071,-0.439451184135267,-0.247485243103438
"873",-1.7170853412585,0.168818232768517,-0.906768671662125
"874",-0.0926664664119866,-0.439914497353287,-0.692895387018392
"875",-0.808005604637192,0.152569182252769,0.783128444274613
"876",1.30803054463849,-0.175154147163132,1.91956180697258
"877",0.880242789441035,-0.522387827206003,-0.0965391940016683
"878",-0.224634184973404,-0.297434743637128,-0.184075086079561
"879",0.875638447160078,-0.674211325257,-0.85905679831337
"880",0.485912297779081,-0.342635901055386,0.472880189900357
"881",0.00319197732001835,0.388450004016086,3.58328572476145
"882",-0.319073769682575,-0.344488255062992,-0.580227123200458
"883",0.874275995734166,-0.525528082570337,-0.116648483001112
"884",-2.68130100437411,0.523711490716572,-0.0171277416009404
"885",0.528856481144498,-0.53500669931259,-0.448931642582699
"886",0.190612191201155,-0.685078336453167,-1.54942878409839
"887",-0.890248613908418,-0.075606356374668,-0.593547136667741
"888",-0.644594492360699,-0.0698663130060986,0.112090892504891
"889",-0.521731410659213,-0.216405048652236,-0.337182190624768
"890",-0.400431483593633,-0.138931272198642,0.297295064630405
"891",-1.23021150152837,0.727786600371191,2.64507910940599
"892",0.39730354281996,-0.519204564126636,-0.49634928127358
"893",3.06402209782419,-0.702694295467944,-0.0209227349796133
"894",-0.703377986471857,0.761544846416585,4.11975309082456
"895",1.8493151499362,-0.385992991350299,1.14045560624737
"896",0.114469131488108,-0.415676859099028,-0.2937861632827
"897",1.25492709751805,-0.425961637858948,0.634252249886129
"898",-0.134727376571114,-0.188311955311449,0.502710066302556
"899",-1.36495143274571,0.167744231350434,-0.397791426471376
"900",-1.29695428214871,-0.0269234307736856,-1.2524606756504
"901",2.14698286420654,-0.544381089822353,0.472419576849551
"902",2.06874615027357,-0.660773757526647,-0.140542099006213
"903",0.0856043166765117,-0.242611147843718,0.535494786719792
"904",1.03705147511991,-0.546221906450779,-0.105213289827388
"905",1.40180502459205,-0.70414572396291,-0.672257682109904
"906",-0.539082564024042,-0.0701326322238889,0.356319699446789
"907",-0.416321809374905,0.127006954685377,1.59626096002718
"908",0.163463675696647,0.00753076479670445,1.88164260731996
"909",-0.600443004670587,0.186089850144889,1.49796448528934
"910",-1.23569716048643,-0.135303471403827,-1.68086000931077
"911",-0.482779888270684,-0.367595605445366,-1.01052763397084
"912",-0.478266467449137,-0.273501804350308,-0.530693564028989
"913",0.48339942415535,-0.552988104050608,-0.581259715610325
"914",0.429517999095426,-0.714912536422704,-1.44287593714474
"915",1.74934331035933,-0.75521639235375,-0.751178609527853
"916",-1.17326073343846,0.489646821140709,1.56661626542926
"917",0.156956510088059,-0.315708799600869,0.257683514214956
"918",0.659836627488951,-0.699835305725368,-1.1576907383264
"919",-0.795427338420762,-0.0830864854753455,-0.358170388825043
"920",-0.153882663928416,-0.307413159998276,-0.121962305690241
"921",1.91249001627331,-0.550779314818142,0.344221450886404
"922",0.261200407187681,-0.436731359459315,-0.227512855478145
"923",-1.04067303821508,0.395233428377455,1.38190867898671
"924",-0.118127817950472,-0.310695051450202,-0.084311600474766
"925",0.081533442356317,-0.318720854925652,0.14979724045812
"926",-0.287925153361941,-0.0419150869916567,0.987228173610773
"927",0.328840558070336,-0.617845950012553,-1.06002200690542
"928",-0.819086592134835,-0.0471220360908333,-0.248301932261814
"929",0.784713832351086,-0.677173614662762,-0.942971370161847
"930",-0.0102608400285173,-0.195077953672562,0.64741676960725
"931",-0.588663329206472,-0.402147163998349,-1.41574784466316
"932",-0.167982714666229,-0.497826742435279,-1.09580689220945
"933",-0.0712493988779886,-0.28359958484447,0.119622239220407
"934",1.07221382444165,-0.660289178263235,-0.652107787399121
"935",-0.0548814810901335,-0.137052504354825,0.875638727335351
"936",-0.219850647106223,-0.231543367985054,0.153174602824216
"937",0.196447309800908,-0.0358501129626438,1.7035002361598
"938",-1.35273146083213,0.508826896668017,1.32841061434314
"939",-0.191042235666886,-0.479279871449939,-1.03926239030787
"940",0.816201668081084,-0.430843239089647,0.313041708344695
"941",1.1348818076735,-0.885927153742108,-1.73964624961952
"942",0.61683181266671,-0.575116955020058,-0.570910100252155
"943",-0.36630214754509,-0.437922350430142,-1.13322327463056
"944",0.22630462408028,-0.470058305223642,-0.433264675135454
"945",0.307183349932147,-0.452553767706934,-0.256570200834592
"946",-0.412709074556615,-0.364354699733686,-0.853520494761675
"947",-0.0837946030216594,0.0202466989520175,1.62079537923415
"948",0.30865712373354,-0.115023697978768,1.43265721301824
"949",-2.32616952097939,0.484995410340239,0.0528778403285898
"950",-1.33813200552049,0.16076901018643,-0.386739031188297
"951",-1.11731122758814,0.0900801920473215,-0.314657294252693
"952",1.00345935578696,-0.151348868727831,1.846316032039
"953",0.24243544174895,-0.403998603645411,-0.0847598117019707
"954",1.1813187280162,-0.594391237186016,-0.25273935670884
"955",-0.888880509783147,-0.136102365369352,-0.892283498647034
"956",0.468879818163829,-0.365171230233734,0.344000071673326
"957",-0.342054740054645,-0.368620376404315,-0.742178268103265
"958",0.981656534669753,-0.717140580825546,-0.997700592455315
"959",1.04227127469497,-0.212691949424331,1.56594590976368
"960",-2.02717042024964,0.632889941557983,1.06455932609978
"961",-0.423319490607781,-0.382739431145669,-0.966151451984601
"962",0.362550143854978,0.0630951628793068,2.37980208721687
"963",-1.18796587973604,0.245371616485919,0.315662091635106
"964",-2.30393504397582,0.833420316526231,1.81347377726632
"965",0.337777444058158,-0.340335179585082,0.336923845015035
"966",-1.14088241279519,0.0852400219082586,-0.388758743815971
"967",1.11983815234011,-0.319363539038278,1.08354208503137
"968",2.7597329988532,-0.809418334048922,-0.641947000056995
"969",-1.31212688172264,0.272322839587298,0.216647307145562
"970",1.47285935324881,-0.405781080253018,0.858154306978163
"971",-0.303060901602219,-0.313806964778101,-0.398563061514365
"972",-0.554702830181341,0.326795579385865,2.30629648478214
"973",0.490421865135267,-0.441354591463258,-0.0164542000431875
"974",-1.31498122068841,0.240731153995289,0.0536286045889339
"975",-1.95386570123313,0.334097588721913,-0.353834867147088
"976",1.49505556491528,-0.548391567367914,0.156874249909151
"977",-1.83153909431118,0.866537401040222,2.44363361669388
"978",-0.0243397047673265,0.0441743693318747,1.82438781824211
"979",2.8453033524801,-0.851362285099243,-0.826079764363153
"980",-0.445750698575542,-0.107367614081155,0.366223059040392
"981",1.22480606845088,-0.716914305992866,-0.838646534969135
"982",1.09706867739908,-0.429862559425442,0.516318122561765
"983",-0.0594980993388808,-0.647835326370611,-1.6848101226431
"984",2.34668130538071,-0.983675127156368,-1.64947500682692
"985",-1.91053009966941,0.271871750227905,-0.61840974863806
"986",1.3313038992138,-0.623963738163154,-0.311054675783943
"987",0.168289265650282,-0.561542615673292,-0.95799322765797
"988",0.202496661951891,-0.336538886553843,0.207062416616041
"989",0.130988694841979,-0.0866961880534333,1.37139020385081
"990",2.02080500023376,0.0788589237948248,3.53809503151585
"991",3.71075224785818,-0.931263751432683,-1.00649751628034
"992",1.71802984166796,-0.607724972203682,-0.0284234131121513
"993",-1.6850039223924,0.658340393212167,1.58180840588811
"994",0.10360546827412,-0.378593458359176,-0.121841976316919
"995",-0.818087694515959,-0.152729468459789,-0.773369619271641
"996",0.637287557762834,-0.1893260320615,1.37568043256388
"997",0.424144899133648,-0.388943063851084,0.18168108479653
"998",-2.2746292531388,0.579957080181428,0.570903873408899
"999",0.619249119146151,-0.266665887506454,0.973441411252564
"1000",-2.04604890309384,0.544161285496569,0.602072200873633
