"","x_child","x_pa","noisetmp"
"1",1.12980508132797,1.47979317189203,0.38986730008411
"2",1.31392628782264,0.824529020411367,1.52207529073518
"3",1.0752945149724,-1.17547653726779,2.50167987242663
"4",0.989519094310071,1.51386163536357,-0.320575034180258
"5",1.00060267189309,2.13164879822424,-0.404538888176312
"6",1.41860995897369,0.0411744699367883,2.45399580672023
"7",0.826012675989625,0.284501993221124,-0.662408289421529
"8",0.912040514172403,3.300400641636,-1.02689930329664
"9",0.754935159900729,-0.428188839575602,-0.455685009009798
"10",0.900124216079348,1.54635281413948,-0.775995783345136
"11",0.777361369826808,-1.1600825937345,0.966138744190059
"12",0.96939933195861,0.0262702068400696,0.218383559097625
"13",1.51384976229193,2.11744387119343,2.16446336666629
"14",-0.236776506222731,-1.80693345067736,-0.177368402716773
"15",1.03505905485545,-0.484119334823872,1.00773426264392
"16",0.929889802839899,2.50494984847073,-0.824948328473187
"17",-0.462245824239516,-1.83003575042288,-1.14209097673338
"18",-0.480442245326618,-1.90594298035735,-0.762997248478093
"19",0.89914426188424,1.68267816921875,-0.814831788249039
"20",0.754081433051896,-0.683353959370104,-0.138110427373761
"21",0.459295777959795,-0.994154192032399,-1.04993711939764
"22",1.32024818725624,1.16682587453142,1.43316547387995
"23",1.00616065117339,-0.0652410499669876,0.469351106603263
"24",0.840297701827145,0.786033499033371,-0.830840549866224
"25",1.11262223691528,0.308250425817467,0.75720020024117
"26",0.948670448927364,0.919585514599168,-0.340243591093584
"27",0.95920752184864,-0.13606644346121,0.290466835313831
"28",1.15087458264188,0.341122854298584,0.930258331787835
"29",-0.629980767127032,-2.01649114278752,-0.962778890553498
"30",0.77410253654183,-0.564326232074431,-0.199921187301188
"31",1.13760467196932,-0.732011823364129,1.85278114301081
"32",0.889999607141547,-0.578976441685353,0.398283552025387
"33",0.826026690188702,0.418818834456936,-0.735255794702839
"34",1.11667932669004,1.51469371637909,0.315008025350961
"35",1.16532656746249,0.0428388180792504,1.18642117327673
"36",-0.699723362714199,-1.99885247992439,-1.39004941990821
"37",0.301805629539452,-1.5101444804827,0.0743782031038947
"38",0.33757343997887,-1.55709943100269,0.559263884344784
"39",1.15887293857163,0.49397295350338,0.891236337728828
"40",1.09764911419,0.75161699127731,0.46985554540587
"41",0.509422938380556,-1.04170212297654,-0.688790875265812
"42",0.910574167626456,-0.586796870101205,0.511280121248494
"43",0.940384270847594,1.0151960350615,-0.415838512351065
"44",0.285443817793462,-1.75359370330399,2.0154811613251
"45",0.589957553638187,-0.503747934509213,-1.19480608546009
"46",1.00036568756167,0.20126965938836,0.258473895569635
"47",0.788680005306435,-0.417650295678404,-0.298375505511568
"48",0.84056017669761,-0.282279708036305,-0.174989637494832
"49",1.04590172922836,1.48345345132609,-0.0306255280840552
"50",0.724884534918432,-0.84817048191287,-0.0160152735745451
"51",0.728997641242809,-1.11989377717217,0.610201286478394
"52",1.16747815860468,1.00152842457599,0.724393440507983
"53",0.974662671558412,-1.0178230974617,1.58088275966831
"54",0.893744949704465,0.467250282217575,-0.421219622831464
"55",-0.738544572645731,-2.19435766162321,-0.852739971247737
"56",0.872765922804667,-1.20341660961223,1.5755955184129
"57",1.17321255980246,2.40457731786581,0.408595653117506
"58",0.950982267532824,0.564429044342185,-0.181797604233675
"59",0.144655039721662,-1.63077198251468,0.161594616847346
"60",0.946740780882544,1.6176166498533,-0.560947787268375
"61",0.989611696912116,-0.0745380178472765,0.393738730904858
"62",0.798702924532356,0.99017050956019,-1.115494919543
"63",0.790056148431021,-1.06015545971001,0.759549946902525
"64",0.839600189718949,-1.09959154496548,1.10847294735238
"65",0.86655034834663,0.888249409683266,-0.739200886544808
"66",0.951133511337376,-0.920085703403162,1.2522897071734
"67",0.421974364630759,-0.887872053188068,-1.45662842070918
"68",0.401265783089504,-1.21719782061741,-0.737563690299082
"69",0.869027982872394,0.239838129021199,-0.421375144625959
"70",0.966866125452394,0.0555151036071349,0.18535539168776
"71",0.572598256450042,-1.04432413193515,-0.366576481614791
"72",1.00954718613776,2.38906336099292,-0.407049728894706
"73",-0.906455505025696,-2.50993480876005,-0.934424149596249
"74",1.00736878104773,0.34298188470524,0.211713393390223
"75",0.681337204478004,0.231800398075353,-1.35506058439133
"76",0.742144562181962,-0.56906125739385,-0.353695539105856
"77",0.869275987682798,-0.157690108217657,-0.141392988121118
"78",0.783022297316353,-0.459123773043764,-0.28098698781582
"79",1.38269834714609,0.4795328519271,2.01745609872293
"80",0.929065007366438,0.699305054060728,-0.35126519747955
"81",0.681837166243518,-0.643087260472591,-0.55671346672935
"82",0.1386942274405,-1.60638624670259,-0.0692228556663345
"83",0.432775454028762,-1.13285176262179,-0.834974083968832
"84",0.981970242893226,0.521999619855672,-0.00683607249552037
"85",0.681932994938661,-0.00589467698171641,-1.195953061707
"86",0.845702366436262,-0.700799313010739,0.345752531793767
"87",1.00903390990297,2.66677952159508,-0.455082774164028
"88",0.674689368295944,-0.943956090277478,-0.0812206832135285
"89",0.951363189043956,0.523198929478947,-0.160445542584439
"90",0.564915263235118,-0.473000645532962,-1.35577540817869
"91",0.743507303731125,-0.623569023772235,-0.275184331377602
"92",1.18360967328698,2.81859987779544,0.395026934211262
"93",0.850016021184675,-0.111601644876569,-0.275202626788637
"94",0.78488397121883,2.08584884720139,-1.47414729831557
"95",0.60414974485568,-1.06802110701311,-0.150314713311609
"96",0.737578886136168,0.471748510969397,-1.20428700483517
"97",-0.265347056425415,-1.87510477834727,0.132365849635535
"98",1.17257323820049,2.56452937382155,0.378749890016705
"99",0.898576167991233,1.9284927959831,-0.873332363084414
"100",-0.82183288464342,-2.43725374977335,-0.654559569970484
"101",1.05298867693668,2.43923761099775,-0.198451123686731
"102",1.34969645697482,-0.200772131369809,2.29726271258358
"103",0.987204991851416,2.04396763721801,-0.4541599895864
"104",0.562835722693622,-0.985317390535531,-0.551894008535948
"105",0.894889457186403,0.574035940140169,-0.466712852619919
"106",0.798398555747259,0.0949989578336206,-0.683684230797671
"107",0.166144773463519,-1.45824063016044,-0.902431796266941
"108",0.69508593747246,-1.36511249888552,1.28989424138714
"109",1.04043182099329,0.292535448618278,0.405113705223953
"110",0.646443616053197,-0.440851213430924,-0.984256314565503
"111",-0.378424606955872,-2.00368158137334,0.238250910084638
"112",-0.794963129845838,-2.68978399945082,-0.0781913083374758
"113",1.07868256704947,1.90601622161629,0.0320186953989563
"114",0.653371431425367,-0.785174816694572,-0.482938996665405
"115",1.08580780080515,-0.941377315200156,1.96902663370422
"116",1.05242096925416,1.16444676799778,0.094784822668846
"117",0.907834059545207,1.23732750571095,-0.650830163673764
"118",0.865305540457089,-0.0735365246501549,-0.228563235737004
"119",0.888835768964764,-0.102373736176202,-0.0884250027438405
"120",0.936874676804866,0.11107953704715,-0.0019276898787077
"121",-0.0495341232949277,-1.6058507879178,-1.01461965237031
"122",0.728655064201418,-0.958751807223092,0.219671497918304
"123",-0.669109929410421,-1.95154178878394,-1.46344059408746
"124",1.18940653031926,-0.241913376900147,1.53214921972708
"125",0.492563334097262,-1.40783354327493,0.473059966166013
"126",0.916179540975327,0.264167468011916,-0.199868649354639
"127",0.895183202838794,2.2652965852572,-0.956824517534281
"128",0.26476279133008,-1.39378220428991,-0.732376482015223
"129",0.556778937176968,-1.16583061370018,-0.119789641879324
"130",0.620074611875497,-0.97498755839018,-0.288344549777078
"131",-0.246478487665548,-1.83335571840701,-0.0407065785897998
"132",1.09494068995117,1.75040123142784,0.148141258801126
"133",1.09963902774458,1.72896599276466,0.176641801348108
"134",0.968280760034158,0.0745806607377755,0.179424154612281
"135",0.360601444821502,-1.59466462426688,0.948647090512843
"136",0.960684977514972,0.88861799272625,-0.268666021627245
"137",0.724853482614346,-0.14661241982594,-0.872667938030375
"138",0.525002598868343,-1.61870739402315,1.96208090048004
"139",1.07890966187723,1.05493093285789,0.263163197924332
"140",0.981528568977656,-0.510429594657622,0.770982142628519
"141",1.08177498763906,1.10241287108632,0.261625626829334
"142",0.887631877740358,0.324399123338271,-0.376751193533085
"143",0.827392597089691,-0.722926749826758,0.28769566938584
"144",0.8114068064119,-0.643994642702681,0.0923970323970671
"145",0.809028799084637,0.0903085567514762,-0.627407231715076
"146",1.30381635263342,0.785075070896588,1.4871366655512
"147",0.928388654569216,0.483620636211765,-0.256107681207948
"148",0.990356812662743,0.598986637869801,-0.00079869529445075
"149",0.744795837886931,1.04671312270154,-1.40461455253581
"150",1.06945507547301,-0.218309681707836,0.911369305696408
"151",1.34976211324334,0.650110291533394,1.77342683206414
"152",0.700774925795354,-1.3420620319806,1.21996859968677
"153",0.791463289817446,-0.299011660308866,-0.404659925846837
"154",0.735091834410176,-0.923097150831148,0.178133345097503
"155",0.774279014865689,0.0145303222512277,-0.748899151023137
"156",0.94954756570365,-0.381488548185248,0.46774816827399
"157",0.805639712065532,-0.803876013400437,0.309904962231175
"158",0.656641537849417,-0.85689796243978,-0.341325944470347
"159",1.00864388680784,-0.182063061287644,0.575943177420766
"160",1.08199846166152,1.81969893952418,0.0675938182336466
"161",0.903028415989566,-0.00280966073400102,-0.0927094081793338
"162",0.857936860938384,-0.342149393202488,-0.0302729420639283
"163",0.88637554500713,-0.987405482063956,1.07042595485529
"164",1.17263517083225,2.08510417606615,0.464756341427101
"165",0.962238850327438,0.507243211042956,-0.0983878428827688
"166",0.89502554545346,2.61327813434099,-1.01676537477538
"167",0.883762787669046,-0.663566748553725,0.481745569365091
"168",0.646554962399381,-0.107903250338814,-1.29544950965571
"169",0.826480237924701,-1.11010731007371,1.07099346183115
"170",0.611883189910923,-0.190046414944518,-1.40104360597273
"171",0.848096356899666,1.35824100487955,-0.985152775930516
"172",1.04098999396395,0.971785786089472,0.102454083720542
"173",0.879035943156468,-0.11760219467177,-0.125309140678453
"174",-0.371152981731242,-3.35640310451872,2.73600671074674
"175",0.763133358846921,0.977078554708985,-1.28871179966218
"176",1.16761425825456,0.691057525138172,0.844987644260439
"177",0.208112982962379,-1.30675002081838,-1.38517194982148
"178",-0.483547176222336,-2.02781205093321,-0.181735688808351
"179",0.779717565476864,-0.0482722828134571,-0.675730380171259
"180",0.882974727665031,2.00968583233454,-0.968328773387806
"181",0.84232798399391,0.708632389133037,-0.788892824701125
"182",1.17511766505639,2.55601688469437,0.392846023864432
"183",1.13760995827403,1.49594415151365,0.424598964339726
"184",1.0277522314859,0.975000249488933,0.0351211182618121
"185",0.806399526363682,0.157617348614389,-0.684266048088504
"186",0.603217498738262,-1.24816741126811,0.376085647485706
"187",0.585691967592627,0.223479515876656,-1.82831831629735
"188",0.687135844923061,-1.19478150701182,0.620225636351921
"189",0.289259156865308,-1.22272230525766,-1.27950265541894
"190",0.602724615101534,-1.17838477947225,0.147638807755375
"191",0.686219003935871,0.00852176169868116,-1.18490878952154
"192",0.738305828407453,-0.497199177927866,-0.460782960256492
"193",0.498114486300082,-1.09803387288972,-0.603079061671508
"194",1.37785680234459,-0.148570827266196,2.39396160116724
"195",0.682229020419233,-1.2816678858352,0.890648657768122
"196",-0.585187099593602,-1.94335156304843,-1.0855578760463
"197",0.999696050707119,0.584468738673385,0.0525198491827062
"198",1.0923680947923,-0.667385826984229,1.53022867375925
"199",0.909244318571113,0.222057620691287,-0.209704256991234
"200",0.671760697425372,-0.759845167356181,-0.432440057140329
"201",1.17539459232645,-0.254529896202216,1.47352555082695
"202",-0.0259327337023679,-1.71288110235848,0.0917190580570278
"203",0.945385168626926,-0.283360761792734,0.350149141123065
"204",0.350534124421092,-1.3302535584232,-0.579815364744555
"205",1.39131229148221,0.375854733128048,2.11369975466249
"206",1.30958405261826,-0.0993148529176855,2.01290315751669
"207",0.956671609568579,0.912628019525394,-0.297672294295595
"208",1.0001160416945,0.745360956672691,-0.0152422045562647
"209",1.17619211990654,2.30762166243817,0.4405479038403
"210",0.714724548701537,-0.79906742687239,-0.152846063527598
"211",0.991444016870287,0.626000996266099,-0.00751030764219326
"212",1.03388104943155,0.439835515109289,0.29325370446238
"213",0.692650713042488,-0.501474123023092,-0.6840265372026
"214",0.759557774170231,0.122706138291452,-0.896105728981669
"215",0.764260971192328,0.398131830090123,-1.03332709172802
"216",1.06805124351436,1.23552893430418,0.150804212865219
"217",0.714297386012737,-0.589753083555051,-0.466252750682837
"218",0.564799349979543,-1.12279352931635,-0.202817260666418
"219",0.924760574679069,0.704136983256408,-0.37483279515946
"220",1.07460847296808,-0.118280102320588,0.853096751885661
"221",0.621343742247536,-0.60929064227267,-0.90523065083094
"222",1.23401862053979,1.58465108561006,0.883701769053309
"223",1.12803257324527,-0.824839751360643,1.95813355843476
"224",0.413927317522479,-1.08518474554629,-1.05762545171158
"225",0.783932139751675,-1.3669425222429,1.74214365831617
"226",1.06626463743057,1.31584831953714,0.117910654603657
"227",1.15586360399084,0.380194260868614,0.934148147326788
"228",1.26866981425141,-0.00168781401053082,1.73468689000874
"229",0.982477108518427,2.746771847443,-0.600034342298218
"230",0.465452505267714,-1.32225690745094,-0.037454278122604
"231",0.952999446678369,-0.456203065138911,0.565614709100755
"232",-0.404040090692077,-2.16197691526813,0.716949474542486
"233",1.07324486884361,0.560327404130901,0.43142494215047
"234",0.719606092170497,-1.19600441605,0.786405801428599
"235",1.06536756898545,0.333977711173829,0.506641325298223
"236",1.42599948810452,-0.28906165522076,2.75858511517775
"237",1.20986122205334,1.66295214427373,0.743518992903468
"238",1.13201359835783,3.08113178419379,0.10070613638446
"239",0.623147187468258,-0.388916082916541,-1.15652273574391
"240",0.997256226076652,-0.328102542461232,0.652439283235216
"241",1.15897861060384,0.454338075427171,0.911410806364761
"242",0.864621454646412,0.718352020298652,-0.681507861762597
"243",1.2342090161149,1.46071852102355,0.917004273307868
"244",1.02496121831282,0.443084622273319,0.247005460308077
"245",0.984914643996004,0.416444831227763,0.0604101357893604
"246",-0.458768376139135,-1.88542464142732,-0.772926282436105
"247",0.924924578366874,-0.214820469225961,0.185649556983475
"248",0.561244458357609,-0.994769042921845,-0.538816126463549
"249",0.793834599343011,-0.344227003250699,-0.34871369457648
"250",-0.0307729762480358,-1.75945512816778,0.483582406123948
"251",1.24734186341856,0.70234466831551,1.23883159612191
"252",1.13858543464439,0.0354907165147673,1.05783909749972
"253",0.89215213583195,-0.397179584391787,0.197174091891759
"254",0.518234695990738,-1.31051228319306,0.180065259930005
"255",1.02522871274731,0.307828014386508,0.320469484098721
"256",0.999002840744816,0.499508206658574,0.0891864410822065
"257",0.71100149295068,-1.1652549761737,0.64961452820161
"258",1.05942062766105,1.16593320391786,0.129311004405033
"259",1.02184217979347,0.317836023126825,0.297944503597228
"260",0.881285823981792,0.358440340642117,-0.427094132101349
"261",0.892340353160684,-0.00132309437730036,-0.147223806477353
"262",0.545730694530791,-0.671042249585534,-1.19771016092049
"263",1.27299535090587,0.465964203760844,1.47567331537617
"264",0.709213309632546,-0.0307416450200329,-1.04134153630335
"265",0.347862757838824,-1.3090265812261,-0.67758451223195
"266",0.994511120629861,-0.0119459664434626,0.371336008045429
"267",1.03251692035168,-0.220386113734986,0.72850874826923
"268",0.997420530033079,0.957693288223804,-0.110350505546877
"269",0.652512098121578,-0.497310771275442,-0.88962055975155
"270",0.658203672302601,-1.00608353281913,-0.0284356476676383
"271",0.705303552977064,-1.05926574882567,0.333578042064175
"272",0.976472098784688,2.20456050415071,-0.539118588740871
"273",0.471352835184673,-0.780831683179499,-1.40023699667373
"274",0.979103006794118,0.57674647672658,-0.0468956070371806
"275",1.46612721028797,0.581188464553575,2.38618119508893
"276",0.935640305214753,0.750471832356493,-0.339719289182992
"277",0.86550063573601,0.928236124318062,-0.759267037559885
"278",0.691201699106568,0.991055797512693,-1.65331286440519
"279",0.787631523035932,0.232268630190074,-0.823867605093687
"280",0.897373185014099,-0.391535729397075,0.217348289457203
"281",-0.116829260941311,-1.99152862680913,1.49090689246421
"282",0.64428562431821,0.08967304431306,-1.4506986421728
"283",0.763232732875595,-1.03057951804753,0.553664449087078
"284",1.12871957852445,1.73785139408233,0.31996181437143
"285",0.719540849574155,-0.825606075099395,-0.0829798726127744
"286",1.15285718486373,0.595548624283371,0.813265415201714
"287",0.742906311630438,-0.320087967477805,-0.627143956265819
"288",1.25966737147416,-0.22179163504736,1.86550194193569
"289",1.19765368248568,0.473894694520552,1.09502219243434
"290",0.583239576712016,-0.85284262448371,-0.715749779915064
"291",0.826383264075174,0.0743157807935731,-0.529884084905567
"292",0.848890537492773,2.6896442122925,-1.25931739464321
"293",0.957833181713682,0.56988832712016,-0.150076159335099
"294",0.872700814225137,1.62224469658765,-0.932296175914465
"295",1.02041345885558,3.56228947531672,-0.515446504920843
"296",0.878165323144472,1.41868418647552,-0.851751944396345
"297",1.06510179684286,0.530676675846601,0.404678309725352
"298",0.973367968146658,1.86754605228566,-0.486185485815482
"299",0.953585665500121,2.48614236100072,-0.703350766701882
"300",0.734860362943179,-0.312512505595166,-0.674720043600303
"301",-0.790754641438697,-3.14935842564004,0.470103709607528
"302",0.864626216114771,-0.155976124253687,-0.166065688084408
"303",1.00355641075988,0.803404373611568,-0.0214649308441481
"304",1.46236848042719,1.11091496069868,2.16179909887139
"305",0.989576876293488,-0.304972130086196,0.591605646830122
"306",0.686208034064193,-0.0820166834069673,-1.11749872048571
"307",0.877874108720172,-0.295176965832903,0.0237464885522608
"308",0.76019336616969,-0.859553837969384,0.181311352991345
"309",1.21010062557493,-0.642574968252035,2.08389176923334
"310",1.44429957635628,-0.0250863533246248,2.62991013618343
"311",0.896611051160393,0.0414609746248012,-0.156198134655872
"312",-0.550166995540348,-1.96451371044763,-0.80421651929906
"313",1.01770233514891,-0.367606163285792,0.794231925615851
"314",0.978516125591759,1.69308919271778,-0.420468873056913
"315",0.929563277239231,0.28974196388543,-0.147641803596163
"316",0.9550432938237,0.279105892766378,-0.0141670036254735
"317",1.27715382894977,-0.410680694337032,2.13651456339575
"318",1.00308560803046,1.15182416014879,-0.147866494757523
"319",1.39930854503771,-0.642184579142094,3.02938904081689
"320",0.848321320531659,-0.575257609151289,0.185110219250294
"321",0.237149167776656,-1.50570642102971,-0.275955904655937
"322",1.285484655354,0.358662600037716,1.59378006726063
"323",0.861268602080431,-0.533665542805969,0.197738053458868
"324",0.897000688601721,0.889853225597332,-0.587550654145524
"325",0.879174641586272,1.33113925280184,-0.821980694876171
"326",0.353641853030562,-1.26641967055396,-0.8076436195665
"327",0.860689643189301,1.41804256067725,-0.938953371695051
"328",0.782772004592207,-0.511835566679686,-0.221123809310609
"329",0.384486404363825,-1.00784993238195,-1.39298731316289
"330",0.547536970119295,-0.746064373789334,-1.07554041351024
"331",1.23698361576442,0.96260330141572,1.08570302195129
"332",1.09081625375721,0.931211231921065,0.366223252980297
"333",0.726511397842931,0.542527100132856,-1.29389150555518
"334",0.843525127766237,-0.205235136707012,-0.229721250168736
"335",-0.148823172189726,-1.81099077233454,0.291705772756411
"336",0.121785594692284,-1.50901722400583,-0.832621874286635
"337",0.925029868044719,0.959535781548621,-0.472965595276012
"338",1.0094669740134,-0.415344031576223,0.803078367697233
"339",0.247322938963633,-1.12645605023027,-1.78007278548038
"340",1.1708555400223,1.35956667537406,0.628265509697145
"341",-0.701891673089811,-2.48009454643702,0.0313852268341707
"342",1.12311978211575,-0.35443492168608,1.30794976288173
"343",0.83309223644625,0.393963147282536,-0.686983028428993
"344",1.14763216715188,-0.858466701164121,2.11650639390727
"345",0.935261257065177,2.70874568651547,-0.830377950435892
"346",0.901176339257629,0.0767619369300515,-0.157572466060913
"347",0.586525416684584,-1.11189775376679,-0.123943157618687
"348",0.681634876232173,-0.67890376414528,-0.506825157423161
"349",1.36954741656034,1.84599307282105,1.4994683006194
"350",0.17152112770743,-1.55380216036788,-0.293748619789407
"351",0.890691263458604,0.485434820309593,-0.445487150918687
"352",0.865067619629763,0.991338902779048,-0.784082942228032
"353",-0.219795829739215,-2.18599882240684,1.71503614503242
"354",0.664343796896201,-0.742706447543974,-0.496803501480697
"355",0.868534684488739,-0.2279958164726,-0.0846636756482602
"356",0.99415090955613,0.41435127265037,0.107674557359582
"357",1.1127189695215,1.01667666006569,0.445321410805936
"358",1.01353884636293,-0.184373575740295,0.602385547591599
"359",0.823704419316942,0.0170937958385245,-0.503595802788032
"360",0.971151558853141,0.567722367415422,-0.0824804156059001
"361",-0.218258143233977,-1.72523267445661,-0.75369002621187
"362",0.164598392969812,-1.58051163231734,-0.13806019188119
"363",1.0565218803873,1.15380053775594,0.118682634807321
"364",0.68180534772721,0.165305075113991,-1.31207762705772
"365",0.979903722232674,0.155164757876232,0.184805621646961
"366",1.09589456658901,1.30807647338567,0.268332128241522
"367",1.31876406911124,-0.26698089864247,2.20179817992224
"368",0.408465257355527,-1.03114434892376,-1.21883369263965
"369",1.12127491697025,2.71311707670586,0.0990265658267015
"370",1.00428802830569,-0.157301684417271,0.533344343516856
"371",0.812411724581863,0.352712039004515,-0.768366020075835
"372",0.618778626872297,-0.518881466498787,-1.03264730984906
"373",1.43675844400411,1.65944483374692,1.87885747371256
"374",0.991007451002614,-1.05895818011901,1.76133465423844
"375",1.02338761849521,0.906702644854124,0.0381014434609874
"376",0.761204481638913,-0.757241618862142,0.0105958332789763
"377",0.343782634403356,-1.44539943879615,-0.0824896732623791
"378",0.978905954570441,0.291282725963214,0.0981957251179068
"379",0.573918765456462,-0.71136965707415,-0.997282744644871
"380",0.98369758665656,-0.05726040832119,0.350960436343175
"381",0.972485035661662,0.55717137855041,-0.0709011856293158
"382",1.01778661662331,1.10978298606336,-0.0607390303354241
"383",0.804735523202581,-0.0667687994013324,-0.536606563027348
"384",0.538175108526211,-0.226232868961191,-1.73802713424034
"385",0.549969203607757,-1.16873921375805,-0.145178372486009
"386",1.37902713371953,2.85871431982357,1.3663220084213
"387",1.02905019853994,0.993911130341365,0.0349250648232439
"388",1.04433969442484,1.80566090698739,-0.117535161426457
"389",1.13369575293489,-0.527879874549104,1.55281918319226
"390",0.93779496820346,0.304307974927734,-0.114722073960156
"391",0.80185535706692,0.118897245608425,-0.682138208123329
"392",0.745726605038133,0.653089181929051,-1.24805493207546
"393",0.895928894912273,0.212733774488655,-0.270668613792307
"394",0.71935529181849,-0.96923772744143,0.195606573338697
"395",0.930952181256713,1.09498783583032,-0.490036907401233
"396",0.881207354018627,0.38574695541288,-0.442075664998625
"397",1.59055508359189,1.55298071454842,2.67445307481879
"398",0.501163328164539,-1.15589407373819,-0.427119743374253
"399",0.859168929662342,0.0194750734512709,-0.327963695887634
"400",0.983437836940756,-0.512195337457451,0.78263486676057
"401",1.07019285327361,-0.100835914874108,0.817146339110128
"402",-0.0505944456685535,-1.60245356600071,-1.04676490808895
"403",0.9943651361132,0.726873647693873,-0.0363470854479033
"404",0.639925042424472,-0.336093814157641,-1.12634204102264
"405",0.869357084121283,-0.399430964770913,0.0855746132009482
"406",0.987772624130132,1.30018309030072,-0.269960185405175
"407",1.00125417571771,-0.126490848433041,0.492931899068424
"408",1.09810076704333,1.8341664273467,0.144866165668056
"409",1.30859036023448,0.64177213120416,1.57123274595812
"410",-0.368952906946889,-1.77337101721514,-1.09388774172714
"411",1.05090060171883,1.26145500341194,0.0571986840644577
"412",1.14661730841701,0.75693718241693,0.7125212670023
"413",0.787084152882311,0.201610018871417,-0.808141290091244
"414",0.610355358793996,-0.000117238032995153,-1.55801902134671
"415",0.889238690129926,1.25898033941323,-0.750366304410729
"416",1.00830657582738,0.854361609175071,-0.017567966243919
"417",0.728555789447317,0.529460483094618,-1.27747251422992
"418",1.20454059950611,0.263121250541758,1.24254391174698
"419",0.84429011244488,-0.317459764574449,-0.122780030316031
"420",1.18734542683526,0.477158431810609,1.04186483444803
"421",0.799953117599272,1.5585271441666,-1.27997944774154
"422",0.702017198396515,1.35632355362337,-1.71500187935884
"423",-1.01738597156623,-3.90489919500767,-0.169448144815194
"424",-0.210972988692708,-2.66009766058152,2.79713804840366
"425",0.857585384638335,-0.606833131006762,0.272700801697596
"426",0.686621604397563,-0.772303118056699,-0.337922252273454
"427",0.690194778659204,-0.190477175346849,-1.00911638324667
"428",1.28376766283285,0.0615069708481318,1.7657534512571
"429",0.545242263792004,-0.735148684444825,-1.10415050743155
"430",-0.2107454934105,-1.64208337456831,-1.51709763842228
"431",0.668957546477072,-0.836304665821068,-0.316969082885396
"432",-0.167379377694267,-2.53773170195927,2.81195886371891
"433",0.931946987610635,2.28835258309598,-0.777202455007376
"434",1.08098326744477,-0.115643038265466,0.88285940094866
"435",0.641876747123861,-0.315696059407566,-1.13655769261616
"436",1.10034465187913,-0.210625541048933,1.0590758587913
"437",1.00063344555059,0.157306484204516,0.287099925521588
"438",1.14511397081914,2.45569758841105,0.259390741444138
"439",0.207998096440294,-1.72312293923285,1.35805775604746
"440",0.864865255151315,1.07602812223993,-0.814162733171857
"441",1.25240393465527,-0.206150851722134,1.81546942012505
"442",0.660994817397806,0.961464360351214,-1.79383274687715
"443",0.516484723383285,-0.798304895280298,-1.14533677688188
"444",0.469548724196265,-1.63849869801449,1.85285336114235
"445",1.31475814045522,1.70947406981136,1.25683862583536
"446",0.937275713855481,1.07003474181877,-0.450101382344884
"447",0.960372515485891,0.612049109541527,-0.156622180392967
"448",1.00860821381349,1.44481984728345,-0.206694633480589
"449",0.850009849517359,0.164460783576283,-0.470524975055943
"450",0.822520656933372,0.283679431359028,-0.679398465039471
"451",0.992326889507708,-0.423752521053141,0.726452843137923
"452",1.02119964702521,3.8036772242868,-0.537234960811157
"453",0.840988983034199,0.850296955619673,-0.852595851117852
"454",1.58304856100105,-0.261406772667953,3.51808846329647
"455",1.00557187988779,0.813342613153007,-0.0153107419846332
"456",0.519363798591264,-1.07981010244773,-0.544291741038295
"457",1.00871389457282,0.982599137302541,-0.0627663936713802
"458",1.15206950273674,0.195036317694617,1.02080336840198
"459",0.723420386781784,-0.961019613624747,0.198320124077472
"460",-0.661771612097217,-2.79569822273736,0.734363611204227
"461",0.274075189660037,-1.65016810734121,0.979374226977807
"462",0.864980517362104,0.210713259585142,-0.424188694798293
"463",0.869034574168013,-0.827220585717239,0.667327411461265
"464",0.691703971500533,-0.129223155983671,-1.05260952852781
"465",0.673236928258736,-0.640379810190031,-0.603472896072753
"466",0.825382706491642,0.300667593909054,-0.674732990567553
"467",1.01893329933601,0.593896904168074,0.144397857615588
"468",-0.333450163553735,-1.71218887004547,-1.45251636850928
"469",0.582294193515402,-0.864955872571389,-0.698206603134102
"470",0.99216956305667,0.872269995627919,-0.105078924376192
"471",0.686315082256919,-0.397092973047595,-0.832102460640102
"472",0.453389250603978,-1.23259862473154,-0.42603726524591
"473",0.767492848762187,0.091493442245297,-0.835877774198604
"474",0.855312799913281,1.69718924114833,-1.03746505970152
"475",-0.797227346724129,-3.37638875533985,0.620237372130611
"476",-0.736167608875894,-2.53470280511419,-0.0374449872226478
"477",1.34258208628844,2.83247833044237,1.18787480710595
"478",-0.153446074814311,-1.67742327708042,-0.900384660324882
"479",0.921839389290078,0.653220001633727,-0.36754822619328
"480",1.02338250677328,1.40701328442762,-0.122437390619854
"481",0.888309852526966,-0.944486115929937,0.987982806865838
"482",0.844518240813837,0.217689735142142,-0.530710448199559
"483",0.787404288568658,0.162620972112577,-0.782396275314742
"484",-1.04080870656975,-3.25615893921462,-0.6895666586988
"485",0.519335820227218,-0.543229632427989,-1.50016212274654
"486",-0.153851616617251,-1.72293207969877,-0.452964270609733
"487",-0.149273963339037,-1.70191716108166,-0.632032555301377
"488",0.982239875816538,0.700569791446345,-0.0859268759220227
"489",1.05046354035056,0.397943420900396,0.397784485811862
"490",0.557484467650395,-0.725147220662627,-1.05843207668129
"491",0.596825269001969,-0.571952973827231,-1.07660205352702
"492",0.73672505569177,-0.907550063776039,0.155336464242415
"493",0.901659624189848,1.15120324673768,-0.654797637666997
"494",0.606736710229331,0.595169444501878,-1.9171644296168
"495",1.04448011989261,1.18540360424146,0.0484616252760879
"496",0.684578065533936,-0.878047662461981,-0.162291050590716
"497",0.690581711982658,-0.551236268629386,-0.633985555142366
"498",1.00014920748886,-0.440287259061845,0.783649145697102
"499",0.676406359261231,-1.1886285069739,0.547441179797727
"500",0.801372715628375,0.176930203196306,-0.721503607686859
"501",1.18767477794588,-0.229052601881944,1.51197654452494
"502",0.467861574800194,-1.48714892508489,0.767696091015248
"503",0.410592812131993,-1.5054265681725,0.589566645156088
"504",1.39911086064261,-0.316126699420389,2.65003032507572
"505",1.22612912422202,0.250943446871262,1.35759170570981
"506",1.00272544786881,1.10082000268797,-0.133097062556825
"507",0.870325300663159,-0.61549650717003,0.347994415896683
"508",1.44663731825978,1.33486250069414,2.01425690151992
"509",0.857448412130984,-0.0472286700417155,-0.287861104173179
"510",0.446410255011876,-1.13647664495975,-0.756603975775506
"511",0.886967894550356,1.53102029790589,-0.837809431588647
"512",1.2798831698241,0.549172347753698,1.46983756385628
"513",1.31360428558126,1.02516985969574,1.4468108763811
"514",0.695602619017071,-0.199190378682312,-0.97457505946869
"515",0.785119995354123,-0.696410770865037,0.0363081311443957
"516",1.37973254570498,0.494889995699919,1.99508641501391
"517",-0.0372624049912537,-1.54281003712432,-1.41207722986949
"518",1.22806466759793,-0.891474492724673,2.58073851639695
"519",0.825717904643836,0.269000219939849,-0.65497553986041
"520",0.901972870228252,-0.624279130886263,0.518108353868204
"521",0.804134763625818,-0.677607229682783,0.103792503133984
"522",1.10358856982381,1.23006898490657,0.330159227214263
"523",1.09690826322735,0.731498471554953,0.474446143631721
"524",1.20084189141828,0.858764197007299,0.943423359592099
"525",1.63764066029202,2.02348783324281,2.8021763699252
"526",-0.142176496132947,-1.64984007157791,-1.10485563851793
"527",0.787649420250301,0.326241110305195,-0.877682976357821
"528",1.21661277933397,1.70112350216975,0.768096776142309
"529",0.868908528476981,1.2513872670517,-0.849726052832946
"530",0.716746593067824,0.0512796822481892,-1.06232468913012
"531",0.798880433354241,-0.942954342835801,0.537655975350912
"532",0.623582068220374,-0.697208582791123,-0.770196587914614
"533",1.17709093254792,1.95228340540388,0.514196180064014
"534",0.721253773070207,-0.54958297341774,-0.482686695412591
"535",0.920453155178206,-0.30105213995152,0.242236077112406
"536",0.927000779310233,0.553734035467881,-0.296714419058444
"537",1.16561849026501,2.66387157098893,0.328289842652507
"538",0.787239233385408,0.383494796439213,-0.910724240903379
"539",0.588413502098113,-1.43501120720603,1.0869393265833
"540",1.0008300255856,1.08719186723364,-0.138062146940191
"541",0.669559918369936,-0.403353265311124,-0.909258706591052
"542",1.08065208530722,0.3874195323368,0.554264020064819
"543",-0.272708161751916,-1.73804822951371,-0.909986731714902
"544",1.10787705590978,1.29810901302971,0.331172584153788
"545",0.930325545551404,-0.230821932754333,0.226805921257571
"546",0.83134347398559,1.31850414453622,-1.05746926224054
"547",0.986122362556338,-0.806265987381398,1.21640107438684
"548",1.40466403131485,1.07315324551768,1.88579395155782
"549",1.74756056818605,1.11938672461084,3.5849893370802
"550",1.32026916449327,1.28299261707417,1.39760477076204
"551",0.970255772839522,0.502879554001804,-0.0561877949780379
"552",1.15782016971816,0.695893748632797,0.79395865056739
"553",0.951567212086843,0.559452403913283,-0.176555271429424
"554",0.526187067306319,-1.24113293812264,-0.0331985125285342
"555",0.853347962767403,1.07268469860653,-0.870629317943763
"556",0.432021769384822,-1.0203564060212,-1.1264251914556
"557",0.914359673933385,-0.241939636242061,0.1569385944041
"558",0.722296326495724,0.357529454127329,-1.22154978753
"559",0.760836912974601,-0.142094285882156,-0.696460737061522
"560",1.24274342222155,0.469434976311411,1.3226853371453
"561",0.92094158763055,2.06700110041371,-0.790106885872608
"562",1.11018730276245,1.5492719516943,0.273567778860621
"563",1.1981118708092,0.669831196904888,1.00659007508766
"564",-0.892209310791403,-2.79335717924877,-0.420868975388458
"565",1.17801293207673,0.237942521981814,1.12467146325958
"566",1.23797277487447,-1.26563378642488,3.61120223667698
"567",0.698627858794572,-0.978668702178107,0.112450814500835
"568",1.37882611968579,1.81055782317294,1.55379050544129
"569",1.01084661602563,1.37382683366972,-0.175824013714152
"570",-0.883321821793906,-2.59941941940381,-0.66124486715494
"571",0.135295014267471,-1.69903973993143,0.762088050477825
"572",0.981638891394887,1.22492569269003,-0.278012812825783
"573",0.379676429821972,-1.53554324425783,0.624601641171542
"574",1.10978160704825,0.291761590694612,0.752301985438778
"575",1.16033136879554,0.241441633467467,1.03419410315924
"576",0.889436151012516,0.154102309003702,-0.266859521168276
"577",0.812678527352271,1.87298108882859,-1.2908243924681
"578",0.984846450091192,-0.818399439715548,1.23095280684682
"579",0.984137106975063,-0.194870819036174,0.464370445268683
"580",1.29734600223881,0.75951671122034,1.46511277686914
"581",0.781656437674032,-1.10103666996747,0.822589335058905
"582",0.843841363046873,-0.0391580887182081,-0.361942181162905
"583",0.190132518573121,-1.62579648533986,0.346785405805398
"584",0.672200625279814,-0.224655004418321,-1.06929850988959
"585",1.29458637433173,2.21870982065124,1.04880222140642
"586",-0.16685295542646,-1.65475266808131,-1.18342144948536
"587",0.803171025954041,-1.33114929248934,1.68701261846902
"588",0.713705361271422,-0.7424845532204,-0.250344918790052
"589",-0.349865051269372,-2.05149486468336,0.585225708659169
"590",1.32247373876581,0.955611994931956,1.51566399053624
"591",1.06992181227766,0.597530160224973,0.397687680225813
"592",0.296855668812952,-1.40699735209416,-0.509490409705507
"593",0.76485432455501,2.00017767727972,-1.55697443499218
"594",1.02328603013056,-0.680414585518482,1.20362720644748
"595",-0.261447054242101,-2.11001482943111,1.25134919486458
"596",0.498850811271176,-0.747179634899495,-1.3172067796912
"597",-0.692897676114616,-2.02007476077855,-1.26176434767946
"598",0.00831234421391883,-1.7843920961528,0.879079956546666
"599",0.646237390731261,-1.22319638815811,0.506949923445254
"600",1.0330250996659,2.03563763545153,-0.223372950061345
"601",0.963359012648968,0.119765825457716,0.124813932887489
"602",0.365542500930797,-1.18162228059737,-1.02841212282038
"603",-0.586618523499554,-2.99610747365106,1.34311166893645
"604",0.832220083724974,1.38480649056599,-1.07204972154579
"605",0.990141447943423,1.7996733632412,-0.387169913746834
"606",0.617651381526874,-1.04394423963005,-0.142230755949508
"607",0.68364650076601,-0.162809271773017,-1.06527422156732
"608",1.39091844331883,-0.600380109188451,2.93080700799525
"609",0.949825080765465,0.29714996877179,-0.0505344042611614
"610",1.36481022056757,1.11152235920148,1.67380872696951
"611",1.48630142220424,0.402204913553383,2.57474412009415
"612",1.11050457173613,1.08698366851567,0.410379796318385
"613",0.549964331018312,-1.26344378098664,0.163355430673414
"614",1.01168456551383,1.09500141566285,-0.0863794795129976
"615",0.971306230787573,0.679841209890661,-0.131752508389568
"616",0.494051638620471,-1.30555105744223,0.0398827405998453
"617",0.256949319943703,-1.38646747586868,-0.805217266978099
"618",1.21183776469221,1.958186431529,0.686687217203859
"619",-0.00674527638010375,-1.90837924291315,1.61914338881185
"620",1.16023635502733,-0.674151907655665,1.87930011222233
"621",1.03767089418205,-0.733837910503211,1.35595093662426
"622",0.77788030046468,-0.701936774440657,0.00834122514270078
"623",1.01437797323643,0.786693161877363,0.0392966744671153
"624",0.889360593169066,1.41783151561012,-0.795540398237375
"625",0.548345927047959,-1.45052278553587,0.967308087644691
"626",1.2135016911959,0.748086676405133,1.05056605208322
"627",1.08488271659201,-0.382751103938683,1.14573383154067
"628",0.964958705175041,1.27891609115532,-0.377735162356601
"629",1.03321320137195,0.543970753839626,0.238936333306857
"630",0.361725024423295,-1.1190314005348,-1.22852535184773
"631",0.63961272320752,-1.22888440285499,0.492668187009617
"632",1.26953094081491,-0.129513710005094,1.83676061402244
"633",0.92495488932349,0.891253240677596,-0.448304194863888
"634",-0.96559116106218,-2.58596102691067,-1.0950830109606
"635",0.929447095731848,0.2878836531414,-0.147164951987388
"636",0.43789312279213,-1.01948579479768,-1.09909750379421
"637",-0.138590306416218,-1.80933493891891,0.330948942345416
"638",0.986400696590861,0.773556612732332,-0.0953083985186028
"639",0.966079726426409,-0.4586575451987,0.633775230883343
"640",1.10197111766187,-0.149215743745199,1.01506497303417
"641",0.997696455635852,1.16313346223223,-0.178420286032509
"642",0.810055514055877,-0.458377171126051,-0.146661376618748
"643",0.808039207867538,1.06016617220746,-1.09296021979388
"644",0.78152262768043,-0.850517403205957,0.271433201212885
"645",0.898138170848285,0.854553761272105,-0.568483642624915
"646",0.881156858614299,0.347240527535204,-0.42166811797874
"647",1.17933735026696,0.842090230602908,0.842308164692574
"648",1.78498988635701,0.0394015368648378,4.28713046131328
"649",0.748269413383809,-0.943486891010019,0.285705552024708
"650",1.18317040164214,2.46878796259892,0.447472068121247
"651",1.17629258464991,-1.35865982179223,3.66790365293484
"652",0.745938687949148,-0.35149437155014,-0.580915799189874
"653",1.14290114037795,0.5561712649481,0.781646808891437
"654",0.961230832194961,0.449788226359933,-0.0750365721080874
"655",0.824920730099391,-0.604380904909362,0.10611729201639
"656",1.40339028598141,0.00264704799922226,2.40516412487714
"657",0.711821037982145,-0.67972700252137,-0.354697944666041
"658",0.769954793405181,0.296675089979434,-0.949617222285134
"659",0.975663596452865,1.19701494723033,-0.299254119505591
"660",0.823397576584742,0.433792492933952,-0.756086085514151
"661",1.02571118808486,0.898841292776885,0.0526422715576368
"662",0.538079386142356,-1.39709080740772,0.649662928045466
"663",1.15842061182158,0.240749464566189,1.02504924791883
"664",1.39783952018239,2.65609031107489,1.49060096142048
"665",0.799659375944088,-0.235595263924519,-0.422260931296771
"666",0.44951072147117,-1.15912889398733,-0.675915837979564
"667",0.964008594084622,-0.284467519511196,0.444305320140397
"668",1.03289277958681,0.812310108592913,0.121700174691969
"669",0.903084484050845,0.234041836256502,-0.247656982091077
"670",0.738060553432287,0.00237757189349768,-0.921290608216725
"671",1.13502790959819,1.00180157482293,0.562046629287888
"672",1.11940609018895,1.47912985598459,0.338049429831929
"673",-1.22358695042653,-3.32956252915204,-1.54618285543384
"674",1.02893587363619,0.182613477525456,0.412786314668874
"675",0.438952640492526,-0.977396767059974,-1.18870461816634
"676",0.696223958271753,-0.565006936764353,-0.588451313192333
"677",0.271821812255125,-1.6379566227179,0.85948210299132
"678",1.13874649850789,3.1477462967996,0.125706927199678
"679",0.591106009641015,-1.06182149713705,-0.231055849069893
"680",1.18872827122899,1.58835371370858,0.656315250303687
"681",1.01077787901477,-0.149238266991643,0.559117358135548
"682",0.374996920797822,-1.22277117222617,-0.850652954203944
"683",1.1825465464552,1.45682053972533,0.659744062600265
"684",1.10725782553944,-0.0674978799237364,0.976562897285833
"685",0.79497301614264,-0.0620815402745752,-0.588997463403815
"686",0.735697860717419,-0.073786637959658,-0.876409103589466
"687",0.876921969872266,-1.20528431253046,1.60231966593037
"688",-0.228723248905326,-2.41314885612411,2.26002385801527
"689",0.761730255133257,0.852229632028884,-1.24963178468736
"690",1.03165121596362,2.02214718082916,-0.227497284265077
"691",0.574372053802528,-0.851904043882803,-0.761797398348215
"692",1.26192090304501,0.106747203947926,1.62615173302447
"693",0.994517044639886,-0.769930575070922,1.19768005429965
"694",0.338242072789884,-1.81028554884728,2.72196137982444
"695",0.915002847407994,-0.563854050402022,0.503982293732375
"696",1.1140534738554,-0.408207640950368,1.31837222094659
"697",0.989177680316042,0.713267963020769,-0.0565946399520814
"698",-0.485680405529468,-2.71832337460011,1.50959264923673
"699",0.632333478703607,-0.960997383473461,-0.25716176340682
"700",0.861649816030967,0.326913917429275,-0.508053023297723
"701",0.932209067410634,0.536264210959441,-0.262440020055435
"702",0.750117231829774,-0.43777042358967,-0.469284234405139
"703",0.50151142602355,-1.15849347322173,-0.417776160528345
"704",0.862475318762804,2.10189958718855,-1.08936070292795
"705",1.10064442629256,0.669713671778923,0.51930367945501
"706",1.23327626696129,0.521077326259222,1.25013595227131
"707",0.76512427885956,-0.152841668454578,-0.666173348458159
"708",0.914523645400354,0.431368822977848,-0.29921759315144
"709",0.985283387894874,0.668703853622173,-0.0570646231710383
"710",1.06410757042609,1.48895968601632,0.0589389125181648
"711",0.827758509701346,-0.0167984145885591,-0.458883141106925
"712",0.542272168815908,-0.111587609167341,-1.81393307100937
"713",0.985158477499141,-0.495233498232018,0.771174508020331
"714",1.22109755702253,1.19688921687912,0.92795489443637
"715",1.04316140459182,0.622591984677869,0.252597184916674
"716",0.724806947996978,-1.20049709975843,0.82654989140158
"717",0.907673387278872,1.15286605627676,-0.625260985539552
"718",0.821416179982186,-0.661417961579585,0.166953608671058
"719",1.08454773067209,0.700031336110293,0.425840551093168
"720",0.820855550388159,0.917628335352845,-0.978597519225324
"721",0.974870058353533,1.20105435998083,-0.304480068500821
"722",0.92861278556174,-0.185064642488029,0.178344573329564
"723",0.68204824419546,0.043813737681114,-1.23064780689618
"724",-0.741420910295175,-2.2624239916032,-0.669364335520233
"725",0.82260280448751,0.48048459772519,-0.783491363907099
"726",1.53898176504231,0.303527219262223,2.89165117630489
"727",1.075425068306,0.665173791893615,0.395173369930769
"728",-1.08319868603403,-3.36834370148526,-0.815466723818436
"729",0.805728269209896,0.135691394972957,-0.673648394466545
"730",1.3564300124422,0.519418828928983,1.86670005385294
"731",1.43116566741698,0.489020613538674,2.25512420317615
"732",1.13919474894074,-0.0651944797183395,1.13448601740512
"733",1.00243820924736,1.05175218092903,-0.118115952495277
"734",1.18589560438434,0.511243227480078,1.01796255153817
"735",0.79077685789876,0.328428363906891,-0.863254523489848
"736",0.874735228395184,-0.469809659499574,0.189682295605365
"737",1.09018601632977,0.25303642724008,0.6766501851998
"738",0.558406952387837,-0.521000064656309,-1.33195379114463
"739",0.568281534108667,-0.224751166827046,-1.58880876756245
"740",0.989783777435824,0.376578777945978,0.105671548671765
"741",0.780700868528616,-0.132705914617983,-0.604800484695435
"742",0.878513145792178,-1.19266580649162,1.57050787855503
"743",0.297483165869249,-1.56167549717484,0.390724399801873
"744",0.900553533113869,-1.14274006577984,1.5318809423316
"745",0.657830914823843,-0.804260314916923,-0.42848339205404
"746",0.568474677229657,-0.837079573274455,-0.818001747116777
"747",1.21544270834846,0.645217796596893,1.10397757598743
"748",-0.205747730115501,-1.71891958745875,-0.749975102712077
"749",1.05324432953019,0.372362812582315,0.425222723198096
"750",1.55497170403185,1.6017933737327,2.48415432567457
"751",1.08926239676349,1.83202248186795,0.101152898063412
"752",0.254453803858577,-1.60981088579216,0.536945509396431
"753",0.964864478594969,1.90445700193483,-0.536735532476825
"754",1.55914222218016,-0.13944506282112,3.2928976878658
"755",0.571124230684383,-0.875448913477242,-0.7344586246404
"756",1.17006595379513,1.60957792869706,0.557679535250381
"757",0.507184784839837,-0.948910528210176,-0.908417571675997
"758",0.737012088829413,-0.743614994232511,-0.132031041823942
"759",0.745733273386026,-0.100542408373403,-0.805383084884164
"760",1.13649387941615,0.0656253492899938,1.02657195122341
"761",0.597072054350673,-1.02139391048554,-0.298752107077779
"762",0.745351155265339,0.188698259809022,-1.0088943776018
"763",0.861284975820875,0.393884252719479,-0.545977862138906
"764",0.889901397835935,-0.470462116609595,0.266256809077826
"765",0.948274089995536,-0.335866974721147,0.415178785141624
"766",0.813421058111636,-0.703888210284417,0.188965514011809
"767",0.853129688647389,-0.146220813657824,-0.231609081801225
"768",0.923463601387609,0.415227638811509,-0.246215571198595
"769",0.418892874170255,-1.00652071036026,-1.22399209823867
"770",0.482736769990226,-0.746298741068956,-1.3991708376722
"771",0.823652425375544,-0.482739601247874,-0.0508946146894265
"772",1.21177791502557,0.92245264568908,0.974239743547656
"773",1.10674309987541,0.338603315453802,0.710980091746973
"774",1.08602941235525,0.413532268866231,0.567491234555522
"775",0.947399885298574,0.823705420644178,-0.310234873670633
"776",1.06675672458327,-0.505294062685566,1.19102023403921
"777",0.904427390975545,1.00313372986838,-0.591421813967656
"778",1.42053338642192,0.36177128242111,2.26734801004277
"779",1.13239773486322,0.58301709574343,0.716694107981265
"780",1.31319597766454,1.70611451620217,1.24982539297705
"781",1.47653155177987,2.05806887231863,1.98963255925278
"782",0.638809033515105,-0.500331308985445,-0.954582474071607
"783",0.874215255997972,0.669960626303122,-0.612948969590134
"784",0.807167286155667,-1.02656238080873,0.763846736363385
"785",0.799243829179583,0.395804579103921,-0.857192288313691
"786",0.751753914242209,-0.130294239986629,-0.751492119105784
"787",0.109713437444012,-1.5368534690722,-0.7166237120998
"788",-0.065900198114856,-1.79440849757573,0.58443312029973
"789",0.430787321861209,-1.00915934260164,-1.15848473713348
"790",0.812932789399834,-0.785640019817328,0.315641992189294
"791",0.715685649326393,-1.25413598388177,0.959156701465177
"792",1.14978796812774,0.745987837959097,0.732859666215046
"793",0.938309633490403,0.595317950100682,-0.259367389353143
"794",-0.66521425956238,-2.39868438494071,0.0460904423821976
"795",1.04388428197536,0.247151317183281,0.448593901674595
"796",0.432838599115271,-0.477576436837501,-2.01091374506379
"797",1.31488815282543,1.245579887327,1.38193095646089
"798",1.40473897415436,1.31129429374798,1.81161236202051
"799",0.698990019604404,-1.11336615591726,0.442358148438404
"800",0.468445737262591,-1.06663105759536,-0.832328716510478
"801",-0.517852514175536,-2.41835450824683,0.825539521818212
"802",1.23613352060642,0.00452426853633987,1.56753060726699
"803",0.933543745646584,2.46687749278584,-0.800340766449261
"804",0.929049198130894,-0.745719306820398,0.831475317691559
"805",1.41412835403484,0.613484338959164,2.11151176296678
"806",0.374933209242378,-1.10717960153943,-1.19462054734978
"807",0.819727900576331,0.883146686089748,-0.971395449839759
"808",0.959526936345688,1.31547321330275,-0.415668426024161
"809",0.936794663961532,0.981299121172183,-0.421902230859642
"810",0.459871181539243,-0.774370884448223,-1.46828740240018
"811",1.37004354533986,0.0612571358974055,2.19730380054019
"812",-0.459643105479156,-2.55459251926018,1.38063825376042
"813",0.738118433813895,-0.0777031347569192,-0.861285762705491
"814",0.777044380146504,0.406985136250181,-0.974033925814238
"815",1.16936527913192,2.1391756563041,0.4378152633062
"816",0.756227745703051,0.946902431949867,-1.31242352135967
"817",1.0260810480275,1.64539317079283,-0.171099369547205
"818",0.887371655392615,1.53640266522559,-0.837187164428037
"819",1.09649318395783,2.02152019718081,0.0968405534168971
"820",0.910801146835779,0.178725405923454,-0.175476932099783
"821",0.895285100770134,0.381971801976032,-0.369687675136479
"822",0.361991964035111,-1.21880544219088,-0.928686494236306
"823",0.859780251501033,-0.407929491512347,0.0467095512988116
"824",0.985247580615048,0.039292238112661,0.288495130949367
"825",0.55459728111697,-0.180893953369051,-1.69528379626715
"826",0.832167620851815,-0.756981515763476,0.364994407027126
"827",-0.00422491538243716,-1.63563988216183,-0.540908109600619
"828",1.27820667180677,0.619387756724996,1.42925597246171
"829",1.06920047758896,0.00576577943601714,0.731973974310893
"830",0.973147050727432,0.0378735290678557,0.228982190704062
"831",1.04418712770945,1.49418529149788,-0.042049480257163
"832",0.377009945498812,-1.38883461401774,-0.194044070652258
"833",0.873900183368191,1.19329512326181,-0.806909902140198
"834",0.734136796725653,-1.09763746908112,0.575984831996528
"835",0.962564569093065,0.625069772671672,-0.151492536003054
"836",1.05894733281725,1.35700590522662,0.0694541801261778
"837",0.480515153626376,-1.23165722811499,-0.293561815067114
"838",0.983375014883008,1.33992819636994,-0.303514750691885
"839",1.11784595178314,0.00848626409568299,0.973251363202456
"840",1.15957570086517,2.21614466694944,0.37422814703251
"841",0.916574242293277,-0.270037642868094,0.19367540743615
"842",1.18331817415112,0.00128827960774364,1.30578187244259
"843",1.13297627602567,0.356717803280345,0.832288494247682
"844",0.791517368742335,-0.596437880731596,-0.0713952809834744
"845",1.13560926688955,0.145492592167321,0.969479066413823
"846",0.965813705309543,0.336754562129227,0.0073467879576871
"847",1.05477732793239,0.827088248203607,0.225331472724718
"848",1.08481846704902,0.386378832159486,0.575645818384288
"849",0.408080285010199,-1.27394456931301,-0.50833931094747
"850",0.793629517997699,-0.141272734211273,-0.533170638500909
"851",1.0813050299266,1.07385248300783,0.26876461703698
"852",1.08077063838324,0.000548074000830981,0.79357762462822
"853",0.915504550072787,0.543318442164868,-0.349299219795336
"854",1.36516542962968,1.24443107057238,1.6336659670216
"855",1.02448250461813,0.609197158054492,0.165211833924666
"856",1.22678248156633,2.20259890262355,0.712802103913981
"857",0.917921011002382,-0.12164840356877,0.0723636581259011
"858",1.00337677483049,1.39672470155238,-0.219602905441953
"859",1.46749248672657,1.96393495144078,1.96375355050205
"860",0.765359535454722,-0.232799343565508,-0.596260107663601
"861",0.859012372175805,-0.857789090750067,0.672162994436741
"862",0.796669232525194,-0.41030403848274,-0.266311034055485
"863",0.692543345730168,-0.94187777430503,0.0037400357521594
"864",0.672353424148039,1.1291053062412,-1.7942074187092
"865",0.935563019698397,-0.959815313477442,1.25647056357687
"866",1.03166667655309,1.07426946111455,0.0204331592403764
"867",0.813118236381055,0.450944846160291,-0.816182797085209
"868",0.719694163848711,-0.280616244127632,-0.780877586943512
"869",0.666428613068607,-0.764573800239206,-0.451466836441012
"870",1.40223783868212,1.97653502411499,1.63484546013589
"871",0.840723137172698,0.796491125665618,-0.832887410201724
"872",1.21835548438007,-0.214811517522316,1.65279623108269
"873",0.578183021422243,-0.0397327717664501,-1.68980481148808
"874",-0.811490778265069,-4.08381061839051,0.940519422696095
"875",0.940096569557959,-0.737436680540978,0.87369310044755
"876",1.11013227001084,0.627614267251684,0.585212610439017
"877",0.797051643220719,-1.07781678606778,0.839042357346102
"878",0.645726468680288,0.182112242689361,-1.50295039674667
"879",0.702601090128859,-1.07251952148387,0.353303327449818
"880",1.19445920649177,0.937941794230116,0.881984476071341
"881",1.12833560239199,0.192834528219925,0.903484361619432
"882",0.898770747788814,0.668998984469213,-0.489755540339404
"883",1.01935998708502,0.0525795762101237,0.44984572761445
"884",1.25292689402527,-0.0956033379733473,1.7266982219418
"885",1.38823118756266,-0.225208545193754,2.51134483698632
"886",1.1494737982472,0.99999926342906,0.634906933670553
"887",1.01625448030398,-0.420248487510852,0.842299179781113
"888",1.21223020787179,-0.0291585018124254,1.47257080045699
"889",0.914271309414857,0.698353175344958,-0.424829963848413
"890",0.835212639797627,1.49472559358556,-1.08706502612099
"891",0.878065553776422,-0.324346925576431,0.0528071590071317
"892",0.783543140676741,0.190066408447803,-0.818776695640278
"893",0.824321947174422,-0.603890530779211,0.102472556518556
"894",0.900497367850319,0.55651286824891,-0.430531762050519
"895",1.03496280268979,1.59269616504745,-0.113606128968256
"896",1.11515732992173,1.10900195159231,0.426370791716344
"897",1.10973813794792,-0.950385118022263,2.10743718604805
"898",1.29580657660147,2.3172706839817,1.0368908267104
"899",1.07569211232411,1.19116288961248,0.202716515723573
"900",0.728099988383446,1.09988534394281,-1.50591606732408
"901",-0.179285937618573,-1.72948574871185,-0.51983838256011
"902",-0.354917632031573,-2.09875217910996,0.742884485637715
"903",0.909977542205348,-0.980289553589274,1.17274877121825
"904",0.816191100987074,-0.784474754854983,0.329995192891013
"905",1.17361165182301,1.00272393029937,0.754642755763697
"906",-0.229386016767651,-1.83831706899175,0.0780817599977437
"907",0.769655230325251,0.0819888823421511,-0.818700368208579
"908",0.835396970510949,-0.725003495572704,0.330909238193042
"909",0.845800072521657,-0.0851275896155558,-0.317122354020179
"910",1.15026817701428,0.996935933823984,0.639952664614177
"911",0.77519728060247,0.789039751323893,-1.15754546149673
"912",0.721168720550692,0.447217149907919,-1.27404885961336
"913",1.16077277005305,0.927488659631531,0.717367247652793
"914",-0.319170065148959,-2.39412409501087,1.76624310078817
"915",1.51364184442293,0.129464830095563,2.86993383298585
"916",1.21249352992515,-0.169274784930009,1.58437845899039
"917",0.884051789608656,-0.279568148472466,0.0399302862313997
"918",1.55761467179801,1.4383213338389,2.54010789586779
"919",0.721713725756764,0.371541097050788,-1.2319912402414
"920",0.45050139342102,-0.973107694032464,-1.1402937073797
"921",0.421399213757333,-1.33811796694135,-0.193268665877485
"922",0.951481120134002,0.384737098800156,-0.0901725829251646
"923",0.725506349723599,-0.543695158473088,-0.468733610496405
"924",0.931811289088055,0.663356856888886,-0.322106819122244
"925",0.0723110127590253,-1.64415129100695,-0.0834748522660203
"926",1.1496328289102,-0.0689631807996319,1.18956037897361
"927",0.688250826222551,-0.532523896560103,-0.668746526975175
"928",1.67221558047327,2.16599514410676,2.94690850365963
"929",-0.356414660787514,-2.28258264882316,1.30992894168288
"930",1.05811638305092,-0.921959585229984,1.79096684232251
"931",-0.158757919684342,-1.69277368921519,-0.771665789769935
"932",0.882764440461477,2.49011848804376e-06,-0.196059968654982
"933",0.954495150697546,-0.14530976312657,0.274469161673253
"934",0.808819451866627,0.22308292770979,-0.712443270935325
"935",-0.182462734789688,-1.80591025325248,0.0867576123199278
"936",0.923555901093532,1.81729932860879,-0.724079525126141
"937",0.508867944175253,-0.567067920853322,-1.52261503418158
"938",0.475879516606186,-1.15915158410542,-0.544005268169885
"939",-0.138006097812582,-1.62360938182717,-1.31225941870758
"940",0.85804778882597,1.34189793294051,-0.930717540323369
"941",1.00411474963161,0.213821695609084,0.269603607086746
"942",1.66730852368979,0.096130252801443,3.66011352284833
"943",0.534297233721722,-0.838790697922342,-0.985832785038427
"944",0.787408220715722,-0.399418413125457,-0.324182964624356
"945",1.59037233863363,-0.0687417124312288,3.39308818148278
"946",1.31802457566401,-0.341035320599625,2.26905715207639
"947",1.06238729234338,0.643822024609539,0.339314538816496
"948",0.870374448137303,0.715607841473851,-0.651592965519123
"949",0.687895670586522,0.563852210367085,-1.49696237161013
"950",-0.00881589636635246,-1.6966442207978,0.0174145100559937
"951",1.01181679193649,0.765441006144338,0.0350574402029261
"952",0.848179899164797,-0.350528548803648,-0.0706800345455851
"953",0.520994709852086,-1.07391435211054,-0.551188800968568
"954",1.24144671687019,0.976197744994601,1.10316788400621
"955",0.895582213852357,-0.421766368422205,0.240578566165143
"956",1.30888461597299,0.750472263168522,1.5265020880237
"957",1.25627922114022,1.66500352943043,0.97511114558749
"958",0.710865664875305,-0.268865812380159,-0.835951997084408
"959",0.679536261167984,-0.924064027913535,-0.0976957910835096
"960",0.861744631956075,0.159354401826581,-0.408636928235669
"961",0.780134761714916,-1.09168302967136,0.790320434888122
"962",1.33875285309816,0.416079427953622,1.82979010081316
"963",0.951786065637355,-0.660600109346315,0.8176408857203
"964",0.891837745262674,0.877827918712796,-0.608840800507531
"965",0.824781056503184,2.66387133568885,-1.37589728974612
"966",0.778324263223646,1.28427108068383,-1.31249938385248
"967",1.09329385817886,2.39006779886733,0.0115094835187733
"968",-0.207031963779949,-1.96525392460565,0.915082538406669
"969",0.99135985254875,0.329238016884634,0.139213523947415
"970",1.33067819612582,0.439595669422548,1.77736132703412
"971",-0.403496476205702,-1.90732068003193,-0.370536177989569
"972",1.14141888594333,0.594049712631037,0.756756195543093
"973",0.96442451537899,1.40216545981767,-0.415880260391759
"974",-0.801266583376914,-3.02491797861246,0.29941184916831
"975",0.660099495460638,-0.305727893162693,-1.05505638525737
"976",-0.691078701831072,-2.19994735203273,-0.598262449856255
"977",0.701662309161958,-0.711252247010583,-0.358742605205457
"978",0.809366946926032,0.656012277040217,-0.931130460909909
"979",1.00039899126723,-0.785871247718343,1.25335799210834
"980",1.09855217015232,0.065481565534734,0.836961434710191
"981",0.384210087530098,-1.1536750575807,-1.01834912571761
"982",0.184218269115869,-1.61412174435215,0.220610547524025
"983",0.917380116654145,0.907816439232257,-0.492349033644534
"984",0.816872080105318,0.222971426187503,-0.67211330783996
"985",1.30997711614607,1.05585986248536,1.41818579718589
"986",0.764415116747491,0.139433704548791,-0.882617009519115
"987",1.276591945802,0.531545462618467,1.46171559876478
"988",0.786836548887833,0.738025228713809,-1.07861545058116
"989",0.770957374293502,0.460636478229233,-1.0318550692611
"990",0.703700271518406,0.392510263925259,-1.33317878283272
"991",0.754751449463843,-0.789194755839815,0.0306669003020856
"992",0.666946669017796,-1.12338855284962,0.309560225163503
"993",1.29371447173287,0.908008206607676,1.38925166801371
"994",1.12402978249771,1.53898746751592,0.345434197196143
"995",1.0627109515326,0.826535730519825,0.265215132690667
"996",0.756607496717661,-0.324543042569141,-0.554291368979715
"997",0.651010178410134,1.00195129354044,-1.85809440154148
"998",1.12138162910548,2.07971457915497,0.209558694382998
"999",0.228026132920275,-1.29801379272315,-1.31915059761223
"1000",1.31963096480202,2.08195642458416,1.20035995245376
