"","x_pa","x_child","noisetmp"
"1",0.292716662281205,-0.631743496071315,-0.211722329645037
"2",-2.40109959075515,-1.05855357390782,-0.830305987607217
"3",0.62991472156767,-0.221348195773248,1.10205666661423
"4",-0.349395207384499,-0.827674735131373,-0.464612669100551
"5",-1.09777054641277,-0.426089452508111,1.96606823711304
"6",-0.835671554653748,-0.928083836561066,-0.663322259408331
"7",0.792356964936696,-0.518554297772643,-0.940176058488562
"8",-0.423114476472314,-0.819168724744398,-0.367068510124486
"9",-0.841987052888369,-0.802971694971594,-0.0345920103664052
"10",-0.156060010977804,-0.778474578970081,-0.383897258416687
"11",0.655029860003224,-0.32291856790194,0.519752595209688
"12",-0.742462849007844,-0.885168152627592,-0.497445502069971
"13",0.00352469753401935,-0.809957214389061,-0.706493621740956
"14",-0.996493522310972,-0.981650017416674,-0.855104288491465
"15",-2.47394559045286,-0.970039641578017,-0.374061844225156
"16",-0.910940516233101,-0.675739601975117,0.63516791233805
"17",-0.0326075329094008,-0.888635307328272,-1.05978548330815
"18",0.924016981566661,0.254078324741008,2.29638483456784
"19",0.835310274453493,-0.102016999391053,0.959599332970593
"20",-0.687913149742303,-0.998038908141378,-1.09208147430043
"21",-0.446712149945523,-0.607408935675581,0.708534038398512
"22",0.673521469462731,-0.47989908511305,-0.32234646687813
"23",-1.11696183055128,-0.878218060310716,-0.286710747047482
"24",0.306903089896686,-0.627244720592757,-0.212969922281394
"25",-1.33946489454182,-0.657698833268354,0.8997583959177
"26",-0.868955426775869,-0.374712298241021,2.12006265667346
"27",-0.725308660031644,-0.297446630554108,2.43178746036146
"28",-2.63996051760457,-0.360657632855455,2.70228828509661
"29",0.209263572606285,-0.480247154863107,0.676137664540476
"30",1.43786541219549,0.363676281930609,-0.155069555142483
"31",0.135837860000241,-0.649457759869118,-0.0668706580401964
"32",-0.592784790335397,-0.344910612455996,2.11727078992309
"33",-0.502461825657528,-0.736572892015069,0.100968378341256
"34",-1.63782813185795,-1.01428296551078,-0.788359708776039
"35",0.196316635612856,-0.590976165334329,0.141403720307097
"36",0.0141032501838056,-0.572462407208221,0.468911078265036
"37",0.626866413837259,-0.143599422710443,1.49959496885766
"38",0.271817390020942,-0.673621053320651,-0.387007031689692
"39",0.752978220563723,-0.438880726418236,-0.389041125107738
"40",-0.076565956087982,-0.469681228121737,1.08154222274961
"41",0.537265389953943,-0.334803525153426,0.781083753026537
"42",0.907007123603127,0.117168700670084,1.7048260563845
"43",-1.94230698068713,-0.922254482007288,-0.247580496102843
"44",-0.00485873547395744,-0.88805915602448,-1.08754622314382
"45",0.831244305034146,-0.204637889774265,0.464604271706794
"46",0.975458356349683,-0.0723057099671288,0.355852596042849
"47",-0.235021420469647,-0.840399506823111,-0.621980976650979
"48",0.712886137541766,-0.364416942968955,0.126007497552386
"49",1.4181408759078,0.434197796823987,0.265181027217097
"50",0.621403363321808,-0.518023104214834,-0.356889353264373
"51",0.416514936520333,-0.572626236920893,-0.141316104053104
"52",1.65898494825929,0.828225881116791,1.56234470361922
"53",-2.1620748047252,-0.810586732026873,0.361015185417033
"54",-2.18073247110162,-0.991065149933693,-0.537373851267118
"55",-0.495290306014412,-0.903525908002705,-0.738607645685666
"56",2.9486722202015,0.723159685590054,-0.345887622299093
"57",-1.40954341535283,-1.05428072732351,-1.05923792592584
"58",1.03998333215851,-0.20548995356913,-0.767512474371804
"59",1.17487302209534,0.144951225932661,-0.0376871310773252
"60",0.892922807825981,-0.357049210569446,-0.592316290543571
"61",1.30988187127378,0.625042116841382,1.64690817759223
"62",0.647402329942084,-0.534887475628134,-0.517097014275735
"63",0.0172200566745513,-0.803936834443309,-0.692046421548668
"64",-0.642385627815133,-0.722996645970711,0.256766171859196
"65",0.760925234584755,-0.0657231973107378,1.44697307802619
"66",-0.157571109594068,-0.753133149894986,-0.255763260022189
"67",1.54144235898363,0.415348672137182,-0.211222912655697
"68",1.22441806436183,0.221213060144085,0.0513516897605149
"69",-0.523190025317586,-0.645179059694412,0.571666618486367
"70",-0.639819618621795,-0.665021851454107,0.545123413964863
"71",1.31176653403396,0.327568361566052,0.151162008225822
"72",0.696795126765886,-0.469015887619183,-0.342981916929668
"73",0.0816844614387623,-0.310896872733685,1.69585883656068
"74",-1.21402680491234,-0.84355298141249,-0.0752096103337123
"75",-0.331709117053405,-0.779313271899394,-0.236604098571224
"76",0.496003444667469,-0.431343014001944,0.395653807933574
"77",-0.49760440688102,-0.634921627956815,0.605969612250946
"78",1.04329740299594,0.15852623887464,1.02656324268437
"79",-0.97531866165861,-0.583278662784769,1.12726635984846
"80",0.984032920775813,0.21978912421556,1.76043786009197
"81",0.179037659020852,-0.147175317521188,2.38513785246446
"82",-0.423826314433648,-0.429697606819578,1.58079948906327
"83",1.82208986128119,0.369792072691308,-1.04991271720096
"84",-1.56590690898693,-0.835388185288807,0.0848569189600451
"85",1.41770254340806,0.342842567655348,-0.190060092055526
"86",-0.270375850275954,-0.427755145427495,1.4713935799348
"87",-1.67174894891165,-0.870183943491434,-0.0581556159663688
"88",0.211373942597769,-0.775709990479131,-0.804290695474917
"89",-1.73931294762659,-0.909906159998178,-0.238002467595539
"90",1.31667411554228,0.479391080162402,0.888635214827685
"91",-2.5422737666478,-1.08876297705162,-0.955281157415105
"92",-0.571136430100311,-0.938042158069911,-0.861861708383527
"93",-2.31556514476308,-0.643710081555023,1.22721840067559
"94",-0.0938175923225794,-0.789201515126035,-0.498418784722298
"95",1.63684772986127,0.305801890261141,-0.999463785845122
"96",0.665379609822201,0.0558920691575266,2.38205027258061
"97",-0.648718229397282,-0.495443221298364,1.39826208886113
"98",-0.0835817612011085,-0.893988187733835,-1.0327769783902
"99",0.382737856445086,-0.211396617500346,1.73053938850311
"100",-0.820248009824355,-0.948884833650431,-0.775135166436459
"101",-0.636341897581244,-0.545713012045174,1.13960661332142
"102",0.622816732968443,-0.757046744502147,-1.55603679661553
"103",0.220898424626082,-0.786907280740948,-0.874444226384969
"104",0.483752341036155,-0.108156578221751,2.03917185979758
"105",-0.570594279778479,-0.741527054221512,0.120373025758312
"106",-0.0301897173961052,-0.824779081264382,-0.743134628550348
"107",1.13651408221514,0.0568972939730158,-0.222049701420931
"108",-0.773705933982771,-0.847266877643362,-0.291202014502877
"109",1.12088068786176,-0.191561168911388,-1.3514590419587
"110",-2.00484349323105,-1.02708751633639,-0.756834178430089
"111",-1.33847921345321,-0.948099084959498,-0.552587133475936
"112",-0.836159551189425,-0.828536018026768,-0.165337689680792
"113",-1.27314741850214,-1.02796940611089,-0.975270055183821
"114",0.630281602877059,-0.522059541282401,-0.402561971407835
"115",0.935702542526796,-0.27596324847426,-0.420174463602318
"116",-1.50727251671617,-0.738471839850724,0.551398198154187
"117",1.08929159698571,-0.0840118638052128,-0.56836400460596
"118",0.977319553422609,-0.287794258008439,-0.733605203509479
"119",0.0580519219604124,-0.758877855719859,-0.514995884685346
"120",1.17752578521802,0.0288993347828094,-0.634625435331057
"121",-0.672255611791801,-0.736133860337677,0.208492162780597
"122",0.867726826413184,-0.131850733122907,0.659551657148854
"123",0.457746144712283,-0.331357493772139,0.979889939659928
"124",1.01038637636647,0.0672620100719746,0.81704665519735
"125",-1.27994670830554,-0.619632226313964,1.06889205478716
"126",1.50222779336366,0.825674321972089,1.95209236214451
"127",0.309443819998701,-0.659038124795938,-0.376240904458849
"128",1.30962179198959,-0.0247288973554326,-1.60078789589669
"129",-0.68324790560342,-0.725895913049902,0.265978740695172
"130",-1.21326568748864,-0.828653821986165,-0.00100319117752019
"131",1.10531378335429,-0.021432304966225,-0.382934226562928
"132",2.28979159716923,0.759856719957008,0.29986156732869
"133",2.09319266071532,0.907726218433975,1.24961577171794
"134",0.523540325135155,-0.510165912618468,-0.0626022428465358
"135",-1.70295968429737,-1.01333658082488,-0.765157595967513
"136",-0.155276872455323,-0.706997004124684,-0.0272497870972836
"137",2.46414253683844,0.856639037994756,0.631801988717857
"138",1.07956805304999,0.91550819756548,4.50983516888755
"139",0.705084824284435,-0.409671222499384,-0.0738577647027117
"140",-0.650438820185487,-0.652963211983538,0.611671758436905
"141",0.557148659046632,-0.714884187976934,-1.1687472404228
"142",1.10856754557011,0.122064277279135,0.309438082919655
"143",-0.273527239968837,-0.538003906050504,0.922784477370635
"144",-0.0206480337860275,-0.548001152316087,0.63030180460836
"145",0.471463642300291,-0.455205016767176,0.331037489732717
"146",-0.80845752640938,-0.659208453522877,0.667212669259058
"147",-0.630398556920768,-0.989087691232687,-1.08080335116523
"148",0.137667765274399,-0.797616904957086,-0.810115098173064
"149",-0.100913098960597,-0.657563939857719,0.166925215265415
"150",1.10633295926782,-0.202883686289333,-1.2980839350968
"151",-0.262262929301166,-0.657077356702187,0.317960390539915
"152",-0.628991779759835,-0.930561474078007,-0.789012031072884
"153",2.4315228218659,0.720574663761753,-0.0221365211135403
"154",-0.111199817291291,-0.796201594309055,-0.515989238444576
"155",-0.158129094665998,-0.648056184669514,0.270147849165027
"156",-0.650633161913382,-0.758082074755029,0.0861913883131701
"157",1.20337071047798,0.160931639607538,-0.130687780965378
"158",0.304433111096384,-0.679916758510415,-0.472161263744522
"159",1.2730207734511,0.0417127481780556,-1.09803228772136
"160",0.533151558094519,-0.565033974188218,-0.360056268731333
"161",0.650069168369151,-0.389823813089774,0.200220297746023
"162",-0.863485759082238,-0.868486790522251,-0.351496065894568
"163",1.1337174272538,0.166901383448712,0.347776680464732
"164",1.68155485434796,0.385508241223811,-0.700653191089851
"165",0.15494072960576,-0.526570464924026,0.521713159912093
"166",0.849961760081351,-0.315988632931672,-0.176989724943697
"167",0.0842746020313202,-0.816528593113417,-0.835536065089053
"168",-2.17110405791387,-1.11594912205293,-1.16385466825622
"169",-0.460667512588099,-0.583385675615139,0.838413298247565
"170",0.248516818789794,-0.417322233175864,0.931333079225761
"171",1.59145858673424,0.429702890967222,-0.270618275863005
"172",0.426580735058753,-0.67926050514936,-0.694754609259841
"173",-0.596261761110194,-0.371785382311465,1.98503723329395
"174",0.545650741558336,-0.403627972772122,0.416328054349202
"175",-2.73199459428096,-0.655207903363315,1.2449027387921
"176",1.35260427797246,0.122745092945332,-1.0457416327278
"177",-0.622658044371227,-0.988278126475206,-1.08138889125167
"178",-0.675682425770059,-0.682078111635327,0.480740236625163
"179",2.33547514376122,1.34242184044984,3.1701283463288
"180",0.118365593861519,-0.229481292467838,2.05610312209741
"181",1.98256777489316,0.346697467111487,-1.41316408028975
"182",0.208686453552123,-0.477527259665237,0.690587212720449
"183",-1.82135144553622,-1.07170865721806,-1.02520479242756
"184",0.613227118837451,-0.208065710185822,1.21599661118688
"185",1.74328077791193,0.491974042110881,-0.294542070463238
"186",-0.566883783412227,-0.460133190630364,1.52500558023416
"187",-0.330587897606297,-0.593310834100196,0.692525121165359
"188",-0.777761754334684,-0.885171785225222,-0.47858505270196
"189",-0.411502755515681,-0.992803042364574,-1.24364797460598
"190",0.0503044256773787,-0.600803240227364,0.284717186272642
"191",-0.611723651247576,-0.86172038814432,-0.455198754050243
"192",2.13400935402286,0.577255938183702,-0.450496511465041
"193",-1.24117752231126,-0.948426199292513,-0.589351651526912
"194",0.934768492876069,-0.0053421052273879,0.93831155352677
"195",-2.17672017954779,-0.956552961180597,-0.365670485031837
"196",-2.24831733211266,-0.946640900143446,-0.301070579290032
"197",1.67745329743552,0.328225133447814,-0.978226443087677
"198",-1.62113392162537,-0.87896081434906,-0.116600555757775
"199",-0.107896135375695,-0.700482066584705,-0.0406782386850295
"200",1.233232413553,0.400058534044303,0.897532806491536
"201",0.778776803722271,-0.345665497063834,-0.0215376163092074
"202",0.150595487086984,-0.632216616335157,-0.000580200819716974
"203",-1.97145271802381,-0.843474138726518,0.153334444564578
"204",0.527915633566098,-0.125162364958472,1.8519413643226
"205",0.125686732800878,-0.621535553088954,0.0862194262568624
"206",-1.98113504341737,-0.596571832502968,1.39015107454328
"207",0.869961378010736,-0.335590581664274,-0.369993939161757
"208",-1.28914443137399,-0.486761562615981,1.73657700348848
"209",0.0138541226652594,-0.404929736916451,1.30686042961706
"210",-2.60687564700864,-0.744227366636775,0.778754551379871
"211",-0.107431090979184,-0.437192065086629,1.27530814702501
"212",0.606706837624869,-0.443715241529148,0.055916970056481
"213",-0.356432733898264,-0.880713862233899,-0.724384323335943
"214",-2.26666355448219,-1.01125507620067,-0.620375543970803
"215",0.0794161848769833,-0.558766629856805,0.459335579148369
"216",-0.765274317393666,-1.11098856123228,-1.61428513311662
"217",-1.65519005772366,-0.776544811989418,0.405325160505003
"218",-1.31051898408277,-1.132629545829,-1.48509974875643
"219",-2.06280209876897,-0.485664340977099,1.96365647973586
"220",-1.53080641937232,-1.03462142161145,-0.922029671079198
"221",-0.993278756022726,-0.916721720147565,-0.531893302896604
"222",0.203132014513674,-0.706142441381754,-0.4443412487127
"223",0.265337073156993,-0.216801689916348,1.90745933640209
"224",-1.60667983264176,-0.898330469200266,-0.217689249428092
"225",2.43878110018285,0.991536864600412,1.32672843311148
"226",0.716032434017667,-0.523575207994297,-0.680554686896905
"227",2.97227506055251,0.997128188116709,1.01190302496564
"228",1.49940680041693,0.67963314738615,1.23024748306947
"229",-1.99176172497416,-0.974351371601176,-0.496230696769286
"230",0.275623711467211,-0.691550465332578,-0.482789489651863
"231",0.174778995337447,-0.716706920321057,-0.45651242421355
"232",-0.172160890996578,-0.67934756676416,0.126821163307559
"233",0.11204679254998,-0.726975089749081,-0.423141760003172
"234",1.05810022405036,-0.113873459549019,-0.45498547859882
"235",-0.55406064810044,-0.872738080329999,-0.5461543225565
"236",-0.0181782593768637,-0.569668692554466,0.519239230303468
"237",-0.288343630342066,-0.762926294124291,-0.18955348687721
"238",-0.845152911764999,-0.95938668264619,-0.815084078172386
"239",1.40711784267546,0.388068102283869,0.0735685990359422
"240",1.29041515285666,0.42107150515942,0.715823885804996
"241",-0.316146199182532,-0.86637124085352,-0.684238614798543
"242",-1.09848067938144,-1.0470778788538,-1.13858096505289
"243",1.85940764150096,0.439418960137561,-0.764486434109479
"244",-1.07782885447801,-0.488847000231029,1.64399291876628
"245",-0.107485868439805,-0.787398864277322,-0.475671226490569
"246",0.755844218359315,-0.549063196997895,-0.950631771911301
"247",-0.440800828044758,-0.417514607648283,1.65383143533249
"248",0.586178830881469,-0.75458172774421,-1.44263329892815
"249",1.07702960393391,-0.00836894677181811,-0.0880876294245087
"250",-0.18283477318079,-0.768266998879585,-0.30792052852031
"251",0.608527263941354,-0.680301684581955,-1.13206536729346
"252",-1.9349416877856,-0.327909967920794,2.72235188376992
"253",0.401027171057549,-0.710730117451282,-0.80127531920743
"254",0.848814695458892,0.13576871012315,2.08710641722165
"255",-2.07254286699264,-0.978161346094193,-0.496621295936889
"256",-0.608446101187066,-0.904058432757494,-0.668879166181417
"257",0.190549545070138,-0.619774917627375,0.00572776468556451
"258",-0.780530405073783,-0.855528969685403,-0.328913166860407
"259",-1.19048815992477,-0.77817066453614,0.242681487105429
"260",0.0085496294905181,-0.802484128169139,-0.674842191922501
"261",-0.292346594307988,-0.512582330964446,1.06545073568306
"262",-0.248712443124474,-0.706965091683143,0.0569990443222497
"263",1.6195252065528,0.314728436038194,-0.9141163427762
"264",-1.98818141422996,-0.889813130425562,-0.0743855196650308
"265",-2.47104110728053,-0.564578468856807,1.65270798709929
"266",-0.932165647883724,-0.689354642817458,0.577077935296072
"267",-1.00945115550517,-0.775482385555215,0.181465039396162
"268",-0.860239326543563,-0.647099742736685,0.753839311713979
"269",1.05032727730553,-0.17895004825128,-0.716889845924287
"270",0.485577340425303,-0.708055702742551,-0.964397198306239
"271",0.286129379312458,-0.729338390947644,-0.688837273170209
"272",-0.0628001770817839,-0.749031584681286,-0.329536349013392
"273",-1.0044855440682,-1.06915014968331,-1.28906353099936
"274",0.109101409441356,-0.315061398548114,1.64023756438368
"275",-1.12315134620311,-0.523396283211509,1.48991145055262
"276",-1.72965922244385,-0.635462746610534,1.13157907594216
"277",0.469430877864915,-0.859651996816976,-1.68676643329857
"278",0.313925964707473,-0.601169288485837,-0.0945284983615085
"279",0.441866064012195,-0.648135851135913,-0.570538941117519
"280",-2.1801610213257,-0.965387982714367,-0.409110046545265
"281",1.92247707114108,0.487943384598788,-0.62054505531472
"282",1.28463396869178,0.0977684220128374,-0.873517038766241
"283",-0.205744413946959,-0.744048548402654,-0.166052298199117
"284",-1.95247986051695,-0.973434746646989,-0.501021167370864
"285",0.902952991791713,0.0256732020524442,1.26890946170905
"286",-0.122772185224994,-0.622460912559173,0.364131743367431
"287",0.548484290797621,-0.729809711482995,-1.22162226888817
"288",0.932989711880611,0.309120273839156,2.52083226050814
"289",0.0655499642707107,-0.565516030605601,0.442688521442908
"290",0.938489152920662,-0.109000070471424,0.398509291011261
"291",-0.473208174503953,-0.763182421282489,-0.0519052226416135
"292",0.0946051140532468,-0.539368001226825,0.537253927309047
"293",0.0814286184718629,-0.767826094974209,-0.588468176606596
"294",-0.645726039615803,-0.734604205181526,0.200697826058365
"295",0.107357812455433,-0.0973959631603584,2.73081395101919
"296",-1.28962932354569,-0.651632177065154,0.912398997488048
"297",-0.487976282984019,-0.358523818899971,1.98146344781544
"298",-0.968046538530176,-0.745081208914773,0.314960769421423
"299",1.6497848455496,0.126898716215287,-1.92361028965496
"300",1.18339142943788,0.548574920600376,1.9273104840941
"301",1.42819604262401,0.379900619681191,-0.0411340810106373
"302",0.0550947302741877,-0.778436425739945,-0.60921317095005
"303",3.55442426812617,1.20685620657031,1.82157575917789
"304",0.0483306630654725,-0.311364604031553,1.73427564431603
"305",-1.18764427958806,-0.494060338072491,1.66213325383836
"306",-1.61383179538743,-0.977756562265606,-0.612716877862799
"307",-1.76212875305635,-0.557035447652889,1.532521154866
"308",0.23124932350808,-0.568366058578768,0.202654074712235
"309",1.08687317990374,0.279510792449675,1.26906012688503
"310",0.272151878918283,-0.766216530172148,-0.850522246264111
"311",1.01613421532529,-0.243284304200234,-0.777020304790751
"312",-0.93888093923416,-0.87410394067098,-0.343543116129954
"313",2.24997169773435,0.561071905017651,-0.655189211495874
"314",0.368653806370754,-0.7593651918403,-0.982906777635198
"315",0.0822103393223326,-0.513542088250745,0.681976540849788
"316",0.367042790232417,-0.799718944391669,-1.18169227438768
"317",0.456818888446777,-0.377936752711595,0.748971504098026
"318",0.29532768093152,-0.614530315469533,-0.129989478848584
"319",0.905700906006256,-0.0543084260297963,0.854411929728162
"320",-0.3135416616019,-0.929935209851233,-1.00414325101052
"321",-0.0855334072515683,-0.850136447420913,-0.81152125849147
"322",-2.37790753619682,-0.642187088551006,1.24706979944164
"323",-0.729395351906457,-0.985791831170021,-1.00769307151872
"324",0.781594345949024,-0.241868234939164,0.486339681308395
"325",-3.75486269324279,-0.734820365871091,0.982571784329454
"326",-1.08855010709223,-0.902663482169059,-0.420618990203508
"327",-1.05425402251958,-0.290673374398022,2.6249075360943
"328",-1.90285719828484,-0.73083118672248,0.699861501074885
"329",-0.122224946333967,-0.485883722238045,1.0464810823645
"330",-0.101091115395126,-0.789475386941817,-0.492453216853823
"331",1.40503265575223,0.361811634867852,-0.0502264543304136
"332",0.722560453586186,-0.163534695516727,1.09707397373757
"333",-2.37185833418543,-0.531385563358109,1.79990660381502
"334",-0.975873810137675,-0.37449363493802,2.17144213220755
"335",-1.54405026451782,-1.11426792890701,-1.31618982892853
"336",-0.660496925709834,-0.83051749535003,-0.270227402146577
"337",0.577932468608618,-0.598126268352902,-0.638533628875012
"338",0.340751749996133,-0.345519356024609,1.13697550010496
"339",0.0414125251052408,-0.76386468825192,-0.519979399047958
"340",-1.6295461787161,-1.0568007985132,-1.00334961982397
"341",-0.396150064925025,-0.608699015672779,0.665610995624817
"342",-1.32670368660845,-0.872441290554344,-0.178428491388784
"343",0.901640557977551,-0.508617465370542,-1.39561225666573
"344",0.469458679329884,-0.622209307630215,-0.499613487893177
"345",-0.549269910842702,-0.898989408178127,-0.68047441082734
"346",1.28529750244828,0.154070811801998,-0.595143494347789
"347",1.57355810577009,0.364681852269927,-0.550139930865492
"348",0.268552384429219,-0.639258742100811,-0.209959023702895
"349",1.39102537902424,0.146655227901015,-1.07483842991683
"350",-0.843651080280488,-0.745337453168875,0.254411676869954
"351",2.62170864355232,0.640579493572096,-0.564699146406529
"352",-0.202352259026474,-0.598191733077477,0.560187475027898
"353",1.84938833404515,0.348129412759508,-1.20442990779522
"354",1.34238054131619,0.363597583070383,0.200268669409438
"355",-0.624523303906509,-1.12223065491368,-1.75003216611702
"356",0.955483041538783,0.0306571322421019,0.995722282279066
"357",-0.246884456543805,0.0748961371199232,3.96473834029458
"358",-1.09082408727851,-0.823038106592068,-0.0215483680309468
"359",-0.506383456590504,-0.96170660314025,-1.0220827483791
"360",1.51142283911367,0.433841670951822,-0.0340106459786384
"361",-0.656970412728839,-0.823833646157958,-0.238861292794225
"362",1.0022622529658,-0.171025841284841,-0.317167277601082
"363",1.85318392071921,0.593927387963026,0.0182796710396019
"364",0.556642481860299,-0.638604691304449,-0.786069714928359
"365",0.940916186418386,0.0703311000176409,1.28101529829962
"366",0.996177855782083,0.0253209761725505,0.706531688579949
"367",-0.603484132685959,-0.863520151792305,-0.469211640934278
"368",-1.31323097641073,-1.01198446355802,-0.880909867913449
"369",0.399147134827591,-0.404919330930277,0.731437895501032
"370",1.50411698254552,0.4504957502554,0.0706256167931393
"371",-1.1361774704169,-0.973086651837129,-0.753287124374123
"372",-0.458012211644391,-0.863891353040069,-0.565962870694005
"373",-0.174053398082365,-0.824097664848366,-0.595173642541081
"374",3.05265229623135,1.20833919586027,2.02856580119264
"375",-0.68089780222215,-0.562453125701587,1.08185137256888
"376",-1.03242742935607,-0.506532848610853,1.53624042283219
"377",0.0363490608738594,-0.533313444023841,0.638767667728327
"378",1.04198091618806,0.120677954922997,0.847684623668942
"379",-2.06513904363407,-0.813987527777689,0.322571142861195
"380",0.383945126402999,-0.494110061231675,0.314682738565017
"381",0.255085320609206,-0.268240604426962,1.66647634528738
"382",-0.962105943723069,-0.915065699554324,-0.537665080888882
"383",0.944810467519403,-0.188715276768111,-0.0371163251624118
"384",-1.02462529693688,-0.770380560782908,0.213615838923836
"385",0.322731903482914,-0.663286786533101,-0.420256906142376
"386",-1.99855072571093,-0.48390782860245,1.95758673728896
"387",0.304373182272635,-0.42790299557826,0.788008512953122
"388",-0.0382788032591222,-0.805828651245952,-0.639611657685639
"389",1.08578665444296,0.347897975577352,1.61994674701886
"390",-0.138847916965564,-0.558869403988394,0.697708648195325
"391",-0.759230642651308,-0.842313383916525,-0.274135702716165
"392",0.517667182083803,-0.604057806148808,-0.518126046337191
"393",0.165113371506051,-0.628717050889041,-0.00305317109750515
"394",1.61860781723631,0.21326619552376,-1.41923722656791
"395",-1.9227989264366,-0.72467730583662,0.73554781461433
"396",0.418037922615872,-0.427489018815791,0.581324290856928
"397",-0.131394381429303,-0.164677191153167,2.66146227925409
"398",-0.0143705778849676,-0.812735803778485,-0.700312876879751
"399",-0.210813479496395,-0.537339344098885,0.872022600062799
"400",0.471024041903132,-0.210658154923096,1.55473129529622
"401",-0.929874325917182,-1.10458478591758,-1.50014289241842
"402",-3.48651389375407,-0.834681965370835,0.452856927606428
"403",-1.60657783943275,-0.859387299013758,-0.0230034530034949
"404",0.358759806203564,-0.260677669246379,1.52873744323215
"405",-0.605141797980726,-0.494591698444567,1.37644228763613
"406",-0.584927837342969,-0.393602939302349,1.86894848905477
"407",-0.197287791360432,0.210227518359475,4.59771811065462
"408",0.51550625182948,-0.654271672749969,-0.764103401805334
"409",0.599989037647931,-0.281573540076776,0.885114033330383
"410",0.401145478379521,-0.328072037933506,1.11178444596059
"411",0.028875060478634,-0.77896650820063,-0.58072199803877
"412",-0.97912606143242,-0.489340732380532,1.59867283653009
"413",0.98176688921902,0.423746632614582,2.79512916159679
"414",1.5630010098105,0.459168746592614,-0.0501250306786795
"415",-3.23226364423959,-1.02043050577255,-0.507761170678672
"416",-1.1779652783695,-1.08683900454133,-1.30551982749627
"417",-2.38380769240663,-0.861397683933675,0.152155436945917
"418",-1.96219043442555,-0.982224466551321,-0.54263376824272
"419",-0.382773030867297,-0.859035745272639,-0.596021455188453
"420",-1.92292651264872,-0.426936030559588,2.22428547382736
"421",0.806393722075085,-0.704266043545598,-1.92652586872502
"422",-0.411135164024964,-0.913252678902035,-0.846163850978668
"423",0.397381403170501,0.0492389148607232,3.0056561426736
"424",-0.73562584862173,-0.712208712516956,0.363631294237256
"425",2.13191646423076,0.70601161533307,0.195673936060304
"426",-0.361879728060154,-0.901147832255349,-0.822381742566875
"427",-0.113616483300915,-0.544352858323459,0.745650964971487
"428",-0.150055788808957,-0.704722020291409,-0.0208272498293335
"429",-1.16102340266261,-0.627114372584412,0.98646065989472
"430",-0.287761378135286,-0.77406097513634,-0.245705740437741
"431",2.42166542769508,0.818389115156737,0.47508164596699
"432",1.74736990426389,0.427092391096087,-0.626882657735985
"433",0.192374102562712,-0.600668103043627,0.0986372827560146
"434",1.50952404387494,0.711915470459831,1.36188260181092
"435",0.429257093201423,-0.494165431690185,0.225277017870518
"436",0.791238525656068,-0.248931505195752,0.412463977877536
"437",0.366850217837255,-0.397062333820825,0.831946891927366
"438",0.944960686099316,-0.201682202358861,-0.102839163581486
"439",-0.942478699813383,-0.543643636369247,1.31042628931389
"440",-3.05564096466723,-0.953464343073598,-0.19708904557765
"441",-0.125175036292561,-0.641481108856699,0.271383099946718
"442",-0.210086351274809,-0.580147364766677,0.657334349268156
"443",0.144386883071886,-0.843263698734001,-1.04739046859486
"444",-0.937443884175629,-1.03364659661937,-1.14192388184141
"445",-0.993491673905643,-0.544937814687025,1.32712107466365
"446",-0.842461458484484,-0.934382388623025,-0.691408031380968
"447",0.0894596121271637,-0.665096138844927,-0.0848840072948906
"448",-0.314334679647634,-1.01047072651445,-1.40618548924131
"449",0.440926791775441,-0.629540159183983,-0.475608129263076
"450",1.44608908201041,0.28953872516522,-0.553156009871149
"451",0.908613799113954,-0.0757444117295552,0.731652934969756
"452",2.19448795421856,0.65377395521128,-0.134529303124224
"453",-1.78872130496199,-0.793687014250108,0.356352237672498
"454",0.752459176941733,-0.429009407746172,-0.33775772162514
"455",-1.27424088969866,-0.69506872604114,0.68963234245092
"456",-0.317805201451614,-0.225881790276846,2.51953374297407
"457",-0.662230268273418,-0.682280561210412,0.471964152994309
"458",0.6044882596675,-0.51838177214801,-0.311284183837711
"459",1.69231225641292,0.714562112856053,0.921705755191205
"460",-0.259037534209294,-0.888859657468853,-0.843679213457309
"461",-0.975936524100498,-1.12706287518745,-1.59137576213072
"462",0.239563095536416,-0.737588434011813,-0.656156532235038
"463",-0.498972635094079,-0.740922683875019,0.076882688451557
"464",0.713796967830731,-0.431232203784767,-0.211179665403717
"465",-0.861502662128645,-0.839906779551184,-0.209572806911114
"466",1.15935400871995,-0.08363436709884,-1.08048780174364
"467",0.277407863362908,-0.58035713393299,0.0702898208690008
"468",0.863593173967191,-0.0234974212992967,1.22122581345004
"469",-0.319712472994814,-0.335335605897494,1.97378535208121
"470",1.26301343121785,0.240485024041323,-0.0548166229972629
"471",0.340255322200044,-0.36023090326455,1.06429984496233
"472",-0.381949299663254,-0.82800218366266,-0.441470497575257
"473",-1.35853338251438,-0.560293857734085,1.39339938262203
"474",-1.07266068054567,-1.08834284137098,-1.35565373704361
"475",0.30574386378764,-0.710879228503215,-0.629184043003161
"476",-0.357975321033721,-0.91330922720361,-0.886177251182318
"477",-0.640093110649232,-0.768552842040184,0.0276302780294006
"478",0.0306030991215784,-0.0273052121340654,3.17556256851832
"479",-0.955937773516957,-0.691817893321175,0.575754086767186
"480",2.29451929265734,0.733772694149947,0.164938514294197
"481",1.22143430176791,0.151790493955195,-0.279243212758308
"482",-2.32566689533884,-1.04936360369874,-0.799040589550897
"483",-0.172146764234182,-0.909637071828086,-1.02463948095663
"484",2.23103873953539,0.5591050320595,-0.645925778308612
"485",0.0355683272685121,-0.850504251228889,-0.946265928585279
"486",0.0204269985590678,-0.557635610206502,0.535756577983409
"487",2.7967642169333,0.668292486252897,-0.536819223332721
"488",-0.758318206238721,-0.789025065453808,-0.00818261135903789
"489",1.99828250224012,0.446419170733619,-0.936030835618137
"490",-1.16010134163414,-1.08502943031167,-1.30347843138602
"491",-0.201575005281237,-0.439954496919045,1.35067455904847
"492",-1.08067765722758,-0.793637288350606,0.121232749026185
"493",0.0288350420922549,-0.745376616248777,-0.412725764447178
"494",1.55699843714257,0.53153730216221,0.327637299046345
"495",-0.54448811423938,-0.537327945143618,1.12476200353406
"496",2.6129189829991,0.698780932260283,-0.267658680087204
"497",-2.27762064252849,-0.811938474717004,0.37843995590375
"498",0.390269054790974,-0.635454159360507,-0.404100391034674
"499",-0.169134411817368,-0.748631477050446,-0.222413538219384
"500",-1.74129934273156,-0.997298703870454,-0.674424735491567
"501",1.90761437041532,0.734296889304154,0.633700071220058
"502",-0.851173956127562,-0.68245598390183,0.572568891655562
"503",0.471544021856768,-0.386519583400524,0.674289140060568
"504",-2.77132775933586,-0.794080521676773,0.556912742637255
"505",1.87784495721746,0.346227873534917,-1.26020091979057
"506",0.99671873023854,-0.157261819781246,-0.210082426575497
"507",1.53708157781451,0.300680498700293,-0.772547640750351
"508",-1.81216805124899,-0.810944909692042,0.276223475045281
"509",1.46861171621798,0.202869296500716,-1.05924244611677
"510",-1.4916441818451,-0.593532084942729,1.27117584230795
"511",-1.07422872637301,-0.451692126874846,1.82825830911651
"512",1.75262997811802,0.580286318080479,0.128957262627449
"513",-0.111865627820289,-0.768326604004532,-0.37595338001437
"514",0.619994287366376,-0.186991728140798,1.30227381430122
"515",-0.749679244839864,-1.0761010650168,-1.44820593900795
"516",-0.317561486314165,-0.322404933673285,2.03672349997608
"517",0.739803574845564,-0.487160446639868,-0.582191981685766
"518",-0.619405890350904,-0.984605813081725,-1.06498333255571
"519",-0.570717430064581,-0.00611587397417668,3.79750635128125
"520",-0.43851786121356,-0.585652183705092,0.811525211377231
"521",-1.11484737226727,-0.516599486836101,1.52052097160053
"522",-0.969867109404597,-0.894772640087071,-0.432670324207905
"523",1.1365980242811,0.777288492445896,3.37931436260007
"524",-0.638163449289578,-0.480258622798176,1.46795883541534
"525",-0.656505506219856,-1.11923205491876,-1.71612446800458
"526",-2.51409708951967,-0.5034665740927,1.96613748558901
"527",-0.714232981708293,-1.05261905474755,-1.35019886469127
"528",-0.360294222363973,-1.07565801469094,-1.69614486118205
"529",1.46119299337503,0.966093424220813,2.78047447118017
"530",-0.43073577567448,-0.753570311607365,-0.0336083012081452
"531",2.3228670755782,0.707708168564611,0.00809655622394764
"532",0.093663843144767,-0.832692109508913,-0.928173903797447
"533",0.184355793419162,-0.741368130972467,-0.593376654154486
"534",-0.227209054049764,-0.664268913038483,0.251858106822435
"535",0.311341951704679,-0.638324400822411,-0.275898135171245
"536",2.21679734003901,0.831497499172439,0.730674002729682
"537",1.80595500402859,0.421553848223415,-0.762910288435166
"538",2.70768866916959,0.706491307200424,-0.291663276863653
"539",-0.863802948164556,-0.649117233769117,0.745507811408023
"540",-1.72973138163284,-1.18628463265539,-1.62251059901442
"541",-1.77925988298987,-0.677450945965799,0.935022895316243
"542",1.81017664402299,0.464474605182279,-0.555748600869162
"543",0.935583324879613,-0.0676723130544994,0.621967682973501
"544",-1.02142426824024,-0.910707492018864,-0.48941368384533
"545",-0.143203338350378,-0.842549993409356,-0.716509991632359
"546",0.575513860494543,-0.510825670736097,-0.195692174617027
"547",-2.11126403894363,-0.818179155095309,0.311951634328847
"548",-0.572842063116708,-0.547565503579338,1.09159262107991
"549",0.0788790899855436,-0.806546002835488,-0.778893415349853
"550",0.623236922222863,-0.420051830031584,0.127737815945737
"551",-0.270709824329501,-0.562601766977487,0.797440092848113
"552",0.742482066251181,-0.388703795956883,-0.0996077776740543
"553",0.220145182715806,-0.756650738147915,-0.722034372478817
"554",-0.661684077162771,-0.956367783837409,-0.898789077092659
"555",-0.902354256882612,-0.976670205320802,-0.873571119128269
"556",-0.517634339556278,-0.384663161844105,1.87059179076633
"557",1.5381847050731,0.29014655302464,-0.828266265489595
"558",1.98783243822659,0.579283211461409,-0.257479262029212
"559",-0.651717617115303,-0.959268601455865,-0.919105771507661
"560",-0.143133177581531,-0.615393783733585,0.419203811017502
"561",0.0810344516521783,-0.477733921055769,0.862484114228368
"562",-2.65668748359044,-1.0761953723219,-0.872559199150841
"563",-0.31667893789458,-0.920303321500432,-0.953473260189449
"564",-0.136541764309055,-0.443334313699682,1.27316041730812
"565",0.218272775731913,-0.644363361375985,-0.157800683388871
"566",-0.0357724575848043,-0.862201133279283,-0.924182792513487
"567",-1.47249021784311,-0.750635117726136,0.47956279657813
"568",0.8431942227216,-0.39259016393329,-0.528883279934709
"569",0.644522831744576,-0.821841561758442,-1.9432747805099
"570",0.899825762040144,0.240523424810061,2.35963852940342
"571",-1.06860673314622,-0.857092113925794,-0.201105969143034
"572",1.87907585390855,0.499191128965379,-0.49734375683074
"573",0.334564510114818,-0.451008937339887,0.620474868725775
"574",0.0833936362900035,-0.448235693607047,1.00703035129774
"575",1.71326369255539,0.745448990387214,1.03265268698403
"576",0.477018546111563,-0.340312011537072,0.893317565433105
"577",-1.18727312776454,-0.830996514357361,-0.0226913309371466
"578",-1.46993393085457,-0.968773764272586,-0.611949871453782
"579",0.61874903823351,-0.657711216596297,-1.04779200384354
"580",-1.93917807168463,-0.671412537985959,1.00586960947516
"581",-1.40662055615126,-0.775867051647177,0.331854787282876
"582",0.793882042897816,-0.310804618587821,0.0923822389228602
"583",-2.20220961575552,-0.756426356998551,0.640380432823794
"584",-3.42983872837093,-0.998454178926364,-0.372834684069093
"585",1.60906668804234,0.272907481770946,-1.09804255384795
"586",-0.78201820243722,-0.78323967285504,0.0333153482604908
"587",1.23384203124378,0.202778537796794,-0.0921494132460092
"588",-1.91311487645396,-0.838496930687709,0.164068773769461
"589",-0.730399414710481,-0.788747225923791,-0.0219195196042585
"590",1.93522797561735,1.105466755557,2.44815017485779
"591",0.24399874889014,0.211076799120324,4.08033424144143
"592",0.772575658603959,-0.556507654276477,-1.05154199842476
"593",1.13229819468916,0.224569900149167,0.64623378880938
"594",-1.56519613373776,-0.784942216728329,0.336871978205307
"595",1.75608475352077,0.801692888661444,1.2293819093437
"596",0.718215445003136,-0.265599609987856,0.601808615167523
"597",0.920444025898876,-0.263363896226905,-0.270947301476165
"598",1.07717391406578,-0.0252829288402569,-0.173882473502302
"599",-0.771983087479283,-0.798229033495782,-0.0469246134446404
"600",-0.569388843963489,-0.733745783935613,0.158521074631837
"601",0.690711092575398,-0.135638284217591,1.3438670402948
"602",-1.93266632008109,-1.01962823403217,-0.736793968826057
"603",-0.635767032000899,-0.463457643195137,1.55054217900703
"604",-0.269923848941663,-0.19397829405574,2.63989924479303
"605",-0.0949713271760701,-0.982847305613443,-1.46548024680051
"606",0.552131095984052,-0.397406422875991,0.431279374280521
"607",0.496583422579483,-0.473058421002244,0.185756652482314
"608",0.582107172533799,-0.369148999814647,0.495346221006068
"609",-0.203795184374545,-0.839510623231838,-0.645110675221136
"610",2.07690803711781,1.18653741362116,2.66340194434874
"611",0.760179171948998,-0.631136933464147,-1.37727855822591
"612",-1.69839277111889,-0.494225434292449,1.82912626831247
"613",1.04065300585307,-0.206017365597558,-0.775382613367093
"614",2.20435598207563,0.698383261646671,0.078086334402292
"615",0.00167892223536935,-0.70174471663923,-0.163340848069565
"616",1.23565515371572,0.251801163184275,0.14323238532876
"617",-0.92333513904786,-1.0767520201226,-1.36404341512145
"618",1.48770117706526,0.199554171761066,-1.13496087917319
"619",-1.14519656252535,-0.627111267412526,0.980198681304284
"620",1.14808843367439,0.172266070941802,0.27454920838568
"621",-0.755388661154787,-0.814541305287168,-0.137334708906884
"622",1.34938044229953,0.389236111010831,0.299773541294204
"623",0.598435912651665,-0.538842469863681,-0.396988887472592
"624",1.28912529070008,0.365449106762383,0.44374185362757
"625",-0.918911344881526,-0.875454714465814,-0.359638687631737
"626",-0.159538791912815,-0.642586050814035,0.298826699885529
"627",-1.25029505068647,-0.9017014028915,-0.352336835458306
"628",-0.6618636704068,-1.02071646824188,-1.22042821147049
"629",1.09341675029173,-0.0906589355868372,-0.635039308873546
"630",-0.203425259433415,-0.72825528206912,-0.0891661144063862
"631",0.417669987351141,0.153724952392,3.48813062484592
"632",-0.561840967955627,-0.831617818670134,-0.335605789607025
"633",0.28882780453848,-0.692159993297926,-0.507381349169546
"634",-1.36145278752657,-0.72948877939772,0.548430380101323
"635",1.82652755750552,0.565018503844998,-0.0814176819093961
"636",1.11151988286068,-0.272749193278797,-1.68719491628953
"637",1.71888396813522,0.438298970744623,-0.514515804543473
"638",-1.07052177816836,-0.851699875549303,-0.173338314250187
"639",0.943695080939685,-0.424640691606076,-1.21015971997773
"640",-0.792287712090177,-0.910835411847079,-0.599291073621567
"641",-0.30986664081422,-0.879260566545892,-0.753720981149319
"642",3.45929665597943,0.888196316225793,0.260973916994287
"643",0.85596142573556,-0.0799733692922783,0.975074514351568
"644",3.14492924871519,0.732603460032383,-0.392423455622039
"645",1.0522667650787,-0.0570411409433916,-0.123036721580773
"646",1.28231859159255,0.304407890069983,0.170671569148475
"647",-1.47747424061267,-0.820641851886597,0.131122970866808
"648",-0.735319687307235,-0.696964055690865,0.439687485349013
"649",-0.238665967341156,-0.842306971172498,-0.628358551994382
"650",0.942679681337237,-0.076095323046602,0.538543255938523
"651",-0.102055173438134,-0.878485126820212,-0.936534218084084
"652",-2.73783394095825,-0.654131784886487,1.25123664811686
"653",1.59878351441944,0.442183943283914,-0.226450895188334
"654",0.676129965806392,-0.617543914955431,-1.01880886025727
"655",-2.72727675117724,-0.858510183557091,0.227619268963808
"656",1.3147544780664,0.116961309119583,-0.91507860704921
"657",-0.176493601428532,-0.582177530884726,0.616685522928678
"658",-0.539456082347406,-1.04924398579946,-1.43806410421071
"659",0.124793445110147,-0.774293180654018,-0.676391003689769
"660",-0.757333037621219,-0.73752951643106,0.248767282422587
"661",-0.162325409938198,-0.937365187405796,-1.17244948736624
"662",-2.70022429472373,-1.03855428804167,-0.677060476169657
"663",0.231131930048371,-0.396586623047312,1.06172951827579
"664",-0.267602191437449,-0.816538936688127,-0.474851338476558
"665",-0.731024295999114,-1.02651007828041,-1.21039139184845
"666",0.240531660098247,-0.707532707576727,-0.507366869492198
"667",0.651011231496108,-0.15387341692344,1.37713598756838
"668",-0.34290510338637,-0.8901037296059,-0.781793191744913
"669",-1.74004387678153,-1.06864298732259,-1.0314876625161
"670",-0.291802579256334,-0.816843151624018,-0.45629894481509
"671",0.8929623060867,-0.061476992180465,0.885341132002815
"672",0.555352541540729,-0.5420352457355,-0.299965649875694
"673",0.445719432016561,-0.675199946403761,-0.713900095733679
"674",0.15406312974978,-0.492692444394725,0.692305154800231
"675",0.331684033566328,-0.425118836695838,0.754987567100014
"676",0.674260448814006,-0.765759012909627,-1.75397563010219
"677",-0.389937430531909,-0.756787799626956,-0.0794373946366425
"678",-0.541965927842033,-0.852021867531561,-0.450332701661682
"679",0.0116957115851222,-0.367533198809669,1.49631740937466
"680",0.349750790560278,-0.52633035142052,0.216816223642034
"681",-0.97722052226551,-0.155799628860897,3.26551972784059
"682",0.595541173079373,-0.492205472285855,-0.155930577384146
"683",-0.621173377484297,-0.978973733289638,-1.03575919193083
"684",0.668453353534593,0.0125123293553056,2.15559521675401
"685",-0.95567486216438,-0.791594749397973,0.0767493193813608
"686",-0.407815474911097,-0.713132355242845,0.152015973954531
"687",-1.47279997355474,-0.763549604182162,0.415089568297556
"688",0.405078872496894,-0.876395121151144,-1.63752326906764
"689",0.301169606243481,-0.66087998857404,-0.371492181197446
"690",-0.737958293384857,-0.485998288161204,1.49595499932654
"691",0.248169056892233,-0.777782370827133,-0.870426775137289
"692",-1.47818208399771,-0.885648450835158,-0.193684070204867
"693",1.8315130878515,0.606902134301687,0.119479715177832
"694",1.13381035523677,0.420709460020077,1.61615628576401
"695",-0.447152094340896,-0.783686178444171,-0.172542439817919
"696",-0.486922120502595,-0.828123236499822,-0.367248295333743
"697",-0.11898740130279,-0.626616740557512,0.339634626627029
"698",1.39874281283822,0.475971822504472,0.543362018915382
"699",-0.356281613981048,-0.483274531427021,1.26269625339133
"700",-0.180380411200794,-0.836949291641049,-0.653588145444317
"701",-0.534101574828223,-0.86545441374633,-0.522586376692127
"702",-1.03631498617555,-0.922129692934638,-0.540063915662232
"703",-0.843297374347032,-0.878215048475642,-0.410153159415398
"704",0.270814565314069,-0.473581625872012,0.614801032058606
"705",0.598638696790564,-0.387769913938617,0.357820762638614
"706",1.7945318798057,0.821211740785101,1.25575334217792
"707",-1.54871497473082,-0.800481241079228,0.254170011690773
"708",0.0519625144447325,-0.725720161902816,-0.341858845968872
"709",0.603265814376494,-0.496828283580442,-0.200149075631166
"710",-0.464030320596348,-0.895272277620362,-0.718686161093439
"711",-1.56969767053975,-0.905143047038297,-0.262773477153013
"712",1.44507921010162,0.12306314973404,-1.38219407923286
"713",1.34679839356458,0.193579619764076,-0.667979898278511
"714",1.48201393047334,0.323063754188886,-0.500025001966641
"715",-1.97957283972257,-1.03790905384645,-0.816906124822538
"716",1.384081602761,0.380552924349716,0.120594686581614
"717",0.138107496585921,-0.556618394469046,0.394288154156483
"718",0.210090557167058,-0.682412878201384,-0.335910230780217
"719",0.454032713558106,-0.13282060849186,1.98047717313143
"720",0.975249241586143,-0.0729856182527387,0.353799030494504
"721",0.325746115447576,-0.813037289411769,-1.17423734732211
"722",-4.01536084134715,-0.868977649346293,0.338560940001032
"723",-1.67419944576183,-0.541647656989829,1.58521960010129
"724",1.58246532214292,0.267319917360143,-1.05981437001581
"725",-1.12883089802765,-0.917518054803051,-0.4784009225706
"726",0.382472041428471,-0.0827348582617139,2.3743516953986
"727",-1.24486240411924,-0.694767618612219,0.68031421662128
"728",1.51074083206196,0.654963006007312,1.07357791414039
"729",-0.872087990835818,-0.945629057877481,-0.732987867137801
"730",0.622325812142805,-0.518724380132277,-0.36302423231211
"731",-2.23825704167714,-0.812635516071217,0.366876294419268
"732",0.0444058250683719,-0.511917298944698,0.736198555435428
"733",-1.80682827345536,-1.00197421492094,-0.680318806643384
"734",-0.292954931365126,-0.7190892986565,0.0334138662712057
"735",-0.916223550227173,-0.729749393856446,0.367619594462695
"736",0.389037311249961,-0.713897892276046,-0.793960273782509
"737",-1.43295017161189,-0.722355338464659,0.608136187914771
"738",0.826327066931458,-0.206322117855217,0.477853028751815
"739",0.422336476500856,-0.825655849119249,-1.41814603628287
"740",1.27965085474992,0.537252807091612,1.34763757037797
"741",-0.138854455935722,-0.744443859717597,-0.230157333345664
"742",-2.69473436917531,-0.721986959097838,0.904864496011664
"743",-1.00425075046012,-0.469490991921346,1.70912851711192
"744",-0.015654699002525,-0.900968829186396,-1.14005387505942
"745",3.68075160197485,0.869652470551394,0.0951257187957593
"746",0.826235827065503,-0.339899644005648,-0.189634878586355
"747",1.65891415187014,0.756616160988325,1.20445402860471
"748",0.236599490310134,-0.663608213983572,-0.281711923718017
"749",-0.212928048563586,-0.696432475733482,0.0784389938490411
"750",0.0917532346850581,-0.317953975718406,1.64793339766492
"751",0.0722968559079918,-0.733678688507567,-0.406408208483724
"752",-1.06947201936449,-0.545799338476654,1.35572243631305
"753",1.07601584289415,-0.286212585874224,-1.46868450397814
"754",-0.534985851788816,-0.79024416827412,-0.145960912320298
"755",-0.514233008118923,-0.860091666814786,-0.508797139644021
"756",0.337580391261785,-0.531305773080441,0.213667221185978
"757",1.10915011052073,0.0618813333748796,0.00405425245303726
"758",0.786611831273812,0.0990861091784318,2.17115459843234
"759",0.293079153346751,-0.529070643517001,0.301041346485319
"760",-1.43509616312507,-0.838212627737893,0.0295541922156811
"761",0.704444691487527,0.0103286222709769,2.02828941759137
"762",1.13826353917651,-0.177485506671697,-1.40626970559717
"763",-0.177688567254948,-0.571528060685684,0.671036691297283
"764",2.03944258594833,0.814969338164961,0.852503857297373
"765",1.12180069839726,0.148267771291464,0.340893771034379
"766",-1.8517120380957,-0.826032702202345,0.210989419158253
"767",-0.923314108821473,-0.758852235120655,0.225445629987407
"768",0.174968319919869,-0.255455832357967,1.84947665662635
"769",0.758118631701732,-0.383464436003428,-0.131159447323875
"770",0.432413457181032,-0.429420239321277,0.542552843936636
"771",0.0702255823356902,-0.461834744939299,0.955361892826948
"772",-0.817966344749767,-0.947315750114873,-0.768452997816955
"773",-0.998555502221109,-1.08339632711174,-1.36292010972934
"774",-1.03574315565195,-0.98679879088683,-0.863656201772584
"775",1.07460958306895,-0.0631477982874171,-0.341353839141956
"776",1.96798150200817,0.510102669202176,-0.575803024757797
"777",-0.996110240486638,-0.631302385665042,0.896463498806512
"778",-1.56714878613101,-1.12892504801683,-1.38245234743116
"779",-0.731794938174822,-0.453381203108199,1.65567499541484
"780",-3.27637302840966,-0.826828787065668,0.466011970959238
"781",1.65018624455977,0.337308624397427,-0.872469749103996
"782",0.155115807173951,-0.238878334435396,1.95993387406802
"783",-1.17263933070142,-0.409669051736347,2.07825021562919
"784",-0.00926565374236357,-0.74639349385979,-0.374284276996966
"785",-1.74580879780668,-0.884754747893451,-0.110480366416399
"786",-0.352446383594394,-0.615903941937894,0.596597524019999
"787",-0.461398753995811,-0.431376369578003,1.59896788230964
"788",0.740321758939369,-0.260081914591145,0.551328611183565
"789",-0.116915886383499,-0.617296003767854,0.384196722278529
"790",-0.923907006899883,-0.731508841870514,0.3624410757352
"791",0.411876819704573,-0.45577523720331,0.452169157531884
"792",-0.186675941514537,-0.746800939917084,-0.197071189706765
"793",-1.78215960064465,-0.905986582094801,-0.206884663942904
"794",-0.204569810463358,-0.760499318233332,-0.249359058483202
"795",-0.505239114696087,-0.213986828677,2.71575332302293
"796",1.42302989417034,0.528689982357153,0.720615980850279
"797",-1.94255501149674,-1.08576571471086,-1.06507650060516
"798",0.980633353148833,-0.157397100243588,-0.103170534626442
"799",0.294624989870281,-0.858349321999632,-1.3479167692876
"800",-0.211622864161944,-0.310337375441472,2.00775332595281
"801",2.035604112398,0.616419236310342,-0.135310757140166
"802",3.14070761368554,0.574116379370939,-1.18298687004391
"803",-0.755580042973266,-0.866362397197465,-0.396337429083164
"804",0.256403180852465,-0.595531101503303,0.0279529600554734
"805",2.56499380492381,0.905262898423788,0.798535725368949
"806",-0.745368173470815,-1.09759480563916,-1.55800416855358
"807",0.166099718838049,-0.829135541115321,-1.00651635348027
"808",2.27832438270663,0.4679357875288,-1.14872352348675
"809",1.33545685397498,0.146213466648636,-0.85782256925918
"810",1.07885459842873,-0.0335532088328479,-0.229457446145186
"811",0.374123763722522,-0.331036693042002,1.14855149495674
"812",-1.96163480193982,-0.442424046612356,2.15623500338016
"813",1.89372060389248,0.381615121625614,-1.10827358823095
"814",0.945326153656956,-0.347471677910482,-0.833948993718515
"815",-2.10869648281304,-0.93629387953371,-0.279190869926347
"816",1.18564766115662,0.64361207841913,2.38863677795131
"817",1.57616229339733,0.607015989067326,0.654807898487384
"818",0.994812855743677,0.157309070014773,1.37578411365844
"819",1.51062962724999,0.425083325270948,-0.0754970877038266
"820",1.81221887706279,0.725028198296369,0.743435963953449
"821",1.16817995062639,0.0993766130056692,-0.22291916032777
"822",1.17410426319234,-0.0706992495892194,-1.111082728473
"823",-0.114432050315992,-0.564035239848482,0.648046368469864
"824",-0.81238249052496,-0.5595916075447,1.16731193812232
"825",-0.608667908892155,-0.825039098868529,-0.273647631022744
"826",1.04714064541364,0.214873452392617,1.27779965353239
"827",-1.38501579150599,-0.853518506595642,-0.0636720130552675
"828",-0.892939371825459,-0.752711529709662,0.241710551157106
"829",0.00666892418047497,-0.525292875569187,0.713256700498416
"830",-0.968345501203438,-0.708427469516002,0.498365195139553
"831",0.892332658068438,-0.149420169970109,0.448869530964015
"832",-1.46643514237433,-0.818970723482548,0.135941612289066
"833",-1.10459083898031,-0.973630435442145,-0.768829486948899
"834",-1.32330232971206,-1.07926676547403,-1.21375494293912
"835",-1.47343480110503,-0.932926216796274,-0.431590242485812
"836",-1.63343446617476,-1.01115244828466,-0.773979248972335
"837",-0.235104670863896,-0.759211685810583,-0.215969560881583
"838",1.33402233461293,0.41870503794392,0.510665895497018
"839",-0.647988303267443,-0.813377738525881,-0.191839260789948
"840",1.16411634626656,0.23445488722511,0.478759486846989
"841",-0.291142095805934,-0.47939285927586,1.2304112150525
"842",-0.181926603045989,-0.953833372360017,-1.23658653030169
"843",-1.19264669291215,-0.857358004217358,-0.152421857213549
"844",-0.265419715262057,-0.494850586590989,1.13175554272365
"845",-0.557694174190783,-1.01991173889681,-1.27970790221587
"846",2.21638052064146,0.686136893576943,0.00430297142399584
"847",1.91552262905136,0.950170127364344,1.70104886328872
"848",1.33272713941002,0.457127043140143,0.708237951883448
"849",-0.402101279812505,-0.619843102008878,0.614275494060705
"850",-1.11392249882894,-0.793478404783533,0.135749301567508
"851",-2.18047076928335,-0.583387694188304,1.50095754631259
"852",-1.39884006467748,-0.747261704880209,0.472275319580431
"853",-1.85580869949062,-0.606451721708783,1.30993847007813
"854",-3.37371701599955,-0.786628184872543,0.67938042475603
"855",1.15709438059022,0.111305924375002,-0.0908328799604814
"856",-0.654659529064339,-0.71209406868165,0.318487831093309
"857",0.767021368470889,-0.255440217255979,0.475196845732472
"858",0.447223635714943,-0.777735971285448,-1.22973264643738
"859",-0.0327013692560332,-0.780833224749049,-0.520673138269621
"860",1.52547599744711,0.492921628701776,0.221118709776815
"861",-0.199709059333892,-0.710549288538043,-0.00398007654195935
"862",2.78330240354164,0.778301918558332,0.0211463291213433
"863",1.47077678120364,0.830639206161216,2.07278643456217
"864",2.48372876779927,0.645761458646056,-0.438017880658298
"865",0.806142553710964,-0.422560076560814,-0.516945595069667
"866",-2.16366895760311,-0.721459276805419,0.806996010457658
"867",-0.797989979913536,-0.648449308823939,0.715603219280622
"868",-0.156432004303496,-0.961808454790998,-1.30021516518725
"869",-1.57061384207239,-0.97465087454298,-0.61003654830188
"870",0.674575042276495,-0.112816129631724,1.50974603536891
"871",0.00716380989930706,-0.420777247246539,1.23527150168922
"872",0.172471934040264,-0.459849401572044,0.831015571084076
"873",1.64021300876104,0.523654083386727,0.0820267032528913
"874",-2.31340466731245,-0.888637033249393,0.00215273565074075
"875",0.500716405777624,-0.269920731055542,1.19200013220883
"876",-0.368907670654919,-0.94034739240453,-1.01302890277662
"877",1.47425110091482,0.312917031375035,-0.526708527453187
"878",-1.04659715190224,-0.818855394602168,-0.0192724210286735
"879",0.421991097211862,-0.533899992187768,0.0413293296169678
"880",-0.964520456229877,-0.618596184281643,0.94578273806441
"881",-0.894667357413295,-0.914297967724674,-0.565391096805386
"882",-0.176054549924128,-0.742179302766935,-0.183729255832345
"883",-0.521852881798983,-0.876661087309761,-0.586621354836033
"884",-0.401556982276973,-0.622165189378904,0.60226505456368
"885",-1.64369658312857,-0.517457885468447,1.69745957290598
"886",-0.0668825648408785,-0.402959571666513,1.40509605360333
"887",1.61189322365752,0.754797126927761,1.30455558950492
"888",0.776240195808877,-0.474902292694181,-0.657779619921869
"889",-0.948039597910771,-0.835842418049517,-0.147998635633573
"890",1.31795473348197,-0.0963903479481423,-1.99587794395607
"891",3.20580496558263,0.610156048142476,-1.03101332412308
"892",0.574794699995002,-0.694101082889058,-1.1101898851682
"893",0.478709359899297,-0.0973337788051983,2.10447744290707
"894",-0.397551825281958,-0.931389636201773,-0.946807008637703
"895",0.263880700765743,-0.693752931812856,-0.474979520297409
"896",-0.206915819626004,-0.486812925175831,1.12117455578558
"897",0.0360738809044889,-0.614916084036016,0.231078988795429
"898",0.250342169578012,-0.113776155736169,2.446220388829
"899",-0.407564008941676,-0.583174817114402,0.80161990000292
"900",0.157423548169499,-0.329072068823036,1.50579735242378
"901",-1.06810959185763,-0.858293998037917,-0.207324929534368
"902",-0.773227272008292,-0.910497396056184,-0.607607810721398
"903",0.654420215213114,-0.604857768492897,-0.888092895681494
"904",-0.194755461387395,0.295468767191067,5.02163219777372
"905",1.08965693939664,-0.271105522414324,-1.50681171977356
"906",-0.919686265049119,-1.01339180390269,-1.04895895161879
"907",-0.550400141877519,-1.01363234884722,-1.25296519798761
"908",0.600730035736038,-0.60135741070112,-0.7158333630861
"909",-0.176996275573401,-0.750822196291525,-0.226073299182435
"910",-1.81371225408325,-0.880114662709877,-0.0692224491942391
"911",-0.605830513878123,-0.627200588450718,0.713817724429152
"912",0.158089052334124,-0.734133400766599,-0.520424635637982
"913",-1.32136926821366,-0.934348280872711,-0.489845192082495
"914",-0.788915955532582,-0.72500372673089,0.328108421603028
"915",-1.83419600270814,-0.958231937107245,-0.454498676689167
"916",-0.250229058791716,-0.782550852331411,-0.319632055254639
"917",2.83692670424783,0.724825033206216,-0.277246411931301
"918",2.11726704200507,0.595273924064464,-0.341101341171873
"919",1.94572489385994,0.701522721110843,0.413097739533867
"920",0.794672641982357,-0.256016272226709,0.363106618507245
"921",-0.21749158303821,-0.796230151590518,-0.416501963908076
"922",-0.37114916531653,-0.120522961898414,3.08779206617675
"923",-0.676706748981459,-0.5338155967568,1.22264035906989
"924",-1.76726742457736,-1.04834156034232,-0.92263103639127
"925",1.03479670106997,0.241972558184658,1.5099614302063
"926",0.399284946844499,-0.692991155000296,-0.709189095250697
"927",0.737608081492408,-0.221861740995163,0.752210421836096
"928",0.311381917891836,-0.612888959872423,-0.148788948757305
"929",0.121410750297489,-0.203397965913647,2.18253255547433
"930",-1.32108722332474,-0.810670827989384,0.128442392942809
"931",1.57972249221146,0.225701328275243,-1.26090542751763
"932",-0.317645773571426,-0.952173837784333,-1.11205373967806
"933",-0.759405820384902,-0.386922812185739,2.00291090089067
"934",1.10546980955435,0.199646246962038,0.721248591095512
"935",0.298262324098987,-0.417784814837626,0.848848336893551
"936",1.95377539460421,0.51886644717217,-0.511796045981326
"937",0.32689503544107,-0.366817318648021,1.05486365084759
"938",1.42157543824913,0.404431144061443,0.104368734969557
"939",0.257341530354336,-0.518564359266518,0.411309797220132
"940",-0.514225593188758,-0.773583988086006,-0.0762636507965762
"941",-1.33693932552054,-0.870909218132983,-0.16717608980068
"942",0.425936824278057,-0.697471540654759,-0.784503538234259
"943",1.62801197039658,0.43611009348717,-0.327306828919182
"944",-0.962565024072491,-0.963992384414569,-0.782089157022093
"945",2.01568660040884,0.447088539470521,-0.955959919655413
"946",1.51711943225084,0.224264001584801,-1.09835269365013
"947",-0.996776953344254,-0.665501344761264,0.725765030467344
"948",1.91647969085752,0.454308143714289,-0.779706523796513
"949",-1.1962821217291,-1.05596408759913,-1.14405155760079
"950",-1.42740949058231,-1.01258385612117,-0.844829705389785
"951",-0.740952798568963,-0.769826534984391,0.078442690442658
"952",-0.547325235671331,-0.603618521213805,0.795132733074031
"953",0.424799005496568,-0.739923306267682,-0.994457448595564
"954",1.04177074889284,0.0470964860995376,0.481427654895183
"955",-0.982486862320283,-0.929541556399357,-0.600819921130403
"956",0.207631477531436,-0.84410496573677,-1.14074910678313
"957",-1.22705635368725,-0.768074070673099,0.307115282145074
"958",1.79069910744288,0.723151632595429,0.772367567643464
"959",-0.764175461869668,-0.943760851158639,-0.778732026423371
"960",0.444689650713146,-0.518782557511382,0.0703405734911652
"961",-0.164937790660886,-0.477193722083412,1.13085635381031
"962",0.018936064409932,-0.499369965902912,0.828808192279834
"963",1.2215788010351,0.191753842156097,-0.0802294131861374
"964",-1.48770268047306,-1.11013916703394,-1.31310836028531
"965",-1.12348174083056,-0.934387939810684,-0.564912984750933
"966",0.104977026183515,-0.447879558259053,0.981459096807932
"967",0.176165744232305,-0.48669190794254,0.691610078339173
"968",1.35246946696597,0.135842844065573,-0.979708645217343
"969",-1.11360933516628,-0.829232352589142,-0.0431481740872959
"970",-0.127907896316545,-0.343030523895088,1.76630382666179
"971",-1.57021107041148,-1.10855134537206,-1.27966024887065
"972",-1.2581647351006,-0.481090252835731,1.75362874056892
"973",0.560238065131146,-0.450702019980878,0.144325852550403
"974",-2.01372680819199,-0.838414861099057,0.188606299641737
"975",-3.14877050653407,-0.929692216110844,-0.0652696873984214
"976",-1.37537646596208,-0.85870436433145,-0.0928779083088573
"977",-1.14931340901157,-0.75738220981637,0.33048362393641
"978",-0.157630338489517,-0.633227461320425,0.343821061823883
"979",-1.00039347676804,-0.458872352652432,1.7605148203749
"980",-0.0529059744364151,-0.944534534148938,-1.31748926835339
"981",-0.075196019107499,-1.02877933821369,-1.7153640153556
"982",-0.472206438055745,-0.00221278213413212,3.75225451850618
"983",-0.856366010246651,-0.910416290497123,-0.564657582398823
"984",-0.774597164054256,-0.974263630424266,-0.925714595955372
"985",-0.206874288563339,-0.782637633668486,-0.357986146384154
"986",0.430371794546122,0.16125291306236,3.50009453912059
"987",1.15424819014881,0.577410276576033,2.25866356057216
"988",-0.994301409495389,-0.951765603280732,-0.706657286851722
"989",0.290300118399676,-0.581857807513968,0.0417019023340764
"990",0.410812886133003,-0.557895456765795,-0.0563241443314247
"991",-0.88807342234912,-0.710533575353736,0.450255534776427
"992",0.796405264335676,-0.330736960776892,-0.0175679273483079
"993",-0.938890345329365,-0.693501999818367,0.559470954678737
"994",1.05892863715875,-0.187512180038652,-0.830038370944861
"995",-0.168454229725138,-0.887345020052711,-0.916615210401172
"996",1.08630431869336,0.530940084977902,2.53088891491014
"997",2.08186425385464,0.768314466334814,0.566240258340985
"998",0.529903806535619,-0.23125433357277,1.31669562155831
"999",-0.710583703348404,-0.864116055408113,-0.409714144491443
"1000",-0.839799471832375,-0.7904917680721,0.0267115488864288
