"","x_pa","x_child","noisetmp"
"1",-1.48986053013677,-0.233925937132729,0.184261941168131
"2",-0.0301284643810642,-0.574499149081337,0.370513072324718
"3",2.16557957196946,-0.782720091829685,0.101590023855411
"4",-1.89748096458548,0.155179775993091,0.587580116288673
"5",-0.0253782495696123,-0.626063755350716,0.115654598922514
"6",2.26001950973338,-0.748691509550487,0.290071846549993
"7",-0.0584990649711419,-0.446478906647898,0.992698711133831
"8",-2.55898138151049,0.723381672554981,1.54826522044191
"9",-1.43428497217726,-0.0312023658443491,1.34094516829829
"10",1.0234727099069,-0.722143326447179,0.111962986588537
"11",1.35941107438188,-0.689224161707302,0.379060418595547
"12",1.11370698902942,-0.697475035614257,0.264541774027027
"13",0.981745091696038,-0.714844371982395,0.134472188625914
"14",1.25021360482364,-0.546963374461048,1.05888675693089
"15",0.0217450021029106,-0.556118572571785,0.494259111820369
"16",-0.196943932190636,-0.434496610812202,0.959695453133498
"17",-0.268233802654032,-0.489648136578478,0.632211965228522
"18",-1.21649165395765,-0.147405746004167,1.22697796492518
"19",-1.73906769846266,-0.0661776308382597,0.206090953373012
"20",-2.12906701917887,0.366684796410339,0.763228099263855
"21",-2.31372812181939,0.344027965964952,0.148562909839509
"22",-0.380003273679047,-0.584708121222755,0.0698144065804868
"23",1.31512037231121,-0.600446873963915,0.810378258464778
"24",1.87508433971287,-0.718683858197234,0.360769321734917
"25",0.900669390383593,-0.414730171398121,1.60698078861958
"26",1.96075565689679,-0.579021424056051,1.0778371886333
"27",0.3083950466785,-0.266866822358852,2.0976443430611
"28",0.489682362217509,-0.599850921044825,0.518188634207748
"29",-0.762900127651739,-0.349149117248114,0.878644589601812
"30",0.0847262364232473,-0.625436148629887,0.184821929930167
"31",-0.537886921907616,-0.499177168324029,0.360111619583595
"32",-0.862330393330034,-0.0535881504092096,2.23743227936041
"33",-1.96670355791495,0.24053290243074,0.71195785055271
"34",-0.567983238238787,-0.370259106377276,0.976365152415206
"35",-0.646076433732147,-0.380863432940015,0.846212813773367
"36",0.106557466622599,-0.650070927918734,0.0741566794146499
"37",0.155851958565072,-0.605162595184877,0.326275151004025
"38",-1.68029380231965,0.00492514132849928,0.785531614221206
"39",2.12166743837442,-0.767596458856986,0.168443958831509
"40",1.61020661035559,-0.688872375461707,0.447284393092056
"41",-0.092895745269094,-0.527828613591274,0.563735431577171
"42",-1.95985383559183,0.172351766532141,0.399272065874469
"43",-2.18689410245463,0.313173581300344,0.323617540497957
"44",-1.00922344515132,-0.355544564470618,0.52834114618491
"45",-0.351502498410991,-0.457038868609466,0.731109271035359
"46",-0.0749182086812736,-0.513989020208734,0.644612607260483
"47",-0.716975901004591,-0.353110611913803,0.910068795204736
"48",-0.807033024569372,-0.372150724864739,0.712237038827573
"49",-0.431649648325345,-0.150770048947823,2.19654352027311
"50",-0.932537723877703,-0.450011106795853,0.16386009689066
"51",0.0172904357530667,-0.42776567692972,1.13333426226234
"52",-1.92413429471853,0.194338873774824,0.662272491621684
"53",0.388427547483018,-0.614498024869542,0.398396560157249
"54",-2.05484450589104,0.274419745520368,0.547213255029834
"55",0.583689152038845,-0.559108718608404,0.762668358520514
"56",0.419426663784096,-0.558202787261873,0.694431939516276
"57",0.0266299466775768,-0.48383768646867,0.858603137534753
"58",0.9914505758282,-0.55241813736155,0.949883373739503
"59",-1.87445460175177,0.0525745035361209,0.184317709743021
"60",-0.718276645853335,-0.362562715327647,0.861387526953529
"61",0.362193712871063,-0.456090085201838,1.1778958852825
"62",-1.75523349594664,-0.0281927990164002,0.330222636897661
"63",1.78260580186616,-0.677051938422186,0.547905021671318
"64",-1.52835734627457,-0.0605770090597827,0.944872897558538
"65",0.82723050978407,-0.685322677830394,0.227532183102833
"66",-1.38516471328925,-0.212600364280487,0.551389176973741
"67",1.22948837403535,-0.732608008673706,0.124499178231043
"68",0.0454806324674438,-0.38259392637605,1.3760727801784
"69",1.10030088723126,-0.732510084527287,0.085107139014046
"70",2.29926631821467,-0.704108375386444,0.520410982061492
"71",0.59079622519064,-0.682840641204591,0.14700045560313
"72",0.586776812306795,-0.629238261185833,0.413321909229874
"73",0.871076529479757,-0.52974196722528,1.02137463570217
"74",1.40982876430778,-0.693081125802402,0.373765079050919
"75",1.87127845828671,-0.504617105263551,1.43025410127586
"76",-1.89468510913979,0.193424399671746,0.791869322698656
"77",-1.38974409418013,-0.133559316632615,0.935979344865735
"78",0.527166662813224,-0.352754099239342,1.77020063656958
"79",-0.430761853994954,-0.581705560482913,0.0426199306557793
"80",0.410012414241633,-0.400989097328331,1.47610808912896
"81",-1.64119187639643,-0.0912394563806737,0.441661693039344
"82",-0.666908301724141,-0.446881346475973,0.494617429312158
"83",0.0327215985066125,-0.599056553278762,0.286160615001986
"84",-0.287966656729539,-0.543690124663044,0.347176535978764
"85",-0.827288359801228,-0.456127015340769,0.268015633538489
"86",-0.600661291130182,-0.373625651108564,0.927907665107687
"87",-1.4874269577626,-0.132072110286049,0.700039336181779
"88",-1.39471420694183,-0.215783294987456,0.5132632619958
"89",2.87542111941089,-0.730233936423362,0.487056074263047
"90",-0.413077350828826,-0.512128473062254,0.405409825936294
"91",-2.57067531609951,0.57227654076589,0.772605748928151
"92",-0.405914464828158,-0.469365751258573,0.625199022654903
"93",0.967616446145426,-0.299420082835687,2.2067890149136
"94",0.656267110377672,-0.345918837628567,1.85859948093607
"95",-1.76148933962658,-0.0595743232199078,0.147332038803547
"96",1.37597200011138,-0.607252686223956,0.793549765001349
"97",0.903009528386182,-0.624573469639,0.558591255282634
"98",-0.682613935416881,-0.196132078179778,1.73187718828731
"99",-0.984350711176585,-0.477704267387579,-0.0465065776201654
"100",0.0514810004147928,-0.588773574316785,0.348725167158153
"101",0.927895549628448,-0.332858931528187,2.02589485434983
"102",-0.417680509501333,-0.413104722219236,0.896669880299537
"103",-0.831114723320559,-0.352583689936811,0.781079545459386
"104",0.649205791259692,-0.471700915870665,1.2268266376506
"105",-0.574738851506743,-0.553467306109542,0.0538606503576562
"106",1.22561479398664,-0.43715804044398,1.60058993408457
"107",-0.272378461952007,-0.552287820646345,0.315918424607514
"108",0.0453568647041375,-0.402238258187834,1.27777772872061
"109",-2.26472234192081,0.291977983556383,0.008490605328968
"110",1.8612731845432,-0.740586161269252,0.248170388545414
"111",-0.490104119354098,-0.447639146903212,0.661308704999192
"112",0.555274020423253,-0.654734489419452,0.272453570996264
"113",-0.662446651559616,-0.395955978939897,0.753884667158969
"114",0.240209449943585,-0.660651140079365,0.0939860035488363
"115",1.17098687051577,-0.606784577263297,0.735873428130831
"116",-0.919312066148295,-0.467429138162499,0.0945061548503972
"117",1.40429562649614,-0.645670388402291,0.609299660267098
"118",-0.507050046345252,-0.525482024422893,0.256867532217217
"119",0.693007654873743,-0.684535598002871,0.18022529335177
"120",-1.56431476007365,-0.0953633340713372,0.666084984426885
"121",-2.05793532443383,0.193142782046486,0.130004809813632
"122",0.22832931461064,-0.66227696718569,0.079647383937287
"123",0.472298970075995,-0.537996811070498,0.81966791490344
"124",-2.9903688835726,0.588115200192944,0.275750805425902
"125",0.499369970585967,-0.669831559118435,0.17259239472067
"126",2.6944939301926,-0.599085616218208,1.11442742685247
"127",0.384762969358512,-0.626172551953605,0.33828438011834
"128",0.179889066301665,-0.618733858888589,0.271540865138518
"129",-1.16904799175155,-0.246635385380984,0.816554016365498
"130",-1.08830945248483,-0.275557262405721,0.807236787012589
"131",-2.07347574708422,0.43331347034751,1.27727564579417
"132",-0.487824854346135,-0.514858720746033,0.327242231089179
"133",-1.05891495823543,-0.334584295263469,0.558335256286213
"134",-1.47283089750052,-0.0945184540469345,0.926361462761883
"135",1.87944753588068,-0.751809258877664,0.196113944906946
"136",1.14929397378213,-0.667367526720194,0.426247646858416
"137",0.370882820548791,-0.290148919156007,2.01177790607643
"138",1.17637228997064,-0.572713108920986,0.907885638921737
"139",-0.300402984174666,-0.320593727097998,1.45319727524118
"140",-0.603047505560956,-0.168945804020973,1.94896162390436
"141",1.12918694692581,-0.614845768938706,0.682570735278498
"142",-0.716488896981807,-0.35283119194533,0.911997384993283
"143",-0.00318513026544035,-0.270193150232018,1.90872720272314
"144",0.510997021542246,-0.648666651364706,0.283553384336468
"145",-0.561581462425612,-0.329976371001473,1.18386863850033
"146",-0.743306589896075,-0.491823570029092,0.187402977927096
"147",-0.845429404916319,-0.140505038068351,1.82390946693121
"148",0.636270800491779,-0.569210883059934,0.734003293230619
"149",1.77798490273367,-0.764517325464578,0.10950555760091
"150",-2.03994849895242,0.158339840410157,0.0197749490974813
"151",-0.408365313124518,-0.418894554547105,0.875514342699456
"152",-0.561214563609393,-0.379551353989934,0.936341712507914
"153",0.481693182050865,-0.650120393806965,0.263270589586737
"154",-1.22622585295691,-0.0454708748846638,1.71844607685387
"155",0.693501571732342,-0.691545278075109,0.14537256420215
"156",-1.67542019677969,-0.122028670457668,0.168327975415454
"157",-1.79563071372036,0.22905632706181,1.44326953105306
"158",0.309199795587595,-0.323857842608045,1.81309027434627
"159",1.12051630225341,-0.657873876517038,0.464700022147436
"160",-0.553157351567153,-0.378207344284072,0.950675725270199
"161",-2.35605069151122,0.370763681141577,0.184803234727892
"162",-2.2354195864347,0.539291845600413,1.32102070274278
"163",-0.263776572898158,-0.345787101125561,1.35483462763853
"164",0.281156737703085,-0.52807893919541,0.777888605958117
"165",0.442244585799234,-0.496394263293765,1.01401635462621
"166",1.15652345491212,-0.577914934902427,0.875755224145198
"167",0.0216981738572927,-0.459892602411859,0.975360734628229
"168",-2.82395882049128,0.89608372309302,2.01449220863754
"169",-1.09038323399639,-0.227088777694061,1.04625922311371
"170",2.58541599183154,-0.814311973505129,0.0202797696786387
"171",-0.774122376952549,-0.328844512974481,0.96730440973033
"172",-1.11133959972858,-0.347471281186087,0.410353533311194
"173",1.54660300418304,-0.443783853703011,1.65658801530517
"174",0.47826192634137,-0.482184218644666,1.10141264532051
"175",2.08709044292266,-0.773877917416609,0.130025968901299
"176",-0.173927531442061,-0.589418345725657,0.201199139820302
"177",-1.04049257116451,-0.283245271727636,0.843242270804843
"178",-0.235120428486582,-0.482836431922809,0.690646847984411
"179",-2.20681644590306,0.390453117456487,0.654170087268267
"180",0.876474861366997,-0.493597128828061,1.20403532286268
"181",1.20038599107324,-0.445906861392606,1.54924246429182
"182",2.20157679324321,-0.657876160881966,0.73288064283534
"183",1.35266389222581,-0.454914629115156,1.54871048786937
"184",2.65889772912544,-0.662546567576473,0.791321786111868
"185",-1.05835037130607,-0.16018772042191,1.43119133360518
"186",0.859674637758881,-0.547857695870784,0.926687390319871
"187",1.00084386302964,-0.629377105815073,0.568247306521253
"188",1.20542224023152,-0.674487666410772,0.407863795890091
"189",-1.38133444372455,-0.0715176742728237,1.26563054048525
"190",1.28182253918081,-0.767584350837764,-0.0349354943277815
"191",-1.12634466269839,-0.358228956882706,0.331718874789148
"192",0.443280601490268,-0.488688398330284,1.0530208520477
"193",-1.52102454603103,-0.131681030976125,0.610041618405802
"194",2.06439474806966,-0.581707209549214,1.08622423109038
"195",1.66412065760182,-0.549950734612304,1.15521708332144
"196",0.618267142918371,-0.692581482760659,0.109744921656282
"197",-0.74225069508441,-0.455263500714926,0.371384281659396
"198",0.0172107803250907,-0.117063173091511,2.68679861562761
"199",0.600670638871511,-0.40469359253749,1.54187188343766
"200",-0.740160692365653,-0.25915904947222,1.35424060574848
"201",-0.695230814571438,-0.480001388392914,0.299112622491059
"202",4.36684716126696,-0.761093275541458,0.512458296878558
"203",-0.983150428402059,-0.276294455026956,0.962253180581315
"204",0.966611363567335,-0.68867908445307,0.260150862243847
"205",0.172441454952155,-0.56535242005288,0.53440464115966
"206",1.58411612588705,-0.634520262874186,0.712480630992891
"207",0.195397679349828,-0.632467435750328,0.211229447267616
"208",-1.09406999815752,-0.0104123927465548,2.12371956089532
"209",0.715361950729412,-0.600114896553363,0.611130488826859
"210",-1.67671822856411,-0.115248340139743,0.197565479088615
"211",1.53461763487307,-0.447126760242,1.63677989288251
"212",-1.16985864181729,-0.373194485340932,0.182334343194971
"213",-0.56410069836465,-0.506187179711488,0.300422188033929
"214",0.107071030248695,-0.629585605729026,0.176875326434004
"215",-0.460404794581923,-0.55412928071286,0.155024322056994
"216",1.51620762972131,-0.389470472705361,1.92027640240344
"217",-1.40140522654859,0.0270036173344886,1.71146110196956
"218",0.604252956226915,-0.473953957164868,1.19706477860712
"219",-0.852094667815656,-0.399053334505993,0.522904358271229
"220",2.93794915183992,-0.74247984026044,0.435219115166516
"221",0.616345226828078,-0.662370395675334,0.260005283791991
"222",-1.75026959490952,0.0308431494166899,0.645809806020262
"223",-1.01404843523306,-0.248723879709552,1.05535800739141
"224",-0.289534459176496,-0.369818612699059,1.21534640597373
"225",-0.000961403878044171,-0.535064970390918,0.585731023320506
"226",-0.023261154950761,-0.190187476803477,2.29635404213208
"227",0.887545296893521,-0.473086701174532,1.31054117890761
"228",-0.638455521512825,-0.505792574400596,0.229333526052859
"229",3.95952693850104,-0.827054378111732,0.141384462946557
"230",1.77017660951355,-0.782598571401033,0.0172821208875817
"231",-0.0437435531601542,-0.363630426620208,1.41630412255608
"232",2.05453726308255,-0.783909196865066,0.0731789451070272
"233",-0.887371734945989,-0.472600901132029,0.11049700041931
"234",1.27134488452967,-0.618428069750855,0.707784688494375
"235",-0.0701506711363181,-0.487617050807542,0.779544405112689
"236",0.433269376475704,-0.492810363678148,1.02780680104795
"237",1.21317984893684,-0.649356626669663,0.535861193327888
"238",-0.10525591172144,-0.416742900629091,1.11104551460804
"239",-0.897983538560393,-0.306597316801229,0.926762480641245
"240",0.258987165595345,-0.421292311478458,1.30049818027198
"241",1.47028155260938,-0.633406041295316,0.688484356408214
"242",-1.38274068906635,-0.221070653386173,0.514629904825342
"243",1.73028073425818,-0.718371239905503,0.329037276747326
"244",0.682971470546263,-0.571466578268251,0.741582597215157
"245",-0.597317031840977,-0.375995102821832,0.919338944848165
"246",0.30726864162207,-0.616242380133387,0.350204887030558
"247",-0.127402356445639,-0.64088655313812,-0.0244032159421022
"248",-0.121928168577536,-0.633501472455041,0.016185504927659
"249",2.41275660872175,-0.810566995179756,0.00896182228600081
"250",-1.57773758035574,-0.00716186992797244,1.06643504949269
"251",-1.88002217757479,0.462204769993939,2.20547331674382
"252",-0.829667632233903,-0.400393070956875,0.543794317337017
"253",1.41783705863117,-0.740176400070265,0.14048039021625
"254",-0.125898402525392,-0.363132384416086,1.36537553590265
"255",-1.62645585808235,0.0451885676035713,1.17315029372864
"256",1.02473999007192,-0.304030505117153,2.20294713078897
"257",-1.39824096567905,-0.302312059662238,0.0723428264783399
"258",-1.08273685549931,-0.244211882616096,0.972846530571433
"259",-2.36847347110983,0.575514622160376,1.18099753645451
"260",-1.51334819436367,-0.136135649462637,0.609184158651149
"261",-1.51887035737066,0.0635924581437071,1.59244372013756
"262",0.35231965433479,-0.605802929861187,0.424558479303149
"263",-0.207963117014683,-0.474199255806473,0.753369149772177
"264",0.632189291618456,-0.54298332860579,0.863468939346731
"265",0.318779436150467,-0.500256120993056,0.935857103289772
"266",0.0660819529989951,-0.616006888474164,0.221137530741147
"267",-2.29925058673611,0.305637113453288,-0.00874159528331557
"268",-0.872783558307839,-0.266906525028447,1.15763404457655
"269",0.730902066223351,-0.377004277902461,1.73273760245572
"270",0.1787135866957,-0.138481876738103,2.6721639105869
"271",1.29007338640806,-0.698216096565283,0.314305505686363
"272",0.836116479031378,-0.27983199398051,2.25824643299833
"273",0.587924936284349,-0.667950988242488,0.220241543845347
"274",-1.05200810588389,-0.345247993554131,0.515661461134691
"275",1.46982419547961,-0.729777999398429,0.206502631802066
"276",-0.762821941177728,-0.333693931975067,0.956009650787021
"277",-0.417713700779915,-0.513089121492444,0.396720007656144
"278",0.0399276669845936,-0.582397421903752,0.373756300720406
"279",1.5331451719,-0.751695338517762,0.113555772524207
"280",-0.893966943268343,-0.350997783487385,0.709982998483998
"281",-0.104424066039499,-0.498732225177534,0.701647560895598
"282",2.36364924515214,-0.459662487909066,1.75457645992205
"283",0.498470694660033,-0.617486938634131,0.43391674200684
"284",-0.945652088256394,-0.174594389081504,1.52311395790164
"285",0.75174500597706,-0.450234910004238,1.37462236820167
"286",-1.88730798196351,0.335871363758732,1.53892275526942
"287",0.022595408929288,-0.328738679782853,1.63167103974398
"288",0.258433784323327,-0.632528138282674,0.244034331758792
"289",-0.752486154792392,-0.377115843536732,0.750624790978414
"290",-1.40775604873268,-0.25474335028223,0.287654951002228
"291",-0.97948719202541,-0.420799677060845,0.244934530658518
"292",-1.86564898697583,0.183596064205538,0.882733905373449
"293",-0.557934585788673,-0.546895235199199,0.102728293671026
"294",1.42498292540441,-0.766430634901994,0.0111579461027491
"295",-1.43812125181324,0.00302379445939366,1.50256133682752
"296",-2.69599828912209,0.564671758778025,0.534941284119414
"297",0.0270896837639333,-0.426069627207494,1.14771957489913
"298",-2.57420804984078,0.618617485499845,0.998282187507742
"299",1.63102590691066,-0.440318265938899,1.69523825505839
"300",-2.95099614558802,0.805244475095209,1.40559313408323
"301",-0.0130865315538307,-0.404207865624781,1.23255915704016
"302",-0.220369721584852,-0.610901796472323,0.0609813768090351
"303",-1.00841421650837,-0.0827618889495592,1.89343942598365
"304",0.505170366774377,-0.659850516626292,0.225064477357717
"305",0.0145721818540968,-0.29429937845019,1.79902057637892
"306",0.300593450403856,-0.588176281840905,0.487198649606485
"307",0.692999039905963,-0.514853782922708,1.02863095534405
"308",-0.41221804695819,-0.252229666335497,1.70562257856914
"309",-1.4461652350829,-0.16102702911404,0.662188385460436
"310",0.254491009361586,-0.588828885320238,0.460499105822782
"311",-0.554400285972477,-0.29764157899614,1.35233347501242
"312",1.60109757236472,-0.43245030154042,1.72711167898102
"313",1.15979425082264,-0.418282723557048,1.67492914486865
"314",1.82761447356296,-0.545514322481351,1.21592904290312
"315",2.25724276120596,-0.79998320395579,0.0330838390892197
"316",1.34059330088052,-0.633629642880685,0.651725426912506
"317",0.919376519569577,-0.66281816471102,0.373122871543933
"318",0.121793604602724,-0.565438288205052,0.505940985379162
"319",-0.485769827377137,-0.557928022111811,0.113723915122003
"320",0.971033114820148,-0.690793658993924,0.251086268223576
"321",0.335465946636935,-0.519080255277045,0.84995638621984
"322",-0.0274702090604243,-0.475318322070649,0.868077423821334
"323",0.749663553982274,-0.715604720124343,0.0469748001463476
"324",0.592682084746629,-0.381348402954496,1.65525342478807
"325",-2.21317787779484,0.31949258460597,0.281882651831466
"326",-0.874419285643193,-0.439142015062118,0.294377421721889
"327",0.0631966924258147,-0.48744201602194,0.862273438199523
"328",-0.370880213237861,-0.512182245361753,0.439846931153951
"329",0.882598002924113,-0.669340337881961,0.327509004271705
"330",0.217657146086146,-0.545282575253256,0.659000280390296
"331",-1.80165419366933,0.144347544932625,0.992761261604983
"332",2.29024457407029,-0.795827040466318,0.0601212361681636
"333",-1.17157477621939,-0.283494142605932,0.627816574106712
"334",-0.0545460253031302,-0.482866182227852,0.81328038784776
"335",0.0806031240111584,-0.469471163156574,0.962263541636922
"336",-0.37548598196051,-0.525844889757768,0.367803050279035
"337",-1.86907034886919,0.364449157653909,1.77008210593695
"338",1.8687709889158,-0.79576004490507,-0.0260206905899132
"339",1.10815217489042,-0.668350495965804,0.408403092505981
"340",0.411257843829292,-0.547468777665993,0.744292207190564
"341",-2.173525507629,0.521464014564998,1.40349594340521
"342",-0.40634808126741,-0.446211524395195,0.74060941006452
"343",1.16889747430372,-0.532717929163613,1.10556343145239
"344",-0.0555138118819856,-0.637904806316361,0.0374714527517429
"345",-1.75069534819805,0.167295842070077,1.3263301268218
"346",0.387482422851861,-0.581018432722687,0.565346254532171
"347",1.04197634798761,-0.278736540251767,2.33510277826438
"348",-0.125417909620646,-0.375506681122858,1.30382583119046
"349",-3.09870239004757,0.568364149000228,0.0634262687884797
"350",1.31004118841139,-0.479663977606521,1.41283430476215
"351",-1.02196199916437,-0.404637699113963,0.264085273486195
"352",-0.0129058088911868,-0.198936226967823,2.25902896858866
"353",-0.319684666298468,-0.553112033623081,0.275753119471977
"354",0.524045820352789,-0.56535810668269,0.705818529973238
"355",-0.715096227120134,-0.41524138698079,0.601464958887581
"356",-0.28075512892098,-0.553527547259673,0.303433880995888
"357",0.705274560765454,-0.397688662468392,1.61930358102508
"358",-1.69954656300643,0.138400413592204,1.38206695241785
"359",-2.12852418673813,0.38444434116323,0.85371544006456
"360",-0.50562770600408,-0.484340984103567,0.463859228458796
"361",0.13389278722561,-0.460445234691153,1.03768973201125
"362",0.124780639700801,-0.578675751200495,0.441433492661598
"363",-1.70293075655182,0.210974253162187,1.73223900855552
"364",0.375247096766098,-0.67499511248217,0.0896360345099533
"365",-0.103397108713073,-0.469193121870654,0.850019980487794
"366",0.542073178393625,-0.535777252977159,0.861556173687256
"367",-2.07091176495252,0.241177367968058,0.325340618892387
"368",1.19391712850433,-0.509073425569705,1.23144481429528
"369",-1.40605294185602,-0.189771503433125,0.61656885010856
"370",-1.11317083549429,0.0519310145291157,2.4043556909778
"371",0.991120200577743,-0.712761006032914,0.148057650818494
"372",2.20111968150721,-0.502332439536549,1.51051009001583
"373",-0.220386244289557,-0.437249124565374,0.92923286106293
"374",-0.346145738824584,-0.321976569509957,1.41067575316531
"375",-1.08471151695621,-0.231244375050526,1.03454281515249
"376",-0.991105549403574,-0.127219147309932,1.69625061234453
"377",-1.77700627915542,0.192544083186371,1.3421730586473
"378",0.378552429433363,-0.54589269454386,0.736726569246242
"379",-1.11027560505443,-0.218769857211737,1.05560624198668
"380",1.1807200621233,-0.629444274687181,0.625562600647866
"381",-0.611978064660857,-0.372397215486036,0.92288291268983
"382",-0.212606302184479,-0.571108797782661,0.265509698361366
"383",-2.57907324525914,0.46633263359631,0.228596554888897
"384",-1.75914787016106,-0.0406766063919372,0.251580439648216
"385",0.589392199754692,-0.460409307827948,1.25856707933249
"386",-0.64454588175061,-0.395786628507978,0.773160910793331
"387",0.0604831285577787,-0.485073239364743,0.872526292906352
"388",0.0616737562808526,-0.641917770333394,0.0890020967434696
"389",0.717917295506225,-0.308384196960763,2.07078310092616
"390",-0.712165074546316,-0.375969172533259,0.801015669183526
"391",-1.39561772116081,-0.281327322163072,0.18342656952416
"392",1.60517952591044,-0.562398094442965,1.07839696624385
"393",1.4254969014116,-0.566548601222643,1.01070802862092
"394",1.98153459304056,-0.712399801056237,0.415394210730647
"395",-1.60342891957829,0.00815376248068228,1.06276084580544
"396",0.89486232784661,-0.422238889269296,1.56738063986931
"397",-0.296355541574505,-0.533719176489454,0.390659322010335
"398",-0.107824702385839,-0.607056660753428,0.157780292036091
"399",1.23737884129473,-0.515569720644292,1.2120448815207
"400",-1.51879333492447,0.155934113259445,2.05436740265309
"401",-0.173671525543279,-0.144788153279511,2.42452775984016
"402",1.02975059937346,-0.725921888082019,0.0951482880628361
"403",0.40104174716727,-0.668357299006977,0.13505809754728
"404",0.539232516508323,-0.477684292826143,1.1507921545769
"405",1.67649627055835,-0.512976815559509,1.34310047254849
"406",-1.0336616405066,-0.158850684014743,1.47553090929679
"407",0.252420817561338,-0.674935699098984,0.0288963184633065
"408",0.812870100633602,-0.624127017164852,0.528207324291896
"409",-1.21309734071779,-0.252154901263076,0.709529904734655
"410",-0.0393491211566265,-0.56812980789769,0.396576700920339
"411",0.301133836294569,-0.38996601739013,1.47852061988749
"412",1.49718078045096,-0.573969591165508,0.992793009025864
"413",1.0938785658064,-0.676852064226219,0.361346489856574
"414",-0.387073565787793,-0.39412334103488,1.016963271356
"415",-1.25876439794982,-0.0335895462282255,1.71538179651721
"416",1.61441889734211,-0.69023573687479,0.441520203501289
"417",-2.05249709138823,0.24766257752802,0.421685335391618
"418",-1.41654093044146,-0.190215121266367,0.589228912532997
"419",0.758111604895709,-0.596355997190153,0.646453668632257
"420",1.30240869986466,-0.631425359504306,0.65182910174497
"421",-0.0448828020607302,-0.57024436829046,0.382515015643057
"422",-1.484615813766,-0.221243277409843,0.261672728847565
"423",0.696166386465296,-0.638046008309094,0.413923672683064
"424",0.793702988939271,-0.404408616807056,1.61965603314898
"425",-1.64855483166592,-0.071725442361608,0.514122361842968
"426",0.462922468340313,-0.633678398610122,0.337023505014567
"427",1.82318473814834,-0.499174608559945,1.44661917922543
"428",1.59243328487612,-0.728092068034205,0.246722554129863
"429",-0.106078383640687,-0.650919613407163,-0.0603808621696865
"430",-1.91644791921675,0.103235627890629,0.241051385814178
"431",-1.38722033604398,-0.238556028751336,0.416854091126921
"432",-0.742416061434789,-0.45098841374749,0.392574841822201
"433",1.22577478530799,-0.421540305599342,1.67872652583888
"434",-0.10590281470564,-0.395858199080143,1.21504210827409
"435",-0.63755974637841,-0.406660354107735,0.725903997875572
"436",1.60737304981186,-0.584805134890391,0.966911393083612
"437",-1.01013952243608,-0.466020601964663,-0.025381650374099
"438",0.564829922682753,-0.270039872605379,2.20001353078068
"439",0.7442492551419,-0.652218026469723,0.361826827735481
"440",2.4787848699932,-0.793187068236899,0.107580147351427
"441",-0.404729425024472,-0.471385436276561,0.616085839051891
"442",-0.819032174809298,-0.21772887057231,1.4699859583625
"443",-0.837366207227394,-0.343636839926994,0.818174234194266
"444",-0.314029412212208,-0.542748874204352,0.331948513738865
"445",0.841038494933911,-0.601130452466958,0.65355359326339
"446",1.97625009844413,-0.750758916136568,0.222470819773284
"447",-0.0744540004102576,-0.589803273085857,0.265840917420129
"448",2.67679960103964,-0.678872994166081,0.712616339626352
"449",0.0104534984220883,-0.193792608552886,2.29905571066417
"450",1.62274596135689,-0.401722472869918,1.88616156281548
"451",-0.927323860620062,-0.36420102967026,0.599931590160712
"452",-0.847286404431597,-0.401008466882146,0.519095522460662
"453",-0.356172822058123,-0.529435900461799,0.365399482716403
"454",0.48940648830557,-0.502484444668951,1.00489800158246
"455",0.849290246934684,-0.685058649436547,0.236918656024683
"456",0.544393939331931,-0.67710534933187,0.155918087066823
"457",-1.5419290189142,-0.244891677903245,-0.0156018264937317
"458",0.372870271944448,-0.561303715080076,0.656955981976426
"459",-0.168706276010966,-0.537441650346715,0.464699257724876
"460",1.02260155906319,-0.537716625485062,1.03380759086063
"461",-0.660939833082562,-0.450690295955001,0.481776003802177
"462",2.15404256246035,-0.705350403177346,0.486150732057149
"463",-1.43611644487026,-0.0341255347228197,1.32179338006047
"464",-1.00659883279342,-0.292142980333386,0.849188343601628
"465",1.16718268400343,-0.553175773838368,1.00274579685822
"466",2.20679323991047,-0.458986846606008,1.72834354033092
"467",-0.114682029284828,-0.606178238418647,0.157628261022864
"468",0.148481191137363,-0.488647111813131,0.904786719082952
"469",0.717366353313299,-0.592368614505575,0.650645721243095
"470",0.252360148217833,-0.532616827073842,0.740459337083971
"471",0.67381536192245,-0.466801724467112,1.26124896913572
"472",-0.200733552097287,-0.546422447586638,0.397386586803062
"473",0.0255012508155662,-0.628490482521999,0.134660832154155
"474",1.33432842022853,-0.659321606930823,0.521488003641468
"475",-0.692946099317282,-0.265368495859239,1.37471849101925
"476",1.900018225961,-0.781644796372247,0.0514930541667588
"477",-1.24373666158319,-0.0747505446547631,1.53874241081236
"478",-0.75815364490021,-0.483102017216036,0.214279162494462
"479",1.62645986249566,-0.592257269107555,0.934410569537051
"480",1.58494706604149,-0.631064072738269,0.729971834612479
"481",-2.23322494214284,0.734618404213892,2.30347342374949
"482",2.72415694443763,-0.745965874891455,0.384803569560538
"483",-0.0327369862461629,-0.527151961752457,0.60561681213087
"484",1.84051142946992,-0.773225374649868,0.0802989491278522
"485",-2.20874514361749,0.482708112010524,1.11012645485065
"486",-0.267380947276423,-0.528989083256385,0.436142890758436
"487",-3.12776539947204,1.04639080242202,2.42494055524883
"488",-0.516595966992819,-0.37981263925865,0.9765397362633
"489",0.787126572077153,-0.658285642888591,0.347802642279661
"490",0.76101109267602,-0.729350960713218,-0.0174142508147279
"491",-0.335223326394954,-0.225024673815429,1.90405505665452
"492",-2.30511196916969,0.440997939557208,0.653950382493719
"493",0.0149176724504285,-0.586989354020712,0.335779973952465
"494",-0.305978394346855,-0.556107117921362,0.271358702388315
"495",2.38358569132057,-0.684865574280203,0.632197569728932
"496",-1.58175574452128,-0.194194716688404,0.118933069402426
"497",-1.38044778703906,-0.0727108305053786,1.26170176227138
"498",-0.265214352623394,-0.583651291120066,0.164444796424828
"499",0.119122290220219,-0.51392612551514,0.761996669574684
"500",1.28173169565348,-0.648106226296668,0.562428653577528
"501",0.589005166892567,-0.607100029624706,0.524950734769931
"502",2.34537633416199,-0.679075970396305,0.654151450741835
"503",0.71221053091929,-0.589256134285246,0.664190154840823
"504",0.512795413697773,-0.585387438171782,0.600740752973326
"505",-0.756211301919625,-0.524425882390039,0.00986218558338869
"506",1.21345056051641,-0.565709600139533,0.954177898637526
"507",0.51982729910295,-0.639770551986453,0.331911154659053
"508",-0.473430380329801,-0.549740549336901,0.165572304061321
"509",-0.234127992572823,-0.580162108241331,0.204739535277258
"510",-0.00952976530721185,-0.51251376855864,0.693223771500708
"511",0.895130315988718,-0.623700469291875,0.560167787436499
"512",-2.72220921514531,0.631444815264785,0.830456099576015
"513",-0.166293746106274,-0.35810894860191,1.36302912263994
"514",2.61522974192055,-0.693153135605253,0.631069517681382
"515",-0.400194809229145,-0.396047443451207,0.996537092136154
"516",-0.819496379252186,-0.19615661559333,1.57728827878576
"517",-0.526290610299901,-0.515048833024804,0.291476070334885
"518",-0.947493185550063,-0.327570892938957,0.755708725017294
"519",0.895847887792708,-0.518372262316343,1.08706325748562
"520",0.898302534512388,-0.63035149146371,0.528036739623001
"521",-0.797994934819309,-0.286721447801057,1.15008935180243
"522",-0.702490220958666,-0.425998079513189,0.561337481481628
"523",-1.62550629836621,-0.156745871511322,0.166617409883602
"524",-0.565711179858267,-0.496143398190283,0.349108932305607
"525",1.44287365240464,-0.627926955275055,0.708526847127023
"526",2.26551053087008,-0.733569240821354,0.366728655538373
"527",1.55239482030724,-0.737645447194301,0.188768964346865
"528",-0.102787869004854,-0.236765101493646,2.01256141448148
"529",-1.76987147303906,0.04602585151625,0.640048493255524
"530",-0.700361969347559,-0.529993322317311,0.0436510109688364
"531",0.18600701934158,-0.540159915695341,0.667717285651734
"532",2.34864152971162,-0.67428202203885,0.678722893902472
"533",0.625588188988885,-0.628257686140712,0.434384487015176
"534",1.32922120057728,-0.546025782381023,1.08651405958313
"535",-0.459995975163462,-0.183261581934256,2.00971847197654
"536",2.29324998861374,-0.792119692952601,0.0792237630331711
"537",0.572721737678035,-0.696370134050482,0.0717202151630485
"538",-0.0782688223387706,-0.500099861347029,0.71189312746939
"539",-1.37422093445316,-0.212128701224699,0.578849189590785
"540",-1.04570839341233,-0.323972890597738,0.631675047480596
"541",-0.766747457436617,-0.469522481863185,0.27238345089939
"542",1.77470754603488,-0.761995288581342,0.121353756592496
"543",2.05487284336572,-0.535330449058395,1.31614210834449
"544",1.19988222945752,-0.579076394816183,0.883242011583907
"545",0.465689416405048,-0.506312355039655,0.975106368973272
"546",0.565238045226241,-0.61633061516563,0.468733855479504
"547",1.12153591053551,-0.493608809471489,1.28634702512995
"548",0.19533444318505,-0.636495466328194,0.191055393591931
"549",-0.953939470862459,-0.388929587897463,0.440043874198383
"550",-0.949743081088096,-0.417215242167659,0.304397497062983
"551",0.26687959932549,-0.601772367839822,0.402147563609283
"552",-0.0803613437538971,-0.381162948165086,1.3052227850021
"553",0.583674386148637,-0.623352443486811,0.441443505575163
"554",0.466887428956588,-0.370938682146182,1.65251644723863
"555",-0.505664453344593,-0.5561022279169,0.10501979135011
"556",-1.2274582309323,-0.0755319993388051,1.56581994904307
"557",-0.901115733844613,-0.363559714731934,0.637862730721054
"558",0.361520957812426,-0.578458595527973,0.565729050228142
"559",-0.215769651612067,-0.55552747167505,0.341153400320939
"560",1.24455520564477,-0.442254565991501,1.58075398085802
"561",-0.0382961623719203,-0.417908118592465,1.14834746541885
"562",-0.086156687855621,-0.61828116117899,0.115868538054173
"563",-0.351527676542575,-0.311478320303762,1.45889197003089
"564",-0.157484339208769,-0.488993200356717,0.714667276948134
"565",0.643946332954875,-0.645526701989867,0.355558166683988
"566",-1.31715905747035,-0.236305789361176,0.583054208265971
"567",0.139666586592617,-0.369267130580165,1.49679804036191
"568",-0.0418886331914644,-0.539909371200296,0.536079473963734
"569",-2.61921395415951,0.541511090534362,0.53807474829776
"570",1.46436076550328,-0.475279763577775,1.47753523131682
"571",1.72001778230014,-0.668960615216689,0.573650605040577
"572",-1.73640311537968,0.370902403267403,2.40215285345053
"573",0.933624858351158,-0.394759641458265,1.71838510383305
"574",-0.366885538594807,-0.293363184766569,1.53716671905625
"575",-1.68361939618071,-0.126250146140605,0.117585111724388
"576",-0.037229765378337,-0.590038430045045,0.288366174132668
"577",2.11693999412604,-0.608452149316614,0.963212744203209
"578",0.44559340911241,-0.408943664753336,1.45280422144406
"579",-0.750624767493585,-0.302524280246742,1.12568188070058
"580",-0.831100391189443,-0.292920966859337,1.07941062102581
"581",-1.16189974164518,-0.393541657967393,0.0945218315998854
"582",0.434947667061836,-0.656271189987779,0.21127648138434
"583",2.51627351757307,-0.523223696265603,1.46392223403338
"584",0.828457472269467,-0.486736386353178,1.2209148280224
"585",1.18613457256511,-0.624110518849253,0.6538871636133
"586",-3.14257930218949,0.561830525237304,-0.012167585066412
"587",2.85433302417964,-0.591680303272899,1.17661011944079
"588",1.49387214225009,-0.672623173318366,0.498653298182022
"589",-0.613099989353456,-0.29122389756349,1.32763628731788
"590",2.04451703371981,-0.78030173105746,0.089138925829872
"591",-0.395547268840793,-0.315008258889393,1.40557357168224
"592",0.559086546354034,-0.577078685672623,0.662365877699447
"593",-0.256912066565292,-0.608622343686406,0.0457453449718139
"594",-2.40376400538357,0.439113836014383,0.423125282534409
"595",-0.343360588393173,-0.454808281610764,0.748722321321927
"596",2.27176037793465,-0.736276641734647,0.35437886759527
"597",-0.124680204610143,-0.558971655941694,0.386994766454579
"598",0.480662885070063,-0.539975231242527,0.813534676368127
"599",-0.662321778792866,-0.371179812971605,0.87789510081845
"600",1.57239979407688,-0.766326618010057,0.0504758659101221
"601",-0.283985719552118,-0.565189969092158,0.24268656406267
"602",-2.15072010165153,0.289146174072672,0.309299727995866
"603",0.0700206087716509,-0.658811189437796,0.00941554840403007
"604",0.903535414394467,-0.367171741439979,1.84578559210182
"605",-0.956591432543878,-0.407170580349748,0.345171781432139
"606",-1.50935528243704,-0.000452390345345832,1.2986432740576
"607",0.515844205492268,-0.562451029215389,0.716762353635045
"608",1.843039684104,-0.760415668620499,0.144919031141323
"609",-1.47181061561921,-0.191805555876312,0.442590461587384
"610",-0.455431902940797,-0.31213118973361,1.36933275497373
"611",-0.50264586793311,-0.263468559022178,1.57091334886395
"612",1.24093028640816,-0.698486053339594,0.298519894809548
"613",-1.0754284499984,-0.104039239075704,1.68527513256625
"614",0.820567385955464,-0.652400394418295,0.389688126668318
"615",0.0999911671679702,-0.649502225246015,0.0732573411905865
"616",0.113498468227631,-0.416514703436536,1.24587622757812
"617",-0.116686569586099,-0.223959874110771,2.06738743380718
"618",-0.521868188224032,-0.52601099495899,0.24072645677628
"619",-0.733435852527247,-0.508603185616213,0.114498853886578
"620",-1.47591506779667,-0.204232404261855,0.369713282934405
"621",-1.4034763921819,-0.115916589064791,0.991959432294499
"622",1.24022174894287,-0.730998283834352,0.135748074519289
"623",1.8427219814953,-0.680146395199828,0.54619361035978
"624",-1.02316963418977,-0.133019640750296,1.62038065450043
"625",1.14988732583919,-0.459863560636061,1.46395200730452
"626",0.340912260242812,-0.557229462268806,0.66187467711446
"627",-0.407371986226172,-0.586967351659557,0.0359779292046634
"628",-0.122456243021989,-0.597808114377903,0.194299548693281
"629",-0.503728601609067,-0.338966198452313,1.19244845269843
"630",1.40642997679922,-0.753051161937712,0.0729822393145635
"631",0.493478078261819,-0.521786564765819,0.910200898657561
"632",-2.74078812412038,0.54316396836712,0.362516680714506
"633",-3.24827273413235,0.691419112918013,0.538857983196598
"634",-2.2481031817486,0.432128787365052,0.7519314534813
"635",1.39048524766462,-0.342647621310236,2.12060461903305
"636",-0.0716486387861302,-0.571898833717841,0.357171413154326
"637",-1.60675785866204,-0.00787763822885915,0.971963214361083
"638",0.737525650544126,-0.689982653462996,0.170410174548501
"639",-0.546807681157979,-0.354588499179064,1.07473283910655
"640",-1.69103176611445,0.144398069442114,1.4436749594483
"641",1.47664253685683,-0.723362441935675,0.240395558735502
"642",-0.967537145057589,-0.389243091706559,0.419564395342314
"643",1.17311463886771,-0.452759195608191,1.5066547007629
"644",0.901027570845594,-0.351059037863079,1.92546309690111
"645",0.790020333795015,-0.716468425935455,0.0579759111980758
"646",-0.196091675110927,-0.606151350235815,0.102023343961477
"647",-1.39099911241707,-0.25208122027328,0.34044907375493
"648",0.254590191077226,-0.503839369038469,0.88549785319408
"649",0.796032400859658,-0.568242315191146,0.801359682747012
"650",2.03186967316492,-0.767950978534302,0.148258530388608
"651",0.875183998832652,-0.596203579595814,0.690540519537083
"652",-0.546295197649998,-0.42223787336443,0.736965803234677
"653",-1.67410841012811,-0.0742821071838696,0.411763937079846
"654",1.03577114239134,-0.523685358884282,1.10831755544618
"655",0.0899473864942272,-0.43435746644553,1.14322378416948
"656",-0.115910175852815,-0.489450702024723,0.740449684081476
"657",1.27304217675071,-0.42959998863305,1.65242204154121
"658",2.03578746179875,-0.691097834160518,0.533341695474626
"659",0.461437586254066,-0.377805378055858,1.61571551339144
"660",2.89524413521654,-0.52267207873328,1.5278651676373
"661",0.565029262813016,-0.619647761005404,0.452059099464422
"662",1.23711742975084,-0.673183048576249,0.423900390466842
"663",0.931221717318555,-0.698869312764852,0.197001189245681
"664",-0.776751949726574,-0.340025914721477,0.908363223696719
"665",-0.614549383214701,-0.116688556405549,2.19887319979238
"666",-0.722187714586037,-0.490690641658083,0.216465547981651
"667",-0.071678606981584,-0.601995780958778,0.2066673791183
"668",-1.84217031120359,0.253523126646202,1.34892363748573
"669",-1.3607995374026,-0.216259006338828,0.588479891325155
"670",0.634399165656443,-0.612481051446908,0.516886159467316
"671",-1.44061944124214,-0.22787425118723,0.341847397739125
"672",1.50793267291455,-0.68878627490699,0.42153349672224
"673",2.59522505591762,-0.743907154834033,0.373953492772615
"674",0.347667961013782,-0.684873945302583,0.0269445415118367
"675",1.40958179455905,-0.757897247862957,0.0496167480413914
"676",1.37920902745,-0.447114566774632,1.59514150055672
"677",0.538554328991399,-0.687056995294241,0.103634966059261
"678",0.326318486695284,-0.673794328336937,0.0718905662855702
"679",0.905952936872935,-0.574956921155259,0.807712677588892
"680",0.602473404240704,-0.492617465370109,1.10300510859198
"681",-0.735549804513558,-0.383865771364439,0.735840042811863
"682",1.60495926535478,-0.269809245210393,2.54128599206351
"683",0.676933972709525,-0.540507448056269,0.893968377418069
"684",0.0273525026092122,-0.551059670269304,0.522927182127727
"685",-0.679153754855912,-0.43605931501971,0.535893691659398
"686",-0.898594859566279,-0.458329413863133,0.167305202130711
"687",0.0523239949377834,-0.532560019329948,0.630290596687529
"688",0.662954070294133,-0.601318490820516,0.584301315862038
"689",-0.341607929060747,-0.592357882471759,0.0623594696230745
"690",-2.46195338353425,0.508599173125388,0.652770294860785
"691",-1.27572720796858,-0.25340956419917,0.582693188962258
"692",-1.27485215261655,-0.0654021362485758,1.52448070327607
"693",1.19938306450801,-0.602438261601588,0.766281248727281
"694",-0.332281203100957,-0.425806136799399,0.90245686040745
"695",-0.519171679644946,-0.187476335452454,1.93586845992861
"696",2.59334409803688,-0.522986883564574,1.47823898127022
"697",-2.82915523333533,0.549963653790215,0.277171592294659
"698",-2.00230762101585,0.306993636685518,0.903045203791242
"699",-0.268837743559062,-0.351838833370962,1.32080809215999
"700",-2.5363721647815,0.480602769782474,0.374095839123688
"701",-0.319028882824234,-0.442778324189107,0.827930526546175
"702",0.946317360523426,-0.235504960249984,2.51905408808195
"703",-1.61823886470854,-0.183111524161249,0.0586560181191513
"704",-0.332786224702287,-0.506757783455913,0.497302645250146
"705",-0.77259961194368,-0.174739815444512,1.73958146016337
"706",-0.869321492211174,-0.474641038132795,0.123350806432034
"707",-1.23308194977676,-0.216976654026835,0.847962703250053
"708",-0.732985018477449,-0.436823049344964,0.473899227134631
"709",0.962170512192799,-0.513396933310339,1.13504330608142
"710",0.0224303887458928,-0.491409124969275,0.818219394632883
"711",0.868855628481164,-0.563557526236664,0.851498526189623
"712",0.388156061233721,-0.576681597017772,0.587349962039377
"713",0.451332832297984,-0.593026187402891,0.535014938384993
"714",0.22704542762154,-0.679954952661155,-0.00941647007005483
"715",-0.676832018279637,-0.415006346209551,0.643602932708604
"716",0.246688482097216,-0.436704184648665,1.21708717552111
"717",1.60188646871974,-0.786572583203808,-0.0433016316203275
"718",-0.623239469653387,-0.454115789669233,0.503065268853878
"719",0.0758643635173533,-0.580529167510448,0.404226050700295
"720",-0.440598371727749,-0.554251976418373,0.171503114705802
"721",-0.372993665894419,-0.491808812683879,0.540003924000954
"722",-0.00676274172207427,-0.563334775050564,0.440821893440016
"723",-0.319636804504273,-0.604897814419535,0.0168613631022247
"724",-0.527148237724658,-0.304121462261706,1.34532356096413
"725",0.443209822595482,-0.696067544188981,0.0160926692440798
"726",-0.165028447539779,-0.463448669513841,0.837203275818881
"727",-0.432409162473167,-0.388866363118488,1.00541648575806
"728",-1.52341613784176,-0.242053327832383,0.0514575353575656
"729",-0.467228999506385,-0.249092081599856,1.67425554865879
"730",0.176805256634053,-0.577329242372259,0.476892112639116
"731",0.193457855358993,-0.657194199399848,0.0865550526988503
"732",0.972420665172775,-0.690185182176822,0.254601233207546
"733",0.469511372637758,-0.45850598166407,1.21586507231045
"734",1.09106916490326,-0.475741496700572,1.36600014121406
"735",0.432439935698501,-0.618290322952269,0.400024281382083
"736",-0.602536113205417,-0.472252304843689,0.432932157284571
"737",0.752213992403542,-0.339850032646485,1.92672654726208
"738",0.746824536771712,-0.644476809384189,0.401523719641551
"739",1.48315113281715,-0.763302185677694,0.0424241967530282
"740",0.284841453642933,-0.590855623715804,0.465871724821009
"741",-0.0517857317958792,-0.286918118611991,1.79477477821219
"742",0.795283337398706,-0.594108371234828,0.671749071507666
"743",0.109110920691034,-0.374530389097633,1.45331038614923
"744",1.74821965408099,-0.514019962352111,1.35503212151464
"745",0.0674442927463296,-0.504866944446074,0.777633333055441
"746",0.213676138499988,-0.308579759681764,1.84040828306651
"747",-0.20437003486397,-0.44436993503796,0.905070544846315
"748",-1.69909088929502,-0.0790972811419322,0.296282434117877
"749",1.09146117789561,-0.432999437981721,1.57983598067844
"750",0.342642419403594,-0.56122792861969,0.642726835570379
"751",1.30900443052164,-0.531805083439963,1.15183064385263
"752",-0.862800119691345,-0.468033403126632,0.164615546600158
"753",0.7443648773922,-0.542531415527084,0.910304397030401
"754",-2.06863104451541,0.343966702670425,0.847097869143794
"755",-2.99846919101658,0.635863130832294,0.505600018520073
"756",-2.27055442564537,0.612145550045014,1.59458754267854
"757",0.444828333211576,-0.53479531386924,0.82319559147492
"758",0.716640673216542,-0.529940535597615,0.962502440013765
"759",-2.72998235081027,0.577781213693534,0.550971902924609
"760",-1.43382925480555,-0.197199322801724,0.512087224770578
"761",0.304710718924215,-0.402156274362739,1.41935845338339
"762",-2.81040223988146,0.806872709095688,1.58613806776817
"763",0.95394599928701,-0.698865282531497,0.204880274249275
"764",1.32746362936499,-0.641562157338258,0.608331313199442
"765",0.512088801046293,-0.567560527297764,0.689564494646913
"766",2.25931118954777,-0.641224641259659,0.827271163567376
"767",-0.485105104506124,-0.0877525002519217,2.46519219548621
"768",-1.78523826165681,0.0614664453363322,0.651127702828561
"769",-0.0867447920237557,-0.401504877019445,1.19936719496429
"770",1.34040964540969,-0.584550175198663,0.897070730304292
"771",1.15421015808223,-0.565094013027913,0.939142479237912
"772",0.190093987892233,-0.59192051420592,0.411115861189174
"773",-1.45851082513521,-0.052352938610052,1.17423004196378
"774",0.726059858133713,-0.430465035377082,1.46355305527129
"775",-1.91792800784614,0.104715045014107,0.241805738098746
"776",1.50073620015518,-0.254243963822275,2.59235649410473
"777",-0.702458687535279,-0.295616303091361,1.21328032283661
"778",0.270743750482907,-0.302508179739823,1.90044376800534
"779",-1.00417296804256,-0.168602733142908,1.47042843962581
"780",-0.578420852572242,-0.460441759189877,0.515449432748793
"781",1.63112233184062,-0.509797630863185,1.34786532509167
"782",0.471446929106567,-0.652687980710819,0.245828086129545
"783",-1.589337476579,-0.112917943231303,0.501823726826229
"784",1.18767969090724,-0.72060525064103,0.171885195736289
"785",-2.8585544417236,0.584716215018469,0.413573068338324
"786",-0.0249473075369234,-0.579138751229911,0.350548073236284
"787",-1.11937409090229,-0.399133227509629,0.138793277235882
"788",-1.09211387016441,-0.147754837455406,1.44015230685072
"789",1.07870340109642,-0.504926081149893,1.21610411849748
"790",-0.650616880937499,-0.0131768616015572,2.67999299107786
"791",0.879990518367629,-0.557547000698911,0.885544092832769
"792",-0.517152541742015,-0.458951883917824,0.580335546773511
"793",0.213819593713872,-0.337535180377551,1.69570716673633
"794",0.875552454185972,-0.742399886802178,-0.0403089567418593
"795",1.3368109977823,-0.727458270805707,0.181509728880508
"796",0.290903045433816,-0.544892280913815,0.698749501718004
"797",-0.138455851529366,-0.602141113701047,0.161881977907887
"798",-0.307842554359239,-0.429301305942619,0.903955356638711
"799",1.12221913590718,-0.623073150256009,0.639240773998095
"800",-0.844704099419728,-0.471767543245002,0.168492870657597
"801",0.586811580660398,-0.676002664799261,0.179514530640805
"802",0.746523012616153,-0.673372594088722,0.256928861841342
"803",-0.454863129223133,-0.45693048353756,0.645829013195557
"804",2.45464720408431,-0.768292155218622,0.227804567085455
"805",0.85790439884577,-0.601912052956898,0.655775446361716
"806",-0.780245620245345,-0.360531642577242,0.801791449280857
"807",0.000945401744011606,-0.504652362064785,0.73896105475024
"808",-0.822183901607351,-0.459717504774581,0.256242732932902
"809",-0.634647053697399,-0.27785029290802,1.3729061282034
"810",-1.18061602070835,-0.152794975254213,1.26530236279123
"811",-1.03716559916257,-0.424290329404693,0.143050885045282
"812",-0.180253280603941,-0.45737658668081,0.857007313116053
"813",0.181124271985147,-0.447557990737371,1.12808889873818
"814",0.286044057387621,-0.553968485160887,0.650915664163238
"815",-0.00127370824564543,-0.45566437028543,0.982542740831019
"816",1.77329929391737,-0.237500354733039,2.74350067566562
"817",-0.520752708745144,-0.325157870368985,1.24601401475139
"818",0.417262503496218,-0.433574950789112,1.31656365197104
"819",0.283036147358328,-0.677380412740045,0.0323338258929194
"820",-0.412848831719369,-0.28356221077575,1.54843231940924
"821",1.73293849723734,-0.58230875643827,1.00997974001278
"822",0.0284583946946467,-0.555414072814318,0.501818941495464
"823",-0.292091587399786,-0.258630875674182,1.76934481766591
"824",-0.730046025252272,-0.50351704203854,0.143681562517178
"825",-0.0503220021909504,-0.629466361410167,0.0829623129777862
"826",-0.811084757943938,-0.403615553654891,0.550082723571602
"827",-0.582537773648965,-0.371474635227972,0.956314490492949
"828",0.729537996041516,-0.72252007809612,0.00462929787177756
"829",-2.61207978145896,0.459977135926272,0.141985905439943
"830",0.973625610770018,-0.586616491249404,0.7728547980603
"831",-0.822468805847198,-0.211047902570396,1.49924665219924
"832",-1.68898477352057,0.0173840177869508,0.816137293258178
"833",-1.77945579169798,-0.0402827991948708,0.167485587789847
"834",1.93539307843177,-0.472459835835581,1.60516251707096
"835",0.404148465479321,-0.597044439035787,0.493082674569443
"836",-0.107044878251462,-0.569369155705708,0.346733146294046
"837",-1.85279610337593,0.0368835892716234,0.213429132700848
"838",-1.14920120919829,-0.269405922801616,0.73714619748298
"839",-2.63067107917804,0.630362906264032,0.963931074653813
"840",0.24049009536846,-0.476611396041833,1.01433083441559
"841",0.862232029678124,-0.66595834998398,0.337107853653384
"842",2.112071628879,-0.742538414621956,0.291798358401206
"843",-0.706572014420552,-0.522414555816746,0.0748508792459754
"844",0.310922606842507,-0.457331363474575,1.14658051717459
"845",-1.19534547055383,-0.184471642848768,1.08046259146341
"846",-0.39255782983684,-0.458223224187082,0.691961442735795
"847",0.255932473495435,-0.687681834922806,-0.0330223392050047
"848",1.66055622289648,-0.719488445857995,0.306657426594843
"849",-1.17008779614031,-0.154120926820837,1.27729930227033
"850",-1.24059409025291,-0.260201879942966,0.617516095915856
"851",1.74174620201032,-0.272108590923078,2.56306330177988
"852",-0.303702396501816,-0.374931807796047,1.17898127229956
"853",-0.411566330820483,-0.554404291473383,0.195294208922229
"854",0.640832238449928,-0.597386747337337,0.594988095232764
"855",0.731725872403823,-0.487818010536693,1.17898840783379
"856",1.00776475057273,-0.678305958327702,0.325920567975649
"857",-0.705551473222306,-0.311914104173887,1.12845586190655
"858",0.631454529408742,-0.567435202230124,0.740908135422924
"859",-0.886217114622287,-0.0370573670292965,2.28970206121304
"860",1.79003676476572,-0.4293893766653,1.78793811007079
"861",-0.586195222864412,-0.384730922931783,0.886493533993407
"862",-1.08658520216966,-0.359039367854821,0.392580738458383
"863",1.12699713680295,-0.621683530180605,0.647693533626607
"864",-0.281498324366619,-0.51726519340435,0.48418597389258
"865",-0.0920774594003806,-0.248496739974467,1.96092970663641
"866",0.328686983614038,-0.583497579912929,0.524540768831491
"867",-0.978606491673821,-0.414789575832605,0.276233959536137
"868",0.626443837692314,-0.678780706650259,0.182121586196538
"869",0.895671384294266,-0.646862865534444,0.444547666169635
"870",-1.72615947575451,0.128927362838181,1.23279610553905
"871",0.242251007162836,-0.185963768843687,2.4684851384289
"872",2.4034261673518,-0.544044806459271,1.33989306307251
"873",0.44718413053977,-0.392079413053218,1.53785346809831
"874",0.709949906912911,-0.68149744937806,0.202096939210153
"875",0.568609263688027,-0.635622207219871,0.373711911290681
"876",2.15462353332931,-0.657957577150889,0.72323031800506
"877",0.596454316040878,-0.467453301835721,1.22631010410172
"878",0.01882974023134,-0.660258906240453,-0.0282016264404439
"879",1.08658134855231,-0.657993749352292,0.453299832399585
"880",0.906967211797246,-0.342390632142482,1.97090166674416
"881",-0.28604073976526,-0.528336169424823,0.425403306838685
"882",1.15638434828383,-0.590824188010342,0.811165844971217
"883",1.95905092988601,-0.65808912331817,0.682131993963522
"884",-1.2620974648919,-0.227314723031204,0.740212529466031
"885",-0.0701749340957622,-0.547758349824251,0.478822302891397
"886",1.43498605262813,-0.569506662133063,0.998494828142941
"887",0.0153189372167155,-0.227082734380812,2.13555606863262
"888",-0.269371994392657,-0.458771540498587,0.785745963346328
"889",0.0437706156171768,-0.498564025376479,0.795207716123535
"890",0.0173222431584637,-0.590805215836944,0.318155800194247
"891",1.86137332094168,-0.494736096202678,1.47744316398374
"892",1.57629733233788,-0.616895814709987,0.798620618304052
"893",-0.486935785284235,-0.574562194003461,0.0295161870729184
"894",0.0191657707352437,-0.479972773670867,0.873431979344378
"895",1.97056301451614,-0.691435392369739,0.517871942287288
"896",0.897713305045879,-0.738491665293278,-0.0128727768937036
"897",3.15406866141019,-0.771667559981082,0.320238920344233
"898",1.34423727795538,-0.587769046461544,0.882059913985001
"899",1.70693768434487,-0.693634993103019,0.447153289768409
"900",0.0998848562296285,-0.409853127172995,1.27144209644145
"901",0.848311900172303,-0.671679548411068,0.30345845741196
"902",-0.0940306107871371,-0.293456800395111,1.73485211996531
"903",0.12588314148972,-0.596755266097732,0.351655082398922
"904",0.500853051631753,-0.679430163376554,0.125256531252247
"905",0.0759875000569704,-0.625149854064853,0.1811941232975
"906",-0.0351928754400958,-0.573397197528376,0.37285118025664
"907",1.80620020265777,-0.420405646828486,1.83657967512914
"908",1.02545915767864,-0.539534780138929,1.02566400032884
"909",0.998167288297078,-0.40571508973008,1.68565887772394
"910",1.38957660259384,-0.562421695576544,1.02148277583342
"911",-1.41611796934563,-0.0711839910757465,1.18540477336879
"912",-0.658548493381565,-0.164864527406761,1.91338081844924
"913",-1.41839054318763,-0.202146298601471,0.52510457562221
"914",-1.47934650102029,-0.192030695742528,0.421691198191188
"915",3.41799706061673,-0.826581515424013,0.0805822747524729
"916",0.474548072352599,-0.638195299769526,0.319688106911229
"917",2.35921562908299,-0.682671139679166,0.638720699120651
"918",0.610965104770374,-0.63298980637012,0.404677848724528
"919",1.88706376447664,-0.739781864899112,0.25794266348064
"920",2.66042110337842,-0.727314299124835,0.467732916842565
"921",-1.35104324640268,-0.10165566901408,1.18316985589059
"922",1.03281145293388,-0.435735456305113,1.54709121750904
"923",2.22237691838544,-0.675577416478064,0.648414435495385
"924",-1.49989348032105,-0.160217610242025,0.525724753876632
"925",1.10706438994412,-0.60521163119292,0.723751911455027
"926",1.43781450600075,-0.751290556466972,0.0903413151606351
"927",2.83467447852413,-0.681995838518907,0.72201474411013
"928",-0.118231044150179,-0.54382425613698,0.467037401506036
"929",-0.881364580182478,-0.223915292910637,1.36164446451334
"930",0.956387540899799,-0.731246149614753,0.0438147412300018
"931",0.85137872190475,-0.68809807263764,0.222480231627465
"932",0.147565428490985,-0.500238063968901,0.846325412392095
"933",0.477089334386521,-0.518749273911649,0.918060768188352
"934",-2.11866105991889,0.490201269694059,1.41345447688322
"935",-0.332596008177999,-0.42623646826401,0.900058386513552
"936",-0.215365797029502,-0.231168529139974,1.96323731591308
"937",-1.1977938411353,0.047867541104954,2.23771523300335
"938",0.72033502106166,-0.560861639664085,0.809339878530867
"939",0.406280905778997,-0.628155165380697,0.338529761074148
"940",-0.860099504583734,-0.221188446174004,1.40223133900915
"941",-1.31480487702507,-0.283796432074091,0.350562569062894
"942",1.08879994859296,-0.619509772774563,0.646431532312969
"943",-1.34737050866828,-0.25744805868725,0.412294043918011
"944",-0.18803431598836,-0.573858411084523,0.269156528830425
"945",-0.302342581604695,-0.365863689348404,1.22536355260789
"946",0.141936945925849,-0.589621258957536,0.396289291667618
"947",-2.33134620159834,0.477302271206795,0.773690156330945
"948",-0.852414491567381,-0.202759119102085,1.5039775323351
"949",-1.07044201241536,-0.363869367772665,0.39396101251006
"950",-1.8837671414,0.0947160738758057,0.350037195358409
"951",-2.04062608488247,0.339099936383036,0.921137246955899
"952",2.78362923106498,-0.724664507791619,0.500737386970284
"953",-0.378691162308632,-0.253344319166555,1.72770152389116
"954",-0.527497337946457,-0.326308624689726,1.23406626912659
"955",-1.13295994263112,-0.248963922994092,0.866952449319601
"956",-0.542188629148153,-0.175309715537,1.9754438636201
"957",-0.547653784545808,-0.412194749901165,0.78590891757975
"958",1.17234741451045,-0.537456753996914,1.08293103980628
"959",-0.952403413835202,-0.468444711217167,0.0445876377314571
"960",-0.541196285884555,-0.4048722160036,0.82855658504004
"961",-1.20610980706915,-0.335163929222328,0.307367559863807
"962",0.289935996323784,-0.386917252062882,1.4881370840875
"963",-2.55107106256838,0.451873713627438,0.204503068057959
"964",-1.85378915569834,0.207916902181749,1.06365142209272
"965",-0.503418456036379,-0.481786234827814,0.478628135067486
"966",-2.91317241084153,0.599858776080049,0.422720759923392
"967",0.482638055463898,-0.565692958604347,0.685830958523407
"968",-1.55932659697795,-0.194691598515133,0.184337753491704
"969",-0.1148120728071,-0.436103752135662,1.00791429670074
"970",1.4048229954256,-0.659296508788252,0.541314016024395
"971",2.14959815180422,-0.66438022028773,0.690117525689434
"972",1.43635398063711,-0.75545996736027,0.0690988695575318
"973",-2.16107856034831,0.538935650242736,1.52734290324243
"974",-0.59216143757822,-0.308764813822375,1.26052567214855
"975",0.49042913873003,-0.589751854406078,0.56901685952214
"976",0.580732023771052,-0.665084280872039,0.231542101644746
"977",-0.507860231895019,-0.455269897521379,0.607194663480183
"978",-0.581242150152227,-0.482796516765171,0.400956197357729
"979",-1.66637786602707,-0.0769600737120123,0.425879352824171
"980",-0.472948642070025,-0.457645978740148,0.626468835133301
"981",-0.768580831454386,-0.181359588481678,1.71109818323826
"982",-1.66558430993813,-0.129202972226388,0.167468075832722
"983",0.372496079259375,-0.654236522688782,0.19211278278345
"984",-0.782158312766562,-0.503317670902171,0.0856420213123545
"985",2.24647624922483,-0.681924112083901,0.621320635791874
"986",1.0270069736776,-0.572721829451238,0.860241212153143
"987",-0.013160255162444,-0.538151908593858,0.562793404805369
"988",1.77494085130867,-0.639658149063651,0.73309373332883
"989",0.994561705480795,-0.505113792851577,1.18745301494369
"990",0.516831841648227,-0.721850336688654,-0.0798007630143223
"991",-2.31429470658146,0.423840586003754,0.546284036228137
"992",1.48258835970663,-0.546126111348262,1.12815541533581
"993",2.38433993523866,-0.519297693293097,1.46017401038783
"994",0.245489357718062,-0.637773582130032,0.211118204888412
"995",-1.35572794809547,-0.247192571446572,0.445113664017215
"996",-0.833779510165912,-0.380127472349437,0.640109940106932
"997",-1.22483200322766,-0.356838805386526,0.164226741900573
"998",2.26039453616356,-0.799237425678193,0.0374137406583409
"999",-0.0309350590125658,-0.597096436681983,0.25702225639607
"1000",-0.180563484130949,-0.411863937974593,1.08435422226823
