"","x_child","x_pa","noisetmp"
"1",-0.210176481190055,-0.333717437143677,0.0684005653534689
"2",-0.363846711511269,-0.811150817335362,0.538215175268222
"3",1.10408922881843,1.61824535828711,2.05182132869296
"4",-0.0851736607258562,-0.39146553804559,0.897143782311917
"5",0.890700128689219,1.54294455014715,1.03766925322792
"6",0.771715936726057,0.577083898899516,1.57661389705035
"7",-0.15835629857194,-0.362637814108936,0.43211893834746
"8",0.514752824035741,0.62385619285131,0.205161857159425
"9",1.00343198834268,2.10738924418309,1.26856480093722
"10",-0.478151336269299,-1.03677042781982,0.324531122213173
"11",-0.531905815703333,-1.83007247604722,0.821499942311297
"12",-0.278126744182945,-0.9725857938752,1.23226884727321
"13",0.586000086540534,1.06450296369331,-0.0589488063246557
"14",-0.653270446094524,-2.44877290001082,0.550162675695356
"15",-0.364867668983257,-0.762849859271206,0.442842662240898
"16",0.261187449034451,0.0632604861493719,0.493767710205797
"17",-0.183293686859134,-0.850879505140826,1.51120325648692
"18",0.765634752648068,2.13108718290665,0.0682602174248319
"19",0.800797272922023,0.820448684119615,1.32082361592564
"20",0.961717582007978,3.23347698563768,0.663321986125214
"21",-0.200480355498621,-0.829965675041622,1.38873724072529
"22",0.709613954382365,1.3865834564435,0.252654972061882
"23",-0.402355931750489,-0.992859469452841,0.641029720279863
"24",0.810010303910301,0.305578632001294,2.39680733999989
"25",0.335041960047977,-0.020065201414017,1.25175356198466
"26",0.418182966566665,0.402825769006646,0.183822565554297
"27",-0.352197379012505,-1.58035504048209,1.53467195330844
"28",0.172447523767119,0.0675667404914326,0.0316815708918827
"29",0.070211688222564,-0.0959574525088307,0.346376592985936
"30",-0.468825705025297,-1.51974075849608,0.900445420085344
"31",-0.469292265370423,-0.868302899407295,0.110935060662796
"32",0.718823966989184,1.1992523198234,0.465864669728755
"33",0.849528859633682,2.58875303133815,0.298738349916774
"34",1.14710910523167,2.62427465803304,1.77398558530281
"35",0.0330734354041763,-0.264697905800253,1.01141683888577
"36",0.0565580699180581,-0.270103323226932,1.15154364305728
"37",0.185640219382041,-0.0502453609649343,0.662972572947695
"38",-0.732063583513286,-2.4334362605182,0.149445582789615
"39",-0.470869414326351,-1.08704310638736,0.42884935009133
"40",0.374074951563958,0.0828459227856465,0.9757982508658
"41",-0.63269565663284,-1.90339032595321,0.365407501968513
"42",-0.215587546479494,-0.528293759123447,0.655623027937783
"43",0.627773063925975,0.524376720518062,0.961042808750276
"44",-0.262943032207781,-1.08785887231953,1.46955295234087
"45",0.623246944954309,0.152221227953008,1.95296540482804
"46",-0.10970018459142,-0.340676771286838,0.59645329914025
"47",0.550197443825475,0.486351003234359,0.65299079630184
"48",-0.444863550396692,-1.96743136735564,1.34427448336888
"49",0.656270653028599,0.727169514873385,0.738339733042453
"50",-0.267500571688592,-0.68494189627005,0.771476870243624
"51",0.359040312235067,0.197217592792209,0.474784894673934
"52",0.38606079737839,0.224797669215508,0.519432653721865
"53",-0.717738150260758,-2.62186065209847,0.299791015924452
"54",-0.534635337717763,-1.38572490896318,0.448268223408904
"55",-0.440377493468696,-1.00481338542112,0.468236165236436
"56",0.920574386315445,1.96336433467555,0.927002311197242
"57",-0.169862317407638,-0.521940706942968,0.867107391945694
"58",-0.352164201975982,-0.827470753229296,0.625896096747583
"59",0.48468435744631,0.58662110280941,0.123366729394112
"60",0.314690052185588,0.0582294484869642,0.782957563388192
"61",0.555972784680497,0.302786482828537,1.13448256264854
"62",-0.249955214204143,-0.425251921613214,0.183327045864978
"63",0.242335096567402,-0.296649855414376,2.18859851686972
"64",0.449711372890236,0.355356979831038,0.460708739333134
"65",-0.697640811608037,-2.37090902297163,0.293352402779446
"66",0.054273243436713,-0.931905621596685,2.83211402938135
"67",0.953962260369773,1.01331188479574,1.83875407049453
"68",0.85131144760029,1.80811649295442,0.667535108760615
"69",0.637227540604208,0.82620556321829,0.49480319824807
"70",-0.0758389522057571,-0.322888108818288,0.699493215051599
"71",1.0725345089574,3.74935076941389,1.09895566963545
"72",-0.189504062732155,-0.794877573811019,1.38013717152657
"73",-0.356284596516138,-0.75192776291761,0.464553535939753
"74",0.637354819290552,0.533367259196526,0.990669610896117
"75",0.484644611283221,0.589337607451744,0.118056163514626
"76",0.884187911930217,1.21549573576191,1.27705365186997
"77",-0.615639087970493,-3.1451192127765,0.989184051600162
"78",0.936338206354774,1.76475934746924,1.11868696768493
"79",0.410946248223886,0.278427192100611,0.479442604459232
"80",0.678840334707142,1.15850540966644,0.306207995535088
"81",0.249713717243554,0.0610144780327612,0.446050025336755
"82",0.673730296156631,1.3245929163476,0.125526236051084
"83",0.774360374224647,0.690564496050795,1.38809668909585
"84",0.536254590739471,0.165185198777473,1.47144634190914
"85",0.346246586457213,0.158741557585576,0.544413190544252
"86",0.0821426561566725,-0.562244458927834,2.23311504536785
"87",-0.590494490336281,-1.73027190853569,0.458909039208737
"88",-0.208322919218029,-0.387874953880256,0.269321142032191
"89",-0.317060263464157,-0.764038431465089,0.684169040800552
"90",0.586331097185025,0.944314976498299,0.0835343208468351
"91",-0.423096294383103,-1.01592235087915,0.570525159250152
"92",0.743583731727644,1.02198433292751,0.776844060146205
"93",0.178439900878155,0.0125140545963752,0.308885046089492
"94",-0.385052971278438,-0.782654446103427,0.379606042563899
"95",0.648533170885641,0.851905032328784,0.515482546601757
"96",0.951433608004372,1.6590450210067,1.2612033636572
"97",-0.27199989940317,-0.610744386500563,0.581754190464998
"98",0.287999204891469,0.161395684287309,0.243667951364511
"99",0.43798372077926,0.355094960980488,0.402752452687559
"100",-0.469196338582904,-1.42192692784238,0.810206452126798
"101",0.677664583782228,0.95289571279258,0.529562859204328
"102",0.753710849133704,1.64126962525092,0.284395706318315
"103",0.73964149994254,2.00510414253602,0.000535893780318673
"104",0.344618804554615,-0.280345542314117,2.63422737200844
"105",0.403977684901899,0.306448341560557,0.364202147743125
"106",0.634205103851637,0.812698410700289,0.498947613926414
"107",0.190872451940404,0.0607526443912576,0.152971529857846
"108",0.489628510332379,0.532302426504732,0.254191920752179
"109",-0.278928299814745,-0.916736691298118,1.14216395096337
"110",-0.308363330836764,-1.90621487820549,1.98886040866178
"111",0.198035248296694,-0.227741485973593,1.67443363886252
"112",-0.247537230070896,-0.943031055308215,1.34035280471493
"113",-0.535417826417486,-1.64334336321273,0.668940182220901
"114",-0.0723192039634546,-0.262444652649466,0.474919625945485
"115",-0.104208530652384,-0.433964621676689,0.939450828603213
"116",0.572023385407221,0.342938092930396,1.10489231623835
"117",0.0170920768875703,-0.820123700854079,2.45907539956984
"118",0.476404546194769,0.172501309050926,1.14638963618812
"119",0.0242452610907225,-0.0874792244553444,0.0661743434566111
"120",-0.113508587350745,-0.387487330453337,0.742084624426752
"121",0.843505862493901,1.54243959104666,0.802062645159081
"122",-0.615353038249779,-1.40252566828454,0.0609472590479655
"123",-0.353517688999956,-2.65188924176342,2.13263827326065
"124",-0.0639609132851465,-0.274130640321428,0.565711766762085
"125",0.798115495764062,0.656144373957857,1.56508139814407
"126",0.920438613113584,1.95912360662687,0.928573318738763
"127",0.599790178356707,0.754224537185914,0.413723707358138
"128",-0.527398514590621,-1.17885006457049,0.261190949935264
"129",0.887847678991526,1.60160684946875,0.982012398027448
"130",0.723618085196379,0.395349483033677,1.72922753955167
"131",-0.273389190312787,-0.738947098735872,0.853431157127316
"132",-0.455545896760971,-1.04422701485805,0.447868010603463
"133",0.908877773957593,1.89688235735962,0.904557204117164
"134",-0.503181561071644,-1.35714236325562,0.577272136322506
"135",0.821805983456405,1.21940673559043,0.961415222822251
"136",-0.205085999941067,-0.324085320745262,0.0577852593640631
"137",-0.203998018009551,-0.377718812670585,0.256379122048425
"138",0.54941394131026,0.727342427526737,0.203782099450209
"139",-0.564238454336627,-2.41312011005526,0.979527700578875
"140",0.896732153481694,2.50728016645347,0.564755616515116
"141",0.00450997145134019,-0.494677797482609,1.66345781281344
"142",-0.486301135124325,-3.35913536740492,1.69598941494885
"143",-0.375251386904662,-1.72545269462234,1.53162056852126
"144",1.12019635336424,2.01546153932865,1.89799468489694
"145",0.403325937248595,0.0895223215903512,1.09466027992417
"146",0.431741869543373,0.460672868532124,0.117023983468858
"147",0.64321013387214,0.948888666885709,0.362246915429361
"148",-0.510449233436809,-1.08543277924834,0.228831966984469
"149",0.848609346598765,0.799094896714644,1.59066056911267
"150",0.77335884266759,1.75807350256317,0.307875924983669
"151",0.137239271068187,0.0055945719132597,0.135938012963364
"152",-0.0302402200822316,-0.581910166129659,1.72062511855779
"153",0.378702685411689,0.23635066623878,0.445984135879011
"154",-0.0349928188728419,-0.21172751162925,0.435414953101379
"155",0.702103901671069,0.680445554433587,1.04367435864707
"156",0.0590674355703146,-0.211920869341142,0.906622581025336
"157",-0.566654964154629,-1.28624556348531,0.186409509744054
"158",0.55964042957292,0.476863389687555,0.72077830324181
"159",-0.747244302395556,-2.8162777784808,0.224819284062749
"160",-0.358996513828824,-1.05032274704522,0.938980422050008
"161",0.654861821424596,0.400956450377367,1.3717561012272
"162",1.05677305317246,1.0605524580085,2.29927954600682
"163",0.599762300184983,0.597288931017131,0.678784110805693
"164",0.593129591675151,0.829142724040115,0.270164406377685
"165",-0.570656317204814,-1.4153280776823,0.296659276578734
"166",-0.189809641250555,-0.416460522548296,0.45601049087834
"167",0.869738146650434,1.25427205403084,1.16841545646875
"168",0.119149757785504,-0.147328235879143,0.883077401105658
"169",-0.164926352819791,-0.281517599457324,0.0912988166772152
"170",0.611022725618527,0.867471993564329,0.306704151626365
"171",0.745046456906544,0.836444872179594,1.0194922590986
"172",0.749399459899345,0.762635003254678,1.14891648429557
"173",0.976528438425038,2.2811649785386,1.05488495489774
"174",0.124810198749478,-0.0281518161154164,0.241993004550139
"175",0.750603661274013,0.799948813438708,1.09938713621231
"176",-0.678703557008042,-2.12802610896296,0.266936137941911
"177",0.654519353730309,0.618168869007527,0.914256059030157
"178",0.468780805115326,0.277367817211934,0.771725974292934
"179",-0.32124976708216,-1.00097106806037,1.05833496450191
"180",-0.388452859479906,-1.06481906306823,0.811369877523689
"181",0.760674441604789,1.04694086345875,0.833952260807726
"182",0.677946629589417,1.34629470993359,0.127983394938523
"183",-0.24210146172087,-0.527399051696406,0.520649486939799
"184",0.621161203046688,1.14250552013784,0.0340469601510649
"185",-0.807668927267404,-3.45392379842207,0.113830778738217
"186",-0.46201127765426,-0.975986636704003,0.317911341771836
"187",0.197994718391746,-0.020955643452852,0.571041156128208
"188",0.289598421481496,-0.0471565588594941,1.1660925867332
"189",0.00783586030729054,-0.18020672416901,0.496891257173888
"190",-0.373810265929322,-1.98215005607123,1.70840586926127
"191",0.554735482570369,0.63394733065753,0.387047342022702
"192",0.552490930385552,0.337328693963403,1.02216924688522
"193",0.947488603188978,1.79674162979976,1.15516779656587
"194",0.968090740266763,1.85100764077403,1.2264809885371
"195",-0.369955333940149,-1.40743746602388,1.29264433383292
"196",0.572978929903286,0.588901092653636,0.5605479728244
"197",0.67439594732074,0.623018666257009,1.00488400018174
"198",0.405226009785809,0.0551978450704734,1.24880244283518
"199",0.531247427558454,0.718900250816691,0.126396439957251
"200",0.783961052759074,1.65300652418703,0.427833292727999
"201",0.388993434710988,0.275258764658383,0.378997618339753
"202",0.369283779802053,-0.116465281325829,1.96235015618847
"203",0.845155589909925,1.22163062036206,1.07604892506135
"204",0.721507863219703,0.917551754294817,0.79322317681619
"205",0.271877860177612,0.172700006450059,0.123059953424515
"206",0.456124087579322,0.269931904774073,0.730426048339884
"207",-0.35577224391372,-0.889120585556058,0.713233585925979
"208",0.284487017323531,0.0410058123836243,0.707791441812453
"209",0.0693666465228624,-0.0481359938875984,0.0702078153859708
"210",0.359762751836563,0.059222777443396,1.00402433851889
"211",-0.540256285307347,-1.2117752077056,0.235549108777873
"212",0.33898097343769,0.19561789903728,0.379866448362739
"213",-0.419274891212332,-0.740707416884823,0.12749993822771
"214",0.230074360068249,-0.201778731596442,1.71363127465066
"215",0.585973027319315,0.761886178699722,0.332923669948251
"216",0.470289152396305,0.0245759542052809,1.71161196898891
"217",0.308728933067189,0.0951137057641958,0.59899917294096
"218",-0.440758454476837,-1.12648970586872,0.630172298877134
"219",-0.00915699845188811,-1.1304517668744,2.79316251328468
"220",-0.21686702845919,-0.764013668543445,1.18508755519624
"221",0.405207437874444,0.123601755489779,0.969468558261056
"222",-0.297889977250213,-0.669136004841339,0.585348755957986
"223",-0.354219319496092,-1.16327301686679,1.10834487935868
"224",-0.240606148651173,-1.00769030094261,1.47122516088407
"225",0.806062706420549,1.09530289714588,1.00791765467977
"226",-0.104650832299582,-0.611058334620339,1.41924486694017
"227",0.759033466411074,1.34321209608911,0.536041757971593
"228",0.0558217840144365,-0.0811700713070722,0.187199508518098
"229",0.00956118224071455,-0.154740760837019,0.374601997052084
"230",-0.521137450804269,-1.07149676580402,0.156904407110562
"231",1.03227535037937,2.52756959744212,1.23486959423465
"232",-0.754387594279484,-2.54124790129701,0.0839615752957487
"233",-0.566229366618793,-1.64777929997024,0.51833101584813
"234",0.377999375138061,0.301449049701279,0.248394051934457
"235",0.609546366849216,1.12139098932408,-0.00222211414245167
"236",0.845867338731457,1.73733721350737,0.683219036090545
"237",-0.226167390536571,-0.502018071796288,0.530719236280276
"238",-0.12785798339519,-0.627120494195884,1.34089617135922
"239",-0.467273749751119,-1.6294152887041,0.998750002663245
"240",0.188890438416192,-0.0154689107156995,0.497779646895019
"241",-0.236978174629801,-0.460694900015253,0.357221569782682
"242",0.424445248215395,0.152653712156259,0.957386359337526
"243",-0.158123799939757,-0.33927090508263,0.349175219879437
"244",-0.0119829628701853,-0.151964550333978,0.252173607456095
"245",0.7762299210173,1.88457417168051,0.248174218649828
"246",0.276192979325925,0.0392506565299047,0.674196394746895
"247",0.917712877738058,0.898353481756605,1.79909547631841
"248",-0.394246315571354,-1.21406695402361,0.968241302745867
"249",0.794398965750571,1.24988567608925,0.795772052935763
"250",-0.350662249938699,-0.745291044796033,0.479631553668605
"251",-0.543557371065102,-1.31938647471494,0.336873075811314
"252",-0.092638474292084,-0.548929442052029,1.32491093455139
"253",1.0287824671868,2.08708690589238,1.40515353682726
"254",0.825570841685391,0.408602185108129,2.2068130662142
"255",0.671397578335027,0.707088313382202,0.846189212296275
"256",0.540726975765865,0.368800361054961,0.881155855290803
"257",-0.629947636569614,-1.71772939963228,0.252495537191627
"258",0.632470314358162,0.552748409317318,0.92757203767877
"259",-0.30444945942722,-0.967600880265427,1.09319505428498
"260",0.75496729807508,1.0179941665034,0.838359977825264
"261",-0.419603722492779,-0.742633647915229,0.129673385239259
"262",-0.343579935141171,-0.672381697046498,0.363978935066093
"263",0.633539180839226,0.715685437788073,0.643011321066
"264",0.75621868697164,2.02145676391652,0.0750464067031277
"265",-0.686611280611917,-2.28429253410466,0.30751995110889
"266",-0.325922101997465,-0.606746146661758,0.302621336077087
"267",-0.599046197887713,-1.54461175841764,0.270627141086058
"268",0.156948715230486,-0.0609172218674002,0.577988669168385
"269",0.0115379706378209,-0.187927669944089,0.553723263130319
"270",-0.315137045356817,-0.650729169164569,0.458351240183195
"271",0.142791807641875,-0.0389139780670765,0.388115704499726
"272",-0.594108688769876,-1.79403731222305,0.485962444315212
"273",1.04312129917464,1.89209945566397,1.57843213391455
"274",-0.0677051442828822,-0.298567979507331,0.646005559355593
"275",0.44833891107174,0.314966891586346,0.56226386735366
"276",-0.217549334929137,-0.374746326278405,0.178389948676965
"277",0.750907009462224,0.90827618820668,0.9521602107644
"278",0.278454466632784,-0.114909502560425,1.4992481916941
"279",0.728482692991385,1.41446489481362,0.324368083599926
"280",-0.163192319772342,-0.46561722950115,0.740796795638192
"281",0.389032890274454,0.358130166623247,0.150114905007117
"282",0.876431211783543,0.992666920066676,1.47530221567031
"283",-0.534002326252874,-1.40626103136588,0.47128354996012
"284",0.310066713993542,-0.152595007695994,1.86576973729669
"285",0.858178132916516,1.19402164495846,1.16771890641131
"286",0.832893253385433,1.95782654379512,0.491535966160661
"287",0.841152780045781,0.977097847609793,1.31750271723228
"288",0.492379915029489,0.591460162819107,0.152750927201234
"289",-0.227724008594097,-1.37809909487805,1.97535724465664
"290",0.882883853576544,3.05639869159682,0.316816028052288
"291",0.679643992085835,0.752123142006739,0.816223958269397
"292",0.840178984388683,1.71597092470952,0.66817379920486
"293",0.729338774374839,0.749449325160965,1.06882066855958
"294",0.0210125844640453,-0.152120511497962,0.417979926764653
"295",0.758247019368032,1.12109490040969,0.741590057075832
"296",-0.62784791227637,-2.0954188563874,0.503394877149875
"297",1.01339343885616,2.53976602796165,1.13593263722248
"298",0.636808525299659,0.522136160517158,1.01081059278106
"299",-0.0937782203873891,-0.501936019294005,1.19243558668353
"300",0.720394792038091,1.74151537793837,0.0532613281759311
"301",0.464680455050236,0.491216371776765,0.214959836799472
"302",-0.112108729602404,-0.411584611864962,0.828781547623004
"303",-0.163316905584934,-0.525135046177023,0.908474373980921
"304",0.290690248914681,0.0490777346232362,0.702940386017682
"305",-0.513823507583069,-1.25799399951807,0.419850047617945
"306",-0.353760956076769,-0.515085532304421,-0.0710720441506077
"307",0.626072383574224,0.999347858455462,0.215619959757798
"308",0.448472122240826,0.0854810793631174,1.33693067352081
"309",-0.514998579930904,-0.996530052397211,0.0831578979034214
"310",-0.366091838460538,-1.15722921496549,1.04162903806525
"311",0.625318560662391,0.987145176796311,0.226299142742798
"312",-0.7197310598799,-2.40176528158616,0.196959766764683
"313",0.660925761213159,0.50613067654525,1.16459518333949
"314",0.450892042009614,0.425586976267973,0.293074759353406
"315",0.340255599365788,0.216153325118811,0.318303746249882
"316",0.691278277816037,1.02558517019259,0.511183160165916
"317",-0.507787799454385,-1.76063122577044,0.894209896542442
"318",0.351674994015858,0.327444218036348,0.0447295221103343
"319",-0.0380514379815378,-0.556198928448321,1.61665690910884
"320",-0.228146976673569,-1.36285497795827,1.95815468422554
"321",-0.278614537423422,-0.939759858460971,1.17990548703417
"322",-0.484526494860933,-1.67210413378565,0.945533289832869
"323",0.489689395027766,0.163037491749699,1.2462595409724
"324",0.464878137898743,0.512110384869121,0.171869927964709
"325",0.786585058956697,1.39216653102513,0.632936032113222
"326",-0.0635417634266585,-0.442733538877236,1.1699554282639
"327",0.852797715070518,2.23151012879069,0.457973323777376
"328",0.806879704244606,0.639898629545887,1.63724262600196
"329",0.516271679910181,0.607431858705275,0.242592451491607
"330",0.227163565639771,-0.0963303728327085,1.13337407341833
"331",-0.0605448600125141,-0.236846330329278,0.422492502475456
"332",0.193189468712572,-0.0230560900729555,0.557719841207251
"333",-0.218852347743567,-0.706566873796698,1.06030023747376
"334",0.636467437771649,0.808593122213365,0.516170091653738
"335",0.969503864552795,2.34268816818714,0.993728404588473
"336",0.142354479702266,-0.335921078683218,1.83921890871354
"337",0.346653973904074,0.127878478528687,0.660401918292865
"338",0.547392031343933,0.565595391371279,0.47708369450795
"339",0.501690909575633,0.547425279169416,0.284198685195289
"340",0.842323818162803,2.45951508647575,0.310965951043106
"341",0.206375628270986,-0.0299721281633912,0.659237533908353
"342",0.694936245906938,0.565605067581906,1.2147860231864
"343",0.364325536199223,0.217293501879494,0.434950523056809
"344",0.311284417851665,0.027608944500468,0.902592148380631
"345",-0.367331542437693,-0.617511768867718,0.121087793496168
"346",0.849054571843041,1.15107665110959,1.16478641937306
"347",-0.641087728841178,-1.56904084347041,0.0808854548237756
"348",-0.0271782865793151,-0.236032466449054,0.58569416777359
"349",-0.35370078309758,-1.44934284540639,1.41324227647849
"350",0.899413286147504,2.09918550407417,0.752430260098123
"351",0.733206573094515,1.40762276629108,0.35349183640704
"352",0.464867835692445,0.148354202278202,1.17516707040622
"353",0.751563293820744,0.774347494202088,1.14204246226303
"354",0.159999141241454,-0.262138310627861,1.63521194613873
"355",0.623983624950836,0.747786567047958,0.544615238407447
"356",-0.58441956355264,-1.47619121312485,0.284073535707272
"357",0.54679312057183,0.496629843819259,0.613982005588547
"358",0.231140162552822,0.139763296096148,0.0381994095155368
"359",-0.0908541031564123,-0.233783450251438,0.257250168904501
"360",-0.227008455742552,-0.495133946538624,0.507155791233904
"361",0.0306675301576737,-0.171108519934934,0.565088098070226
"362",0.657705720014684,1.0771945966371,0.285675000863419
"363",0.716830350261661,0.756675610527879,0.995165662579186
"364",-0.131797854777206,-0.553371447831866,1.14063283030504
"365",0.79428683238354,1.42517343615273,0.644837190993618
"366",0.632832107865368,0.273602495348927,1.60308140705657
"367",-0.554680861619619,-1.70369420371761,0.61848312330563
"368",-0.46635349855869,-1.00026783548569,0.331799791400746
"369",0.243979662146377,-0.0625227739001288,1.0220600536147
"370",-0.175092021025099,-1.01005066914789,1.80217616822057
"371",0.791440910624817,2.04435681333494,0.239581566834065
"372",0.709990581914129,0.880433786546974,0.784142488797893
"373",0.912270549969584,0.91393242832859,1.75168209283436
"374",0.774989787346607,1.3509623139772,0.609239015736493
"375",-0.0745031814050774,-0.62028531488161,1.59173881584361
"376",0.738167678333586,1.79571562305894,0.109174472013181
"377",0.464464176818446,0.354060666887575,0.537849401221267
"378",0.422200756090956,0.313566321869797,0.435455303237398
"379",-0.675299236558698,-1.73251376821074,0.036510741765353
"380",-0.494185948744228,-2.77769268955078,1.47634255707527
"381",-0.584779963798646,-2.53909796101127,0.931109048210977
"382",0.444736813372929,0.186131444540524,0.940846277426504
"383",-0.280866937426235,-0.750529030644577,0.838904332515565
"384",-0.0797160751462438,-0.469602407451518,1.16995057393135
"385",-0.498293451452694,-1.31567121586766,0.559326970852651
"386",0.704048734522544,1.54362783205178,0.103918993727477
"387",0.755843640275043,1.17823895112021,0.671535047504593
"388",0.805945500113776,0.87729264775709,1.26811153646234
"389",0.377364860172825,0.44286781392675,-0.114610813646522
"390",-0.496515910099495,-1.25912108264966,0.507629820639328
"391",-0.520942259379064,-1.13367439584513,0.238273916540871
"392",-0.398171441836526,-1.0908171440557,0.797289389538873
"393",-0.0129056874107471,-0.499749340426902,1.59067122377966
"394",-0.19431491840366,-0.297687229636966,0.0094665750829826
"395",0.0148044182562537,-0.0989695270414665,0.0874034357566402
"396",0.750205742429379,1.26676746569759,0.559296393182781
"397",-0.567732993810467,-1.31005450723318,0.206258930872172
"398",0.598188812834777,0.993217876846626,0.0834376773561325
"399",-0.293463509928905,-0.799166858776017,0.868252129467713
"400",-0.317735208312292,-0.816063933588897,0.777647176113279
"401",-0.811400986336198,-3.72769507560924,0.160616037556986
"402",-0.120093817846772,-0.433312422690094,0.857987753837984
"403",0.0568609921460927,-0.202054129918597,0.848881718522878
"404",0.823941338289187,2.4402144769294,0.226573890151996
"405",0.435356765134504,0.200192213804344,0.846405544294943
"406",-0.659372813356802,-2.66247242376643,0.607453075586301
"407",0.128228228668713,-0.454315431017596,2.16409728333643
"408",-0.559730572042848,-1.9149410093648,0.737534371495552
"409",0.436761385852059,0.126323440986426,1.11685073346356
"410",1.08585724492098,2.80257277578339,1.40781360441748
"411",0.677005251908744,1.07133248697558,0.388573392436357
"412",-0.268233084729369,-0.909433906234281,1.18395950623299
"413",0.819804652950966,0.21015353795988,2.73565250654481
"414",-0.460550572603812,-1.81945037773978,1.1711183202799
"415",0.293975527462035,-0.0358727438236465,1.12801707206811
"416",-0.401664981267184,-1.87955404586388,1.50529243566687
"417",0.736188996252616,0.875261795939854,0.922048489007313
"418",0.204365426852596,0.0516194511356777,0.260139991814503
"419",0.638954920149432,0.889200143629537,0.417333307460824
"420",0.637780795461794,0.79918554331127,0.536385594021955
"421",-0.191214003381532,-0.68529720582206,1.1536695735934
"422",-0.839393257495356,-3.47461952942031,-0.0395487660653782
"423",-0.0192675424134686,-0.619736042844105,1.8666299862405
"424",0.56042300423751,0.518262876430719,0.636851275405316
"425",0.956532370274818,2.20036544549449,0.990631598863942
"426",-0.486045866962921,-1.83440660243645,1.05370354138681
"427",-0.366500602761842,-1.00830306711162,0.842631315922868
"428",0.00621614163913403,-0.28768397619538,0.972075693696681
"429",-0.311220240225584,-0.637006165932473,0.446853107686418
"430",-0.321136768000844,-0.654489693121466,0.436765787451185
"431",1.09379917352968,0.42348898778086,3.5125404450376
"432",0.923596222412409,2.00117811374708,0.922334063755328
"433",0.125682615404643,-0.00635300825309124,0.136352695025694
"434",0.559430136990573,0.734062163397949,0.243255134326514
"435",1.30096691935871,2.1832024035367,2.72062931500064
"436",-0.194222414944874,-1.19095926608297,1.94143567089833
"437",0.864756139325536,2.76769776227206,0.313576886281526
"438",1.10574852972259,2.15604912840637,1.75709276973311
"439",0.828884505810524,2.10260390286384,0.398134131690944
"440",-0.214055180343956,-0.706388757604934,1.08391607400699
"441",1.10052038784349,1.82900889482564,1.90133067519753
"442",0.633629778205866,0.939235717470977,0.326370421491152
"443",0.740249669426704,1.39909131502586,0.395615296420924
"444",-0.67105517770445,-2.49419111233366,0.480860988908284
"445",-0.400119943060582,-1.16338650369408,0.878979397314523
"446",0.189783597017652,0.0621078240095329,0.141696112598838
"447",0.000421324723119704,-0.299632663325317,0.990849235554995
"448",0.500408591273836,0.54784011814467,0.276964311383145
"449",0.912723477774901,1.29269003831858,1.34852081868128
"450",0.878836510509383,2.32720285034305,0.546852697811351
"451",0.337119071394826,-0.0624068828798826,1.4871124231737
"452",-0.523322325026815,-1.33268767244877,0.451776285919407
"453",-0.531660736345951,-1.28664882721993,0.361813001257025
"454",0.666296944137205,0.831027226559947,0.633346251487615
"455",-0.231790245505538,-0.789902908493348,1.15947539713988
"456",-0.487888807650475,-1.21503196404665,0.501139660298267
"457",-0.00880451010664574,-0.279190954699311,0.862374622315087
"458",-0.594696101180104,-1.53476626949203,0.284006872927754
"459",-0.280340909619435,-0.975394052500914,1.22538201378276
"460",0.662593530351189,1.3019131877195,0.0896869588020699
"461",0.84508729904591,1.03678168910275,1.26747000145055
"462",0.835354718181019,2.0548939195029,0.453883048940996
"463",0.583976578954939,0.312400614633072,1.24757210069363
"464",-0.224794384687335,-0.332882991021209,-0.00778870488294712
"465",0.704388892520979,0.946701962853892,0.670854193198311
"466",0.838523122318633,0.965093004544451,1.31889530290033
"467",-0.276252693050185,-0.484373134852145,0.230250702152254
"468",0.43258779166197,0.382609161572186,0.305606162893758
"469",0.862272778801319,1.59092188970328,0.861536221756747
"470",0.928297353832559,1.30143795088436,1.41862614915964
"471",-0.641570287320499,-2.73670088390408,0.724461938046349
"472",0.334372753745854,0.178139840709243,0.416566660176588
"473",0.658297875890674,0.145963104797485,2.15108302621544
"474",-0.69646970060983,-3.20217068891241,0.601689086165171
"475",0.0651055238475132,-0.194464560552914,0.853527605326156
"476",0.479563294860376,0.45691767153488,0.364536358280642
"477",0.223016676751622,0.0869944726783589,0.203444768039469
"478",0.492973684385143,0.0995229869894962,1.50250863776351
"479",0.46661950912467,0.442253660478591,0.333068941563601
"480",-0.630647746003064,-2.3359761404123,0.612064974259407
"481",-0.473284682673058,-1.98036909988838,1.20996616795692
"482",0.895484783488791,1.28566876230075,1.26860258116933
"483",0.830643193721,1.33072203787387,0.904795049178408
"484",-0.338774473926954,-0.825598199314382,0.689516822217568
"485",-0.445410918611816,-0.846655943578155,0.193315317940854
"486",-0.53490728173997,-1.31356707931386,0.374062373395331
"487",-0.173327171695229,-0.775936439057785,1.42555807754686
"488",0.710199507749503,1.46982227727703,0.189555145524294
"489",0.84058502873451,1.89895322370528,0.561945689527986
"490",-0.537279980912482,-2.09232785754548,0.954524295393861
"491",-0.490937065618333,-1.39180423366594,0.672675113693217
"492",0.875103862400538,1.49934490625971,0.991729483609204
"493",-0.538863710015295,-1.87902868585659,0.818959179001654
"494",0.472478111087162,0.201518364309794,1.02758752036767
"495",0.320315278309963,0.0394099553416675,0.89409200407249
"496",-0.471455792107513,-1.78419306512747,1.09240740344358
"497",0.523387863806092,0.706760321911923,0.106673230371481
"498",-0.321782649519045,-0.639996914012971,0.400866452002333
"499",0.459576548266577,0.384692104258267,0.435354369793807
"500",0.663137348479997,1.25493042882873,0.134804585406771
"501",0.709975846653289,1.14056487517312,0.480106058757103
"502",0.262516800881267,-0.220707355132262,1.96468355993887
"503",0.789813731613975,0.678324534737897,1.48578381575393
"504",-0.366036796436194,-0.67793908281742,0.263743655140887
"505",-0.192484770261253,-1.15729363564942,1.90974299983366
"506",0.331458449091493,0.0948475441827242,0.713720767171332
"507",-0.551057763392309,-1.73978762570543,0.662971961499331
"508",-0.431661112382664,-0.841119450046769,0.252434876680256
"509",-0.407442374844236,-1.96475851339339,1.52976029413048
"510",0.770779066542411,1.45609448857039,0.503029822576563
"511",-0.252819801170386,-1.09988188517236,1.53585576988263
"512",-0.429836999863128,-1.50379691190472,1.08149989443292
"513",-0.386189314201445,-0.75818411245692,0.327213220455198
"514",-0.382549167283386,-0.933682176650896,0.650778219708667
"515",0.373640785647139,0.417723571425683,-0.0746264860606804
"516",-0.327489117963827,-0.633928053950205,0.358453651821052
"517",0.150179632086858,-0.0209832204252495,0.332105962677141
"518",-0.161378083964246,-0.750468744511586,1.43623049913225
"519",0.727768734899352,0.800220917131446,0.984816031354806
"520",0.447967876816186,0.465238881780995,0.18799331483023
"521",0.732484078534325,2.01963823849363,-0.0426997632308387
"522",0.844812285045717,2.78395179358996,0.208579539489643
"523",-0.299944258277484,-0.549395773744623,0.289594918794163
"524",0.188673597362605,-0.0827485699546544,0.860630656981771
"525",0.131066275604026,-0.391711167026651,1.9791668766704
"526",0.833136088090793,1.10329792161298,1.13476522533077
"527",0.882629825360399,0.955518945811414,1.55115558816292
"528",-0.619377247473882,-1.38442770180279,0.0232921026423336
"529",0.729894444273713,1.54851819879152,0.229624813852037
"530",0.727328277248146,0.473094896548236,1.56746423301188
"531",-0.110896258201832,-0.504613111359506,1.11431800111505
"532",0.296354725595629,0.271022256967011,-0.0716608245748131
"533",0.293902754543663,0.136530251065311,0.364058855960322
"534",0.687510143882315,0.39128310701341,1.55868712929979
"535",0.452104425298496,0.232025343489807,0.826634444314409
"536",-0.516690661384566,-1.41313953500942,0.564407284674064
"537",0.234974040741671,-0.133685534513162,1.38787273610378
"538",-0.22052117345307,-0.545467519214816,0.676466336582792
"539",0.805758200929462,0.693050992269917,1.54097432426183
"540",0.387069246707635,0.225697272493613,0.521594932518938
"541",0.237866904489261,0.0376317756077315,0.489854119321551
"542",-0.346369662977167,-0.664790371046373,0.333420966460077
"543",0.214241325701425,0.114384107886528,0.0502065321581951
"544",0.947164897116965,2.67051296980436,0.758163173443424
"545",-0.118520375928874,-0.309908213476084,0.436359872785406
"546",-0.469295871721348,-1.25438685257845,0.638504703672474
"547",-0.2598289548826,-1.02287638292865,1.39670436554043
"548",0.358902285015754,0.0148992043532711,1.19991051486558
"549",-0.517942899835406,-0.974551889778574,0.0361187451840618
"550",-0.427838715247268,-0.686171925804123,-0.0275848941253768
"551",-0.383108768807768,-0.954761530769212,0.680485460767798
"552",0.833380470727553,0.453931902662332,2.14033698850044
"553",-0.127750130741881,-0.890757961140426,1.85603646051186
"554",-0.542715423553102,-2.51241838528617,1.13028192470475
"555",0.328396300553498,0.270800391546065,0.0892058771863263
"556",-0.46753962452996,-2.00576854329809,1.25378808291259
"557",0.739352182688088,1.98310665158725,0.0105023737328941
"558",0.579491567070833,0.710079421705266,0.38181182514465
"559",0.816038013310172,1.37699236549456,0.792684556100461
"560",1.03334500296857,1.65553929818337,1.67307611319053
"561",0.455499121433494,0.429186208733817,0.307686900575482
"562",-0.319121987481953,-0.518307610887102,0.110930439087883
"563",0.408612675780931,0.269241119410601,0.49492466791703
"564",-0.104857760684945,-0.275687974938062,0.367675163913311
"565",0.569996716285661,0.83907099822592,0.140575224375986
"566",-0.27462990857885,-0.421739665773732,0.0487990332894263
"567",-0.705369613063881,-2.08344424424842,0.10914025924955
"568",-0.333997306861478,-1.12975040197851,1.16808040256649
"569",-0.216280028663621,-0.771836433782779,1.20300286083758
"570",0.765752860077823,1.09739483791372,0.804132917723948
"571",-0.443645204937112,-0.745787033133341,0.015694777808759
"572",0.668892545717221,0.978789441823181,0.454167025857259
"573",0.372790504766041,-0.0175368324139882,1.4276974257657
"574",0.0820227882792949,-0.0658199223545123,0.230686496718999
"575",-0.641059516039213,-2.69280052516196,0.710603082813348
"576",0.519845128285755,0.295408498747993,0.974788441095787
"577",-0.423170913271276,-0.672600015435141,-0.033500869248973
"578",0.0053391100328022,-0.126530436001453,0.199815700275794
"579",0.819931400536175,2.13986455485191,0.335595108466093
"580",-0.129327976903274,-0.516649236523695,1.05537277578082
"581",0.70406292976797,0.646214465888361,1.11207314589806
"582",-0.498753049772419,-2.76897466849863,1.45035461671591
"583",0.814627667943949,2.61375804826396,0.115298603508349
"584",-0.195541949440995,-0.404588049858199,0.388811491584982
"585",0.200267094546399,0.0580422050870086,0.211653644475837
"586",0.809511746963343,1.83906458607481,0.440456887834407
"587",-0.361400436153427,-1.35435302699919,1.28337874337059
"588",0.604757963795976,0.316641483073455,1.33972848762259
"589",0.769050519451133,0.981750993125177,0.951403474252685
"590",-0.290409272389749,-0.499035717164366,0.201149183303065
"591",-0.100100181793762,-0.433530851565408,0.958638272834495
"592",0.163080921544663,-0.20993013346343,1.41734146478726
"593",0.792846470312149,1.24306383692781,0.794344126259922
"594",-0.465879294598493,-1.93195670417786,1.21743317905217
"595",0.716141930607051,1.62428986138817,0.107980082919212
"596",0.480881122161707,0.443798972969942,0.400840328261741
"597",0.899934705917327,3.10066522359808,0.389766379741938
"598",-0.28189534011204,-0.727479905280644,0.78791732422983
"599",0.462827514981318,0.157602840891764,1.13141101461521
"600",0.729453453217002,1.32055719623286,0.407644454878218
"601",0.958198310585595,2.78676934659393,0.774599388695698
"602",-0.771275168819081,-3.22740768189701,0.234878965952821
"603",0.676854170935734,0.716147973910592,0.858843214400212
"604",-0.335517432976302,-0.718326622817885,0.501207798486811
"605",-0.614817732440925,-2.214603755836,0.631791578156708
"606",-0.336515607577477,-1.48949654648191,1.53548296833465
"607",-0.53448161102159,-2.21310413872018,1.03270776934811
"608",0.427878548727659,-0.0645531202876707,1.95287573463387
"609",-0.554359965634135,-1.10565327680984,0.035613680290464
"610",-0.199743916300387,-0.917880999566121,1.53990700267621
"611",-0.368988672368258,-1.32287501597147,1.21333389923137
"612",-0.542829001795028,-1.99118622069638,0.868707841334287
"613",0.680122976417306,0.48507076203787,1.30537879123756
"614",-0.310632251799719,-0.711130481619783,0.61085040821038
"615",0.804149489623007,1.43826095826953,0.683802502259947
"616",-0.074837569245467,-0.291215632480245,0.581031434146447
"617",-0.236919350080815,-0.50660985332618,0.489755720452029
"618",-0.0116717819751986,-0.30112902072004,0.936288398200331
"619",0.826093943285543,1.40619572127142,0.819080716590861
"620",0.238139536671857,-0.169618099517044,1.59483439762836
"621",0.0134155536017442,-0.41941131210558,1.48159553386036
"622",-0.391520513262916,-1.51439308237478,1.28233447334019
"623",0.202704620756809,-0.139306770593901,1.25741960239242
"624",0.319160009440492,-0.156317688951588,1.93091117693056
"625",-0.318816177597673,-1.03288435342097,1.11580017415402
"626",-0.376778536246511,-0.784235068410257,0.423944979013365
"627",0.573802203789003,0.940898123590524,0.0251529109291268
"628",-0.337770295142774,-0.81751146001405,0.680075931339002
"629",-0.122432488832872,-0.484728722144814,1.00037404912447
"630",-0.314207596223522,-0.774843010032303,0.71908222927406
"631",0.357740219388789,0.235146026923386,0.344961245016366
"632",-0.260450928865982,-0.894336052597606,1.19839746349493
"633",-0.642143985090324,-1.91304260149896,0.324271591933882
"634",0.872947826529258,0.796830920638633,1.71565967039903
"635",-0.855570253986905,-4.10733070570385,0.0183723613648009
"636",0.525281172703135,0.186121867009773,1.34360085164827
"637",0.0195817101239126,-0.143467639676182,0.364428898910445
"638",-0.372296328618838,-1.21383134986165,1.07771987093335
"639",-0.258609349344864,-0.93335666282485,1.26996905755371
"640",0.0367834704968459,-0.271034601113205,1.05655842844123
"641",0.945627190044205,2.61839607171349,0.768652843243371
"642",0.222532582873895,-0.0441093529561741,0.814426286761512
"643",-0.469286566601432,-1.20076665174775,0.577619499736838
"644",0.98953383692493,1.33144918105321,1.69862187437446
"645",-0.146187449755982,-0.566402444889071,1.10203546480174
"646",0.606498000999459,0.615043538450656,0.679819700452341
"647",0.392199942853321,0.293170191261173,0.342964980463053
"648",-0.066044628511463,-0.331029928671915,0.779059672399042
"649",-0.500792069578853,-1.246320804811,0.472064552658468
"650",0.922052003928657,1.45187323153474,1.26267100884068
"651",0.718309008506082,1.56637628144015,0.158949262849537
"652",0.963978826119154,1.3574160323363,1.54873483796258
"653",0.882361368247727,2.26914051268728,0.589253435010026
"654",0.773051306638913,0.814416626832912,1.19071282319039
"655",0.525957073528861,0.776399944733681,0.0109353601818334
"656",0.626569596494788,0.913279673942061,0.324017053569665
"657",0.872698768070136,1.56517824638735,0.931747675840767
"658",-0.236823101441259,-0.435500684272342,0.281165993391949
"659",-0.524167438162096,-1.62643469899468,0.711930262344921
"660",0.896509840241984,1.35773999414051,1.21111716028637
"661",0.593323502682641,0.540360422158364,0.756443474611108
"662",0.246324904892473,-0.185954116614882,1.71792127042492
"663",0.73244997383588,0.578439336572841,1.37769960260041
"664",-0.225509921949701,-0.389731811833005,0.18964067959955
"665",0.00361242953955737,-0.152395894926751,0.332441513589676
"666",-0.177100491767095,-1.02451193423792,1.81265052605377
"667",-0.325301947275449,-0.563133733697964,0.198158383130168
"668",-0.590178467987733,-1.34384313608876,0.128875963475382
"669",0.920510220156632,1.25115591256972,1.42515312591944
"670",0.967338441009884,2.92939331985305,0.775942032687086
"671",-0.408607021217138,-1.21846375614571,0.90149018955192
"672",0.346688726824067,0.156612332381789,0.554284261472313
"673",-0.459201692335639,-1.08186056835167,0.480357518242789
"674",0.47691647601478,0.602122968609749,0.0555941226437776
"675",-0.33327149180148,-1.0658196900004,1.08862310274824
"676",-0.555096539595411,-2.46478127517597,1.04801110270595
"677",-0.460331497549871,-1.03249263578973,0.407677281870238
"678",-0.0211397613808263,-0.255946539067863,0.703088070285352
"679",-0.0847635378831171,-0.521630624015811,1.29176031957779
"680",0.201553982147333,0.118419021979902,-0.0288742478776671
"681",-0.476499062910873,-2.0846782321835,1.25418046832468
"682",0.74417734818667,1.12253226002503,0.669742927625859
"683",0.900584871670652,2.52674074249576,0.576726024559752
"684",-0.64965971995086,-1.58276631152151,0.0493380716756401
"685",0.704171016689744,0.795476136791361,0.873758445066733
"686",0.38594036859978,0.12414537273631,0.871054303625743
"687",0.384308336982157,0.268857080009419,0.37454681451368
"688",1.14982247682029,1.45721944561801,2.39737561897472
"689",0.55619292799585,0.658095921387841,0.352102275716148
"690",-0.413093410318279,-0.713768358155492,0.103980313891162
"691",0.842986574108305,1.22767143110405,1.05948225340441
"692",0.448779798945759,0.208146097335448,0.88713198120377
"693",0.535800121065841,0.730803380741269,0.130238961951123
"694",-0.538105389589956,-2.13003035803189,0.971009216035074
"695",0.993736722027486,1.74998795745188,1.41473333257626
"696",-0.173548760205143,-0.507345777377034,0.808650995233903
"697",0.487487189634582,-0.0483569892773513,2.16200211192584
"698",0.98660082357717,2.05923742097326,1.20795291435724
"699",-0.57400689083315,-1.38004030453593,0.245848793221556
"700",-0.242389304465947,-1.89993874688783,2.31474519726495
"701",0.562527191624399,0.597238149863772,0.492702995170714
"702",-0.47228990631335,-1.42234285509365,0.795131123233252
"703",0.68518211276865,1.25273853589344,0.247050257576196
"704",0.678783123710479,0.799397363366174,0.741088322120331
"705",-0.68653624674711,-1.7772677978763,0.012176162899283
"706",0.182172295206018,-0.00190398423862198,0.396960975868877
"707",0.639174637604294,0.776780592377326,0.57645350136161
"708",0.557865276737888,0.772814022207366,0.175855323799177
"709",-0.378908535067672,-1.11639901541259,0.926636837274708
"710",-0.270737623368597,-0.88020214345375,1.12364862473153
"711",-0.283073281701125,-0.452403491224893,0.101809708853207
"712",-0.718499357377185,-2.22334791929927,0.117825472424052
"713",0.76436349760171,1.8123391083853,0.230304805245345
"714",0.148922134030699,-0.0386120205317885,0.417172326400112
"715",-0.121100825400029,-0.266705036618185,0.249003359412741
"716",-0.341407833967016,-0.613588876675625,0.241455269506548
"717",0.345249481305232,0.049551182550386,0.973650494073
"718",0.84119075666851,2.1962198446397,0.415805813501388
"719",-0.188145357775164,-0.727659880524194,1.25703066343274
"720",-0.0486421126882981,-0.419416225546302,1.17132291393031
"721",0.434591295541019,0.372446635562707,0.341204319464626
"722",0.909864546725979,1.21929401022335,1.40181532592977
"723",0.876575115125859,1.21184193349901,1.24248533628223
"724",1.06984736657574,2.70517295050382,1.35977193773011
"725",0.768514198392101,1.55378978970577,0.418941554639902
"726",0.78315279218118,2.09955191446049,0.170950515568815
"727",0.586726351223199,0.649247729306855,0.520097046867304
"728",0.136288151399031,-0.149791166291948,0.98195339330648
"729",-0.507860871558701,-3.13225389432582,1.52425142175813
"730",0.863664639719934,1.74143132699744,0.769662690025914
"731",-0.191706102657464,-0.329031878375643,0.143285998622044
"732",0.220835721594798,0.0244823782722011,0.464777996048692
"733",1.05803069476013,1.76135295245735,1.72922858374691
"734",-0.279260910228223,-0.602193718563393,0.525018248640824
"735",-0.331868612169103,-1.00659778143469,1.01334517089464
"736",-0.434806446832283,-0.858734572652069,0.267118947511537
"737",-0.296284702814417,-0.847912492744293,0.941122720759411
"738",0.706962416479506,1.13873250536862,0.466917349699056
"739",-0.476965536907313,-1.49329948941954,0.836605981977866
"740",-0.487872276789451,-1.90493942480156,1.09050727829644
"741",0.786536626076367,1.56855717898746,0.498542776452924
"742",0.237034427377664,0.0681815829201754,0.352003365790102
"743",0.979612255581539,2.24083804457824,1.08791033298084
"744",0.695873595088591,0.34478831914211,1.71924378643562
"745",0.980751456630172,1.8222936086377,1.30640315199015
"746",0.626989722321372,1.20580290466058,0.000361814267140641
"747",-0.464135054867519,-1.92119671223882,1.21944019468424
"748",-0.276904051795687,-0.508626398324012,0.295422906362871
"749",0.71424256852462,0.906380499459665,0.771293058822794
"750",0.707609309556612,0.991019490603243,0.63314608223835
"751",-0.131271972879969,-0.233190613403479,0.0525002337649028
"752",0.759711308857929,0.32719491878989,2.08558825278062
"753",-0.0413464910189865,-0.227605120142595,0.476905817164727
"754",0.762757288844562,1.3576532735999,0.542427407167843
"755",0.613993852493604,0.628386431883437,0.69324551623469
"756",-0.328669524869305,-1.27951108173224,1.3690913377668
"757",0.629475571365578,0.364134451821661,1.33683919902137
"758",0.155302597929256,-0.247019098774239,1.54662867927771
"759",0.270713879355435,0.205677178230802,0.00495523439104395
"760",0.984707461868891,2.44756541740087,1.02753024428114
"761",0.462270315057453,0.0448430884737616,1.57958579010229
"762",0.0630492055389955,-0.130219895769027,0.509010045329422
"763",0.708933730583422,0.84340919388234,0.829223757190553
"764",0.79329996305202,2.13255031103859,0.20589313605968
"765",0.655286494074509,0.492034280084588,1.16624081287842
"766",0.488794490688114,0.459238085603755,0.405493334242004
"767",0.466964483455738,0.183796124252702,1.05999304559557
"768",0.149069207960843,-0.102906070584876,0.782158209263217
"769",-0.607876614287184,-1.37603549206904,0.0725643103744531
"770",-0.422349121012991,-1.14131406301504,0.74075722009337
"771",0.878744259172514,2.48781848241837,0.482191920931126
"772",-0.153193693301189,-0.695155066522468,1.36470642128146
"773",0.932811359321803,1.8250028918341,1.06512002983118
"774",0.531504355855469,0.747343435122825,0.0829047346566665
"775",-0.251635451257607,-1.48200758400913,1.95320886874353
"776",-0.0251403239372777,-0.147734505459137,0.163806603256466
"777",0.701506774446701,0.794908973433377,0.861268223975255
"778",0.886389650883823,1.65012479423142,0.94188820288346
"779",0.452120588278378,0.386892055637718,0.392604496769149
"780",0.590060252466818,0.262939514373043,1.42102186716038
"781",0.99503000199768,3.30914230477489,0.810721729118777
"782",1.0981780923044,1.45203443915888,2.14317611286441
"783",0.333957688815033,-0.0767451167375758,1.55234068042881
"784",-0.0662662840265984,-0.4670471144044,1.22965967888149
"785",-0.548767312478805,-1.46857172140824,0.455462456005278
"786",0.900255180939338,1.28512218897732,1.29294470761521
"787",-0.55778457362237,-1.68757966312623,0.590939905854264
"788",0.834841027969928,2.17789396593534,0.392437375051844
"789",0.792680840207466,0.648951991725744,1.55038469518652
"790",-0.434385555166016,-0.92167838113572,0.372724612876248
"791",-0.279925916964736,-0.985945225700757,1.2430576720871
"792",0.774611622709562,0.7462098403734,1.30019716501925
"793",-0.146931037038714,-0.699594598004227,1.40535648066765
"794",0.546783777658699,0.746610959800154,0.160436284267245
"795",-0.344807885938972,-1.92371216587796,1.81765046864725
"796",0.795043850990606,0.830690868275015,1.27755424451078
"797",1.08591836336289,1.98833811388497,1.74060361179184
"798",0.557078857546042,0.823901119029898,0.0973245808876486
"799",0.429041733775246,0.261744011294253,0.61952898693908
"800",-0.469421265373604,-1.59960707000005,0.96423174616438
"801",0.608161826512822,0.803521742624962,0.381981676889721
"802",-0.12440599665564,-0.628807728443731,1.36206478826749
"803",-0.0937741723697355,-0.227477866454603,0.214189503838031
"804",0.356049490418501,0.0211223913345098,1.15645524865918
"805",-0.0342623575507933,-0.205650467592133,0.410398909242074
"806",-0.396808995414992,-1.44428386543223,1.19303261106419
"807",0.727802190763388,1.43181611004553,0.307147674701529
"808",0.343600320359389,0.104955629064398,0.734016619422993
"809",-0.246120772712228,-1.53484605079157,2.02695163327896
"810",0.905883825984993,2.18907813957552,0.742525402133441
"811",1.02124179676817,1.2573014698349,1.9231442132242
"812",0.572100020552095,0.400040294083284,0.960176330814357
"813",-0.394136880539324,-2.00133970237596,1.61818933611618
"814",-0.48492084917369,-0.880884067544223,0.0538665494002912
"815",0.599116614326803,1.03312539122498,0.0417671653724879
"816",-0.414177980970192,-0.901498196255427,0.441426671175948
"817",0.023072888638518,-0.158296352845495,0.460869119935613
"818",0.964336721371007,0.859599096904294,2.08396391078122
"819",0.515110093618384,0.466620077317899,0.520643590952824
"820",1.17246895677897,1.98853754231607,2.1732527126049
"821",0.570805740134681,0.547044109662041,0.630529238579573
"822",0.836658918838581,1.45367508899935,0.83430560083057
"823",-0.44476476075072,-1.55013572574901,1.04669980072522
"824",0.547357448188009,0.245711733040688,1.26006742479353
"825",-0.376418249198086,-2.82207580085767,2.08099294449377
"826",0.56068848064934,0.751930476079202,0.221743046724947
"827",0.802758368416894,2.10943255962976,0.264213920590011
"828",-0.558007885108103,-2.01154674980896,0.804842712073583
"829",0.778192724720026,1.26270627503872,0.702940922577127
"830",-0.228850936474903,-0.4176216656572,0.264531775964173
"831",0.896437182881863,0.609152134691117,2.14026576701056
"832",-0.649558432283247,-1.81821091789419,0.225239972894035
"833",0.163025441882552,-0.233555153850412,1.52562369596744
"834",-0.227615612516768,-0.611316427666766,0.805033448701331
"835",0.43091649012694,0.228258472236972,0.732655534740678
"836",0.0590115924491283,-0.184055486072305,0.771949790898599
"837",0.151316640702043,0.0382600872229167,0.0542713933655455
"838",0.614220026159248,0.438256397174583,1.08025595174006
"839",0.388835227373049,0.355767514065521,0.155260030374564
"840",-0.583255118679221,-2.13859873413333,0.74987046568957
"841",0.194701630869531,-0.196278621412735,1.51030281212454
"842",0.942354866186658,1.51233479422045,1.31832030559711
"843",0.0944522890961634,-0.311035764657142,1.50559008795767
"844",0.61596960126892,0.630255788379622,0.699786443518654
"845",-0.197033334689221,-0.486582190016905,0.632689260626328
"846",0.513612557638304,0.407256510837091,0.650260697550502
"847",-0.106312468839178,-0.354498736585175,0.663438103399958
"848",0.00300959144227994,-0.332306563526967,1.12908716313083
"849",0.58473054059247,0.88148855477983,0.156437016229506
"850",-0.61405416626348,-1.79813046372498,0.389055185897903
"851",-0.529232734607364,-1.12671691313274,0.188087209932185
"852",0.485114954827946,0.39728195158018,0.531980810288186
"853",-0.19708066886729,-0.836416709702563,1.41710571512386
"854",-0.432075233224379,-1.74737101715255,1.26332975429962
"855",-0.411182151986152,-1.2283482062473,0.899891826515843
"856",0.196036776497331,-0.198289482708977,1.5266889295181
"857",0.157972642130939,-0.508889677826923,2.47053499742908
"858",0.290021457701044,0.216618304188506,0.0656220819647895
"859",0.716140961554628,0.145670552041762,2.44137353938817
"860",0.516487571204933,0.511309467734369,0.431583751032851
"861",0.716375695456708,1.44718337308764,0.237943128131326
"862",-0.526588492602569,-1.89096276440727,0.888016877398739
"863",-0.322453881613161,-2.40579913353312,2.18516337450418
"864",0.124067985403395,-0.195635019137954,1.15401813337952
"865",-0.211461479880624,-0.890044795857111,1.43630772091257
"866",0.202735310075807,0.102678417850871,0.0387294969449936
"867",-0.309356468936286,-1.57310502868774,1.74290526106497
"868",-0.536049212344548,-1.17580704244285,0.214299693038935
"869",0.490971224263937,0.310668055934795,0.78736832534923
"870",0.635589057175236,0.327051911590578,1.46536555395983
"871",-0.606718213462911,-2.39602313198529,0.75942851539474
"872",-0.509263377758333,-2.32325551838328,1.21297737982102
"873",-0.156172288887293,-0.804261797527132,1.56405066131228
"874",-0.379109957879104,-0.64123994154339,0.117058217153995
"875",-0.412358990557732,-1.40911390886758,1.08222827270843
"876",0.97248905171624,1.70860591822657,1.33439154379385
"877",0.0860844618885526,-0.20114749088005,0.990659627710956
"878",0.404907207228043,0.168224806043277,0.80394726383511
"879",-0.159817596083784,-0.306643580590383,0.21717875726604
"880",0.740239246998798,1.27359980301479,0.50325339315493
"881",0.609720276537507,0.671444115281541,0.596929358072095
"882",0.998268124895352,3.88260290386515,0.701123052251888
"883",-0.466980699777382,-1.25902485927153,0.65519991006213
"884",-0.239017979615383,-1.06731693097555,1.56190253207559
"885",0.74288821487855,1.61880049845488,0.24543846908555
"886",0.499550437086407,0.575044963694473,0.219682696888835
"887",0.0133080725324156,-0.233614599928218,0.777303584795075
"888",-0.509679805355265,-1.27249095183212,0.456436467335298
"889",0.629605121772928,1.15460143738276,0.0639705903808985
"890",0.428560892551533,0.395571258098934,0.253397943875305
"891",0.0969983488864941,-0.134756145047526,0.703907776262264
"892",-0.663334278083036,-1.63344684491314,0.0216184688774034
"893",-0.412264264639336,-0.792224430831331,0.261420359301376
"894",-0.160837921613069,-0.485349955045749,0.810131565268568
"895",0.600590748177797,0.569043928914128,0.736411951008305
"896",-0.316203567315326,-0.518720164072923,0.126647092705665
"897",0.865015939560267,2.13414040135586,0.563720480641072
"898",0.919579193907115,1.32025859558391,1.35853279254511
"899",0.596932899712144,0.348732972987391,1.21414050176881
"900",0.806885159025178,1.23463591619315,0.872417692852571
"901",-0.301319882257535,-0.969872890400608,1.11224842910804
"902",-0.410517236230217,-0.965300828691352,0.559399583765612
"903",0.501537782098163,0.00580508521537582,1.95641795498808
"904",0.705429954922008,1.18972208444295,0.408174991264302
"905",-0.596784885026318,-2.00533521535636,0.607306538263094
"906",-0.515276966188318,-2.32099773925862,1.18183766161287
"907",0.616551219875646,0.819962660357792,0.400285660778461
"908",0.060913610669036,-0.227183102068196,0.986289219043266
"909",-0.396366197670784,-0.687911989483266,0.133489187932301
"910",0.197153640700029,-0.117089415288309,1.10528331390342
"911",0.438039567185774,0.528680614459039,0.00359606421655119
"912",0.897695623229367,1.47328304993853,1.12438807682487
"913",0.184015820434163,-0.123784306617897,1.07772341839623
"914",-0.196846233001381,-0.37158945861042,0.270979964509697
"915",0.346422624576598,0.208691531059872,0.373549600260072
"916",0.625399265544257,1.10509671041532,0.0941734203018003
"917",-0.457157197901812,-1.16280089251768,0.593082726071689
"918",-0.093671890401412,-0.390134148320361,0.850183416456724
"919",0.9756174503094,1.58730885871229,1.4307752669029
"920",0.0838520146541724,-0.0972498266442859,0.422339021865755
"921",0.799822157014425,0.926019780430619,1.17399516513228
"922",0.712666155038371,1.03116030447331,0.611751889634142
"923",0.0878381811925708,-0.130429462868026,0.634122468067411
"924",-0.215580474971085,-0.572980204145945,0.771659773276818
"925",-0.0197582558509693,-0.159792928840516,0.25454534648642
"926",0.66409615786643,1.44637900597905,-0.0228264861266441
"927",0.635323322926386,1.15062000548835,0.0965933631883538
"928",0.654746982685487,0.393507149786584,1.38939495210917
"929",-0.374877356593447,-0.835978622193156,0.527353026157169
"930",0.762922133767574,1.26004986754364,0.629021733187338
"931",0.400580126569926,0.367739997274903,0.183127817453844
"932",0.942880134918639,1.33754742259237,1.46011565087777
"933",-0.0617769339245534,-0.311881729969278,0.727714350850226
"934",0.0425388494282175,-0.173605322802453,0.637145765357013
"935",-0.37197133345717,-0.727408282595594,0.337392704170767
"936",0.546456492012138,0.257413160361382,1.219702036674
"937",-0.130467750024012,-0.252357235026356,0.140981188307458
"938",-0.499051080779305,-1.18200541572021,0.40668821230553
"939",0.0734328368360079,-0.169439664253451,0.770387757685219
"940",0.530004177626141,0.691005855518523,0.165585004203664
"941",0.444869341651719,0.270841355272388,0.671449423552858
"942",-0.443483759299222,-1.03393585729681,0.493927530185898
"943",0.196617462996965,-0.06247536625901,0.784985319438715
"944",-0.529177365385858,-1.30456419231813,0.393268171258291
"945",0.658552194180134,1.23153700084111,0.13366555441027
"946",0.0655089587655053,-0.258832652979371,1.14869040746063
"947",-0.189737538070382,-0.420367753639015,0.468886013593207
"948",0.97159570636066,4.69960650926584,0.432527167497109
"949",-0.671863059285668,-1.80581376335301,0.105280243668208
"950",-0.190761571961126,-0.555017478465173,0.850063088132446
"951",0.257463503910378,0.146222300956207,0.145959133877304
"952",0.238021610246413,-0.172863272885535,1.61079181197976
"953",0.339570092957261,-0.0810949526513678,1.6055053810691
"954",-0.598941039825779,-2.30674908344537,0.756717154318177
"955",0.511221314782679,0.131129138669488,1.47093474974835
"956",0.25657362687066,0.0393947083690061,0.575452256647812
"957",-0.46537026652949,-1.71558864480954,1.07381183478405
"958",-0.407922334562037,-1.18649298649408,0.867658728247125
"959",0.501508086224269,0.613488539786683,0.157699775713492
"960",0.65287565418327,0.658897800117888,0.83413506446961
"961",0.477952964460352,0.00704377223729722,1.83254439031688
"962",0.212230853936648,0.115934791671365,0.034128107077076
"963",0.422658964434,0.404041377186078,0.203257340231071
"964",0.849277876918798,1.6306290388434,0.769375474790973
"965",-0.635058966906368,-1.5004204562365,0.0524237570699184
"966",0.718136507185398,0.832487589785131,0.890490508644528
"967",-0.479789892650397,-1.00742252136946,0.274922377988124
"968",0.637638382748062,0.43277242367397,1.21003350854512
"969",-0.49681513584023,-1.12249548027875,0.344844422387699
"970",-0.260130614760965,-0.524149096963248,0.421743610921819
"971",0.636710015957385,0.979615561782364,0.292262068659763
"972",0.428794344487685,0.35923864717245,0.346052096774288
"973",0.373787002002795,0.335106851064523,0.134602514857271
"974",-0.17795160481622,-0.545855483340258,0.890328618557207
"975",0.730550931460495,0.743661390224443,1.0838501119527
"976",0.566439661248364,0.776951033408331,0.212523617289948
"977",0.351644727471981,0.296100699483105,0.131811057274615
"978",-0.517499294903224,-1.39048158542044,0.538579784444033
"979",-0.38214659744636,-1.15801431572066,0.962313044101539
"980",-0.28163455148613,-2.28258589707452,2.33157281236558
"981",-0.16360030567977,-1.49821216595029,2.40777225406374
"982",-0.0638433918010513,-0.18636352465887,0.16910292273866
"983",0.0900382735276312,-0.163585527112426,0.823263529329059
"984",0.881756189496691,1.7502958226088,0.854640966480305
"985",0.494753904452185,0.0257125065135181,1.82868093082125
"986",-0.642801008729468,-1.54305296000101,0.0505325193838033
"987",0.77250892613304,1.30902947056291,0.632994672479636
"988",0.430575225259041,0.43882795217947,0.160715496890237
"989",0.902537972187927,2.16618720738451,0.736326775687662
"990",0.735795615648991,0.390505311855681,1.80203392792266
"991",-0.0613744144770201,-0.178386961552949,0.141717280113592
"992",-0.590905183422366,-1.3846182381418,0.165838554895692
"993",0.0495695462263256,-0.112211195749675,0.339216927508995
"994",0.798340750149842,1.11384468565568,0.949650272950027
"995",0.922873436022245,1.82724593592924,1.01412245515089
"996",0.833469903898066,1.10122627290379,1.13863548842913
"997",-0.324267334094438,-2.11835068640833,2.03387167973188
"998",-0.218968286319672,-1.0326922076085,1.61477169207977
"999",1.15407409825617,1.91328450211241,2.12149308979948
"1000",-0.382382439950693,-0.584393826172358,-0.0339458095666217
