"","x_pa","x_child","noisetmp"
"1",-0.0787610444859129,1.19988723781514,0.286630094259074
"2",0.260193114850517,1.25655675505114,0.278873472459678
"3",1.69102875669203,1.57787447904981,1.22017638242946
"4",-1.24460046547959,0.616318338352421,0.00170332174680236
"5",-1.54106381401203,0.343368935946712,0.868113255204365
"6",-0.757639475610344,1.14693785964987,1.02569312340395
"7",-0.643304124764077,1.03310316256706,0.224863281652744
"8",-0.224338926260284,1.12466136676295,0.0666950494145517
"9",-0.752174721386179,1.23571612090313,1.45766082140037
"10",3.41014173477011,1.56588550754853,0.812281059871091
"11",-0.52579091609144,1.19786788147027,0.84420611696852
"12",0.369225868289914,1.27895430869216,0.313754241954661
"13",-1.41585720836413,0.540478355756472,0.696816416562593
"14",0.694626738220062,1.37961923216757,0.621881353017556
"15",-0.679809587781486,1.07921852204951,0.525536095091937
"16",-1.46956821462663,0.584715996187996,1.36346673980683
"17",1.08438449544553,1.65823755213011,1.83258006520537
"18",0.516144847835582,1.23947614038748,0.022371128789748
"19",0.706310936055266,1.69851761537854,2.2101862705077
"20",-0.752843173437357,0.981922313616155,0.190145344778733
"21",1.00576996124332,1.37955491151741,0.472349078028907
"22",2.7897724071735,1.66176682820413,1.38942375417652
"23",0.707908892540317,1.48292112191997,1.13136156359359
"24",-0.254299154199946,1.33584960959106,1.1577299367663
"25",1.65011537133005,1.64819111453803,1.58385769982934
"26",-1.53801158991101,0.159316031911048,-0.0858203034701997
"27",1.70560897807502,1.37157148901991,0.184411807469467
"28",0.202668988614107,1.54729812682649,1.77611898121151
"29",0.169405787193608,1.21604822844825,0.146023483357767
"30",-0.0735532447751703,1.23349611455597,0.449489159431775
"31",-1.77673745820323,-0.120328840010327,1.19650777656424
"32",0.165298979795426,1.50289345164914,1.58353039223193
"33",-0.0110011311364245,1.46172594121933,1.5303127260372
"34",0.584040573366747,1.60207104641053,1.79529947931323
"35",-0.37954405421065,1.15611968739212,0.418516140837712
"36",2.50781454211967,1.86470863400033,2.45712608729275
"37",0.751203713869064,1.38738920292072,0.631233367408775
"38",2.4412509783859,1.46080207576965,0.451049715790398
"39",0.069318552848486,1.26894134584565,0.493875554541445
"40",1.16070009898701,1.61571760194132,1.58926770503192
"41",-0.608764043879059,1.07232906236906,0.357692505041606
"42",-0.623565284741079,1.07159672195585,0.38080978593304
"43",0.294568323322334,1.25074948915641,0.224790302098011
"44",1.33245091622042,1.35221968501223,0.207556663245918
"45",2.10683841770069,1.43952497156799,0.418609913800151
"46",-0.0790125562002814,1.24855390306197,0.530214500929341
"47",-1.36938491892269,0.581902452966816,0.566860207365828
"48",-1.88598047919388,-0.470956297607198,0.227990373817161
"49",0.0637167238129806,1.27240901874288,0.516102038309167
"50",-0.350197271172243,1.12380076917633,0.217592492985248
"51",-1.41197115805164,0.547475204138783,0.7020263313937
"52",0.996185553194725,1.47776976578498,0.967581572024866
"53",-0.368978964527512,1.56717736735215,2.4594979317247
"54",-0.0245140198071046,1.19020591704924,0.185446355748582
"55",0.374924268328989,1.50006306312479,1.4154499737366
"56",-0.47793025633679,1.08864200842531,0.222945039545883
"57",-1.68363812787049,-0.0166985586781499,0.832260966368127
"58",-0.823781099844318,1.06557294753917,0.770871312186189
"59",-0.94224779333475,0.87835951874325,0.148060538284821
"60",-0.266091285456459,1.23204241415967,0.652809803443534
"61",0.376962531798816,1.32762215364093,0.551873203141761
"62",1.0805711974157,1.38980115213179,0.491970549707021
"63",-0.629230140970095,1.11831754883181,0.624799314447218
"64",-0.788953263611201,0.920223138740401,-0.0377344218103055
"65",-3.06381591456775,-1.09940868463231,0.137017202516095
"66",-2.22265027456813,-0.696973956556525,0.596016900189128
"67",-2.9254609351034,-0.94288016070081,0.75995713735916
"68",-1.10396032358717,0.918540279816952,0.889169532363559
"69",-1.32827637747897,0.57880993985007,0.284323908013191
"70",-1.32527525402217,0.557670981312983,0.160151965549115
"71",0.792292494863765,1.45888956717697,0.968019285252188
"72",1.24514801073624,1.42166908905978,0.586640498618736
"73",-0.299362623660209,1.34497389739684,1.25825534816789
"74",-0.0468475506627288,1.15093095895414,0.0104730317652492
"75",-0.899825800361013,1.01281219734893,0.701422898461989
"76",-1.96972473394652,-0.464718687331322,0.734367589541034
"77",-2.07166288136094,-0.251403656615946,2.27418249130589
"78",-0.147459845917165,1.13974426179051,0.056819436727588
"79",0.940937132565897,1.63771413604441,1.79177296265522
"80",0.810415837041276,1.64878348217267,1.90853319177495
"81",0.166642445787395,1.30411639221304,0.588570574094966
"82",-0.605876287048439,1.03889793556285,0.185371390463728
"83",0.943820670006742,1.29522754738041,0.0780414089171129
"84",-1.31673256563236,0.591773316321471,0.278781713982432
"85",2.18177454892036,1.37863250350122,0.0965891595649509
"86",-0.0210558046391317,1.32480910569647,0.855188218856561
"87",0.744868412818267,1.35244378471721,0.459752374304488
"88",0.201113771634095,1.36628959058815,0.872282760730599
"89",1.53416501990575,1.42390564458833,0.498169766558825
"90",-1.499462698463,0.329641941490445,0.367037609476001
"91",-1.05965122985982,1.1606267034814,1.9359072366169
"92",-2.18151666118295,-0.599219440459235,0.949584353282894
"93",0.616117385822725,1.40790523702758,0.806230286038977
"94",0.718569498009973,1.39320398330312,0.677180815958043
"95",0.957726773704532,1.37352956197097,0.463322462444037
"96",1.21287931030955,1.3209392099491,0.0951747324526616
"97",0.408916167921346,1.39143287901122,0.849698400294404
"98",-1.82726174511201,-0.389040325494875,0.243267592024514
"99",0.116777288123973,1.3415271422081,0.816354088003693
"100",-1.2974188999683,0.58786977464525,0.145720344130103
"101",0.168112438722543,1.21556056872273,0.144617153802744
"102",-0.222803268900963,1.23347710295995,0.609004075472629
"103",-1.82972109512257,-0.392982147538398,0.241265778024006
"104",-0.199851973304761,1.18492202175169,0.340109204698509
"105",-1.32960210256673,0.768675850887606,1.24185773682058
"106",-0.297920103632064,1.15601605023239,0.311667594153793
"107",-3.28456409440545,-0.941440902097108,1.14070543525753
"108",0.715378209664424,1.31577599076875,0.291711413043217
"109",0.749545206093538,1.7117598002772,2.25393478248739
"110",-1.69148886711356,-0.0697978067465086,0.651071752869171
"111",-0.457061752333008,1.15726287688897,0.534605936307343
"112",0.0363095199502658,1.24803382738981,0.418499553357772
"113",-0.891052038166811,1.29469067422498,2.08720995553762
"114",-0.882364518312185,0.935964137844689,0.270521426618176
"115",0.736773654025267,1.68570238850586,2.13021361072271
"116",-0.110835081797722,1.13452371919469,-0.00767315612982594
"117",1.74090275747294,1.45340283802126,0.583412900765853
"118",0.913198724048236,1.39929377791675,0.61228740404588
"119",-0.328972122929541,1.33382263959641,1.24003919685688
"120",-0.662152243323322,1.12356102175657,0.712919448290365
"121",1.4063088464873,1.38366216281881,0.339049633671262
"122",1.68131642691442,1.68332025777022,1.75025394543072
"123",-4.01973762337252,-1.15790426043685,0.541293380675365
"124",-0.0231455902164136,1.16095159241933,0.0378779036829855
"125",1.03273458012332,1.61009108859314,1.61346487314317
"126",0.925085580866714,1.33885018855295,0.304635263002087
"127",0.0221339451536096,1.17680334884444,0.0751402727048533
"128",0.928574880893391,1.59624443777718,1.59001926193004
"129",-0.744089622553502,1.18925387827824,1.20787651029464
"130",-1.83875947574212,-0.397889469151269,0.280856099877508
"131",-0.186844649800488,1.21307279061987,0.46632888549755
"132",-0.0473543200918648,1.45879145754809,1.55026637504416
"133",1.31439279829221,1.52682600948067,1.08704261000577
"134",1.28541108543777,1.34779550650819,0.202389823274091
"135",-0.350904331331283,1.3308953782505,1.25399816943364
"136",-1.23796144653591,0.864698541374954,1.20992315140422
"137",1.1453024617753,1.42159316387136,0.624728240964145
"138",-1.67351966669395,-0.0302330425075866,0.652794638597477
"139",0.633861583320813,1.31395257686316,0.326556346223609
"140",1.2720862675837,1.5926774443082,1.43168630248211
"141",-1.42926591713014,0.530899339105818,0.754061970410442
"142",-0.160338649145203,1.14449357572403,0.0943983583370639
"143",-0.759817111615295,0.950991358281798,0.0507378112284503
"144",-1.34443424869243,0.484610973264471,-0.084876820696328
"145",-0.401124933081647,1.36490163988793,1.49218111234799
"146",-0.570391258847799,1.15427589746877,0.700311852482657
"147",-1.50585256376512,0.356591767494457,0.564676829748018
"148",-0.773701679868966,1.47154631009304,2.68432276468161
"149",-1.02174148747964,0.987463811561275,0.940085599789044
"150",-1.43459906223606,0.507807801364743,0.681491290294867
"151",-0.727868106577075,1.14103158809294,0.932299648795501
"152",1.47384781929479,1.34509315566411,0.123598754995413
"153",0.989351519383342,1.54575025915576,1.31046442183748
"154",0.671574208681357,1.26719777476021,0.0721301316832213
"155",1.36480990407532,1.42577930160457,0.563954066695948
"156",1.59123584396867,1.52271444862716,0.974347307043988
"157",-1.45556054804888,0.609362175896326,1.36404826195709
"158",1.07241969344888,1.52071816221147,1.14992943621004
"159",1.20211712719309,1.34535126157824,0.221350330343686
"160",-0.612626726123066,1.23511990850804,1.17858610305015
"161",1.04782619883125,1.29184143952433,0.0158285020509412
"162",-0.705401813509256,1.14011426802038,0.881242143198495
"163",0.172082390034413,1.29924013543173,0.559850966933216
"164",0.919884429064617,1.43215148773178,0.773514368745527
"165",-1.94946759249531,-0.154217873417647,2.18004523059762
"166",0.284059096385271,1.27846754979841,0.370963424354131
"167",1.09192722475276,1.57318454177339,1.40421546351802
"168",1.76652153796739,1.45900259865599,0.604154121949748
"169",-0.61950231604242,1.23753949252068,1.20312178170547
"170",-1.28016708419379,0.83989898571272,1.30862124783612
"171",-0.317632540885135,1.14838559954276,0.298335258365672
"172",0.314623284283252,1.49532316160863,1.43336637269473
"173",-0.863890939562074,1.10323640220393,1.05887673340415
"174",-1.51558874221841,0.590650016620696,1.83316165624993
"175",-1.1857768918788,0.662906093844734,-0.0479277932083601
"176",-0.848754460307737,1.03824347520626,0.695580071846383
"177",-0.343491451213008,1.13309754541352,0.255267157243324
"178",-0.629526707438025,0.999131777455444,0.0294162603156595
"179",0.0770546220629085,1.16463730191696,-0.0343550040536317
"180",2.07711165714927,1.380650608431,0.131375155820837
"181",-0.488250999820987,1.30457240937607,1.31843647979095
"182",1.86607354921779,1.3521752592428,0.0426902572294361
"183",-0.453809063868944,1.18765661980518,0.681742652885575
"184",0.241987337354454,1.25209116818568,0.270100251598264
"185",-1.08109461034049,0.863534477926869,0.527999429639491
"186",-0.974731399455696,1.22530649836358,1.97955620486871
"187",-1.75779443225146,-0.121195325090879,1.03145927535103
"188",1.05416164073368,1.36856134898634,0.396764155655593
"189",2.1388569295765,1.60491910125717,1.23800348958305
"190",-0.182187532475095,1.15457478102223,0.168681342418081
"191",0.175595729852562,1.5575558087956,1.84863817008597
"192",1.56794056535247,1.45521796289575,0.644091720719075
"193",0.192220857362129,1.46236720708873,1.35960006669928
"194",-0.755073343278388,1.04317460202599,0.501266276053519
"195",-0.0272241647641195,1.46620713269615,1.56802566851202
"196",0.584944987372923,1.30093371780147,0.289092727245823
"197",-0.0287893877992969,1.44914421976279,1.48420022550257
"198",0.672102272103697,1.43897208833075,0.930716414861765
"199",1.24192717704706,1.38172206146642,0.388111085129781
"200",1.21770734339624,1.34099362886494,0.193609141739216
"201",0.48718001039575,1.47401238422919,1.21275957541759
"202",-1.0460952287587,0.86906366558001,0.430594126368056
"203",0.27761647413007,1.53054644808635,1.63603874200763
"204",-0.745062698944992,1.01711404617218,0.349269801389048
"205",0.861059330908297,1.32593583756792,0.269837570807763
"206",-1.50799722724486,0.27724737338852,0.189335931514726
"207",1.15021316659896,1.45568131138958,0.793222908795172
"208",1.07375323962904,1.55757239239961,1.33364748323843
"209",-1.8455311529026,-0.181879038826804,1.40799748777851
"210",-0.895109428972457,1.13362139946086,1.29273932288715
"211",0.225621843904504,1.45089744957233,1.27649221083738
"212",0.622891767466599,1.24582619975616,-0.00796345716640508
"213",-1.141594698733,0.917623426322618,1.03472062404662
"214",0.603327441533443,1.76526358251543,2.60024426761715
"215",-1.49499247933314,0.507930313957851,1.2151927991562
"216",-0.338739751610011,1.22418291979072,0.704490973727877
"217",2.08665372006552,1.55446245724597,0.998132590389549
"218",-0.596382125850199,1.2218935061062,1.08350034086209
"219",0.211368792411073,1.2210361225663,0.138089168142439
"220",-1.01240294321789,1.13731073645387,1.65860414119662
"221",-2.41336440865672,-0.772435953130983,0.738930200768363
"222",0.0416315638911329,1.18723859412859,0.109762752884618
"223",1.99735901997781,1.5611534853368,1.0535405069049
"224",-1.10231262546122,0.772881417364271,0.154544324864977
"225",1.3061971129538,1.40871721203297,0.499450057005302
"226",-0.318265883400038,1.2351243152624,0.732835049389231
"227",-0.498472626059583,1.15183051811635,0.570607362421936
"228",2.79572125505617,1.76079143036048,1.88349354376866
"229",0.124437145420146,1.27001231119342,0.452408189415694
"230",0.790405794984309,1.41095567317372,0.729288435915302
"231",0.112203772447672,1.30202759227385,0.622681163136113
"232",-1.31426877087704,1.14346668191558,3.02247819513111
"233",-2.78876001470042,-0.7803821376396,1.38968392749406
"234",-0.134636936455405,1.29506237853417,0.819811782055368
"235",-0.406655623375458,1.41463743390519,1.74860304492095
"236",-2.22769320080565,-0.527568288233947,1.45897095345079
"237",-2.61161458872761,-0.919031684558679,0.411984126249488
"238",1.54230911114214,1.73109276604867,2.03152218033081
"239",-0.510626145667889,1.18435923627736,0.752387594422595
"240",2.72071202228698,1.38968679564192,0.0414380743308052
"241",-0.364695992544545,1.25849483508217,0.910333281103502
"242",0.690359791877283,1.35330046403815,0.492559548017573
"243",-0.0694341285137427,1.26975194221607,0.62668519098407
"244",-0.425899099658203,1.12375845428473,0.321532120046975
"245",-0.641254774526536,1.08719257248999,0.491474639890355
"246",0.00672582035390137,1.3537598845008,0.974017570489771
"247",-0.645776386599824,1.25932109891949,1.36059394711424
"248",1.23057498048615,1.32392465500991,0.10339198926626
"249",-0.538308337318701,1.29326174944859,1.34155331678142
"250",1.23150248141797,1.41609270359414,0.563882462529984
"251",1.80095114742879,1.4917115492052,0.758092827357394
"252",0.717049193848453,1.58837993179198,1.65385593872649
"253",-0.101805209777707,1.19273787323269,0.274141690129025
"254",-0.216954388665183,1.18666094967492,0.3682087095316
"255",-1.97178567192099,-0.601372013119106,0.0617060457331946
"256",-0.563132279312894,1.0736130308352,0.28466239867866
"257",-2.19657162460557,-0.688067704195189,0.555954426338003
"258",-0.173436956075063,1.23111788467634,0.541771232511837
"259",-1.12566508559275,0.790675770182059,0.335110838940217
"260",1.81089567121486,1.54998562015079,1.0467195491806
"261",1.13015576284431,1.61103367001049,1.57796978070767
"262",-1.36789193802693,0.867939294888208,1.98686457908642
"263",-0.840378092086762,1.08833899593359,0.925220817863881
"264",-0.490626868239271,1.12275026694863,0.412999656629492
"265",1.90371568374592,1.49436482568609,0.743653428089887
"266",-1.30531410646809,0.753341490505485,1.01887993405148
"267",0.0180379779980235,1.44756881751838,1.43269502337478
"268",-1.56364973648636,0.365851758690492,1.24024158327888
"269",1.62856182235883,1.57783636662145,1.2385622370559
"270",-0.494344689893743,1.08669405471204,0.238488525643165
"271",-0.130529271472255,1.29362580780061,0.808309092845199
"272",-0.187801491500056,1.15090812390955,0.156568204368215
"273",0.952876054305191,1.32873484942613,0.241515398346493
"274",0.391336229930212,1.59189024410461,1.86359888235239
"275",-0.513868599512502,1.24797273584596,1.07560810206127
"276",-1.87600978213791,-0.260003451132851,1.21975450827014
"277",2.13813993717476,1.4155305845066,0.291229346295763
"278",-1.73270515482886,-0.173822154964145,0.541722382336414
"279",0.208491495930548,1.37464183612687,0.908334735621035
"280",0.999435080986157,1.60652118126977,1.60992601295519
"281",-0.965161385400956,1.07999259641648,1.22393691083794
"282",-2.06886629786941,-0.707715780583638,-0.0190970030588063
"283",0.416043967627716,1.5234034408328,1.50488746663713
"284",-0.115514320599394,1.19200895333333,0.284581428620318
"285",-0.258742860507504,1.40267136534471,1.49713760842664
"286",-1.7625899216612,-0.248239374872622,0.4377332605895
"287",4.02788859885895,1.59856730864961,0.897815015948122
"288",-0.095583780018359,1.17950566264086,0.201650392092193
"289",0.0669011339337469,1.30190520925769,0.660801289882511
"290",-0.96545674755527,0.903642605461262,0.343076613296632
"291",1.71842415693029,1.34198753272286,0.0327831785624094
"292",0.227958787690929,1.2658707656071,0.34958340642143
"293",0.98815656666045,1.31915362918395,0.178003727198623
"294",1.26864722410369,1.36373645794517,0.28824876978451
"295",-0.131976167298671,1.27791961483815,0.731297770903356
"296",-2.04448398167996,-0.493141818654636,0.948806544721429
"297",2.13945645708268,1.48819623049868,0.654248333981028
"298",2.6953957622931,1.40376288879686,0.116457772719635
"299",-0.781189217671636,1.02028527785131,0.444888684007063
"300",1.11119608506345,1.32674836195955,0.16418111153862
"301",1.19593451462299,1.48495692882485,0.921754737934405
"302",-0.956524700519761,1.1698149222848,1.64722587244442
"303",1.66139461307953,1.44540110753705,0.566546568351009
"304",-0.214246116686354,1.14627686559361,0.163192771024539
"305",-0.785975356891713,1.17412551441723,1.22496987173173
"306",-0.597514244916726,1.06706435899216,0.31135303350482
"307",0.317319836671156,1.38656130685491,0.887652976236862
"308",-1.88432278908902,-0.321414425291165,0.9653300149088
"309",2.03064094685791,1.37761292784873,0.127546322715414
"310",2.23586030146356,1.54740744104239,0.928162205184452
"311",-0.45104284803139,1.05349145015278,0.00682188647046878
"312",-1.48360091915618,0.368576382986258,0.410671239222776
"313",0.8907846037963,1.28018460963533,0.0271033064380066
"314",0.0572626109680973,1.32364904259931,0.777964485854927
"315",2.25775060635659,1.60501681306478,1.21131565258122
"316",-0.817279927567693,0.962822879363816,0.241520671889001
"317",-1.22274362112768,0.654508461390323,0.0835545472761793
"318",0.71283797162415,1.34908451121804,0.459586412047514
"319",-1.0908007451581,0.823896570613582,0.365928730864627
"320",0.0828114268357315,1.3936819484053,1.10590465627841
"321",0.970954952952891,1.49396190416599,1.05961004033848
"322",0.209878864996252,1.50819553337494,1.57503356358658
"323",1.19903189692044,1.47213327227247,0.856444993649729
"324",0.487714085983945,1.30702099513116,0.377472635342395
"325",-0.559445118216005,1.14154344600981,0.618091550462911
"326",-0.471884211492507,1.29937797100841,1.26743541353763
"327",1.76570433791785,1.40138075215222,0.316274935618496
"328",0.915016136495318,1.43668515650771,0.798410735288995
"329",1.02791865959838,1.49331321513469,1.03162673315103
"330",-2.50620667716545,-0.871203201869758,0.449012030302274
"331",-0.149415181817127,1.19095549611737,0.314964353070359
"332",1.58858540075555,1.40788360613886,0.40101081696017
"333",0.551662949231115,1.25782019551801,0.0928927580236242
"334",0.136289362891359,1.33809407241656,0.78304138050336
"335",2.20055581904801,1.36542833382937,0.0262620456590146
"336",-1.55108487923339,0.641003288591643,2.46916974964591
"337",-0.775326591625601,0.975963219389544,0.210053184607256
"338",-1.49351781689546,0.362983425276987,0.476304550320101
"339",-1.70918485991134,-0.0669382289296595,0.848030965311412
"340",0.913150121531317,1.71156296406383,2.17365563997287
"341",0.134404045938029,1.28169924841577,0.502615523573135
"342",1.18744610051861,1.69370261386718,1.96875965224895
"343",-1.59817201809182,0.406398707537058,1.87972977220236
"344",0.0296432255557023,1.18496947941729,0.109173425344501
"345",0.159597098689019,1.3227866763158,0.687570755435614
"346",1.17284569015293,1.31547425316653,0.0832924890790998
"347",-0.579910942891276,1.10512345530715,0.470897268961886
"348",-2.15838831269622,-0.70898177157939,0.320340464718641
"349",2.23386324349855,1.52618147668661,0.822481233264635
"350",0.0294444551705649,1.21480076723714,0.258509195441284
"351",-0.826163409053166,0.944987007939067,0.17369608104705
"352",0.307331627122322,1.44909206760043,1.20738055330733
"353",-0.0506911880564006,1.40371967158265,1.27814535957675
"354",0.488737248909093,1.23387813293812,0.0111265031006665
"355",-0.407240331105768,1.0901478693306,0.126976655536001
"356",-0.485066236452011,1.14147723929376,0.49805218946804
"357",0.309571378377066,1.30974015366106,0.509029803323631
"358",-1.09309874128996,0.896631727488395,0.73825140402871
"359",1.28745161840634,1.36191617637041,0.272248148090118
"360",-0.779045302014647,1.0608681548714,0.642953767693226
"361",0.443701086492154,1.35331820955432,0.636606185969982
"362",-0.512913202279681,1.15465188613178,0.607483408016182
"363",0.405028675584743,1.24773238590967,0.133750423059288
"364",0.440714032305551,1.43947656672099,1.06930814382903
"365",-2.26396658544705,-0.663709624699278,0.888916120093979
"366",-1.07492667958791,0.861032241449772,0.492869229662891
"367",1.90368578602528,1.62536153707763,1.39864484222829
"368",0.231610445610272,1.4653954111598,1.34443937991282
"369",0.303104398956432,1.47457734985291,1.3378179618846
"370",0.200032089822402,1.49054077029369,1.49437870910087
"371",-0.276561450077464,1.38334855726694,1.42202141203243
"372",0.956275831095654,1.58736675356086,1.53315575623425
"373",1.9359075947643,1.39483050925594,0.237588171695369
"374",-0.29934852528378,1.24185974162053,0.742666978148251
"375",0.15594217060371,1.3167623889785,0.660393229785535
"376",0.906021250832239,1.44290077682309,0.833624000957935
"377",-1.3161198567458,0.788441299122736,1.25844048227269
"378",-0.283632966343829,1.1856463812279,0.442154895449194
"379",-0.126429988603538,1.25614752869863,0.616624006746284
"380",0.183909843044304,1.51385119977706,1.62354321563219
"381",0.0670397282811057,1.6457477386816,2.37989304967025
"382",-0.317405624600964,1.12522810292976,0.182259056823715
"383",1.53087409222032,1.43203759538785,0.539876584475449
"384",0.700475724324635,1.34312672149693,0.43631535312263
"385",1.30967070632723,1.70910014267093,2.00011209951564
"386",2.29833714427822,1.35804600167631,-0.0324843053167077
"387",-1.68352760235587,0.124306682863458,1.53608534043671
"388",-1.17096913413117,0.69620882145536,0.05270712788032
"389",0.172321190671909,1.28445414363761,0.485731027973716
"390",1.25934170557922,1.48656057505883,0.905811493017885
"391",0.621115254676163,1.50463892829505,1.28709453350203
"392",4.12873812294505,1.45724202654306,0.179926084003464
"393",-0.0580783313307932,1.1919658304594,0.226580666943783
"394",-0.266771918008623,1.34127145985105,1.19977513239137
"395",1.57243204478454,1.50934329171941,0.913317978435661
"396",-0.735179762017739,0.998650812487336,0.23583404316915
"397",1.1660545055513,1.36201812005521,0.318668241301919
"398",-0.0149870929768325,1.29151031146468,0.682974092422101
"399",1.36513746555905,1.51462265581961,1.00805649937265
"400",-1.96267789786474,-0.513878089044252,0.451947186659699
"401",-0.0785283864110438,1.30258490654783,0.799886232615284
"402",-1.94542004189366,-0.348519970621339,1.18661015706102
"403",-0.945932794793145,0.909467361503265,0.314317805938616
"404",-0.477020747651607,1.16939559386068,0.625326397061953
"405",-1.8629387445058,-0.248512379994521,1.1922775911173
"406",-1.80190442121539,-0.373732709164827,0.130473640004654
"407",-1.70220387878942,0.13560927479396,1.78989442079331
"408",-1.13446162244132,0.977919423313806,1.30690474866046
"409",-1.69103759576808,0.198621886664497,1.98838012495305
"410",-1.71511343663063,-0.137601728818896,0.553733758907811
"411",0.437499847936008,1.27141215442003,0.231046392362465
"412",-0.348226839293059,1.3997673604428,1.59483022153055
"413",0.897050841957533,1.50239351674451,1.1352357836568
"414",-0.49393327509143,1.25617490099028,1.08525299445594
"415",-0.0696566837897891,1.35727793356981,1.06453534777595
"416",-1.22688003114141,0.723949358669508,0.451017342252762
"417",1.85834007411709,1.34120731087817,-0.0100750451117358
"418",-1.66268128481909,-0.108023435534141,0.139994785485885
"419",2.89000438580465,1.41811674527913,0.153758429904152
"420",-0.684408831542557,1.0570830832464,0.423934824421519
"421",-1.05877856289108,0.833525371012622,0.297307935167876
"422",0.95304643647991,1.39917993819002,0.593664629491306
"423",0.521438195410268,1.26304378166646,0.137014545298006
"424",-0.785066957438064,0.941941359255248,0.0619783029784427
"425",1.38928960217603,1.40308719891063,0.442006700763922
"426",-0.783619028161041,1.05199524269059,0.608952629769001
"427",1.69812412663311,1.35195440631446,0.0885039627090798
"428",-0.217076833052758,1.15542747831881,0.212181508088174
"429",0.646452433930019,1.46507811362954,1.07522747848676
"430",-0.056627511120818,1.14667204199961,-0.00130720559481635
"431",0.12155122517549,1.41396884516235,1.17458646554296
"432",-0.863094255603267,0.957237948264838,0.326844748926384
"433",0.296584886510999,1.41469995452957,1.04309499449034
"434",2.51819484474448,1.38520297588529,0.057533781000098
"435",0.70260791712728,1.28943616955222,0.166734406632747
"436",2.00871343541084,1.47795538641338,0.63470648063017
"437",-0.730195106839819,1.43398175642266,2.40194682600485
"438",-0.196077735153118,1.10605136066997,-0.0584811169969036
"439",-2.03629490939482,-0.641455957202515,0.1708168396627
"440",-2.54650054211149,-0.820154660741221,0.784879286392412
"441",1.84370063284224,1.49800105802668,0.777842497283483
"442",-1.31102441826021,0.604642766383807,0.309038408556188
"443",-0.192909277867021,1.19619325513143,0.388683900801739
"444",0.890451587512815,1.30390515907069,0.14586114751298
"445",-1.17982616155171,1.09840079365746,2.10283401877033
"446",-2.11654631841895,-0.648148454027547,0.470126402197852
"447",1.12075197471997,1.42384801825811,0.645818813221054
"448",-0.0128340320149905,1.38759739030103,1.16138782862913
"449",-0.769053189661299,1.33399848445724,1.98620042210219
"450",1.68788322194928,1.56801511585246,1.1718005944965
"451",1.46632853927396,1.5226746660471,1.01398150762286
"452",-1.25766236029486,0.890553318571843,1.4405781197282
"453",0.978360131388231,1.51057708730829,1.13941916145544
"454",-1.64781943624133,-0.0499537051124141,0.253212371413258
"455",0.594170434649266,1.42792758249004,0.918776151158665
"456",0.898679688785944,1.43297359276336,0.787381151670136
"457",2.5177844490467,1.40674336435511,0.165317152659545
"458",0.810571647090697,1.55003487825989,1.41471365101259
"459",0.329975602237088,1.66901661409706,2.29104779140471
"460",-1.32369497458811,0.625516471298877,0.489702832459406
"461",-1.03632280994905,0.867270761010872,0.388094548320344
"462",-0.809560246468488,1.04933062729616,0.655729082389436
"463",0.302270755688465,1.43676475686443,1.14935000624609
"464",1.32191224081586,1.51019803677934,1.00120703486489
"465",-0.686142741310306,1.16864821350388,0.985196711871531
"466",0.817589762809063,1.26723113789249,-0.00274349537631318
"467",1.38618627566091,1.39421881718804,0.398734211794362
"468",-0.628387038736791,1.20703241014446,1.06682311905139
"469",-0.206166476531791,1.11557372526628,0.00049293199560857
"470",-1.28970431011594,0.677802717407253,0.551427209014231
"471",-0.627173015550528,1.03985401515126,0.228701482972747
"472",0.322122325548167,1.65530534775697,2.22799220091249
"473",1.27911841169315,1.49978467767687,0.96463876834081
"474",0.293868169819503,1.35738718824312,0.758481972853918
"475",-0.0556717724276505,1.61659899161938,2.34739387649518
"476",-0.335716079205722,1.15669427061926,0.363117257198897
"477",0.66470623343557,1.45935552787482,1.03663898783333
"478",0.759040411142769,1.46942029865642,1.03739290034366
"479",-0.626207767007113,1.07453917342676,0.400357015633279
"480",-1.5197220420065,0.270486385361811,0.274921455343213
"481",-1.6621051071967,-0.0566248980033976,0.39028071969923
"482",-1.90721751941239,-0.427885600736759,0.572642089036534
"483",-1.17712773249035,0.704035292960941,0.11899951387508
"484",-0.522830338573231,1.23894544843757,1.04481959452073
"485",0.0864749178691472,1.54825496146443,1.87562422310812
"486",-1.55037409710433,0.257960966384266,0.545830665160906
"487",-0.502014509579631,1.175254129151,0.693273554936669
"488",-3.34455003465196,-0.997925439487864,0.909282367255889
"489",1.2960074808021,1.39359701842319,0.427538060203476
"490",-0.542959165635005,1.16328603655813,0.699326103953382
"491",0.329634051106412,1.34901399873893,0.691273230836047
"492",2.31833808321181,1.40684031575933,0.207138285070644
"493",-0.0732343291022101,1.18790081707548,0.221195970834686
"494",-0.488090693487692,1.14991485648219,0.544901202230759
"495",1.53305509241801,1.38161685192862,0.287078737230244
"496",0.237737681971166,1.5233799595029,1.62973772907974
"497",-1.9556668848099,-0.540789559999758,0.280386665419153
"498",2.03805660906882,1.64367417360152,1.45602299210051
"499",1.12622149030315,1.47374213084676,0.893089770299661
"500",-1.9485870634662,-0.371920883228917,1.08677739328892
"501",-0.389523962918469,1.18708383876039,0.587007205227644
"502",1.4490846802024,1.53117945197636,1.06222064129232
"503",0.193052350182863,1.4852335428431,1.47328164682614
"504",-0.544714383732087,1.048236055948,0.126975209044106
"505",-1.65574709310263,0.175709762775193,1.47709821753787
"506",0.782556950731345,1.33601979629881,0.358526683429303
"507",1.83193847647602,1.64497322084753,1.51589694766163
"508",-0.00396099060327648,1.30420557587727,0.736139693858516
"509",0.581820254377224,1.51563489796284,1.36439704566102
"510",0.249128089275532,1.23845882502516,0.196597707608421
"511",0.00701451553710271,1.22724257501215,0.34116510267344
"512",-0.467867657707549,1.32621398031902,1.39554679557982
"513",1.46640456101925,1.38416406427701,0.32140342264189
"514",-0.747480691422271,1.25192716185199,1.5285473142179
"515",1.04261950281125,1.61264651988829,1.62205105879982
"516",0.914952523678198,1.41581787472786,0.694103486003132
"517",0.588845705087653,1.26183172432195,0.0913434509535547
"518",0.720689827031549,1.62776869542522,1.84889647818363
"519",0.234550357623326,1.24167431236609,0.22361211050658
"520",0.910472432588708,1.34242597742395,0.329200668967663
"521",0.633766929753247,1.48305613106343,1.17212665090537
"522",-0.815032020135668,1.08867503371961,0.865422216337081
"523",-2.78070221811633,-1.04923230985712,0.0337587630035562
"524",-0.32092726282578,1.13357218813911,0.228468255778014
"525",-1.44609628983696,0.349937856089598,-0.0132468709909539
"526",-0.79007399608491,0.992010418624324,0.323771626648248
"527",0.902386812586711,1.47263336826526,0.983964668949873
"528",0.429833677383426,1.41852372542271,0.971538886484434
"529",0.696199026432501,1.46839868746048,1.06494313454631
"530",-1.42755717839216,0.641825860611376,1.29508426839472
"531",-0.00243062349830455,1.29193386327638,0.673358352781573
"532",0.611366937498012,1.5205315059801,1.37203636524937
"533",-0.754996686941687,1.12408529662006,0.905652462047069
"534",0.335766643206077,1.25029160565253,0.193388582921228
"535",0.914952279684233,1.57851235670647,1.50757600774345
"536",0.0601587464078083,1.44929634371891,1.40365609396556
"537",0.575027697471422,1.34165657733815,0.498428984061659
"538",0.456874594163971,1.32622036190107,0.492744571550237
"539",-0.574801276608253,1.28523327273265,1.36264752051988
"540",-0.262409882481039,1.1487504307547,0.231924283468223
"541",-1.75153412765491,-0.267120162523802,0.246811766310121
"542",1.84744529048107,1.46109775992016,0.592313191520312
"543",-0.904273950107095,0.955226492220883,0.42558708725451
"544",0.931854885380881,1.41916079147568,0.703112247880578
"545",-2.4423226222505,-0.903626329525191,0.149501487877856
"546",0.279536409343354,1.19750925156971,-0.0305447289113017
"547",-1.18886837533718,0.773468217047462,0.518888051816261
"548",0.300728483559119,1.57863933605292,1.85982475170195
"549",-1.22978661985387,0.964096468581512,1.66609493904824
"550",1.64738918311738,1.61180133314063,1.40272415055399
"551",0.576947654165978,1.56076615932954,1.59286591300236
"552",2.65996176755317,1.58720845191722,1.0402606123038
"553",1.35893619696188,1.52382945438291,1.05625870787561
"554",-0.015133579000039,1.18804760711162,0.16579826344059
"555",-3.33736229030052,-1.1187410161644,0.299234607971048
"556",1.4090837193838,1.56114630072754,1.22552473506799
"557",-0.424553300103425,1.3814933443383,1.6082760415239
"558",0.474038719872419,1.45211420796304,1.1114304618731
"559",-0.431553855187526,1.45193692689376,1.9705688453782
"560",0.183022543933037,1.45246586353202,1.31731568638106
"561",1.65527563764003,1.7507588499582,2.09515621033634
"562",0.292591456841092,1.32444951558219,0.594711874729302
"563",-1.95903497202033,-0.474612940570601,0.629117349485568
"564",0.959904922450657,1.66474680488687,1.91843802675262
"565",1.25210449033848,1.54595079886252,1.20545262715062
"566",1.39747183120535,1.59719353003904,1.40972764991964
"567",-0.285302587155645,1.11596980934341,0.095822490035357
"568",1.49622638394238,1.40565316712677,0.419092330858435
"569",0.953645636577502,1.37430885770192,0.469041268363504
"570",0.896645329990012,1.4985118445027,1.11601551236907
"571",0.785726364936064,1.4197615434011,0.775650947565451
"572",1.37558073259848,1.4907690441176,0.885154200900624
"573",0.779194541868748,1.44124238071157,0.886324285306166
"574",-2.40409083658419,-0.744186695980839,0.85827137464442
"575",-1.1716984252023,0.800824419945111,0.578983839497339
"576",0.00250961880278646,1.16395865369542,0.0289030673942238
"577",-0.728066827799889,1.07994103238189,0.627264389598787
"578",-0.435774746073012,1.11804204236218,0.307208294163755
"579",-1.79474526673776,-0.0799083766722519,1.54380530881253
"580",-2.15355534595814,-0.555239426831227,1.07181875289225
"581",2.08561215618058,1.38690004817695,0.160571296953079
"582",0.768941001054096,1.31495207359314,0.260033935447851
"583",2.86364235095912,1.43050794344327,0.220227476335819
"584",1.13669521501139,1.34014593262179,0.220917014673748
"585",1.00796508964063,1.30380455039756,0.0926484420069719
"586",0.721826252495778,1.26669882235884,0.042953985549245
"587",0.905212515211576,1.33225549098947,0.280770552931073
"588",-9.00314193993957e-05,1.36115644136846,1.01729908671192
"589",0.0756976916997643,1.23138057808502,0.300535044504161
"590",-1.89155130792637,-0.211486930833294,1.55988612072325
"591",-1.08472574116591,0.969387232571022,1.07069972849335
"592",-0.818784252509467,1.06909802633707,0.776492836010858
"593",0.32502234204505,1.34159768502346,0.657418566770213
"594",1.48630578409473,1.43813530225687,0.584730987014493
"595",0.63804366678107,1.41362131424955,0.822582472456487
"596",-0.420832614887839,1.3630741027995,1.51085804511012
"597",-0.345530625626946,1.22875954827045,0.736249109095656
"598",1.09462448897924,1.37558112162127,0.415093448958317
"599",-1.02624720847318,0.974987790991336,0.892705289482645
"600",-2.12056755501739,-0.708145495726615,0.185502428251588
"601",0.329600807098742,1.37418508832598,0.81715189762283
"602",2.5676239147867,1.62247879252932,1.23420853531972
"603",-3.46074667368692,-1.12143270102137,0.383314098564207
"604",-1.46515028645236,0.403564233004119,0.418497312331252
"605",-0.230712273766666,1.38092455799332,1.35538548314194
"606",0.393171398527866,1.33880278205635,0.596941770371256
"607",1.2925711278681,1.66992055142263,1.81040469287136
"608",-0.170228323343154,1.4019615982061,1.3924814347316
"609",1.18808983780367,1.32635333840174,0.131764214461587
"610",-0.922194048988597,1.02768105057625,0.837452065753168
"611",-0.0475801182909808,1.28932884265195,0.70317208133478
"612",2.08205180331725,1.41284378042675,0.29114802554184
"613",-2.0687685518248,-0.715145892150324,-0.0566583227431347
"614",0.86424117241542,1.64327225645414,1.85501032639969
"615",-0.0841861038952643,1.31834019443381,0.884324079979514
"616",-1.12208891125347,0.906788666395631,0.901383365965522
"617",-0.673221441143046,1.03011750280397,0.267127572518697
"618",0.691056824948268,1.45039328305658,0.977652028073695
"619",0.326643710022963,1.36337014100774,0.765144983354669
"620",-1.10650770733159,1.2612722964608,2.61265602406233
"621",0.370834926510292,1.41204437053656,0.978116229185453
"622",0.320677415729142,1.29299418781435,0.417452253659702
"623",-1.4309957310878,0.535475863201716,0.790787049523243
"624",0.425359018292777,1.26466057069474,0.205116891271147
"625",-1.8556198088743,-0.432067277936736,0.225742001545095
"626",0.257893482748999,1.41868628381209,1.09122203089398
"627",0.4415480241601,1.26300530598976,0.186418076069411
"628",1.24054377004751,1.33395066256445,0.149772670892103
"629",-0.703483103510871,1.3015263495112,1.68439983440201
"630",-1.31126611678297,0.736214260569956,0.968330156389345
"631",-1.11784078320482,0.807176022208717,0.386469260939894
"632",0.100855192435594,1.44403579175874,1.34227956538914
"633",-0.486051110850179,1.1577397461669,0.580880652471293
"634",-0.353307514920305,1.09574613603115,0.0814272540192632
"635",1.4322813573929,1.58459747020365,1.33493259438606
"636",0.588780983398797,1.39254984499087,0.744971157773854
"637",0.518820563042753,1.6488990892756,2.06786937706123
"638",-0.0161373967559843,1.19838587526015,0.218433669318039
"639",-0.231307535970456,1.13695699886039,0.13623893221095
"640",-0.491178002722683,1.05734128484219,0.0868084723820418
"641",0.654516988560346,1.4533238828368,1.0120331971297
"642",-1.40344199868713,0.661729091373498,1.20900779843469
"643",3.02342417746602,1.65890905877175,1.33558215528822
"644",-2.76502561782416,-0.832900824526038,1.09238917552659
"645",0.491608707365263,1.52054685457416,1.44269953124837
"646",-0.425346311805497,1.07748763124831,0.0893846783354839
"647",1.50177293966632,1.43077794868709,0.542919098095617
"648",0.550250882117181,1.29878571489951,0.298552559614792
"649",1.31709170314167,1.39971854188532,0.450536379388703
"650",-1.55622718591547,0.345143972132108,1.04923568376596
"651",-0.856121332767439,1.19199378558331,1.48287719950079
"652",-0.433612041292328,1.21437220316304,0.78572274844303
"653",0.391707055368404,1.25750211236825,0.191411602034344
"654",2.87718864917007,1.54107060076464,0.770715809947071
"655",-0.998238092384383,0.852299408635669,0.187892977753637
"656",-1.99266034471138,-0.594519831036961,0.200767800811864
"657",-1.12256949670429,0.974496963902054,1.24183979572305
"658",1.2299989552804,1.36687924525753,0.318382261349749
"659",1.12732435024645,1.32196650385655,0.133768996706733
"660",0.181134855469736,1.26322287373605,0.37258990844283
"661",1.04418205485241,1.52084250299426,1.16237085056912
"662",-0.548060402070133,1.06968847683658,0.239781171687712
"663",1.3720898002432,1.39673357903934,0.416189328497377
"664",0.374502363294903,1.22778293499032,0.054333647664496
"665",0.698412854394792,1.24995043254082,-0.0284729875988758
"666",-0.00907177459667208,1.33823963200598,0.911076072403705
"667",-0.816453543430717,1.13876190832071,1.11924356530678
"668",-0.271596603635373,1.19158186894119,0.457157362554451
"669",-1.52246001258114,0.367169454857575,0.786841400037896
"670",-0.98805039706088,1.13918740422975,1.59017482461836
"671",-1.14650651692661,1.08809107868302,1.90746980841926
"672",1.30357622033581,1.39327951053011,0.423208327387683
"673",0.169848499020725,1.25628633092113,0.346861016101906
"674",1.43556348300733,1.50057859757951,0.913736015292865
"675",-1.37339862816755,0.733702976123024,1.35341981598722
"676",0.948635075562467,1.72649129153501,2.23219730186388
"677",-0.2454659170516,1.28383287080457,0.887185799947954
"678",-0.738743756370319,1.13053560200107,0.902840485866585
"679",-1.61498297547042,0.0701942772385977,0.42951578735995
"680",0.585500791776005,1.40929873809169,0.830598367055858
"681",0.79375740790169,1.36952107791861,0.520448879149651
"682",-0.948007770378147,0.96250292521017,0.585559312743039
"683",2.02095753295744,1.38446282271942,0.164194598049733
"684",0.378819596448678,1.32195531645615,0.522290695006966
"685",0.720428861136983,1.330338608673,0.361882314583276
"686",0.785711709740496,1.47592067441131,1.05645392129911
"687",1.54001022115613,1.33039752769895,0.028774015361458
"688",0.981461648394261,1.43156268470023,0.74298347859105
"689",-0.139017435379926,1.21913138697304,0.44478285836237
"690",-0.213298134116286,1.12741097268288,0.0677818019920889
"691",-0.207908389020422,1.48822839427645,1.86573990903941
"692",0.0655489699175615,1.29143762067004,0.609643543699083
"693",0.29732596486346,1.51885612546258,1.56334444475097
"694",-2.18467627351543,-0.672275751012385,0.595036116807945
"695",-0.748326729843255,1.3784082649164,2.162780641171
"696",2.17901245982307,1.41149632104327,0.261544691766176
"697",0.0672069396364564,1.17018821669043,0.00194961147901813
"698",2.63426723850687,1.54455356447791,0.831814663200144
"699",-0.0185997641839788,1.64385469928588,2.4480973180496
"700",3.02290487495081,1.82559659804489,2.16910381149411
"701",-0.218103613080689,1.1109727430394,-0.0089161771512867
"702",-0.188274640269825,1.18732946911291,0.33920078106748
"703",0.396696366818422,1.36805848595513,0.740882207076587
"704",0.96895059565559,1.4067667909791,0.624521348948808
"705",-0.431379428838753,1.10997629200185,0.260513657481641
"706",-3.06288512857417,-0.967683202974877,0.794643581028832
"707",1.96628671517506,1.46173228238113,0.564295909138708
"708",0.493489268314524,1.24794170521838,0.0785162756029128
"709",-1.44605088208366,0.3865700908294,0.169534711712914
"710",0.137339067197327,1.46355458239429,1.40948298799809
"711",-1.70736231083211,-0.0445680388711208,0.941523905636792
"712",-0.294880386728298,1.20556675429086,0.555640297535665
"713",-0.673464546842113,1.07310825935621,0.482555476312203
"714",0.0866814120418733,1.20768428115408,0.172593828562729
"715",-0.932600702804495,0.899741372724455,0.227213455453978
"716",0.307351983838346,1.36160074631467,0.769909471946542
"717",-0.224426329321207,1.18593865741798,0.37318230800417
"718",1.42962830631927,1.60816598731821,1.45366760756531
"719",-0.442155788359263,1.31943109357653,1.32345313408548
"720",-1.11352185392271,0.826183441009572,0.46451381111986
"721",0.852491357333759,1.55009645744336,1.39472078572269
"722",-0.0775037550031796,1.16425235312964,0.107201443158872
"723",0.807390808874464,1.28431099465708,0.087657989731385
"724",1.77348731652993,1.49935812660124,0.803974729780643
"725",-2.25283887775263,-0.727952080240939,0.534468781474528
"726",-0.956625474799552,0.985324467555824,0.725072778886119
"727",0.375934914738451,1.24653233189318,0.147115643734426
"728",0.605464600897592,1.35016131359759,0.523521471808021
"729",-0.385957060592003,1.18839939253034,0.588681509880575
"730",1.45588341487131,1.37758672792426,0.291997193318364
"731",-0.0801016409473964,1.41480146849483,1.36254024341584
"732",0.0385107758321892,1.44381985169087,1.39545783931116
"733",0.249349354454457,1.31301512725225,0.569214230469066
"734",0.792686399743722,1.4675771187874,1.01126122918918
"735",0.64414256389837,1.389882037036,0.700518652509853
"736",0.100831489750045,1.44161444828311,1.33019290969675
"737",-0.563491457385871,1.12951050675662,0.564757501813046
"738",2.9599798254854,1.43802198090838,0.241530197338937
"739",-0.678933373059043,1.11269982911221,0.691219908977044
"740",-1.26259244274946,0.69095975209941,0.468670710486851
"741",1.28641580912721,2.03868733050355,3.65648199587888
"742",0.465312952037319,1.47200366239808,1.21634211984792
"743",0.90971170067072,1.38229274244495,0.528884316941845
"744",1.04646621715295,1.47380272477024,0.926208135287978
"745",-1.68984724900122,-0.162778047806908,0.168712871252328
"746",2.02805397479236,1.53050742979613,0.89265860021807
"747",-0.718728075596622,1.16631523526645,1.03963814220719
"748",-2.26644511279612,-0.468487318242911,1.87234741586537
"749",-1.08808876879824,1.0194272119872,1.33342466744153
"750",0.438683100361378,1.41611811074813,0.953817111682387
"751",1.17189477094895,1.67342476965875,1.87341637959816
"752",-0.99483310510827,0.838281827335539,0.106994864826065
"753",-0.155118093775431,1.29875706321147,0.860087376892557
"754",-0.266284007807477,1.30056877082332,0.995673740137546
"755",0.57183217356469,1.31573494663886,0.370673369648114
"756",-0.405550386494932,1.26357065574305,0.991717937983806
"757",1.72380610015102,1.4170535798521,0.406563106180784
"758",0.651284833846567,1.4696571161183,1.09546904931694
"759",0.182787176912372,1.21711774418315,0.140760636880565
"760",1.34575478417733,1.47885770858303,0.836034159738106
"761",-0.332443022018744,1.31797132289782,1.16526246787958
"762",-0.377703603482814,1.12472335663939,0.259030114112784
"763",-1.21488204657954,0.824490306797171,0.895445926561856
"764",0.116257279285992,1.20120507896823,0.115177882758866
"765",0.233122243891819,1.93110406770959,3.67183947401434
"766",-1.24588010956995,0.631959619874705,0.0864573903165966
"767",-0.43275179634844,1.22555862037612,0.840409482463522
"768",-0.339873733675938,1.20656278012028,0.617867690658114
"769",0.511474375678927,1.50779035908583,1.36677155897253
"770",0.0237709718011212,1.22456084084264,0.312441904240631
"771",0.31966019518196,1.27469089488433,0.326651659799213
"772",0.514422980289701,1.65507348152953,2.1013997822312
"773",0.221539124555262,1.24500081734131,0.25011903902442
"774",1.38797802600431,1.51676589880855,1.01085194729849
"775",0.813681521320925,1.36373860109871,0.481706621213081
"776",0.788451600435294,1.55722813468492,1.4616242053363
"777",0.25741566616571,1.44366042153075,1.21644653951776
"778",-0.801132688160524,0.952250424588466,0.150553287103254
"779",-1.18431035275932,0.865742839775524,0.959642914941973
"780",0.512745180304476,1.53220108818828,1.48805438436139
"781",0.588581333621145,1.26799997261519,0.12233626155975
"782",-0.312564380962562,1.26805527008823,0.890251928867356
"783",0.780748643462944,1.31966385576047,0.277652525929361
"784",2.50021847465741,1.67952398617056,1.53271906375565
"785",-0.299563811447944,1.1185528866251,0.126401353710012
"786",-0.374594669184636,1.10779580446348,0.170173580294631
"787",1.05374573809735,1.33527274837812,0.230495707882727
"788",-4.09739304176127,-1.12809530191413,0.727738657568043
"789",0.0118413837501884,1.19902399034085,0.195636530681783
"790",-0.980426190823217,1.1033509104,1.38728700388547
"791",-0.793106843528879,1.02342386119708,0.487813650568182
"792",-0.213419750970248,1.241436602703,0.638048639836707
"793",-0.930706957084666,0.945723660797541,0.451727082634928
"794",-1.54087741200377,0.218247076118678,0.240438362020278
"795",-4.17166919543997,-1.22265983374927,0.288947560500651
"796",1.66304769404225,1.34535514282416,0.0658258067407908
"797",-0.281739008773424,1.39852230646134,1.50421295486876
"798",-2.5230773483941,-0.890025742163021,0.389193063482248
"799",0.905416873003295,1.37088112308956,0.473804447037026
"800",-0.282754426397308,1.264122224427,0.833456638695482
"801",-0.313496969778897,1.24853716752352,0.79384226652543
"802",-1.55265207809107,0.165799337023606,0.111136543354013
"803",0.550266384174148,1.36680045122674,0.638617100387594
"804",0.301125350298192,1.30673824711649,0.500035640948151
"805",-0.559096727798196,1.27429044686701,1.28124004139479
"806",0.776267732324742,1.36547615777009,0.508962732933438
"807",0.735394096284393,1.25940877464142,-0.000541767700927877
"808",-1.59791124424427,0.233980440355681,1.01414102468261
"809",-0.0583302548228052,1.29145411527615,0.724268675938364
"810",-1.18951508579849,0.880616722084606,1.05757153737079
"811",0.971264797332654,1.53731208861253,1.27622396577809
"812",-0.202189222491202,1.13222524525044,0.0792573103036422
"813",1.60587513880423,1.74491019205099,2.0808301590814
"814",0.981085845602451,1.32790153432907,0.224842816062275
"815",0.126344708822371,1.2688310793429,0.444921867483943
"816",-1.64118635103299,-0.00782379005740666,0.381928190530529
"817",-0.210481326146534,1.21218589231699,0.488449029480708
"818",1.87681662028619,1.65357645224709,1.54682764765579
"819",-0.912365062634818,1.00071391744547,0.675240329236147
"820",0.372844784370714,1.51393581015667,1.48621595182313
"821",1.88218832930358,1.72337789870955,1.89440625322339
"822",0.684281797155433,1.52136444403477,1.33612755678702
"823",-0.357540164780024,1.2101756535113,0.65918788556491
"824",-0.750883026572479,1.03988554466208,0.475703014004564
"825",1.29924419014026,1.47758116172327,0.846284635068223
"826",-0.256342202943413,1.11180367967877,0.039933459118255
"827",1.03360995593874,1.53147145401342,1.21999451742791
"828",-1.6144667919064,0.0117458673132406,0.130207024815062
"829",-1.60368798771659,0.135778111920248,0.601362422637897
"830",-0.733181329831523,0.960850155504884,0.0425955220410248
"831",1.58556884420402,1.32063104817044,-0.0343198910867723
"832",0.961490384496087,1.55643289863637,1.3761628143966
"833",0.46146957178205,1.48551791567023,1.28633175247809
"834",0.173810039846454,1.21017764173672,0.113164924982437
"835",0.735561156768809,1.26806529681801,0.0426545023190117
"836",-0.118221230026688,1.24335947142075,0.544137290369978
"837",0.229928133293632,1.20162347398036,0.0268535161355312
"838",1.01183480720061,1.32173914326751,0.180651935546488
"839",-1.26587157151083,0.702162827775357,0.542177298447938
"840",-0.605432150962906,1.23136959862847,1.14693695053022
"841",0.545954415084477,1.65173279566308,2.06582542126474
"842",0.0321588105157022,1.39022882072072,1.13320336657618
"843",-1.62213992599367,0.0841755470358717,0.596087604814456
"844",0.859473838650774,1.70573060309073,2.16956467709143
"845",0.463111606276556,1.3407772028963,0.561594108457442
"846",0.711807435751099,1.2870522769905,0.149966444199589
"847",-1.51239722607494,0.457956359277561,1.13718422955668
"848",-1.63093143249658,0.135276195280682,0.967070297446539
"849",3.94348697407039,1.45243867971455,0.176883259292424
"850",-0.819696560601865,0.917789646870608,0.0221359268951445
"851",2.2261439059695,1.67660676561144,1.57634647820234
"852",0.747553160687568,1.3608452481964,0.500382351252741
"853",-2.04387983774804,-0.64463809994286,0.188658864076928
"854",-1.34254814241647,0.703658856587571,0.99827474245748
"855",-1.03048153301738,0.94239491506428,0.743945515833887
"856",1.39029885866024,1.46994597939193,0.775953211021823
"857",2.13584976198152,1.47707460786915,0.599487861715802
"858",0.786036669082457,1.3042911008897,0.19814378874851
"859",-1.31671187350643,0.576253389713815,0.201057676510427
"860",0.569370096500353,1.52303044035811,1.40858112666241
"861",-1.49743307842781,0.387890630552091,0.638556014304122
"862",1.35572874279051,1.32763548899751,0.0764133317614303
"863",-0.726475726300758,1.15651377938577,1.0067884007391
"864",-0.662375465006084,1.08575236444627,0.524305120782308
"865",0.758395418705915,1.41576189102714,0.769428936739993
"866",0.892792766051117,1.37204205230235,0.485455984437578
"867",1.84943452496187,1.36943554795288,0.133464872565385
"868",0.364737986803903,1.64403814246213,2.1422161954966
"869",-0.827374462172188,1.24067262111494,1.65505728601925
"870",0.742325899191718,1.35686898864494,0.483185107576479
"871",2.18765006983387,1.44637933838174,0.433972172879101
"872",-0.922370895541629,1.29894612318692,2.19427394521291
"873",-0.0560940996857312,1.2902684262489,0.716153519092662
"874",0.141666457124456,1.37263640146957,0.951351124389545
"875",0.239250453768409,1.41710101143756,1.09720488213224
"876",0.643513304820172,1.3436782662813,0.469846560772179
"877",-0.430799418228377,1.11458245194711,0.282706814332436
"878",0.195416782586015,1.29768958294429,0.533715727063438
"879",0.621665565360582,1.37547380937387,0.640960784156623
"880",1.33406913910099,1.41532828644882,0.522524535571557
"881",0.6070102506924,1.53715230089698,1.45760141772707
"882",2.70486764405535,1.50909659077763,0.641384906011838
"883",-0.543969306497806,1.1638299921944,0.703713517111205
"884",1.72329168823632,1.53543420773816,0.998614240363019
"885",-1.016930591553,0.832388266454879,0.148821766068389
"886",-2.11005811685601,-0.656833610683116,0.401669653819307
"887",-0.271842477956554,1.53207418401762,2.15991684875173
"888",1.07533352418681,1.84480326356467,2.76914698636772
"889",-0.66485475970969,1.17493779375666,0.975005226500371
"890",-0.0793970937292244,1.49919449588398,1.78380146008804
"891",-0.115164237763316,1.20032236758593,0.325786494511335
"892",-0.365098117441251,1.37870393027983,1.51191764439347
"893",0.260768239093519,1.29388390481782,0.46508433621083
"894",1.02102097072015,1.28567088683878,-0.00363620988466719
"895",-0.366738634062244,1.12017553978746,0.221476640193647
"896",1.07562800033246,1.35597493333483,0.324883378043224
"897",1.89361108026502,1.78897417939361,2.21936229350664
"898",1.01551135955242,1.32336564599826,0.18720207339006
"899",0.0639119119586952,1.30755264230283,0.691649423627243
"900",2.29760245817605,1.40782029047046,0.216547629693522
"901",1.34679367798297,1.35705162609935,0.226637242290282
"902",0.990031053513326,1.46670499112837,0.914941153280421
"903",-1.28957574029347,0.662914313954364,0.476259139982847
"904",-0.617963205870358,1.42075162855469,2.11638866722195
"905",0.636282041255466,1.48440807119419,1.17749164427055
"906",1.58136668266894,1.46299229184292,0.678787247441601
"907",0.83386088786735,1.26092731434625,-0.0421726149060379
"908",-0.800029118172766,1.10438869426451,0.908673213440353
"909",-0.282470266346274,1.20426044610644,0.533799457964994
"910",-2.22433335588925,-0.742972981927674,0.371352209219944
"911",2.17006001661173,1.85108923920912,2.46157768775376
"912",-0.213938918847894,1.15357241581848,0.199319941034349
"913",2.77057125068025,1.42878834303897,0.227948133152815
"914",1.21187242093055,1.32972086322225,0.13946691088975
"915",-0.976479195506062,0.84002185160867,0.0584888012000839
"916",-3.03684875413613,-0.928882454169145,0.960265890308971
"917",0.596947114351974,1.30613412929272,0.308224838517709
"918",-0.482494345232717,1.17097218584698,0.641576594842488
"919",-0.722321982858646,1.27191570882775,1.5751139819487
"920",-1.42752397271779,0.602930215669382,1.10034217868475
"921",0.786334301058112,1.6114182388103,1.73363089035429
"922",-1.40113445690786,0.596981019440819,0.86812027639953
"923",-0.374959610193171,1.32894181062092,1.27639807219656
"924",0.755358718821003,1.57135082594642,1.54892016997041
"925",-1.36700168122337,0.528183002528833,0.282030993123673
"926",0.137250343344437,1.43584307789301,1.27099820434131
"927",-1.01488323900635,0.915133309312656,0.55582660554184
"928",0.681686233457315,1.34225787826115,0.44198603112149
"929",1.84961441980698,1.84101640699341,2.49132060739719
"930",-0.66260227539728,1.04544442101762,0.323201389302321
"931",-2.53301626175317,-0.758712874590922,1.06559528136281
"932",-0.145214479309901,1.17687665807484,0.240087835552481
"933",0.395219156028174,1.35307990411052,0.66696833697465
"934",1.48539752950818,1.43039194949477,0.546310628482964
"935",0.567798162318199,1.57607609119132,1.67472390722027
"936",-0.209600449146762,1.23294940439325,0.591265469222658
"937",-0.31636488822587,1.16025648974412,0.356077709444189
"938",0.405243076341556,1.27727369745833,0.281315896025396
"939",0.264851069964499,1.37312940630921,0.858301341800422
"940",-0.21914003840503,1.14194963347169,0.147156569793056
"941",-1.02299202646756,1.18697019751246,1.941768807123
"942",0.616832024888273,1.37712503350346,0.651927681357924
"943",-1.0118492031206,0.857271733699051,0.256603364449443
"944",2.80356239321638,1.52969785784483,0.72664128777694
"945",-1.37379290454227,0.624500735462215,0.810130626889334
"946",0.787603134617374,1.31814217014528,0.266617437919196
"947",0.353759650136271,1.48707616534531,1.36489527520661
"948",-3.10316099486765,-0.924517063256052,1.05295935363403
"949",0.713643468997147,1.44967305901617,0.962106400037004
"950",-2.0162149534276,-0.398690065789631,1.29273100503137
"951",-2.15939507796668,-0.660654339485154,0.565548650676134
"952",2.28614531375931,1.58117257443459,1.08581869554824
"953",1.28882153843482,1.40389110602212,0.48162311461749
"954",0.124670794437785,1.22282399039934,0.21627289698523
"955",0.896950383999578,1.49770005495714,1.1118150658203
"956",0.314933482310263,1.27214264732591,0.317244549920658
"957",0.440460214061183,1.31779086626745,0.461042155818242
"958",0.350202940483075,1.4771583953427,1.31774666897881
"959",0.371042337469527,1.22330772666238,0.0342928232040062
"960",-1.44440032694329,0.419362831129079,0.319732759233357
"961",-1.08574375819537,0.865201264791483,0.553553111014241
"962",-0.541861096454002,1.10474354199597,0.40480318606621
"963",0.253101154879364,1.36935965817755,0.848143913818843
"964",0.925248631078988,1.39892361621601,0.604928151672927
"965",-1.64285992456302,0.135639068530345,1.1200880450729
"966",1.7819976596454,1.7811442069856,2.21052352303633
"967",0.692340749740742,1.56957164996731,1.57285982719118
"968",1.23136452669456,1.45538702812274,0.760406097162936
"969",-0.910362134801128,1.04592684618569,0.895778824949488
"970",-1.63180942890638,0.0549598462774298,0.576829470827884
"971",1.39641991322667,1.41165886528141,0.482414951360155
"972",-2.81710042982863,-1.04708434044273,0.0963870697769172
"973",-0.700657831413874,1.16465691153994,0.994324531782543
"974",-0.255037555232955,1.45029171430935,1.73081926040546
"975",-1.26206161347934,0.760652564335692,0.814315181681566
"976",-0.638386466902986,1.15669892807615,0.833655174324724
"977",0.140605666388143,1.49783412595018,1.57820652830579
"978",-0.69449307577727,1.38668783677396,2.0920566476308
"979",1.00794106473096,1.58438970325358,1.49558458380397
"980",-0.39060600108683,1.48014121425735,2.05378546445247
"981",1.1565763063194,1.61281620019612,1.57638424678004
"982",0.484284667049157,1.22373147872684,-0.0368536644143736
"983",-1.60983723725164,0.148201597644661,0.748522469453498
"984",-0.293366359699455,1.17569409844612,0.404398437436319
"985",0.541794422053092,1.29464997869611,0.282875860942041
"986",1.81885630900958,1.50679442799489,0.828577161056508
"987",0.294466838456332,1.37591628942005,0.850697219234329
"988",0.221093862804114,1.42950135676098,1.17296155467678
"989",0.843399316623199,1.35209111936449,0.409049165327282
"990",-0.514403749254541,1.03960525126504,0.0346230988704004
"991",0.813947994874575,1.38316518393518,0.578708956653763
"992",-0.83815833346804,1.1151841567725,1.05396879980706
"993",-0.521037261983069,1.04205524833356,0.0574853459784313
"994",-0.250315428552454,1.2889688874302,0.918596812427666
"995",1.20380615755924,1.3699618172031,0.34375550399427
"996",0.681313391481634,1.46504428832473,1.05611814458997
"997",0.921518353375845,1.37802718144037,0.502146629307297
"998",1.74478526560347,1.38364661008654,0.233525769617383
"999",-0.220325644276669,1.23303631617968,0.603950869193941
"1000",-2.33994930457945,-0.719300248780379,0.822568071362755
