"","x_pa","x_child","noisetmp"
"1",0.172927054136079,-0.448590911793894,0.304442769418796
"2",0.0884278927799304,-0.303115402385548,0.965835584617026
"3",0.907322832766556,-0.309172113748497,1.46207688686181
"4",0.406785685451025,-0.475526331436856,0.336488437483493
"5",-0.97506068291393,-0.132495022990326,0.569522388067217
"6",-0.317325448997131,-0.172195700254233,1.25062972455901
"7",-1.61012171806455,0.0564048238495341,0.0241532998243555
"8",-0.0653565059437739,-0.278733492414952,0.95867270320535
"9",-0.391916336717256,-0.373492644845159,0.164740080676258
"10",1.4373248407262,-0.659047037731969,-0.0445744430174067
"11",-1.73873317177678,0.307955243301027,0.959185110534542
"12",0.148033249822244,-0.187647913923812,1.59005930060905
"13",1.11277764579075,-0.22143595986438,2.00184746773278
"14",-2.29623059631386,0.50309917105694,0.918528606521597
"15",0.793786392095342,-0.538343779383134,0.255949320858922
"16",-1.50353147342849,0.102727915037067,0.559068432865919
"17",0.259799261045897,-0.173631383549444,1.74376661142749
"18",-1.89625692614289,0.543085088403053,1.793190305274
"19",0.566849476179704,-0.452344485130417,0.554735547528113
"20",-0.729432866849033,-0.299492905774547,0.116710858518598
"21",-1.12400551923423,-0.0409705223897324,0.752401575090635
"22",2.85192820537362,-0.64339620543096,0.475086155997745
"23",0.303554025619931,-0.279946930783507,1.24349422710849
"24",0.358287117804241,-0.511881099498288,0.121914770388604
"25",0.0811272651608914,-0.469497237314957,0.128068331057895
"26",-1.14061087455522,-0.0105138140991866,0.871651779449318
"27",1.44348489565612,-0.476710196847822,0.869608640406434
"28",-0.625072049937092,-0.301365742805726,0.248079619771038
"29",-1.76891015371305,0.321037970370805,0.954943927987968
"30",0.736089096482284,-0.532396379766103,0.253743041139469
"31",-0.983845213454455,0.178659256151594,2.11009175059328
"32",0.886193581707249,-0.378592583814499,1.1040089071592
"33",-1.31748689853789,-0.0666804082772786,0.20374073879301
"34",2.00238159607144,-0.603003686990256,0.440474772114072
"35",-0.545232059506025,-0.269054244849541,0.509972763629957
"36",-0.168840350505582,-0.375734272639824,0.37956353396542
"37",0.781387524638095,-0.343269570505646,1.2245330291898
"38",-0.25728195773986,-0.398261899902182,0.181342519890165
"39",-1.29672678168911,-0.0561980931738253,0.305213895939649
"40",-0.163316027316212,-0.415731396806175,0.184760971210796
"41",-0.0372546096140703,-0.454290523203093,0.105396174776429
"42",-1.46719510828834,0.217507923068431,1.23706646539184
"43",-0.461742750461244,-0.305575942168732,0.426141549645216
"44",1.42344041620467,-0.294608832611155,1.77196009338017
"45",2.21027022244279,-0.686345233244218,0.0884600824776005
"46",-1.49524768003186,0.0728246833729344,0.433663283736304
"47",-0.4883569536266,-0.263624180719085,0.60506106337806
"48",1.17304178325333,-0.492984130792501,0.671977265080189
"49",-0.872672135535421,0.0989499750842527,1.8956519032815
"50",0.488436663537297,-0.522459306899465,0.155122434021731
"51",-1.09346138754129,-0.00382523566782381,0.997561971084554
"52",-0.817785447064213,-0.282515444295233,0.0730150797361101
"53",1.87293584869834,-0.619619066012937,0.31446340088669
"54",0.181823167859767,-0.1176848553749,1.96573093918237
"55",-0.113468559585546,-0.455129747846444,0.0337119041071941
"56",-1.20804039070339,0.215221279994859,1.86067002722935
"57",-0.966705836242291,-0.250553521923846,-0.00642015892950127
"58",0.751511368850127,-0.56424085241856,0.103149186636047
"59",-0.333069857686188,-0.412082673194183,0.0347723678762861
"60",0.614038963422301,-0.458603218653422,0.55199483455561
"61",0.477378484024549,-0.476462523973403,0.378024643003666
"62",-0.107473949155329,-0.397438472172189,0.327595151032249
"63",1.24150532897525,-0.642976415314639,-0.04722880321559
"64",-0.728306401126669,-0.162368570651579,0.803913769813719
"65",0.548849883633402,-0.3363095204435,1.12383249542562
"66",-0.700879076371346,-0.254662546533441,0.380512872105354
"67",-2.92298881714999,0.619853228621304,0.79117621688613
"68",0.110767042976376,-0.0494498733171352,2.2519302786145
"69",-1.98242174493753,0.357295858439098,0.698110963451025
"70",0.0409741280536131,-0.454863076327257,0.168555473512443
"71",-2.35423462855185,0.327176028833221,-0.0414797613144567
"72",0.743668885284089,-0.374013645768141,1.04990580505404
"73",-0.0296470819058993,-0.384938355419897,0.45871824407168
"74",-0.114770912024533,-0.188827698885695,1.36404039718272
"75",-1.11244179497235,-0.109328231305509,0.433313908911579
"76",1.49821362732177,-0.26309555104573,1.95959839279215
"77",0.823949436505657,-0.580029118413505,0.0638618792611267
"78",-1.63514463557894,0.1162965408978,0.257303112711087
"79",-0.0187213169646168,-0.403140047030007,0.377078846343888
"80",1.4325081992343,-0.378220168983326,1.35760140922474
"81",0.992956083701596,-0.387432185602953,1.1141002801399
"82",0.576265283084708,-0.43301325337488,0.657145164756101
"83",-1.15491651461862,-0.0506170936575723,0.642257172828886
"84",1.83567934532738,-0.482548969631204,0.987051673388462
"85",0.570958945004099,-0.186763741494379,1.88515381250732
"86",0.281058958232842,-0.490059160636006,0.176935347623872
"87",-0.393291724043603,-0.197582017587426,1.04279013774124
"88",0.0906292747760845,-0.394147287977009,0.512437538984016
"89",-1.01796014557499,-0.0874492693797859,0.71937733371509
"90",-0.940802134000391,-0.168147353554575,0.449441980789705
"91",1.17645000441187,-0.427418113641276,1.00136089811034
"92",-1.71666364775937,0.370318607020555,1.32332239390618
"93",-0.139809658861992,-0.328261302805583,0.643959894315641
"94",2.04063034856767,-0.60394604427544,0.448047246872647
"95",0.881150394575927,-0.549402360045349,0.247326140921093
"96",-0.332525264199643,-0.339937386996287,0.39606980578582
"97",1.41983473578134,-0.627589885614117,0.10558037986601
"98",2.53084587442669,-0.519853328927104,1.01156120441205
"99",-0.229006659896248,-0.374107912141441,0.330018607780306
"100",2.3071569567519,-0.493487675111662,1.08124479500278
"101",-0.546380979681271,-0.312724702857217,0.290218628769557
"102",-1.30267906678866,-0.0142072201564267,0.501208384074304
"103",-0.587945976612814,-0.132639067854745,1.13911810510432
"104",1.7096044355998,-0.575809766776591,0.476138701155662
"105",2.33068089634709,-0.701945427164938,0.0457257724160119
"106",1.57848131436121,-0.649054958884956,0.0610465827958491
"107",-1.32261092006309,0.226522295236216,1.65748228872971
"108",1.01718417376765,-0.461996560661317,0.753220404834726
"109",0.838828703186319,-0.392240729460071,1.01077511545771
"110",1.23779256603521,-0.430807273227713,1.01197311155757
"111",0.663029918836171,-0.540291552226433,0.172467656598017
"112",-0.266991554949725,-0.368493355363463,0.320480412517803
"113",0.154251371013319,-0.300511792035451,1.03053660116331
"114",2.79872472868581,-0.73506509536261,0.00387640781915384
"115",0.140292135824783,-0.382866803125649,0.607968736705431
"116",-0.664172608377007,-0.181233285436581,0.79734428041244
"117",-0.80747123771514,-0.0517996125542039,1.242084375724
"118",1.37730358953246,-0.486170005147683,0.795114403036355
"119",-0.682155871515026,-0.165772970816529,0.850481524136269
"120",1.04566325832949,-0.541383808037321,0.370149271000155
"121",-0.282311727892654,-0.404190956156984,0.126550639570461
"122",-1.13493849102036,0.00444552600293024,0.95779096599632
"123",-1.17781405263406,-0.14173889251266,0.139596282348836
"124",-2.714346356726,0.694717730559069,1.36841169823607
"125",-0.5887787946823,-0.320150764689059,0.200510720458372
"126",-0.342558477121696,-0.212961534742348,1.02039490748603
"127",-1.021789067343,-0.216117639471749,0.0691670784266982
"128",1.65776064443685,-0.42429074058988,1.2147250685124
"129",0.562215671021851,-0.304709166053365,1.29007025773297
"130",-0.37174000772358,-0.336544299794679,0.371366257917467
"131",-2.28081766055483,0.394308606931813,0.396566797269035
"132",-1.50996966833898,0.215853878107322,1.10580059886855
"133",0.251315202993034,-0.508952546062108,0.0610001380051114
"134",-1.01095244752994,-0.104621647091842,0.646025189034254
"135",0.410546063681572,-0.500813929801201,0.212557308578899
"136",-2.17942051735388,0.293216540389856,0.0428429156372694
"137",-0.0277803120422929,-0.0598719694879044,2.08565546545609
"138",-0.394855532219945,-0.375547169311153,0.151253627058174
"139",1.50288461774326,-0.616380880378083,0.195018904880918
"140",1.48313392949058,-0.480693190285798,0.865621999387301
"141",-0.908083239684506,-0.214151992003009,0.27339654951241
"142",-1.35132261985007,0.0767665645463145,0.838714501577637
"143",0.918186778285261,-0.558730924043564,0.219877721998565
"144",-1.51800803125754,0.193238337853922,0.968931239729951
"145",-0.84602837308359,-0.0642317881994888,1.12133732084962
"146",-0.446075659558203,0.134925743388269,2.64653058345334
"147",-1.33885440640609,0.207187429273759,1.52147021830999
"148",-1.00660744336943,0.122284878734065,1.78827503310379
"149",-1.20199354113777,-0.113483810901292,0.230043796301421
"150",-0.7769999323804,-0.113284639126006,0.97966729379471
"151",0.135980520785265,-0.37093858982136,0.664258223709342
"152",-0.0154586961645169,-0.487832024343335,-0.0435955479003922
"153",-2.15444197385392,0.476234504623473,0.997307514088388
"154",1.37233683213855,-0.613829089666568,0.154746632668608
"155",0.865275420229143,-0.485515694823422,0.558426371762259
"156",1.22504102576434,-0.331925162251986,1.50071725761967
"157",-0.879917697738785,-0.275980377673857,0.0095272248359014
"158",-0.593093754904524,-0.201631567500751,0.787661662919972
"159",0.598224579391933,-0.53166662291569,0.177187001621311
"160",0.656288223548943,-0.377472525945289,0.982626863025767
"161",-1.07702162036466,0.0411597640143077,1.25378466734059
"162",0.921685621461708,-0.380101216915459,1.11482194455478
"163",-0.78673645081036,-0.273429692124031,0.164681596385829
"164",-0.994641985933504,-0.117904349353355,0.608427243849173
"165",-0.250040001650324,-0.36810010959898,0.3393489802149
"166",0.770204275775324,-0.340145024885199,1.23399796596701
"167",0.58961446058584,-0.487261535756896,0.394012314694499
"168",0.171250210240431,-0.360012642933709,0.746056372025187
"169",1.58351105594745,-0.480742065364861,0.904534395899449
"170",-2.27637879067373,0.342351929459956,0.143167250783379
"171",-0.997151755142622,-0.117446422945749,0.606310039722862
"172",0.484127916705957,-0.539600938174759,0.0666599242372189
"173",-0.798387142980791,-0.176826103944062,0.630486722553968
"174",-2.39777670763321,0.823826321984324,2.38377048054245
"175",0.165792152839655,-0.377532007359101,0.654291868106755
"176",2.03675131074124,-0.561423485860101,0.659422315701524
"177",-0.209812749597864,-0.154762314783511,1.44539420734963
"178",1.38836154243506,-0.179492639118221,2.33309915569728
"179",1.22036370136989,-0.248434100770178,1.9160859977102
"180",0.958746209516146,-0.42014547481963,0.933437735189436
"181",-1.51698814835848,0.102948614080877,0.52051345368925
"182",-0.701743762251642,-0.179918779029189,0.753044037239539
"183",-1.08084358014343,-0.0113730382498648,0.983886797112848
"184",0.310693242327366,-0.501574095536504,0.140393325528644
"185",1.2054082169932,-0.521525648247396,0.543927183262558
"186",0.584088792220422,-0.368035565934719,0.98679260801552
"187",1.96869510879259,-0.507098955500863,0.90903030958375
"188",0.0775354548117398,-0.408474608590353,0.430289946511238
"189",-1.22052275590352,-0.0215879405029387,0.649753343170162
"190",-0.479444110838744,-0.153814252066118,1.1645044604217
"191",-2.27332128465679,0.485999175060721,0.865813944891595
"192",-2.45581790988851,0.654023359216228,1.46038357186483
"193",0.242208402960383,-0.515556712604076,0.0213331396973449
"194",0.179957203660415,-0.418655729636569,0.459462002331504
"195",0.726394908526877,-0.344873380227072,1.18590004707234
"196",-1.01791579550486,-0.196132694369682,0.176039626897458
"197",-0.193929323171647,-0.408286042407435,0.193029842077111
"198",-0.151965893967138,-0.414625487536199,0.200881506326966
"199",-0.525851470108355,-0.199570007314036,0.880862845488768
"200",2.07034963652962,-0.572869230157882,0.612854270048996
"201",0.943558925820423,-0.525142509942367,0.400773454871262
"202",0.212554636646527,-0.423100075382938,0.461732723290442
"203",-0.0497843339509542,-0.426315925521689,0.234394723562584
"204",2.24812741863822,-0.429563755715793,1.38362179254698
"205",0.0708828829953893,-0.336216816784738,0.786206843929663
"206",1.63253833416056,-0.625395591246627,0.199806991907117
"207",-0.588913812877422,-0.169368574955869,0.954251557370148
"208",0.94782442485248,-0.381400365477321,1.12164654024318
"209",0.749206888727404,-0.517452930109552,0.335803707652013
"210",-0.00058768177824151,-0.254821300766823,1.13408349708636
"211",0.205628959636804,-0.263406050734242,1.25503781099448
"212",0.532538264247441,-0.527794254944451,0.156278766492874
"213",-1.29921766592563,0.0266066387196216,0.713406053712854
"214",-0.167093572092436,-0.342824208616521,0.545754732926676
"215",-0.92484821191894,-0.107838788938034,0.777494388311715
"216",0.2619000694295,-0.13925306002245,1.91717912477137
"217",1.24225338294427,-0.468154402208053,0.8272121283157
"218",0.453728896207314,-0.306651080658978,1.21179466180056
"219",-0.0763141291892376,-0.314574438194287,0.769793867121569
"220",-0.326163727496104,-0.198142361210442,1.11169926252685
"221",0.0413578419641937,-0.196880589680081,1.45878401351724
"222",3.19455396493967,-0.565855690368963,0.940551894762464
"223",0.0875604795016814,-0.455685904189043,0.202288397921592
"224",-1.57861926493073,0.0591057251091049,0.123770822231918
"225",-0.0351401473088934,-0.40792282437371,0.339061435063118
"226",-1.13483494142984,0.159400553112406,1.73277259385501
"227",1.21610516128577,-0.265464876389795,1.82902857268044
"228",1.22185814698597,-0.376483877691699,1.27650426385292
"229",-0.162941862651454,-0.415168270710669,0.187926981722649
"230",0.451825133330105,-0.361303234575264,0.937294798397263
"231",-0.457971431070842,-0.261498146415951,0.650853010019995
"232",-0.715954164898903,-0.240899668419593,0.42850508624312
"233",0.924369008533039,-0.559570555705111,0.218850387413459
"234",0.596526550833546,-0.490994023537308,0.379526308501379
"235",-0.2148827550896,-0.399518074903672,0.216712620303306
"236",-0.69794311152504,-0.102931085927416,1.14319680830256
"237",-1.16027027623745,0.0867576542945877,1.31822185558238
"238",-0.320536763882056,-0.0934198599401577,1.64117363291511
"239",-0.715746438840986,0.189696340855147,2.5817737329982
"240",1.0823427285301,-0.074063962393166,2.72433744407462
"241",1.33479991080478,-0.505013097760304,0.683019378025628
"242",1.87554063367382,-0.605678873906814,0.385049691888077
"243",-0.789074882078534,-0.303906682253457,0.00885490035822648
"244",0.806952565130488,-0.498542624092677,0.462117058910817
"245",-0.183123067618398,-0.407950476409615,0.204995587976694
"246",-0.153150712719368,-0.417688120219973,0.184466397997019
"247",1.58276115875178,-0.643212079067761,0.0918978247359279
"248",0.782479344312661,-0.245795920060216,1.7125006363645
"249",1.27966655116831,-0.167492093946713,2.34693221009806
"250",0.17395349955472,-0.38563103573871,0.620023675536134
"251",-1.31271973694402,0.272703803710461,1.91202081907215
"252",1.37427470327683,-0.467111831020399,0.889142019771149
"253",-0.74867704331469,0.0575196263361382,1.87454026628972
"254",0.0014644573300009,-0.450049626034128,0.15967506190086
"255",0.404355418184218,-0.325200501926977,1.08649469891695
"256",1.04985984625987,-0.563772255014241,0.260234630289084
"257",-0.171661019207916,-0.308289880360566,0.714131901010719
"258",0.339585888419618,-0.533043658862639,0.00321750849477215
"259",1.17118685976284,-0.381870014316403,1.22670132337997
"260",-0.59732456081891,-0.33547045817926,0.11311116537859
"261",2.43804493863649,-0.610232871415037,0.534474966757188
"262",-0.530673110027604,-0.359038069156543,0.0777150309479765
"263",-1.05104569662857,-0.0194319422806416,0.999324991749126
"264",0.0819920608315692,-0.400947261775028,0.471513467395347
"265",0.25886045787981,-0.463561984010689,0.293433367007869
"266",-2.16659445483873,0.497437624530965,1.08406336247747
"267",0.714283093603712,-0.417766709403561,0.814576741636001
"268",-0.743889163989486,0.000771402005444621,1.59761374950301
"269",-0.424116071786394,-0.283038754031675,0.581436611034829
"270",-0.736035121694567,-0.205997747324311,0.574890489553733
"271",-0.546595858726119,-0.0493006525474126,1.60707656531632
"272",-1.2269862717877,0.0257980690816236,0.87263922617952
"273",1.22264828682683,-0.578902655832355,0.264762927411284
"274",-1.1870481667447,-0.184972885786253,-0.0958442094720781
"275",-2.1277600605379,0.544227644800507,1.38026140992621
"276",1.51883566084853,-0.411900246636504,1.22370269340434
"277",-1.41089491644083,0.0314573372063007,0.459983553527792
"278",-2.23340522673101,0.382927721558104,0.409047268211769
"279",-0.518962072010165,-0.2060968400258,0.856491159438654
"280",0.858533597484654,-0.13470855319223,2.30890368290358
"281",-0.792824887898842,-0.0831605880130788,1.10705237326886
"282",1.16866567103397,-0.356377528122564,1.35301203011938
"283",3.31251668586142,-0.398109860139832,1.80417528585717
"284",-0.940529443476288,-0.14696248283726,0.555822521989404
"285",-0.800303833657496,-0.239085734043716,0.316341160986788
"286",0.5977615782282,-0.136900171358053,2.15074021960138
"287",-1.22675340441993,-0.145885754530991,0.0147276485416794
"288",-1.88153849373556,0.197317826609482,0.0940993462472236
"289",-0.013407594246022,-0.159152299918036,1.60155134688503
"290",-0.867265587392486,-0.245016175673578,0.184336650835522
"291",-1.22295504704954,-0.0410017857223487,0.547409652146776
"292",-0.4218443068325,-0.127777093042983,1.36028121907532
"293",-1.74338445691677,0.167469887385361,0.245882097399207
"294",0.0906667844818664,-0.471230585873498,0.127051041871473
"295",-0.389850856375099,-0.0801909081749617,1.63350329009345
"296",1.13059386670551,-0.578517152387223,0.224760888830084
"297",-2.9820509041693,0.627024493876546,0.774405338427677
"298",0.0184959210596336,-0.228159241174989,1.2834274151061
"299",-1.88464651326243,0.223547612300844,0.218932325626918
"300",0.161533054979001,-0.461519043180432,0.231095251410704
"301",0.680898155900976,-0.563114797251867,0.0687179369017057
"302",1.71291010902692,-0.521079077302757,0.750990722155091
"303",-0.537367355719438,-0.199408013735168,0.867768090377232
"304",-1.85370813137448,0.311282657155443,0.721325545939895
"305",0.192592194491714,-0.165427760462507,1.73515032943847
"306",-1.01260987506477,-0.0926677963456228,0.702842770448162
"307",-1.30156881966714,0.0103917267384158,0.626813446404859
"308",0.7131463514829,-0.285219898163405,1.47666512211677
"309",1.32919380067571,-0.350807758021997,1.45166304262157
"310",-0.120564582492945,-0.399116411654112,0.307327751556253
"311",-2.51321799829221,0.445998513474119,0.34982341672921
"312",-0.370060085110425,-0.267456348329519,0.718614334559959
"313",-2.91501315286007,0.506745495089692,0.232896570066938
"314",-0.613582113380106,-0.256594619999402,0.486748992898173
"315",-0.642863641076154,-0.235613315098266,0.553645836262669
"316",0.784730731989055,-0.479770168843819,0.543864268921351
"317",-2.09457538473108,0.416355666209517,0.795753711121877
"318",1.5291399084304,-0.418034570028303,1.19706602108794
"319",-0.0657476831072747,-0.129836792929538,1.70281198958255
"320",0.950820040195588,-0.583937370404382,0.110477496083524
"321",1.0756192404477,-0.387934813766041,1.15178139012256
"322",-0.0268384528334959,-0.238339923152928,1.1941249246662
"323",-3.18844208477528,0.599160694666605,0.465534545712962
"324",-0.73232047185473,-0.276018773062672,0.230021689864701
"325",-1.94447531995602,0.326825490928528,0.617287809061816
"326",-1.36806068581015,0.0168440521678428,0.497315348285564
"327",0.233493979626873,-0.368186769051731,0.75179051975192
"328",-0.583912798861524,-0.118788887989817,1.21343935910534
"329",-0.541197035196224,-0.371505008407047,0.0026328257061287
"330",0.246930605838751,-0.256044197235876,1.322346312307
"331",-0.670045194838107,-0.0786577437381552,1.30236795476706
"332",0.678768670581686,-0.527072395144877,0.247699445371226
"333",-1.12176939316081,-0.172789125275793,0.0977175582341457
"334",-1.14105209526805,0.275688745180086,2.30177975511487
"335",0.733693729455833,-0.268004559111028,1.57435598276306
"336",0.411705614440675,-0.338115243898086,1.02682271625672
"337",-0.430738549940576,-0.314471858301728,0.416854130110867
"338",0.769592436120416,-0.440348989387126,0.732640260019391
"339",-1.25360897299188,0.0177194656862502,0.773441067018852
"340",-0.847824805488936,-0.20491123390206,0.415164637351531
"341",1.20769490424406,-0.546534272390028,0.419911565842369
"342",-0.677248741017999,-0.138076664103487,0.995590332638101
"343",-1.05659062056296,-0.0456399255621827,0.858028718981383
"344",2.95809125676774,-0.277500962719679,2.32957505206234
"345",1.05972295084922,-0.505781099717108,0.554940251954032
"346",0.12652089614952,-0.487628913152456,0.0734233027770026
"347",-1.91640597483817,0.320734135825536,0.641381954764522
"348",0.100907265138003,-0.414385816618446,0.419437960035345
"349",1.46450194223572,-0.648139130036905,0.020940579304302
"350",-1.97640021906181,0.300231776135656,0.423975555938478
"351",-0.987418860628479,-0.22252133363991,0.0979706728407599
"352",0.269883132311251,-0.191159464680228,1.6634099449841
"353",-0.78853888359908,-0.0977170758128595,1.04059240231568
"354",0.818611888927712,-0.107423186915275,2.4240178382548
"355",1.13474173610692,-0.280517157053348,1.71668803561044
"356",0.409813657186942,-0.179696264765657,1.81765777753624
"357",-0.963217433257979,0.187503614231252,2.18982604145078
"358",-0.570001341965773,-0.313297272244184,0.258269310874696
"359",0.0447433720202577,-0.442589610118248,0.233024749639054
"360",0.178461560961313,-0.274120141254576,1.18100500358675
"361",-0.77602940761958,0.0364025122961819,1.7295183639446
"362",0.846412377858726,-0.370214610651689,1.12494624781092
"363",-1.68466088298052,0.146644885986572,0.282985107811131
"364",-0.186248369113606,-0.421949114715358,0.132034462848786
"365",-1.56739333436221,0.0950160928691266,0.334745641173173
"366",0.313797285588359,-0.35096316548002,0.895630806946625
"367",-1.82640455518963,0.169541894507173,0.0704598149109484
"368",-0.261846103673338,-0.191067940662369,1.21275826455091
"369",0.0654820990297972,-0.33858323494471,0.769997679122692
"370",-1.3097988709632,0.020433197331307,0.657599953168574
"371",-1.03120377324349,-0.186575133463508,0.199890528503832
"372",1.45870591584715,-0.427735070468592,1.12063077654032
"373",1.41460130108539,-0.235483826349218,2.06396654555337
"374",0.103079536312323,-0.405314333365123,0.466520566415395
"375",0.218419184395332,-0.496905938513711,0.097060948393514
"376",-0.82666829548027,-0.284459891862099,0.0498467087137224
"377",-0.703430910404205,-0.0329459055139898,1.48558873395277
"378",-1.36568853397686,0.0397633873642171,0.617879235557872
"379",2.28682693880853,-0.538401277879718,0.850779859546772
"380",1.15978643431001,-0.464851054014947,0.806577721439741
"381",0.155703565488263,-0.315486282457502,0.956781856984462
"382",0.451554065285432,-0.482934228830914,0.328963294605415
"383",-0.594525243039386,-0.064581742480718,1.47110048674139
"384",2.14789431429197,-0.691380990602494,0.0443936780615232
"385",2.7894626315216,-0.606065103355754,0.646613509000924
"386",0.527320742474223,-0.521143588043348,0.186273382345044
"387",1.48147742575263,-0.587346206174319,0.331696790467983
"388",1.13531294577387,-0.58673636286373,0.18585711466081
"389",-1.43997015027817,0.0103295311936797,0.27643191288355
"390",0.122849755781903,-0.316059379660719,0.928394466369714
"391",-1.0504124343909,-0.0697057207956907,0.749124145133183
"392",-1.13990812576823,0.155336946242553,1.70231410456107
"393",-1.56399084065477,0.0945019037393187,0.341777170720599
"394",2.57367748311707,-0.357895331589472,1.83270604951237
"395",1.08442365254181,-0.436247547134974,0.914408466099488
"396",0.61606350640185,-0.310200049185707,1.2952200816171
"397",-1.43245187151793,0.135476676819123,0.922553152968123
"398",0.00304921121816003,-0.448933251724063,0.166593885362083
"399",-0.760943775471466,0.112475949252126,2.13174300500143
"400",-0.46173945566832,-0.352815436205304,0.189947860877174
"401",1.13131346394514,-0.448128458288935,0.877038957909552
"402",2.42871070888267,-0.271278820681744,2.22666611219064
"403",1.63238390365785,-0.33796701647437,1.63689205060806
"404",-0.799366009810967,-0.099052859510791,1.01789930906076
"405",-0.119577363018002,-0.0999351259924069,1.80413338963881
"406",0.492124654212214,-0.268788418790262,1.42582937448066
"407",2.33567252645345,-0.597865247731498,0.56755583221867
"408",0.529714157209283,-0.244621526726676,1.57037966576613
"409",-0.219516972136635,-0.357547257024828,0.422070991575913
"410",-0.346645830932158,0.0101935555870304,2.1318498747613
"411",1.38665957064221,-0.571253050935296,0.373590840553215
"412",-1.11780100971885,-0.0550931687498465,0.69399909069078
"413",-0.209982877240094,-0.334516920808567,0.546456925841452
"414",-1.36994359202843,-0.0669805056360472,0.0734453424537439
"415",0.250717619516998,-0.327174014069123,0.969457739906232
"416",0.8353387472405,-0.529932955303763,0.320449518494633
"417",-1.52307988778095,0.116182044192886,0.56858359182907
"418",-1.303296447084,0.0307140897031432,0.724362108464943
"419",-1.81055071527225,0.410176882660619,1.30793479117059
"420",-1.70253488397084,0.270901593197487,0.860365559274779
"421",0.0496220251827727,-0.365108435545498,0.624435048916178
"422",-1.24562992713871,-0.119386758684151,0.10569821321943
"423",-0.493865015999704,-0.197784187435529,0.927804177027596
"424",0.506152257665601,-0.393724129186028,0.810056572630052
"425",-0.694054270684055,-0.320582171342638,0.0602606325874736
"426",1.08152396872731,-0.488540723596978,0.651564267289963
"427",-0.217772740750368,-0.238132606357206,1.02083796028509
"428",-1.25136008154119,0.0772926094641747,1.07633477253712
"429",1.04406774880846,-0.404685021356491,1.05287128951215
"430",-2.74438578073337,0.70050066676608,1.36634744023589
"431",1.09233054181792,-0.433674411174607,0.931023202403797
"432",2.50247522294151,-0.473116606793201,1.23763054010881
"433",-1.08889940231792,-0.0933790362535057,0.558525702632899
"434",1.11929994334715,-0.43065643185312,0.958798602176534
"435",0.0408965581039695,-0.361258353062362,0.636515178100203
"436",2.01476625317944,-0.405134407915927,1.43381825627145
"437",-2.406663254892,0.612055312511957,1.31331482873702
"438",-1.47807422527291,0.0528856325767262,0.383235645658929
"439",2.83028332380161,-0.722406826775742,0.0748261960619617
"440",-0.409887232224762,-0.274322425834558,0.640837120782177
"441",0.927909118455358,-0.330019566443681,1.3684168073816
"442",-0.63597284915444,-0.259614598563838,0.442660795169394
"443",-2.08954591030439,0.311317484592256,0.2790141923488
"444",0.381236538157526,-0.373365533785595,0.830122590396741
"445",-2.21667978666672,0.310041977235768,0.0697412647486593
"446",0.383497896872408,-0.493617047615695,0.230394464047929
"447",-1.0080381310391,0.125269238969345,1.80065907452262
"448",-1.97770857780336,0.327032423656595,0.555543283940988
"449",-1.2283601793872,-0.0211956414168426,0.634673827551342
"450",0.452757408426139,-0.530465788182453,0.0920889753491962
"451",-0.421421050806748,-0.258750460250654,0.705886475452851
"452",-1.0490521406307,-0.104973635337932,0.575291348963186
"453",0.826058955007446,-0.484484495236437,0.542718670550283
"454",3.05137311589745,-0.568287662305785,0.896923804643084
"455",0.940463333434225,-0.182183755699994,2.11399518232478
"456",-1.65842374636868,0.237087398210154,0.801161892130004
"457",-0.840681681696188,-0.0535232753192697,1.18311594135565
"458",-2.31631734707497,0.413600445546568,0.442777688249688
"459",-0.40777123669831,-0.171009027229296,1.1597430404229
"460",-1.19697770643009,-0.0815336470693506,0.400436827512699
"461",0.155555091828626,-0.398870282613458,0.539747624486003
"462",0.111129310006574,0.115785828900138,3.07839496678263
"463",-0.01980324626083,-0.253228576831043,1.12571124821788
"464",0.78938845580919,-0.502805615290388,0.43123740924779
"465",-0.635025184292063,-0.221640556729541,0.633767962540792
"466",-0.748105675777665,-0.26292938146953,0.273109826786068
"467",-2.63882199613859,0.453755001174176,0.244367739448043
"468",-0.711137729616747,-0.106349887631137,1.10793347231975
"469",2.18968407327776,-0.482353733318273,1.10223191492086
"470",0.906139846155742,-0.500870207449152,0.502975419573214
"471",-0.241965621510314,-0.316670851514966,0.604479243188002
"472",1.73179605362723,-0.414108764768625,1.29265946626236
"473",0.406762932060571,-0.397191556195999,0.728147129409307
"474",0.139612030077542,-0.498787680020732,0.0278362468961566
"475",0.799024168333282,-0.40469921729706,0.927026885908233
"476",-1.61248404036822,0.145662701674489,0.464105005230533
"477",1.75227744138362,-0.25304337978284,2.10532129864411
"478",-3.07988032326091,0.493820301208365,0.0253670907035192
"479",1.68988813313918,-0.571187611744812,0.492067412622105
"480",-0.836475659807624,-0.0785037912715931,1.06466669145234
"481",2.03308253237961,-0.530437271138,0.813181083412028
"482",0.282612600587134,-0.412471750559757,0.565983844402373
"483",0.21749685055567,-0.475875467422314,0.201528957809297
"484",0.349127413716774,-0.352953758336506,0.910257500930992
"485",1.13127446792956,-0.414881580693239,1.04325521632272
"486",-0.590947170677674,-0.350579644226453,0.0456322598644923
"487",-0.101908645143779,-0.180836981088111,1.41562233123121
"488",-0.809477603656802,-0.0598089330078954,1.1990348173525
"489",-0.93081962664591,-0.201757380452263,0.298021819012062
"490",-0.145132216507411,-0.394893068788028,0.305882875984759
"491",-1.29063216144166,-0.020660165098605,0.497109380143127
"492",-1.14555997645187,-0.0715136626012448,0.556706392032542
"493",0.847101051781177,-0.561124578736369,0.170762588183713
"494",1.95646837489904,-0.433366936415391,1.2736743518761
"495",-0.0643598985682749,-0.227543112293763,1.21550117303218
"496",1.52759017518927,-0.212892061260381,2.22217283110376
"497",2.15181715377173,-0.336699067373862,1.81900399414615
"498",2.30895034150282,-0.487363282373288,1.11238487760052
"499",0.758507151428791,-0.411083744500816,0.872826866159221
"500",1.13692238171434,-0.394463568747969,1.14796768053684
"501",1.03108324491171,-0.465774222053238,0.741121932069408
"502",1.0695554097155,-0.600457513158384,0.0862716849272862
"503",0.372918244300986,-0.481092891762422,0.285843396581494
"504",1.58523115075769,-0.465784289540464,0.979980111738517
"505",-0.820459644193291,-0.174116274990502,0.610973285791908
"506",-0.00185770575088029,-0.197949269931185,1.41736992036011
"507",1.39757008177842,-0.648609299615785,-0.00867190889598457
"508",-1.0978909725739,0.107613867209794,1.54624278159403
"509",0.200839429165818,-0.34853917539833,0.825788124918573
"510",0.0637109271495119,-0.346546277164368,0.728743912816323
"511",0.737692282021297,-0.583321137277808,1.93174234143709e-05
"512",1.30550307229351,-0.208954635633976,2.15079349337706
"513",0.444923256766263,-0.49471726066305,0.2657217700911
"514",-0.274718302459471,-0.0807321398204449,1.75151828741729
"515",0.567823226361599,-0.489568658082307,0.369211000982516
"516",1.33485111928614,-0.621005077852382,0.103081218308946
"517",-0.402175024067833,-0.306314767565695,0.489383393686346
"518",2.17410300498882,-0.15537051733028,2.73243502675901
"519",0.323468079531187,-0.398342377734664,0.665511152383086
"520",-0.0638900108466544,-0.117115816220536,1.76805075446762
"521",0.0290394425301602,-0.244079265203224,1.21260570646824
"522",-0.690532825639033,-0.208206746560618,0.626940533171227
"523",1.41125289118222,-0.595645035466471,0.261786135950191
"524",2.05541088624051,-0.667892019229837,0.133016960538998
"525",-0.327997629860572,-0.24480910400286,0.876450212144237
"526",1.19333092764987,-0.58681033979329,0.212059358654295
"527",-0.155472171974159,-0.398174686115443,0.279872041242392
"528",0.691562783552626,-0.545659115716316,0.162138794931332
"529",0.0423104929877881,-0.457722521243499,0.155358839193642
"530",-0.0535230411735138,-0.338191977824967,0.671753159612172
"531",-0.142310444716529,-0.287155890322903,0.847178260118579
"532",-1.6764445109337,0.151485902813876,0.327650386663124
"533",0.287216825824231,-0.301712010846907,1.12307058581558
"534",-2.14053454690968,0.490730513118866,1.09207268764051
"535",-0.287239533068318,-0.178448618725649,1.25026147296031
"536",0.606034130388439,-0.534013122424623,0.170151039493293
"537",-0.0175980616436354,-0.304711913925438,0.870179135930848
"538",-1.7269941896064,0.19365719399845,0.415376392695417
"539",1.41181466037345,-0.629216900526074,0.0941575281658261
"540",1.03499066411574,-0.491875885320822,0.612514497924827
"541",0.01432093463814,-0.378677557295897,0.527344120319004
"542",0.433911294405794,-0.375190560493469,0.856135956437285
"543",0.012410787598355,-0.0116614423921552,2.36082418057697
"544",1.44132122700484,-0.646843708249334,0.0180641202744336
"545",-0.71742433086466,-0.18261139101703,0.71790257232552
"546",-0.827437066378393,-0.245762129163247,0.242167184462842
"547",0.684041568628309,-0.510540053681166,0.333405610641934
"548",-0.909678891845947,-0.247760434876082,0.102756916668181
"549",-2.42640509859928,0.463629083570816,0.545691991530768
"550",-1.11689051007396,-0.000267828359889116,0.969911721011489
"551",1.99423664472895,-0.55276655256184,0.689021410843516
"552",-0.761108758005446,-0.0375161859543147,1.38154471967356
"553",-1.37814788874772,0.203709059977127,1.40609692461252
"554",0.700311093512677,-0.393776767051846,0.926564499754266
"555",0.790327878270098,-0.347468321817127,1.20843755215155
"556",-1.11249476795761,0.0629222317053182,1.29446279192298
"557",-2.64708528474686,0.556406464957917,0.748580029886663
"558",-0.433357613048588,-0.306543740724859,0.453551830934962
"559",0.0183068517058266,-0.372165654659572,0.563237413950709
"560",0.116669158360317,-0.374771513597834,0.629976851912911
"561",2.03479131365259,-0.649145345564717,0.220186930486591
"562",2.59861949474881,-0.339100346943032,1.93321660261606
"563",0.0967772246955935,-0.361593471355504,0.680113485491058
"564",0.59576268847395,-0.400828418461924,0.829893529642406
"565",-0.188878432941869,-0.336036839306589,0.559093512478618
"566",0.305236702252249,-0.137262325516053,1.95810577967297
"567",1.23943257223742,-0.39883168136824,1.17257750547715
"568",1.64112556773692,-0.583535800902236,0.412315057662681
"569",-0.401836159455728,-0.227137297217942,0.885643518841449
"570",0.618455370996385,-0.278766507953166,1.45381498322258
"571",2.59807533099746,-0.290450021911675,2.1763262337197
"572",-0.928549930882445,-0.10247828624933,0.798178452048896
"573",-0.0329141709850352,-0.102588762425544,1.86765225817909
"574",0.152628001618642,-0.480205630552791,0.130816823626309
"575",-1.50227984253992,0.296988417027523,1.53402862218981
"576",0.946730727336686,-0.416131569563511,0.947436496946909
"577",-0.185467335537593,-0.425773149312149,0.113656563410882
"578",-0.514990741748864,-0.246313750611776,0.660150527435945
"579",-0.782449769978058,-0.246423268914555,0.306005991960425
"580",0.378763801658256,-0.338122400778066,1.00466366840478
"581",0.354118641265548,-0.281330885488765,1.27180549022453
"582",-3.18211166390254,0.591744906781909,0.433349632841258
"583",1.57298928555765,-0.61253744159708,0.241529466713657
"584",-0.128306927447399,-0.239817050891195,1.09675271703372
"585",0.803297924891861,-0.5756467976299,0.0746128523775135
"586",1.28245586807139,-0.480701464503907,0.78209783732215
"587",-1.57499966714179,0.281568605023158,1.24617388673346
"588",-0.0195997622125322,-0.442972965807581,0.177163310603365
"589",1.73046488537658,-0.420044110400551,1.26250392521053
"590",0.100403332900951,-0.436242428107189,0.309754366409882
"591",-0.936656887502096,-0.0869151853875315,0.862525854635104
"592",1.36265896133717,-0.59223482195092,0.258667123220903
"593",-1.26210911717363,-0.0876937836554878,0.227267793928569
"594",1.41636107787797,-0.572711356803787,0.378550407909228
"595",-0.973966719818678,-0.0306379806092772,1.08069253913218
"596",-0.170030463526447,-0.286066192384116,0.826784907808562
"597",-0.0304431037489523,-0.293044698584171,0.91750143902866
"598",0.326747722414381,-0.395619964413319,0.681412973292395
"599",0.641480676792142,-0.455160304219881,0.585495192147992
"600",-2.29186967792607,0.5334801559979,1.07662818781293
"601",1.96660486090927,-0.656319440777183,0.162242644018251
"602",2.23238810973399,-0.607347254336074,0.490044135979343
"603",-0.472310016308072,-0.0696475452701393,1.59360940246292
"604",0.852310974683871,-0.490896604966558,0.524668687886498
"605",0.886501632089955,-0.431585281030523,0.839206097220391
"606",-1.32534494345863,0.141736890444907,1.22698058840869
"607",1.07000792033818,-0.559493319266567,0.291309063300798
"608",1.28316454567067,-0.545017357964457,0.460826185342447
"609",0.935549007218564,-0.506195527237207,0.491435892790179
"610",0.863535975895461,-0.268319823007425,1.64348875216011
"611",-0.749460428453915,-0.0503228986436985,1.33421016312916
"612",0.765782576789994,-0.391383151362892,0.975363170303348
"613",0.121881070807603,-0.443612416523538,0.289869229533959
"614",-1.01499138894303,-0.0818224457156566,0.752820681615531
"615",1.8154056286781,-0.673018936418262,0.027678216996927
"616",-0.540969094691695,0.0831084183943533,2.27597711049755
"617",0.0209809682856924,-0.479329693221297,0.0296492720571127
"618",-0.825161508758234,-0.265787644425536,0.145495733098545
"619",2.07183189934494,-0.437144878513072,1.29194324719638
"620",-0.275920667580433,-0.363187572435079,0.338028679945945
"621",0.304177833683843,-0.289958478269804,1.19387723573005
"622",0.567361020797109,-0.500390677262152,0.314817891355582
"623",-1.32067364355749,-0.0277227671470139,0.390904390752109
"624",0.259791385443094,-0.38251886940681,0.699323477115138
"625",2.05468865146259,-0.440912770479117,1.26768417255709
"626",-1.75216683444512,0.181356204161024,0.294917989301446
"627",-2.13143383817463,0.425068979400302,0.778491034855286
"628",1.60546600216915,-0.498806926844394,0.822558887395241
"629",1.76656378977678,-0.537107087248461,0.690083613089975
"630",-1.46602403619301,-0.0324442817353558,-0.00941012914767644
"631",2.28306715689877,-0.641194738623258,0.335717246643619
"632",-0.333915139682995,-0.345870066969728,0.364948697496918
"633",0.183369865635809,-0.316216746920246,0.974242849649622
"634",-1.44232699887835,0.264833728499089,1.5425275016874
"635",0.476138113813566,-0.259493306866767,1.46207376881549
"636",1.44576413936154,-0.480836910271042,0.849898006559213
"637",1.61968588966098,-0.540496961482759,0.619475941886413
"638",0.338121373441365,-0.465368151787327,0.340580376860789
"639",-0.408811407574808,-0.361812443315025,0.204576636980449
"640",-1.77529982262813,0.215485375591306,0.412703518278454
"641",0.691871229392806,-0.478655644954942,0.497333308240105
"642",-1.03107414340593,-0.0721248172122668,0.7723770086781
"643",0.566032337295114,-0.490592181610752,0.362996419839411
"644",-0.390671955960861,-0.214206052019748,0.962531709049718
"645",-2.44517589109317,0.515616283815535,0.781741358972984
"646",-0.547777886155765,-0.327495070252104,0.214660763316977
"647",-1.65926205462684,0.296722150639098,1.09719942327837
"648",0.806015831238486,-0.543706668291825,0.23578882183879
"649",0.879342060407558,-0.418090281730321,0.902940534313638
"650",0.698855893699088,-0.545683681212758,0.166197443273717
"651",0.61577771077257,-0.342302517552248,1.13453709103833
"652",0.628266017515092,-0.479995595895721,0.453505017335141
"653",0.16603465280813,-0.422827744048258,0.427998636256323
"654",1.00590524931893,-0.379470002752245,1.16031073678124
"655",1.63105900317799,-0.33834904787745,1.63448573160132
"656",-2.94246855240745,0.903674920509068,2.19270953788712
"657",-2.03707173212392,0.533488650460423,1.48029979248937
"658",0.944237592500254,-0.315972172318331,1.4469694821946
"659",-0.347831368844131,-0.317039139122726,0.494430967442111
"660",-0.308098211002921,-0.108625007943356,1.57802614761659
"661",0.364724195061374,-0.422552894520568,0.572959870527759
"662",0.844772039945776,-0.445053646266273,0.749878375409849
"663",0.763248772264485,-0.376786376679621,1.04694401663151
"664",-0.830945267737748,-0.0782569244044094,1.07435220389772
"665",-1.50564701445815,0.0880088034892992,0.479278635549772
"666",0.460339357847768,-0.251497358778118,1.49185592222104
"667",1.59879129452768,-0.333827914959724,1.64492375589152
"668",-1.23110394763607,-0.0741933882587014,0.363688026217242
"669",0.0366942783342486,-0.391492813708587,0.481876008430673
"670",1.45931053805102,-0.303106493274837,1.74401699876917
"671",2.3108781704847,-0.670154356415971,0.198986095326474
"672",0.0893482804439029,-0.470960138078437,0.127348614420214
"673",0.671372436187674,-0.477248752636767,0.492533436827039
"674",-2.59907829366629,0.609281006276432,1.06624410147809
"675",-0.444952052726509,-0.136131625157708,1.29251842153353
"676",-0.691919272122138,-0.0966067516370988,1.18305115930346
"677",-1.76474964165856,0.361846227092827,1.1684622102192
"678",-0.624547716790382,-0.295196982706498,0.279602255847313
"679",-0.805246682478194,-0.232435783888586,0.342227281680142
"680",1.42368472274207,-0.621101979263375,0.139594180590572
"681",0.992989559575322,-0.474885629659905,0.676849654150843
"682",0.502045989745567,-0.556946916487551,-0.00865743136378638
"683",1.84739413298519,-0.607461985364898,0.366519598221738
"684",0.0271723965200661,-0.411936882423148,0.371767254583937
"685",-0.698005339187635,-0.232079996320984,0.49736700807646
"686",-0.0571389705902513,-0.282415976925907,0.947471697687261
"687",1.00650459815472,-0.52706288179975,0.422641600077814
"688",0.120412272972365,-0.1387589783611,1.81298313448523
"689",-1.00113159098999,-0.0984833809327329,0.694117003837951
"690",-1.76018358874324,0.291689203007908,0.828123849165197
"691",2.84409315739277,-0.628829131301614,0.546041012421596
"692",0.229989937022112,-0.391202504671519,0.634132479676449
"693",-1.75370190045669,0.186438824275322,0.316784843670637
"694",1.12222433026511,-0.470032373910892,0.763285022251365
"695",-0.512542746243301,-0.321487352709645,0.287199894920444
"696",1.91375057795672,-0.680041109851129,0.0261229083214607
"697",-0.575949352096427,-0.274446445327869,0.4451180067143
"698",1.46074205407652,-0.448321708692407,1.01851680065529
"699",-0.814146517485396,-0.207722473675528,0.45245994040337
"700",-0.346364587247902,-0.276630594020882,0.698026801302606
"701",1.74876507095687,-0.672823699732873,0.00516609885698454
"702",0.893005959379515,-0.484454746726162,0.578245786290199
"703",-0.975567905693167,-0.209564102517247,0.183302411616581
"704",-0.788058081114121,-0.270701475626843,0.176378282670721
"705",-1.09457867508539,-0.184377519853598,0.0926561601491216
"706",1.00219504846937,-0.52559947851718,0.427833741446824
"707",-0.510999365498864,-0.222001408370185,0.78646624796135
"708",-1.18643595104187,0.131299446837973,1.48680041313043
"709",0.0928337676306312,-0.374859482793258,0.610638112000246
"710",-1.24175519451813,0.0914956691205309,1.16869760610556
"711",-1.27891819735628,0.0565575187920189,0.910255073094362
"712",-0.407016249102883,-0.369645190663019,0.167395910162959
"713",3.90804806507365,-0.748118012460063,0.16728638819506
"714",-0.7894792575622,-0.164118213501548,0.707201413717525
"715",-1.05349054797132,0.0242046392888594,1.21299207793317
"716",-1.46315585502493,-0.0198389542572435,0.0616425315985556
"717",-0.220085569814355,-0.293540408388554,0.7415526833099
"718",-1.84533150559302,0.481916165493992,1.59207439731347
"719",2.86116601319074,-0.569397605118087,0.847290159035308
"720",0.548405808317209,-0.521504768758081,0.197581620218023
"721",-3.03963661624372,0.560646446167718,0.393043672261234
"722",0.986438738443206,-0.389102093817411,1.10251503679741
"723",2.79470380201293,-0.283194479008341,2.26224797309359
"724",0.750030368807002,-0.544625877001786,0.200398355844968
"725",1.64720018153423,-0.494386686488766,0.860323963158212
"726",-1.42620022245895,0.0565361682623086,0.544673772675138
"727",1.28426954731222,-0.583318480248675,0.26980034131664
"728",2.5022102945036,-0.619410080677464,0.5060917137829
"729",1.63244485766806,-0.49040016043729,0.874749150982941
"730",0.257802408501987,-0.489498101479072,0.162985697275983
"731",0.404791334327981,-0.497216056152979,0.226708183086672
"732",-0.562360115677798,-0.263377808052696,0.517332082219374
"733",1.3601032234493,-0.578367086001531,0.326933214294967
"734",0.853863440394213,-0.488216406444665,0.538892610768128
"735",0.918943751647229,-0.56242366615202,0.201802763089629
"736",1.47519022334772,-0.613648804615658,0.197674088291993
"737",1.38382451169569,-0.480689466098505,0.825231167245898
"738",-1.32531985853193,-0.0338167659436813,0.349272714624073
"739",0.457977645577022,-0.324887306320678,1.12337431082136
"740",-1.98640399369581,0.23344352844177,0.0714859204644657
"741",-1.73324097119491,0.512703091118837,1.99583385858604
"742",0.49794791710203,-0.54225198049228,0.0622166911515302
"743",-0.412166297407415,0.0139136655731716,2.0794945007387
"744",4.09100608290873,-0.404133051597197,1.91828741880442
"745",0.426162317075521,-0.507652953868443,0.188717929063798
"746",0.189882247919258,-0.437704892238187,0.37172262476127
"747",0.913447332801515,-0.428520851150028,0.868490881661235
"748",0.265073646268624,-0.382545261485717,0.703012205019239
"749",-1.15210840152722,0.0147872062812829,0.9749783518158
"750",0.460753170096856,-0.403704517875524,0.731088336392877
"751",2.48503685649105,-0.568671914941432,0.755136413615325
"752",-0.0270971734083725,-0.116996234011551,1.80062112967799
"753",1.05409109185888,-0.509243180118731,0.534920341533984
"754",0.23206263234253,-0.276583949765734,1.20875161369829
"755",-0.637400441392244,-0.330746959139849,0.0851339057867072
"756",-0.246960398897042,-0.256013829702603,0.902830564198056
"757",-0.164718121538914,-0.247149132458606,1.02635857031416
"758",0.00475034904477556,-0.267751888926211,1.07393438812798
"759",1.05163345498097,-0.503413933714389,0.56288197209251
"760",1.0332192444019,-0.51721431804552,0.484961003312538
"761",-0.292800941180894,-0.411982568860713,0.0769278591724908
"762",-0.74309581769341,-0.189606016751121,0.646853314971914
"763",-0.913422791500158,-0.1459600950702,0.605650335902784
"764",-0.449636794569616,-0.33624051785523,0.286652574898392
"765",0.112487365098986,-0.122203308421355,1.88952154293573
"766",0.10063573150008,-0.0934984483760096,2.02365899543743
"767",-1.50958424904779,0.129312740490085,0.674230141843671
"768",-1.12726166929331,0.00963750712715411,0.999004925315205
"769",-3.0730816507809,0.643046823340863,0.777109173758879
"770",-0.349039764196832,-0.340533640587701,0.375677765568892
"771",-1.07328676369874,0.0444252755767957,1.2771566899195
"772",0.536683614816063,-0.43562590148147,0.619703203722773
"773",0.5050133890722,-0.384326344356272,0.856324940872836
"774",1.56635024197425,-0.563437986301436,0.484476064408504
"775",-1.42761827336339,0.387389054846809,2.19513235370767
"776",-1.86513897163784,0.611984619059247,2.20107238719384
"777",-1.02857730808434,-0.0621277347595379,0.826881524737098
"778",-1.50582045394178,0.128366668511164,0.680559468965289
"779",0.927913132018714,-0.545176414430721,0.292634619444209
"780",-0.493317659058093,-0.228612232219311,0.774306749285161
"781",-0.240677455591343,-0.424696793292432,0.0656193149066347
"782",-0.358487130156345,-0.0302343493357808,1.91712472355505
"783",0.668212772189075,-0.522128464456294,0.266299732906207
"784",0.0277194706966071,-0.1954842076948,1.45448509296417
"785",1.58120688127761,-0.169219106020547,2.46126858591747
"786",0.903106794520051,-0.521228622443752,0.399615218805611
"787",-2.34376594205485,0.500398369133712,0.838871596008141
"788",0.748187999984603,-0.429203710849692,0.776481149686264
"789",1.14739846389734,-0.574647398416609,0.251894889311135
"790",-0.144881247736309,-0.419855885209838,0.181301074544236
"791",-0.958881714709074,-0.150647067562479,0.506455640926484
"792",-0.365868852318244,-0.140886809779918,1.35596441471184
"793",-3.39007925586876,0.768533461544207,1.16551135558592
"794",-0.66399045266281,0.0297386035579697,1.85244677135034
"795",-0.422926750113176,-0.340598103205295,0.294968186970174
"796",1.01295811283932,-0.507528713644456,0.52348639099029
"797",0.433236491903807,-0.0802052594327467,2.33061866563872
"798",-0.102841825921268,-0.0974869832024018,1.83153186025904
"799",0.278442223313271,-0.325381347351233,0.998450239216014
"800",-0.669042222521666,-0.187240084192071,0.760800164152177
"801",1.65458093600099,-0.420249872658836,1.23375047588613
"802",0.641174218758337,-0.54742841595874,0.123974028413064
"803",-0.932770053560213,-0.208693543637929,0.260103023904501
"804",-0.168686442062428,-0.419142509777087,0.162667000645252
"805",0.617354197227711,-0.374820029998111,0.972890535741813
"806",0.642192806087377,-0.243757955283231,1.6429265064749
"807",0.09504969019078,-0.513708572509231,-0.0818389957585624
"808",0.0744371823107802,-0.451052559880488,0.214900958178565
"809",1.07801059490204,-0.502152296722632,0.581833903649968
"810",0.913249007917992,-0.427102489431004,0.875480583048819
"811",-0.371670786569923,-0.337125882912659,0.368532895749281
"812",0.75698544863645,-0.346418734792119,1.19530646383537
"813",0.17937253132521,-0.218905105223313,1.45777157449734
"814",1.50926165122392,-0.479187675226997,0.883500896587914
"815",-0.871172816305941,-0.0767239900754902,1.01964743500044
"816",-1.3489758336227,0.0546530603012609,0.733946937786682
"817",0.19352742129235,-0.459800430495799,0.263990961698204
"818",-1.22015880385448,0.150762576420798,1.51229407717834
"819",-0.878780527212125,0.186677234076807,2.32462056232312
"820",-0.679470925047145,-0.302619634255153,0.169877467828561
"821",1.27252065368672,-0.360977367713889,1.37639278917533
"822",0.24184586026691,-0.52454620041098,-0.0238796012757513
"823",-0.819052372907329,-0.246758807579431,0.249886500504893
"824",0.378730507075211,-0.503843814063632,0.176034038645134
"825",2.92103122706472,-0.622739488790456,0.59474861045696
"826",0.249508217440548,-0.440423344302434,0.402330154481478
"827",-2.80656092308243,0.70124892744645,1.30792726484249
"828",-0.147275261160515,-0.346902607564657,0.543850186754079
"829",-0.508582212754191,-0.286426685605282,0.467212131971052
"830",-0.397166211577102,-0.285530212158135,0.598807177303399
"831",1.12481687144895,-0.575328457122302,0.238014187440217
"832",0.0192088825379636,-0.270339076370792,1.07312362702753
"833",0.562682333125734,-0.429502031067684,0.666392446509159
"834",0.530003370772971,-0.476066639666649,0.413334742470035
"835",0.949787037461368,-0.604369313631027,0.00779525616047627
"836",-1.565110323337,0.0316373470712475,0.0242909404882576
"837",-1.2052089338115,0.227329406740857,1.92726025884068
"838",0.95547013408406,-0.481635804077506,0.624334306709091
"839",0.538585745401664,-0.493533356142299,0.33134911991616
"840",-0.387619543744338,-0.288129103385091,0.596244195260177
"841",-1.7665573987381,0.261532050547946,0.662768643873604
"842",-0.917473610305151,-0.210362614229226,0.277006633842372
"843",2.6634061057852,-0.605030836624906,0.620282820891399
"844",0.611806795644491,-0.520099631327641,0.243177873275461
"845",-0.0885816271152176,-0.404153702600695,0.310987446634837
"846",-0.0783526309791465,-0.405222370009467,0.3147471123051
"847",1.33723038624812,-0.492251179034158,0.747860303570494
"848",-1.12143771836053,0.165564493546461,1.79013883101563
"849",-1.88804879982732,0.273554148930297,0.462072491261522
"850",0.830199567345139,-0.295824436722201,1.48824075973816
"851",2.34125445180118,-0.227676743149273,2.42009350435952
"852",-0.646503155489774,-0.0438325829378748,1.50776540344606
"853",1.05104445868955,-0.294980642113676,1.60476432790571
"854",1.14531261552601,-0.368138921756706,1.28347417664266
"855",1.01554520197566,-0.362354652454751,1.25062637583026
"856",1.63217454400995,-0.35857247707434,1.53378636242393
"857",-0.470655653166522,-0.140175036371475,1.24288398416398
"858",1.29023228788185,-0.592459130738648,0.226681950120248
"859",1.38966437889938,-0.471442584604874,0.873889707678901
"860",-1.5007453453078,0.284019452971265,1.47366097075805
"861",1.12279165587588,-0.402469809399751,1.10136265995885
"862",0.700687051140982,-0.414643381308317,0.822446405340505
"863",2.10266183375987,-0.687368113151714,0.050486215416823
"864",-2.77897861753968,0.481161307850712,0.234746561736587
"865",-2.29043682993152,0.442527002880955,0.623902484366776
"866",-0.867499510859118,-0.0677747209829268,1.07017628636956
"867",-0.801254809019327,-0.198374486175698,0.518482989564259
"868",0.478361425018502,-0.45337672491987,0.494084818642145
"869",-1.37554750296512,0.166472992895561,1.22652774397232
"870",-1.22100800580951,-0.135107920821162,0.0811021782853729
"871",-0.609415281803734,-0.21397560198854,0.705184455618025
"872",1.09483871096555,-0.538935234490015,0.405905485496283
"873",0.178479480084258,-0.415252209091925,0.475358267852845
"874",-0.0961644069010424,-0.113711497059354,1.75641229389451
"875",-0.105539279911999,-0.071171862827975,1.96067522139217
"876",-0.677123294011871,-0.151210715879802,0.930089163629076
"877",0.853391792134521,-0.59252830616854,0.0170831669082631
"878",-0.529114584654432,-0.148932111466322,1.1301242622136
"879",2.29362727409934,-0.602232075862869,0.533603187202013
"880",1.72664101381816,-0.34875790701223,1.61755809494735
"881",1.18106985741609,-0.596322416256554,0.158941407882314
"882",-0.648513214004465,-0.120794588718033,1.12030744275113
"883",1.00591587293421,-0.397674373894456,1.06929411532897
"884",0.102029539585196,-0.260189842970088,1.19130940348939
"885",-1.82482621436737,0.265336657983764,0.552824474696382
"886",0.348093485135243,-0.288024547774165,1.23419109038274
"887",0.879171124618355,-0.30969193475122,1.4448428043044
"888",-1.77658739738488,0.252981780560275,0.597279469877065
"889",-1.004040710393,0.0539048131979448,1.45091948627436
"890",0.815908776883593,-0.519333220648282,0.363009455315706
"891",-1.54522414554396,0.355147992728966,1.69863861124122
"892",0.791426836733976,-0.493136632815236,0.480696603842964
"893",0.530003294253297,-0.447944461790661,0.553945584059808
"894",-0.723995403459241,-0.169902686573404,0.772281575284966
"895",2.28430495615173,-0.663767905003912,0.223212177856753
"896",0.113396615746848,-0.438180409563452,0.310353459164312
"897",0.0523047400867791,-0.325668857245581,0.823829887276596
"898",1.27282855409666,-0.400519036460922,1.17881878251233
"899",-0.419484041876029,-0.261380828093357,0.694893341218874
"900",-0.126028072082969,-0.274951539790294,0.923165412777122
"901",0.011057317864293,-0.12197947286424,1.80809881975009
"902",0.101230718941466,-0.441655003917675,0.283349048120564
"903",-0.754871339251665,-0.299047415255133,0.0828499021125228
"904",0.381895661141097,-0.393547830505146,0.729657093336301
"905",1.77378427023245,-0.544193648009385,0.657207736936865
"906",0.517802471246762,-0.319331842752498,1.1893640160947
"907",-1.03175467301716,-0.202109062525773,0.12122230562181
"908",-0.0404224150121214,-0.370309412927406,0.522560432814396
"909",-0.098310517071998,-0.365343567336209,0.496325361721969
"910",-1.10473913276796,-0.151521893670807,0.237331023243537
"911",0.719505872333247,-0.462115073352335,0.595796736797915
"912",-1.27963209384977,-0.111792152931256,0.0668669370219519
"913",-0.141496458517667,-0.188851550046554,1.33945183183738
"914",1.44830279335536,-0.309879059960986,1.70571418030013
"915",0.789344066799303,-0.566553250637111,0.112474954724391
"916",0.492107436308564,-0.162723333858947,1.9561438269318
"917",0.368397007777721,-0.451126002061866,0.432600152994854
"918",0.493867781027081,-0.497077748617216,0.285493020459274
"919",-2.29025363703746,0.324344509643107,0.0332510131829342
"920",1.86106814550746,-0.343375920060283,1.69163404193666
"921",0.206328755015826,-0.440697359212534,0.369104102314809
"922",0.390337650248521,-0.470350828512713,0.351339981522843
"923",-1.47693529182895,0.26977010914148,1.47089169520408
"924",-1.49002916383067,-0.0214581261724648,-0.0226781076318475
"925",1.08857558876252,-0.49889372328776,0.603147932041682
"926",-0.0171970559554678,-0.116363241645777,1.81226492464819
"927",1.17889215516958,-0.589893259295679,0.190096889286113
"928",-0.24481221007534,-0.346022560326821,0.454910878680276
"929",-0.831100542512557,-0.236910331673873,0.280848414061192
"930",0.766302894687214,-0.423990266433325,0.812615488142575
"931",0.15286681996249,-0.423633038755297,0.413863834451746
"932",-0.576295957414232,-0.33649797844586,0.134427792144795
"933",-0.840685849446016,-0.217810038462087,0.361675719861716
"934",0.7356079175165,-0.431149573066515,0.759706788863475
"935",-0.0517876020925317,-0.397894415736303,0.374755754635768
"936",1.55148672381001,-0.596850132087274,0.311679295762697
"937",-0.415382580974988,-0.386335078788485,0.0746832374729123
"938",2.86134037715528,-0.600795806623069,0.6903408199792
"939",-1.57048844586969,0.0907346222310527,0.304635129055681
"940",-0.434719770776958,-0.319977289925307,0.384851344547399
"941",-1.52857729590097,0.079617195668107,0.36952502293976
"942",-0.877674451107253,-0.260998566773113,0.0879958139672953
"943",1.09989401997471,-0.406212146607301,1.07190800081066
"944",-1.18044860016223,0.00187958365048532,0.852208194488176
"945",-1.84149505318129,0.19085862624073,0.144886722466503
"946",0.214091477061878,-0.484150469297383,0.157624100100644
"947",0.109191343708972,-0.407585617097855,0.46000609966736
"948",0.857458165237699,-0.616461398336125,-0.100429246108114
"949",0.940291784425951,-0.274949571395907,1.65007891769524
"950",-0.669916838081309,-0.280330135752519,0.29417804191732
"951",-2.46100452447121,0.474357674669174,0.555566346379546
"952",0.689500636430915,-0.542002527194102,0.179236606453964
"953",-2.87154170273579,0.80882165665572,1.78350269932175
"954",1.34910605892427,-0.459873584682316,0.914771847055993
"955",0.46768876742091,-0.477654299883451,0.365825802766605
"956",2.29921469353905,-0.658820129132214,0.252283935426209
"957",-0.254713493438888,-0.211741590390973,1.116500749876
"958",1.53430428205763,-0.633807010840308,0.120219548704622
"959",0.0915343818732188,-0.123092111850533,1.8684369459543
"960",2.39447654747367,-0.554021270340916,0.803421739366533
"961",-0.774509245711027,-0.156239093206638,0.768524953676035
"962",1.84344565409832,-0.501811964325125,0.893412448617585
"963",0.711242314487691,-0.295798096168938,1.42269179864843
"964",0.530217028905603,-0.530009352584994,0.143754609973317
"965",-0.639526060895213,-0.158102094584294,0.945577421226495
"966",-1.40892734206879,0.0011232553937596,0.313496766733625
"967",-0.834598023817488,-0.252939956654301,0.19535948112201
"968",0.459759081206989,-0.289517742809632,1.30137779885198
"969",-1.61538646662546,0.070402406427781,0.0800392672809971
"970",-1.02994284570002,0.000698594720729417,1.13854290005479
"971",-0.545961797336198,-0.295326799297001,0.377719746205251
"972",-0.0012218293024077,-0.221049465432614,1.30240664407112
"973",1.88558864185036,-0.46579579140446,1.08787187074216
"974",-1.61722860976919,0.150595186425922,0.476088037932578
"975",0.644946967032788,-0.284004554556919,1.44331475238958
"976",0.219609000132427,-0.421685205141486,0.474046888111637
"977",1.13626963387059,-0.370952976777215,1.2652179056362
"978",0.103978362178985,-0.322197743236399,0.882816699627375
"979",0.16922207265605,-0.331956403742488,0.884790469054921
"980",-2.63393075825705,0.521456753674163,0.588255210222162
"981",-2.79998549984573,0.620728671349796,0.911778644320695
"982",-0.885564207449359,0.0341347262097649,1.55111309785847
"983",2.18584430878403,-0.498097686959024,1.02235320152494
"984",0.825959108306153,-0.513730252308284,0.39643625307159
"985",-0.806698486299471,-0.0414210719298526,1.29513235157488
"986",-0.257092827135467,-0.389374821425007,0.22596632494665
"987",-0.852333390432107,-0.211589222636944,0.374790701047037
"988",0.542633262818127,-0.556912367702881,0.0169678058438387
"989",1.36531512839219,-0.472123543106406,0.860336995456108
"990",1.95823748776704,-0.673426997527308,0.0739563044444791
"991",2.87410148575542,-0.569267208438029,0.851026944505583
"992",0.114104130128482,-0.353606318998307,0.733781890638997
"993",2.06492329066215,-0.677555356075931,0.0877109977928178
"994",-1.93918988033083,0.40779822532704,1.03231463427689
"995",-0.187947917686064,-0.301394827969203,0.733189382615236
"996",1.1718588585907,-0.497490613766395,0.648905085599927
"997",1.00707543076832,-0.35434580989935,1.28650809281853
"998",0.681248687409262,-0.316354743689694,1.30272062812753
"999",0.25747391025967,-0.404170316907562,0.589386365837454
"1000",-1.02015950742192,-0.118834458875597,0.558509004430377
