"","x_child","x_pa","noisetmp"
"1",0.936336765824686,1.97719504274704,0.761050431551787
"2",-0.553206847782335,-1.74191780780395,1.0688172842619
"3",0.808160133847171,0.818230650955087,1.53021784059603
"4",-0.528807759810649,-0.944653867158141,0.303881304089607
"5",0.880839158581897,1.69841617350786,0.71387155119284
"6",0.665222349459381,1.34184262974567,0.00881794067955859
"7",-0.437821945095614,-0.731468703994922,0.395545389523278
"8",-0.154346304398911,-0.172871413462712,0.313575738610064
"9",-0.945192195507287,-3.53246306564579,0.00438029935748827
"10",-0.541126960602343,-0.818562164017531,0.0368420447050498
"11",-0.276459216576038,-0.620528128933752,0.979075475894128
"12",-0.336742717850269,-0.905514374547427,1.20310896992039
"13",-0.720101251401551,-1.74725129485187,0.238645592037623
"14",-0.190365728852123,-0.625962487077429,1.42112326026565
"15",-0.11698936761289,-0.0556546745718918,0.0120957794990983
"16",0.392579978847333,0.200624878497272,1.27643466237254
"17",0.133108160305712,-0.0696411281978908,1.32569976707993
"18",-0.395963623010065,-1.7710982633097,1.8783704144889
"19",0.486021205053397,0.26088450464867,1.48963297367103
"20",-0.249916546053576,-0.432871298869832,0.663695097430688
"21",0.518879797468855,0.614128630679593,0.536290050527252
"22",-0.328528262144225,-0.559798480796007,0.584365253333082
"23",0.760260749159969,1.36415111522496,0.457432154207948
"24",-0.330685308764876,-0.76109335796201,0.986509804901739
"25",0.0833018811136065,-0.164665260226462,1.47042830613371
"26",0.972612550152528,2.44750875075774,0.637251401339643
"27",-0.306232863178315,-0.297092938572605,-0.0136342267750283
"28",-0.529705236847258,-1.1777717359009,0.621075976811825
"29",-0.0448674585557297,-0.0746217703975185,0.457954876518909
"30",0.942000909329711,1.70223713189842,1.01620760742199
"31",0.777814828711615,1.34135840852402,0.572362739019467
"32",-0.148136818484427,-0.145233645367821,0.237346123444017
"33",0.551333355457969,0.484462752376796,1.04879290460033
"34",0.803322632129771,1.10087607853494,1.02164208781522
"35",0.264807592449564,0.0985625093612442,1.12891806776995
"36",0.821899190473292,1.39083856737,0.73446943086984
"37",-0.383836932169515,-0.678313418475591,0.561834649111939
"38",-0.416433891552875,-1.80677181959172,1.80392711671867
"39",0.193382394631945,0.237963295783673,0.120242465379643
"40",0.507088110397117,0.580381261487778,0.563102074484984
"41",-0.290344398300395,-1.32604974440402,1.99121224861401
"42",-0.0487121797216346,-0.280376856740642,1.22012088290654
"43",0.0661938466269132,0.0873871778906647,0.195034803580853
"44",-0.395237789254266,-0.533368456609961,0.189346745283142
"45",-0.0249201916467142,-0.154013824004922,0.887995665631644
"46",0.736442774671293,1.39812621372164,0.298798121160124
"47",-0.301777813517863,-1.46326146975715,2.07704412767773
"48",0.627258386079538,0.639829483211487,1.01516950553065
"49",-0.409039968219092,-1.1657365256607,1.20936748605533
"50",-0.970851157389669,-4.25958511918473,0.0710778984468838
"51",-0.500283530952292,-0.834214274122612,0.267967481757109
"52",0.525152796014045,0.845400390014097,0.0623219999919009
"53",-0.31893526934229,-0.642881292871834,0.813883871520993
"54",0.468229419907344,0.30910730182341,1.21370302634073
"55",-0.618787437445921,-1.39537955377028,0.423163740822397
"56",-0.650169058580246,-1.29940300868878,0.162474753381131
"57",0.71106220811176,1.24868514232822,0.354592765053207
"58",0.695506125032001,1.31852056131005,0.18855885792636
"59",-0.331875820021194,-1.04431407806546,1.43435600400577
"60",1.00352227241852,2.09680826061608,1.0106962276493
"61",0.11333886426638,0.177227329916179,-0.0143878910259589
"62",-0.648637682578702,-1.55549892657531,0.430776623395208
"63",0.748454498935258,0.986367161941162,0.927290594428152
"64",0.500898630534307,0.354617065676096,1.21242409146333
"65",-0.353018812177761,-0.503781309690608,0.329323372759905
"66",0.699299989182348,0.755537388683355,1.11397925959852
"67",0.907647959383926,1.14114001867088,1.48446349398338
"68",-0.715686261809305,-1.62066674703824,0.154220638852375
"69",0.726003065008511,0.533174638845903,1.78381357962177
"70",-0.0171538266873757,-0.293933175819925,1.42167659085707
"71",0.742480611237938,0.846160164696751,1.14750476626102
"72",-0.376450107419027,-0.64845403176669,0.537893239277185
"73",-0.457419563476985,-1.72045494324585,1.53028796585335
"74",1.03361275819361,2.5892144456986,0.86579210019177
"75",0.610606351218088,0.220190494868964,2.28143789262861
"76",-0.247961241076884,-0.515229321626629,0.882425056041468
"77",0.80215022686309,1.62204821078183,0.391922068211247
"78",0.574587326701434,0.417720623937842,1.36956312807074
"79",-0.296297366778768,-0.401906398116619,0.347561067807998
"80",-0.553039235638057,-0.988839374567847,0.249034803545112
"81",0.342980309416603,0.385209991399117,0.318060462391296
"82",0.222273240714135,0.00327943335366685,1.42582023891367
"83",0.836861491818996,1.18637981363919,1.06699187384931
"84",0.691730763133849,0.816327914286845,0.95183064680616
"85",0.299372362168004,0.256522511216616,0.573985149658013
"86",0.195393874036018,0.174391332641899,0.408935613262013
"87",-0.648988625603601,-1.80409542723106,0.639082897091736
"88",0.739198600362212,1.01496694108266,0.834181108510186
"89",0.916943143377832,1.68075528822007,0.910569215873952
"90",0.405370624246579,-0.0544823119182982,2.61853968975284
"91",0.215035603475327,0.264296247274437,0.121023700383355
"92",0.864990970587582,1.80074405545088,0.54485001365705
"93",-0.608605795010679,-2.2127547488267,1.11919418633874
"94",0.599221893784638,0.703200385062203,0.727535611016343
"95",0.161302354834997,-0.0143680239557382,1.20853782021632
"96",-0.835357600937289,-2.27625916391043,0.0227412471724974
"97",-0.17226190558052,-0.242971855172,0.477258786730605
"98",-0.671266322476495,-1.98004217853365,0.65632292793969
"99",0.565154457982268,0.537681872423263,0.967201993288719
"100",0.856070868396088,1.72185810712875,0.568875928924988
"101",0.536116422218546,0.75703309241978,0.294902359038545
"102",-0.300034103365184,-1.05824599597874,1.61290900878053
"103",-0.636809377226201,-1.75372719054521,0.660305300755742
"104",-0.51041200985182,-1.14083773679291,0.670905399022431
"105",0.831064891037784,0.702178053715172,1.889044414078
"106",0.915213852755334,1.62319284612842,0.956138373170728
"107",0.763334924611035,1.04597158452634,0.90554293434809
"108",0.491139117525107,0.775261838730841,0.0319324908468146
"109",0.748313884682396,0.295089986627942,2.6670852965882
"110",-0.688764072283336,-1.54662173610667,0.221932330523795
"111",-0.632575854755045,-1.89149714246165,0.786891782139476
"112",0.659524767408238,0.603862205013049,1.26523564135747
"113",-0.393206150187005,-0.865174548089632,0.855359959171323
"114",-0.230042234256669,-0.244272108375528,0.192817388788115
"115",0.0233336015511401,-0.0481595038087924,0.679290335609043
"116",-0.481150081188694,-0.935135092200854,0.527519883582311
"117",0.985590046233434,2.40611285651783,0.725660384216158
"118",-0.718460196223276,-2.00822091479183,0.439630487741299
"119",0.672726614016334,1.05948449142537,0.431461050144189
"120",-0.558057937327303,-1.60742974353697,0.930664645778551
"121",-0.0665495427658743,-0.0679003452203595,0.31963344046344
"122",0.136899439150515,-0.0772866115220718,1.37855885306694
"123",-0.125267480271072,-0.310358473760203,0.933059464141887
"124",1.07953552754905,1.62839666946028,1.77274945401352
"125",-0.36568415022553,-0.915186160924947,1.07371313966753
"126",-0.492250677584104,-1.08173298128483,0.683895535084869
"127",1.14400780357046,1.60685252222382,2.11592747350959
"128",-0.391716269524038,-1.76369921375507,1.89373375861233
"129",-0.442033687322711,-0.596579525543481,0.0993204862172126
"130",-0.443654939150931,-1.06746664994734,0.907475131145607
"131",-0.681854777691071,-2.1208693753619,0.696420943229131
"132",-0.420509882962305,-0.652121641023943,0.325179211433627
"133",-0.425605610541438,-0.767189348010389,0.523073870799383
"134",-0.630507383663573,-2.05150289613011,0.908346504432501
"135",0.903009276108216,1.36632608129121,1.1686099101599
"136",0.459684672854018,0.352686103755771,1.01312130845361
"137",-0.349633364964053,-0.569353574970058,0.500602881926979
"138",1.05677397192871,1.21018322080541,2.13414645764107
"139",-0.510429560752403,-1.57836700324133,1.14272817615566
"140",0.770153628323013,0.781869389074739,1.41338839831535
"141",-0.0735038749440685,-0.498128551079709,1.71302335971645
"142",-0.456950306364362,-0.97948599347692,0.715670059406824
"143",-0.0388216307296037,-0.0200089958995216,0.235361776221003
"144",0.59054030072304,0.361751310281265,1.63579191764603
"145",0.930784475671258,1.95254674209687,0.751924789461572
"146",-0.233156294914563,-0.339241350892742,0.482223786783141
"147",0.828858381830934,1.49427936246445,0.654699801109796
"148",0.509500257663162,0.24999530861449,1.6511771350477
"149",0.0484232118295157,0.030937220526371,0.413859584481658
"150",-0.165295297380588,-0.531027018610687,1.33352132475231
"151",0.438203554726808,0.470784029922789,0.523587647254818
"152",-0.324428974270303,-0.404403071128073,0.213817304622322
"153",0.765484103213271,0.963117887353774,1.05149106582433
"154",1.0034788139114,1.61498775437679,1.4053823633046
"155",0.838556047041256,1.99926705525469,0.255715088760052
"156",0.578213095024549,0.990732872110025,0.0688499041685923
"157",0.451370209110221,0.49035379459607,0.531781367180281
"158",-0.779551139454827,-2.26401421039131,0.294687585727513
"159",-0.713991842513348,-1.91733986644216,0.398537874000036
"160",0.976052220817105,2.88455829889823,0.436359715384433
"161",0.118873142990559,-0.0872422209729293,1.33195536236433
"162",0.311789954264047,0.324568277268162,0.374349723441561
"163",-0.387404622008122,-0.571005435181744,0.315484719000387
"164",-0.442547591902315,-1.72222931925398,1.60610158295721
"165",0.505962493702343,0.720830962932598,0.222098816181483
"166",0.143574028305951,0.136471916644086,0.330328395443917
"167",0.782162973035924,1.13392793530172,0.867411901280321
"168",0.522452181437642,0.440488858227324,1.03705790717591
"169",1.10450023434972,2.17585869594977,1.46208227290393
"170",-0.260755278926765,-0.227678345780843,-0.0182925885940735
"171",-0.441631685546791,-0.92108831925713,0.703249498431523
"172",0.830880907023379,1.77747303879022,0.394145126557561
"173",0.547549535047888,0.747384942218755,0.372538462845197
"174",-0.438004448893141,-1.35639054526375,1.28587068895771
"175",-0.450572371227829,-1.65992539244372,1.51383936272531
"176",-0.464695649550479,-0.772113638161964,0.336591925076609
"177",0.401360926409219,0.509147318677404,0.227749094038839
"178",-0.656021754064398,-1.92908060636818,0.696792624428558
"179",-0.497524584362556,-0.927870897517254,0.434377965308963
"180",-0.238592496712047,-0.405954392954187,0.647284872529226
"181",0.0419121317987858,-0.0324645381158779,0.698715216223938
"182",-0.648757518422029,-1.48616581974078,0.364576463046338
"183",0.631536169630874,0.548096544965795,1.27079895827378
"184",0.590226644336534,0.831305352650687,0.414922150568515
"185",0.0635175361428297,-0.649194816258398,2.73926591293364
"186",0.236850799303739,-0.151535699221675,2.18714113263015
"187",0.718411115409862,0.842457002910759,1.0342664556398
"188",-0.694938808442459,-1.83816307672293,0.435412755049642
"189",-0.222745198420946,-0.234895497007455,0.196953020428726
"190",0.750618082356328,1.46385350275312,0.296215213319373
"191",-0.136174445542974,-0.175672159484804,0.415060128324846
"192",0.971011359363193,2.50845789598536,0.595611400502409
"193",-0.277709127483578,-0.611843284821063,0.954172212295752
"194",0.791982118276869,1.38409375255613,0.592693290921169
"195",0.697531581663959,1.21761377369955,0.327957696702001
"196",-0.132782346387564,-0.927418510243812,2.25738475491218
"197",-0.390554543763345,-1.86093709266591,1.97444182495474
"198",-0.509515590880368,-1.13339597878748,0.665809635858492
"199",-0.679911273615276,-2.38615861014847,0.861384949493276
"200",-0.499360491597407,-0.771219470497288,0.161642615509406
"201",0.627621763703105,1.00055076114714,0.299738567093039
"202",1.1432498781882,1.52438534400909,2.19504735838765
"203",0.968565571709695,1.5393535010006,1.30618416388649
"204",-0.132137243700194,-0.47631889477563,1.36543112521967
"205",1.10845888492033,2.10311119366364,1.53101465397646
"206",0.00139062158157411,0.0362224980052151,0.150632124009787
"207",0.000906946300673561,0.00365310610422448,0.317105812060283
"208",0.719401465038868,1.05041351733443,0.67892934802587
"209",-0.360251857156375,-1.31547161693747,1.62999485360203
"210",0.79521317919481,1.83624359554854,0.16630495764255
"211",0.84117554517948,1.17498898447603,1.10431649462711
"212",0.753811191016674,1.74630350018017,0.0358964554774264
"213",0.280419192649992,0.104156489559824,1.17778266445623
"214",0.998634356995819,1.49262927342947,1.50533388703193
"215",-0.00104065386472635,-0.136332737441554,0.937310550611893
"216",0.935155836023342,2.28442710936,0.546020167842249
"217",0.40294839000085,0.550176431079883,0.122250347474928
"218",0.640982371994093,0.825656194720508,0.679729945475438
"219",0.689624927872052,0.842998484194266,0.88929426391885
"220",1.18181327717475,2.34821241875731,1.74063914532485
"221",0.7865178408841,1.06055734303585,0.998758274554555
"222",-0.263545800364702,-0.69731118575721,1.20100782504399
"223",-0.0527491383350744,-0.0979250988734354,0.519790763395537
"224",-0.304662653725375,-0.313432075971697,0.0456771330423566
"225",-0.0804021291749153,-0.172329809173482,0.681236828552543
"226",0.624238481880039,1.00533688968008,0.275003028895028
"227",0.0297038630277361,0.0169619861478808,0.393229724874816
"228",0.558276064270867,0.870302689076695,0.180808509082881
"229",0.712276342095894,1.28794172429043,0.310402915709533
"230",0.541952812725797,0.86401907071504,0.110968504655893
"231",-0.475576737904777,-0.968950743985787,0.606838888781015
"232",0.671443932719117,1.17706597902449,0.252773749101352
"233",-0.483340372210638,-0.859869923010557,0.395891077793744
"234",-0.423617193524139,-1.3614155961387,1.36318929766781
"235",-0.124083695869766,-0.244745867874435,0.724233173710598
"236",-0.787673854902127,-1.89889580114903,0.0167951944106862
"237",-0.407919458692624,-0.935062930429002,0.893561429646328
"238",0.790978276149988,1.19422567302143,0.826817666339862
"239",-0.15997856154408,-0.115251911927842,0.056540375448436
"240",0.658727025812903,0.383644591554964,1.90204607437008
"241",-0.101049745613476,-0.233335422877851,0.800006009481697
"242",-0.370039544778264,-0.455220671178645,0.121878604723748
"243",-0.153877401733865,-0.306497438493525,0.777901886917348
"244",-0.32802140167415,-0.353204275580316,0.0495286278268213
"245",-0.647651357106474,-1.28006565192639,0.153168904541533
"246",-0.24734002006758,-0.45444518181909,0.733363123728834
"247",-0.25200910309271,-0.481584326457848,0.779343278979441
"248",0.508436261788646,0.792864156838608,0.0823610152171732
"249",0.97724482774211,1.55318022038326,1.33547448475618
"250",0.456311048093001,0.551207861628948,0.386287167367953
"251",0.531959529897453,0.462813601550806,1.01627223750904
"252",0.702898071676686,0.670034731490451,1.32172630048307
"253",0.724702354341638,1.52234088535027,0.10443285525021
"254",0.762622071247579,1.59406443293891,0.221515887363029
"255",1.13888091166901,2.19880615694637,1.61894266235219
"256",-0.127635704716101,-0.220307011770685,0.621301582491509
"257",-0.68505121356336,-1.46585830530539,0.16323988152338
"258",-0.318548525179934,-0.668999204829,0.869499697665084
"259",0.902684721424938,1.63364821961551,0.883471990764601
"260",0.860744537294204,1.50780892517619,0.79983286281423
"261",-0.716351313361156,-1.75758465275139,0.265682339716942
"262",-0.376679904191286,-1.00141250673385,1.14920696915086
"263",-0.266849711887916,-0.488731714211239,0.723020228827389
"264",-0.484587432146058,-0.764953961101364,0.224078543482636
"265",-0.241305139329602,-0.26235077252825,0.197678237067059
"266",-0.310041947125265,-0.71659580354163,1.00603673855479
"267",0.439384976985135,0.664464830848729,0.0171811548190689
"268",0.520210334812688,0.21001896297282,1.87338186202171
"269",0.701374266169648,0.468484703392826,1.84631142842324
"270",0.566812405054608,0.950307128129891,0.0800402846730432
"271",0.546653140273247,0.601752635165608,0.706202413959161
"272",0.666255869409755,1.08315082396029,0.362901689549919
"273",-0.479941679629738,-1.65768796824827,1.36507770486694
"274",-0.306350938515863,-0.929921334411182,1.39343506838338
"275",-0.46175265584829,-0.776745419909865,0.359700987126296
"276",0.508107830941619,0.38244845690044,1.15297098869424
"277",0.5419886636599,0.256661228242972,1.78650525192578
"278",-0.336543278780729,-0.516965447833299,0.443699932801242
"279",0.927009682224276,1.12085905190355,1.61061889665808
"280",0.927255133827377,1.85030214197321,0.814971414865894
"281",-0.539526009800007,-0.93631924970747,0.237469926320213
"282",0.497325283057668,0.2559280382233,1.56615701799262
"283",-0.147946835610788,-0.657117406822214,1.69827699283186
"284",0.0924082924417198,-0.2423825867597,1.79858570898258
"285",0.485437906659507,0.544097877364441,0.551133834018059
"286",-0.300192159640892,-1.27741850136494,1.88744077051062
"287",-0.747638836393903,-3.09367158188612,0.842290467226104
"288",-0.704636884692585,-1.66923230421302,0.251450612315451
"289",1.03216773077122,1.62256348881803,1.54151346470759
"290",0.442523813797008,0.616699319615064,0.148119508234533
"291",-0.439532360024647,-1.07838946735192,0.942962771794676
"292",0.884942451075222,1.94174977876777,0.53097482811947
"293",0.371481817136637,0.474095740608805,0.1801203813818
"294",0.9324893704676,1.5988538526924,1.06615027525148
"295",-0.431967561690709,-1.43622755832883,1.39911282405896
"296",-0.677380005479631,-1.27316619711188,-0.00337004244552929
"297",0.114243342676272,-0.00935405334208869,0.948628705383728
"298",-0.525877200784745,-1.12720152215028,0.575981709971422
"299",-0.502787683164478,-1.55775556120321,1.16210572273441
"300",-0.115142037084123,-0.165929725859434,0.483070421569444
"301",-0.694860160316608,-1.46181419397612,0.110201916621476
"302",-0.585366631431978,-0.973333360260437,0.0644388965316059
"303",-0.0843412925051903,-0.23076791414292,0.874594890267875
"304",1.30716595092877,2.73929937012595,2.15882260341881
"305",0.302438094808231,0.237631042863617,0.666905363317059
"306",-0.00146019112779394,-0.331625432413069,1.61767094362104
"307",-0.476775448049498,-0.830035998326579,0.378366054141306
"308",1.01989467894533,2.13333339166529,1.06750604102219
"309",0.904500858062158,1.15138489505443,1.45410967939855
"310",-0.698593207341208,-1.50725945803182,0.135715970698068
"311",-0.500372666516855,-0.839156723423938,0.275931460489866
"312",0.198104681433377,0.0979168360336909,0.798791514557476
"313",-0.387325005039539,-1.00906658673799,1.10706393628659
"314",-0.0456639786971886,-0.129321579632337,0.685875109282955
"315",-0.111297236791736,-0.420730275456652,1.32415702843028
"316",-0.216887384898195,-0.456483827712128,0.890914338450163
"317",0.698357158290002,1.0160421932456,0.628238617777513
"318",-0.368606809360158,-0.824724874971953,0.910087840631298
"319",-0.67876827620055,-2.65447154745069,1.00220211989825
"320",0.429749347702625,0.258233675121674,1.21895314597681
"321",-0.533213035128142,-2.00250662986968,1.36198487040345
"322",-0.552153110576725,-1.61988677093467,0.971200204551882
"323",-0.0905249427624073,-0.248865628356097,0.906095446971581
"324",1.11328092990167,2.81856058524508,1.15227263770398
"325",-0.403756683532126,-0.695905386584099,0.497188713540258
"326",0.0712942083665535,0.0527997835829052,0.410401374967319
"327",-0.541463941366792,-1.17115022791497,0.554029756292478
"328",0.555023798666085,0.716487958552667,0.476974011141539
"329",0.771338182200559,0.887257958370416,1.21472529300773
"330",-0.593995193501821,-2.20173114479936,1.1856281152943
"331",-0.254716613111673,-0.357202763414026,0.427833726724655
"332",0.76424310094807,1.92005266077627,-0.0557406691334475
"333",0.969952067689838,3.03281769798338,0.342498821424583
"334",0.618689968673711,0.635911121080579,0.981809897037169
"335",0.750564980812729,1.09075330346461,0.772987062956725
"336",0.631159782270145,0.971815549226489,0.365154285006202
"337",-0.0243513389254494,-0.159293224506923,0.911404219130211
"338",0.268853510608288,0.366244124866854,0.0118435545873277
"339",-0.318852766716805,-1.0919210187824,1.56458874732566
"340",0.745304713882604,0.909823894837017,1.04362085746656
"341",-0.556660532036961,-1.25446373332094,0.578598192653647
"342",-0.470619530128593,-0.981637748105261,0.650511443250738
"343",-0.514986579625259,-0.977758392129764,0.422924885192211
"344",0.0611515877258219,0.104132549528315,0.0815689698962485
"345",0.599551313485322,1.1133112987396,-0.0156103644142337
"346",0.821314881285649,1.67382422778304,0.438834353889116
"347",0.130901761332844,-0.175110564048298,1.7483142066132
"348",-0.662262844355135,-1.66585036378469,0.460443853849756
"349",-0.378081487225882,-1.35246050189696,1.58126107709575
"350",-0.421760478946716,-1.12328706784755,1.09147497910273
"351",0.863468040424761,1.37454648766914,0.961251298505466
"352",0.794846807967486,1.94572204159552,0.0774507156874004
"353",-0.80651739468165,-2.08707864854562,0.0515172383288168
"354",1.19314013038885,1.96438922309225,2.05471121818913
"355",0.0567417756910122,-0.647498705753381,2.70187195133541
"356",-0.718696528212659,-2.0957490122351,0.496204136728653
"357",-0.685834137059765,-2.68100768465257,0.979211098703775
"358",-0.626818148830806,-1.08761068919246,0.0189792290878616
"359",0.572011337914018,0.219102680433381,2.09312658238382
"360",-0.316078915391252,-0.586076405166746,0.705893530310709
"361",-0.500106088828472,-0.824751379767039,0.252637083703961
"362",0.284648807349165,0.208554240335725,0.701958152524582
"363",-0.355979466687058,-0.833135500467772,0.98764673188811
"364",-0.327385271600569,-0.628676144002105,0.741782002053025
"365",0.807409172977832,0.912868228942832,1.34869268059226
"366",-0.239462777214714,-0.695913762547214,1.31867472994431
"367",-0.204892388784169,-0.213164500308473,0.209557068420753
"368",0.584493773774671,0.890226683491684,0.275063085726056
"369",0.438144871603826,0.615569379520931,0.129031341667115
"370",0.254889395611437,0.202781531948396,0.578467256523201
"371",-0.853732899771093,-2.48329667480304,0.0434806723895154
"372",-0.530859378829498,-1.31287039102998,0.774069784524596
"373",0.166445985770254,0.200602524579119,0.145863488260344
"374",-0.279118974005335,-0.665294007626722,1.05912494205253
"375",0.134699658384825,-0.0794502260007137,1.37707876785748
"376",0.563860272282198,0.536646391915345,0.963566342781852
"377",-0.129338240697519,-0.392132164859593,1.15507520011809
"378",-0.684098630146294,-1.60518697335756,0.29846817327312
"379",-0.133124592508517,-0.613883476894469,1.68149323836973
"380",0.795249392408196,0.722420929379929,1.66504200314582
"381",0.115593668533776,0.167956152134775,0.039769453954099
"382",1.03585914907945,3.12320846976261,0.635617179161621
"383",0.270042347645869,-0.0699023672802723,2.01153603257852
"384",0.892909678401341,2.51547487878483,0.2013047006486
"385",-0.488982574652571,-0.949762129710425,0.510814792913955
"386",0.72931957323616,1.30850903449752,0.369956259344101
"387",0.861688147895872,1.27431648213019,1.0747135708384
"388",-0.225848375903338,-1.08111676813408,2.01507421153237
"389",1.01065255809064,3.17662563900976,0.488796576927727
"390",-0.129862656254346,-0.159756589207477,0.385644726659669
"391",0.816520700953675,1.6205190498845,0.465247884155123
"392",0.64543084855325,0.758275672269901,0.838854034057271
"393",0.730115051420635,0.828894734307635,1.11906242771029
"394",-0.0690658885264421,-0.405483953562413,1.49361932185459
"395",0.535594068357614,0.738803532266124,0.331154551287526
"396",0.606878802274968,0.862490983392595,0.438474006421539
"397",0.496409535833507,0.525997396208295,0.655688003149518
"398",-0.327063674160268,-0.993604855939564,1.38590246089818
"399",-0.629974330624313,-1.34228826827511,0.310801278885184
"400",1.09215657886433,1.34479713363566,2.13994064342454
"401",-0.497891342719216,-0.721770924546486,0.0767254324462897
"402",-0.0134156744035935,-0.122508786548476,0.819304462101751
"403",0.567916842771017,0.852288953406784,0.26298115201464
"404",0.950397473110298,1.10127988082019,1.75641558332301
"405",-0.28323833754083,-0.574523247959295,0.844253266325678
"406",0.0381726642622327,0.00320386934920139,0.505697980527359
"407",0.0937163847564022,0.0303018165620991,0.643681861613354
"408",0.369586391609671,0.504943891254682,0.0808373431759261
"409",0.885404359061593,1.58484722518474,0.844524721416129
"410",0.586387601082386,1.00498009464865,0.086330263076818
"411",0.800192149363462,1.09631497562989,1.01279065990449
"412",-0.143053724423172,-0.920271837366968,2.1948594927334
"413",0.951053338287281,2.50445820882393,0.497993049042131
"414",1.01623561273401,0.496096870101833,3.33947114236196
"415",0.267051676773219,0.00952731830420025,1.61806950940197
"416",-0.768449352616248,-1.84387816926453,0.0721774968480823
"417",-0.616806155791373,-1.42184334340703,0.460333435420938
"418",-0.0087277869232123,-0.430030665339204,1.86204779025976
"419",-0.199141795590456,-0.264440435440794,0.415466550791864
"420",0.580711775473121,0.922534940091549,0.198010618537207
"421",-0.512575862513844,-1.06938847714284,0.565498192439419
"422",-0.543132379581315,-1.29266839398355,0.69007204784114
"423",0.601200871234447,0.555290851352586,1.09978058269838
"424",0.102574685799375,-0.0675949452750782,1.16388779949131
"425",0.708170319710739,1.22166258850043,0.375742694678077
"426",0.72699157463423,0.725238321693376,1.31758179389313
"427",-0.107728868285557,-0.120587189981453,0.33984073684058
"428",-0.573711284083679,-1.85637890000303,1.05525464519985
"429",0.790659719173246,1.6498277506387,0.307993392222067
"430",-0.708547991823037,-1.42721475392124,0.00709008323723902
"431",0.559733409468497,0.795114960061541,0.334285906673521
"432",-0.179782648761129,-0.671297762946427,1.56798052356279
"433",-0.628529363118549,-1.26599954555376,0.232634306184193
"434",0.00192764070971779,0.0136186076512004,0.27154322680764
"435",-0.0528395775422376,-0.0205352594443376,0.167819090591673
"436",1.29137975582242,1.76757707610849,2.70517816869896
"437",-0.565878808875056,-1.3570725225919,0.647230610895327
"438",0.725037385755111,1.36208119586546,0.283760644036109
"439",0.494356482922545,0.742156137929545,0.117759599872217
"440",-0.0506234667442723,-0.327419000059957,1.35903223826898
"441",0.542915440600627,0.522357768036955,0.898349068136694
"442",0.853083922091122,1.03450761564268,1.37235246242826
"443",0.9735342767259,1.8977653045212,1.00821072248445
"444",1.03248932273269,1.09391890750634,2.17786089202874
"445",0.547316417504768,0.814607521295483,0.23316490878475
"446",-0.0632373514963063,-0.17550818654218,0.779124760006767
"447",0.42841308096858,0.325601358913061,0.953692270479859
"448",0.539284911893201,0.724310046284269,0.381079570709593
"449",-0.50743274037854,-0.774726515219224,0.127646659063892
"450",0.881024122183909,1.13050660198861,1.36666271121382
"451",0.505069964185418,0.669102732421805,0.33475852654585
"452",0.580950290959892,0.573670689255585,0.949894797086458
"453",0.620619796484881,0.796147484396162,0.636629350804858
"454",0.54099019699488,0.844305480548153,0.143609751027438
"455",0.208158402192477,0.219832389736205,0.270732555007406
"456",1.19879928072084,2.34920677877549,1.82497786623823
"457",-0.229068682352104,-1.71844627263755,2.67039449670868
"458",-0.42803866266672,-1.06848429844112,0.986948487481366
"459",-0.0805091605249525,-0.412976913036782,1.45699455694267
"460",-0.556771051650038,-1.49635517375185,0.834363607838559
"461",0.495897358129186,0.26049914707284,1.54056354161741
"462",0.543965050665248,0.546168636341725,0.838156280675854
"463",0.944294455340459,1.45897460886418,1.26991735461436
"464",-0.150175915539744,-0.725485459494855,1.82240060729023
"465",0.469347426095669,0.449668284547192,0.743194245677248
"466",0.136258978504891,-0.0141700084615363,1.08235281897444
"467",-0.364276105465477,-0.42874642759227,0.0808654330877412
"468",0.961644059811287,1.17559616186257,1.70581521657394
"469",-0.615875040179445,-2.81487100787635,1.38874183238921
"470",-0.145577399990321,-0.200354401076105,0.459802096624691
"471",0.695549958357904,1.33014650131545,0.174590063941415
"472",0.743099060778725,1.17208817319316,0.617971983698403
"473",-0.700018469177163,-1.94697220735101,0.489494494249701
"474",0.823066787738528,1.43134242410345,0.694306804018461
"475",-0.56872809046199,-1.29563846622762,0.56544419485619
"476",0.329520553935366,0.101046020091602,1.43948692062245
"477",-0.374273568479244,-0.911570804485752,1.02505926664188
"478",-0.250705882688183,-0.629580938251068,1.12709441671429
"479",1.23872214205129,1.66515024333261,2.5339342928501
"480",0.165912565384572,0.196606762147285,0.160912527031955
"481",-0.0203927568237553,5.22947759834327e-05,0.2287018587708
"482",-0.501797068190148,-1.12143059509973,0.688871800500191
"483",0.886247385492051,0.792374810870148,1.97240968483538
"484",-0.243749339696778,-0.63964172279104,1.18304690119095
"485",0.61906108825161,0.999672207633752,0.258374467112036
"486",-0.0157848432151547,-0.0552145379562358,0.516108798782168
"487",0.0352356980913102,0.0816803313587061,0.0709213339861228
"488",-0.415912754161128,-0.589024482471671,0.213264464742171
"489",0.728519977412911,0.640296049918181,1.52035130556784
"490",0.849547525586135,1.75473993764557,0.507183605865769
"491",0.448470532181156,0.196216241355302,1.57543995020541
"492",0.10120028894385,-0.0214638960786412,0.942507412502619
"493",-0.555071898261851,-0.958520494758769,0.193667367846491
"494",-0.47664015877745,-0.905929316527465,0.504281587530387
"495",0.433589239600914,0.482886673629295,0.464695361156488
"496",-0.209627603526793,-0.719576881814652,1.5138384534617
"497",-0.727959067307239,-1.93312324239863,0.339985151653807
"498",-0.220286647412472,-0.76319952611084,1.54236879064758
"499",0.29337594623193,0.261276962896347,0.524829260714493
"500",-0.526917420726598,-1.05215757057356,0.470068517676551
"501",-0.129746008808472,-0.0723249099688882,0.0233773024100552
"502",-0.208962054773426,-0.48746029836929,1.00928920810022
"503",0.0876843858953664,-0.0879483454444476,1.17907270970453
"504",0.982442991699121,3.3781901696169,0.273831576573364
"505",1.01868121488599,1.31560335926222,1.80801631985466
"506",0.582848898971387,0.609753454702318,0.867057747313856
"507",-0.523686217592988,-0.884238826878558,0.234202626270759
"508",-0.20143733367483,-0.477159201553434,1.0210543513026
"509",0.742433821281087,0.702843261170805,1.44439622638491
"510",1.02774132923008,1.92522656814901,1.25772653494107
"511",-0.0856275895865837,-0.166709010909468,0.633634324112059
"512",-0.355660426558619,-1.34636225994205,1.68678521950828
"513",0.704709175439193,0.582501822196731,1.54571309049768
"514",0.292795019929335,0.346430393587385,0.200725112150714
"515",0.703061020671957,1.41028643058202,0.118001954448861
"516",0.403111967188502,0.512321048684312,0.227516208560997
"517",-0.134205866872401,-0.302364083925916,0.863227182606379
"518",-0.144863107904277,-0.236988941551691,0.593623326022839
"519",-0.35524032999717,-0.518363897720403,0.353579484550587
"520",-0.348322465363713,-0.834972490233117,1.02906562042618
"521",0.804364592945969,1.92503635192305,0.140990543311723
"522",0.367116046787075,0.299226424536994,0.745352920649551
"523",-0.278594702369094,-0.413906051729525,0.469106650985182
"524",-0.517968322896022,-1.51320271277351,1.04450738547285
"525",0.298302040318362,0.0835618162009006,1.37610476592432
"526",0.191499336376109,0.231300447158741,0.138727071958108
"527",-0.553263938103564,-0.947596359178572,0.186102373995049
"528",-0.599063965108504,-2.29126188454035,1.21282290601375
"529",1.05891441750456,2.13600773213176,1.26079304309083
"530",1.58518268901605,2.35771449765157,3.75184991976145
"531",0.516546684684463,0.489776579216627,0.8593427843841
"532",0.518152827426769,0.535322776746242,0.738658760292758
"533",0.248205162562391,0.125455168439888,0.908117142454226
"534",-0.376475093499469,-1.04505877738619,1.21239980817619
"535",0.828279638801893,0.773559199682712,1.72115989016002
"536",0.61587217450777,0.649526158188906,0.934961064172155
"537",-0.0171310233751541,-0.349577647094617,1.59324135217609
"538",-0.0626921067390107,-0.535882473673596,1.85800427980636
"539",0.939901096960093,1.801227624742,0.918991702740401
"540",0.172046662484336,0.218958369862079,0.0939225075736712
"541",-0.313209650919383,-0.915051197237718,1.33587295399395
"542",0.580891888297208,0.811390114582687,0.407428956008821
"543",-0.604633708528027,-1.2561501237989,0.340696281549111
"544",-0.0118461991930063,-0.227097975937062,1.2242154112854
"545",0.899637045745695,2.72662042454677,0.127261531398569
"546",-0.715020254624102,-2.28913436292624,0.631824536917949
"547",-0.503548086745512,-1.09430843011733,0.644305547260999
"548",-0.610737167335978,-2.2683500813359,1.14127232252163
"549",-0.701391211794284,-1.43750014437621,0.0532772966940401
"550",0.4366778542533,0.378614409834444,0.808755094915189
"551",0.640979790253765,0.549452593837217,1.31435796659643
"552",-0.262688664711951,-0.558905506481514,0.911517060139449
"553",0.649706135260324,1.20988677215907,0.0992066728543182
"554",0.135925754056514,-0.267287632126207,2.10027054789894
"555",0.387145971791317,0.565767826592665,0.00164799299395498
"556",-0.254778639490145,-0.230599058200202,0.0218181716572954
"557",0.942319705918489,1.60342993301464,1.11082518874525
"558",-0.439980129828467,-1.48261185229596,1.40500830834338
"559",-0.633991746017222,-2.33270329904093,1.061593143277
"560",-0.113314089256039,-0.125365719930485,0.331511022097823
"561",-0.671326366201053,-1.54396308436521,0.306650866908285
"562",-0.234251097396204,-0.440801909917159,0.763073715046033
"563",0.641483781263362,0.684706173461093,0.980760163637514
"564",-0.827753295109569,-3.12294120403594,0.452668200733738
"565",-0.533547612370688,-1.43382404577866,0.888786490524848
"566",-0.425148145506692,-0.8338433246463,0.643011557951744
"567",0.753336504574213,1.50685449403638,0.263796346413319
"568",-0.236632343553175,-1.23440465726369,2.1551669493601
"569",0.395032844420812,0.0154653067147345,2.22758420695743
"570",0.925407255119144,1.03045365990655,1.74040500623948
"571",0.271191748951157,0.319415046117958,0.190265064161751
"572",-0.530678522849359,-1.83545122189087,1.25465976780074
"573",0.0916305906550458,0.092937404847788,0.292678615435837
"574",1.19817666659292,3.35590043768492,1.36034091199774
"575",-0.667703950707851,-2.95795922027682,1.18916396802912
"576",-0.599444433050242,-1.2929585422824,0.40883946903741
"577",0.739381564660942,0.501597702957042,1.93938135795806
"578",0.470310345534886,0.502553946283334,0.591286737486583
"579",0.183024509679583,-0.140048852087549,1.87252314135659
"580",-0.695546387526376,-1.53010353421412,0.172595879121648
"581",0.203049898888768,0.213112560491723,0.274145274303363
"582",0.377293788063417,0.549521399089296,-0.00425753899558851
"583",-0.119209740045547,-0.218393628002459,0.656636427247875
"584",0.967739674737766,2.56145171770542,0.550933222112763
"585",-0.812560941371877,-2.45442124209557,0.234406277424253
"586",-0.214698409407902,-0.354460842043984,0.619852604213559
"587",-0.17705616227807,-0.503086978260444,1.20743743949389
"588",0.559964848617985,0.830618637043975,0.264950334566533
"589",0.866085786727473,1.78407341148585,0.564507571405992
"590",-0.518306501155348,-1.17909779727437,0.679716793886086
"591",0.86024540845781,2.40851797424846,0.0975551522987492
"592",0.401197059703148,0.185482651930638,1.38726295413205
"593",0.70399519755067,0.522392005539046,1.70365232742323
"594",0.059785872128924,0.121443871514779,-0.0138303707229245
"595",0.898030436854018,0.866095672296598,1.88745625269828
"596",0.080978180004961,0.0816193726723053,0.299963107610941
"597",-0.0106728213941924,0.0101194368583952,0.226430485425744
"598",-0.573407992605141,-1.14807021574636,0.365175037537906
"599",-0.302505229278074,-0.369421363711105,0.224512036271032
"600",0.58424421105171,0.535323421478937,1.06911390893845
"601",-0.415426471365591,-0.563787527381208,0.158989038696927
"602",0.715691315104661,0.891940092185485,0.927918579010789
"603",-0.698853731126724,-1.89448962606032,0.457686973871446
"604",0.789284730360106,1.78199885344034,0.182279043653962
"605",-0.554700963833704,-1.04652920307686,0.323322245256074
"606",0.700392984050389,0.963187769252075,0.725916731774212
"607",-0.740616052828779,-3.66049874757701,1.06585566916188
"608",-0.800946413411638,-2.52179593821573,0.326961180934807
"609",0.692744377618761,1.32429771232406,0.167682440234808
"610",-0.650287415519823,-2.25472018789926,0.935594058892772
"611",-0.535354516190838,-1.14492505552463,0.551427207879024
"612",1.0336592327106,0.994005736027756,2.34067801742823
"613",-0.119813619168076,-0.171430204251827,0.480754394136341
"614",0.331064132692286,0.0975072301675746,1.46574005773014
"615",-0.314066244964333,-1.46820491003647,2.02047619068589
"616",-0.402983805052457,-0.645192041927715,0.398452978931038
"617",-0.0121171201323482,-0.0491602722507937,0.506657089463886
"618",0.955786470556571,2.69511803704108,0.423302347022516
"619",-0.395332034148371,-0.646356211060855,0.439131399198429
"620",0.889895517311304,1.63730330753995,0.816041267153012
"621",0.480714739046591,0.638778537361052,0.284990236451627
"622",0.356714049216824,0.222775359637138,1.00092649840192
"623",-0.506187828037358,-1.70340724185959,1.27238780910234
"624",0.0251726073893497,-0.247087286462445,1.47852040683071
"625",-0.190865848760475,-1.08344864049499,2.19313604732636
"626",-0.422543890584967,-0.6999036714589,0.411104942153989
"627",0.407216682118839,0.342526273474176,0.786696735047621
"628",-0.307926335055182,-0.506087338725778,0.560419013154317
"629",-0.300813000275372,-0.500734398496709,0.582885459293617
"630",0.989898801643306,3.08246572295691,0.422032564007547
"631",-0.613087464278081,-1.18176842751088,0.209123604001123
"632",0.520168903551364,0.688623029415455,0.365233952837428
"633",-0.307619990489191,-0.776341957728375,1.12963471614986
"634",0.582811449974838,0.75636980634139,0.529777772064555
"635",0.965402779155924,1.61310141852772,1.21682971073912
"636",0.215869322306229,0.271994661493117,0.094581914169312
"637",-0.668424824064959,-1.45114922569277,0.231788688033108
"638",0.175985257750783,0.204966880272749,0.174339006389697
"639",0.649768260169631,0.793706463925456,0.787312915388612
"640",-0.554913043528594,-1.62685469663501,0.963517062319914
"641",-0.714785953506921,-1.48093609761173,0.0293468387186492
"642",0.598976888717049,0.867398312390775,0.389746156961927
"643",0.80522101383443,2.0746292561384,0.0346886595343145
"644",-0.535257521894958,-0.896075663317928,0.195454311007965
"645",-0.52725721254796,-0.784230892066322,0.0456598250721831
"646",0.318259902031453,0.318100612235196,0.430451175200798
"647",0.564981149620629,0.583222151942229,0.845209867372741
"648",0.0827352214310876,-0.0315433618757926,0.898458973471809
"649",-0.699208012262414,-1.6002443429465,0.218517661762459
"650",1.18563914331641,1.87458647334927,2.08721384027728
"651",0.362857527990385,0.493325928057106,0.0805924012676659
"652",-0.196442149886161,-0.984764861791229,2.02601934119774
"653",0.696027672651968,0.428301988225194,1.94310629247169
"654",-0.76979274465669,-1.89693003396853,0.104770296323953
"655",-0.215774306747482,-0.292114063223386,0.42274871806647
"656",0.183957757789907,0.25566866187789,0.000370402514220126
"657",0.936570953615516,2.44395093072306,0.459043070823373
"658",0.126124678749421,0.0110843106211896,0.905495850590043
"659",0.438589037873006,0.594567609523379,0.184120999181942
"660",0.0956816115578936,0.0961308916382081,0.296067430911072
"661",-0.294996641987471,-0.443319112335348,0.465984467526045
"662",1.04835871373867,1.5256961701905,1.71923205545099
"663",0.879905195620623,1.70475045919722,0.703450052771999
"664",0.991350060072648,2.34693495252188,0.789083214890647
"665",-0.448884375002047,-0.680847699354467,0.241673692033052
"666",-0.379260865483629,-0.966791804609232,1.08518200342078
"667",0.49003646454722,0.684127894687119,0.22484865188096
"668",0.827481659397072,0.996897663519771,1.30503081528069
"669",0.414901540075157,0.633765775286772,-0.0319217202136431
"670",0.727909916772597,1.5098356262885,0.133531038483245
"671",-0.265993134185267,-0.541661291239292,0.855061979320814
"672",0.459502717789076,0.543194796552473,0.423910487265485
"673",-0.318741643565567,-0.688407260536764,0.907447133190148
"674",0.328784656689266,0.477217669871009,-0.0426197316905529
"675",0.648515544840378,0.824233259844846,0.720184399682079
"676",0.821588204852357,2.05112871765083,0.133189211252638
"677",-0.584365549074461,-0.951098661498145,0.0359364906221864
"678",0.502107517181591,0.546073145830957,0.629127140883714
"679",-0.480799648797668,-1.46504991237638,1.18370046365605
"680",-0.442792406133137,-0.959069307001042,0.755894530922309
"681",0.982059418671686,1.22568927571694,1.73982819714633
"682",0.710661863576348,1.39658846433671,0.171659587049679
"683",1.09592316626619,3.03581308504556,0.971121666614074
"684",-0.654074738145417,-1.62570049705266,0.466697527783337
"685",0.738015265384746,0.395585739104207,2.25871264725422
"686",0.728355419588879,1.45273551381424,0.197056006073703
"687",-0.26725376322232,-0.697887587883027,1.18360038042427
"688",-0.140707076929544,-0.0854053097043237,0.0260748906430267
"689",-0.154316275887087,-0.145289544317612,0.206670364180744
"690",-0.296393348334208,-0.437415419952836,0.443398637595316
"691",-0.235074306807385,-0.393361652994645,0.629845343694459
"692",-0.471126841262371,-0.893294542935298,0.511637866459451
"693",0.574638642096804,1.07818252173598,-0.0876507265839536
"694",0.730619586761713,1.08157486966165,0.687106171606234
"695",0.200783039750636,0.265907708986048,0.0433236203528057
"696",-0.21581963285284,-0.396080460860724,0.733729610907265
"697",0.420945042895831,0.446806696443042,0.509979541479763
"698",0.732878941965165,1.03412785782814,0.771929382292307
"699",0.773592296376249,0.821058152175554,1.35180590172222
"700",-0.250047558199677,-0.677361005183236,1.22887019758561
"701",0.81138488457689,0.639648366552324,1.9362393292618
"702",-0.614723619929244,-2.04045329393583,0.97994831429986
"703",0.244126368129844,-0.0851674149575495,1.94920701349811
"704",0.862030107275302,2.7104399440793,-0.0529499651433724
"705",1.0166455707132,0.922572770663076,2.37761263409872
"706",-0.0502491054855452,-0.108350897933496,0.576390960903881
"707",-0.299875877830692,-0.34804727337517,0.174969933142365
"708",-0.00838994014590363,0.0473047459961292,0.0420244775748411
"709",0.563259896258343,0.910271188569553,0.132594885533495
"710",0.782648240040472,0.990842056973248,1.09084511559296
"711",-0.416646876924466,-1.14861075968016,1.14966959406076
"712",0.894909773325601,2.76709778195858,0.0843454945993966
"713",0.854525666977498,1.27185689724543,1.04203700575589
"714",-0.506020879116461,-0.83046624467904,0.232875688797769
"715",-0.669806205236315,-1.45300133052051,0.22672703378663
"716",-0.124561580218341,-0.328007351423824,0.991139457607898
"717",0.733294912138061,1.594128046594,0.0748175259584752
"718",0.582738497636951,0.788589885614007,0.462564075792083
"719",0.765252028772917,1.75616593993059,0.0844606358304361
"720",-0.693096855661611,-2.02569686399842,0.578231542017639
"721",-0.291337192851168,-0.652617289448155,0.972065351706848
"722",-0.410423169577471,-0.993015463532497,0.968242152523008
"723",-0.663263371970975,-1.98598123175625,0.700429196802787
"724",1.13355833049752,1.75861732460537,1.92385404063417
"725",-0.143543732660912,-0.311938824939359,0.84661587583649
"726",0.27832339021424,0.322295288366869,0.215338547986223
"727",0.00146968925439861,-0.114202059087742,0.859420759353204
"728",-0.189079309811146,-0.136557732140917,-0.00197898886397271
"729",-0.43366509826766,-0.81429210050212,0.566736743112906
"730",0.791410302051805,1.35974327597533,0.618392200785212
"731",0.20446889811598,0.0489755729007563,1.09721470014677
"732",0.487245993812795,0.598876292891523,0.416449088857759
"733",-0.233336572085997,-0.348600028507076,0.509309902247629
"734",0.90397264556197,1.31494947279416,1.2352775915687
"735",1.0807380310516,2.39448142623331,1.20811131554314
"736",0.422188774520421,0.468430310598525,0.450546744927923
"737",-0.444522158199932,-0.609351089116059,0.114720560504048
"738",0.550812167949813,0.5823103015227,0.776723688714535
"739",-0.336033912468252,-0.389913601275013,0.115356822277956
"740",-0.578687884151219,-1.39468216884992,0.622935441624611
"741",-0.221315169887567,-0.736204363019439,1.48703171678765
"742",-0.275883164502874,-1.0982607600374,1.78790200946156
"743",-0.328745199182528,-0.379266229931833,0.121604296894004
"744",-0.26995490061581,-0.68686442992306,1.14831726220164
"745",-0.188932608364004,-0.410822533766525,0.90897682078119
"746",-0.745689052494181,-2.66584903940163,0.672909246248904
"747",0.115691841979473,0.11513884561375,0.297651839448832
"748",0.189219637437132,-0.0550883121388675,1.54055460579628
"749",0.948945464380519,1.51656073481855,1.23166928240454
"750",-0.493878921724153,-1.20729044491588,0.836438549213633
"751",0.254856832985707,0.147180497861765,0.834606268872501
"752",0.723692883047335,0.627453049158799,1.5274446720723
"753",-0.267690067022529,-0.67340377854122,1.13269505095526
"754",0.376211328518205,0.194636840997829,1.22118251798167
"755",-0.140357782658895,-0.33922675812456,0.946172436566874
"756",0.0305358639840013,-0.0812870153210814,0.864314889506756
"757",0.361381787691565,0.281366918128351,0.785358388170048
"758",0.69434770102886,1.02342679669132,0.596322564947819
"759",-0.269885038040367,-1.60222058540694,2.36689513664586
"760",-0.491864103888721,-0.733652817273078,0.129469055161459
"761",-0.543817817663628,-1.64731616310173,1.03677955331565
"762",-0.305234608596718,-0.353456834247336,0.164208563860186
"763",-0.353982093170865,-0.428719529803583,0.132263370135515
"764",0.218703235929779,0.175802516496256,0.518981964671094
"765",0.921716103628548,2.29105517411273,0.474734542379558
"766",-0.0394137539223257,-0.193875162167626,0.966855361002775
"767",-0.136601477653434,-0.909582771800986,2.2102731832506
"768",-0.626160680646888,-1.15629382175241,0.11185878302321
"769",0.770624393069346,1.25217677382753,0.6478636905858
"770",-0.666989271553087,-1.79022801096154,0.538291376252953
"771",-0.619021171273028,-1.17798462451258,0.174760865120894
"772",-0.609256300209287,-2.23936454350016,1.13174298012447
"773",0.340133429695508,0.226820868475372,0.900819738147755
"774",1.03620701336442,1.77359278446564,1.42411661304888
"775",0.531568859525666,0.12040012901848,2.35035009949037
"776",0.760688198693483,1.2196792116744,0.640979206494042
"777",0.51060518025239,0.708577003064375,0.272432513300576
"778",-0.834932794289817,-2.67832115324492,0.232476422424373
"779",-0.0624387676427305,-0.298204452887821,1.20887331462155
"780",0.886436479914659,2.4437686887995,0.208473240180896
"781",0.358056543486727,0.264119234318724,0.836836476083783
"782",0.433311814299203,0.656515775591267,0.00554497568884459
"783",0.0142974991556645,-0.131167360677084,0.993167427402838
"784",0.928741295618652,1.39121770733085,1.26824226842385
"785",0.72509411240895,0.510433458076721,1.84276821885948
"786",0.0327672019978414,-0.0822510067687367,0.879689623805334
"787",0.856483403118199,1.89769751835711,0.423009970799931
"788",-0.812175018687128,-2.68189541916742,0.347916513422014
"789",-0.573388925399689,-1.17285359188121,0.396532277752008
"790",-0.566474463348913,-1.11205850434896,0.353206540951372
"791",-0.0266012141111618,-0.113836637494632,0.717546682574978
"792",-0.0295028552884268,-0.0600008486170464,0.469295079153115
"793",-0.616110396126073,-1.14998883933438,0.154107047151322
"794",-0.374533962419949,-1.05614329761273,1.2375056456848
"795",-0.159342728760595,-0.437141020717906,1.12792376258182
"796",-0.581798689584815,-1.21617598297678,0.407570129917127
"797",1.02758821689918,1.04159692584282,2.23367940334376
"798",-0.713377609830475,-1.8641495569685,0.362719008714435
"799",0.738257497942067,0.969871244431553,0.903921311685824
"800",0.813461522612267,1.97325043879949,0.149636141362867
"801",0.966100283862134,2.53558416390592,0.556455057870584
"802",0.762849285495482,1.2182682795248,0.653670568878368
"803",0.555537538665981,0.866429007132284,0.174366466154399
"804",-0.685058384169482,-1.61318209448655,0.300759472862461
"805",0.765880674168931,1.21158236610629,0.677796349183759
"806",-0.517526441641392,-0.95207985664626,0.371625511733059
"807",0.318604730409024,-0.0159604817800165,2.00282363466746
"808",0.525872984267644,0.396509755563455,1.194950937474
"809",0.718078291081475,1.28104548106627,0.348119079392196
"810",-0.174198337407962,-0.22729834051777,0.413158295123301
"811",0.716135694964899,1.53428740068135,0.0492410688002987
"812",-0.26003715650113,-0.902295273044827,1.58150892344025
"813",0.882145808450785,2.47851429209875,0.167662207248371
"814",-0.593439785230632,-1.04094156766112,0.121816789618921
"815",1.03188698726488,2.11614946023163,1.13918172781373
"816",0.743229184896757,1.4673200792632,0.255503099177869
"817",-0.0585228162065582,0.000925569451741173,0.0336734869770813
"818",0.418544490704048,0.390841031007605,0.677083589860329
"819",-0.173973348217185,-0.591585231065951,1.42862458133239
"820",-0.0683152995883187,-0.0715234726431649,0.326968209063328
"821",-0.465744393725103,-0.876321223154032,0.511006902755767
"822",-0.639479984272583,-1.48285069555122,0.407741525154898
"823",-0.67161270327795,-1.32078585906493,0.0790708810633287
"824",-0.302402395559483,-1.44101672689907,2.05175946827774
"825",-0.555287174061042,-1.07077172795346,0.353830136470497
"826",0.671336023552164,0.959683413330493,0.586596482960295
"827",0.542039774250726,0.555647504228997,0.8030207636753
"828",-0.165383977830269,-0.126666826843377,0.0764722812155392
"829",0.0175806530432397,-0.326482488452882,1.69718828196706
"830",0.932818754667064,1.84991489426917,0.843105981635367
"831",-0.289520372421529,-0.847633375197814,1.3445201091938
"832",0.641029067005951,1.18533062286576,0.0892741256596705
"833",0.247942764034864,0.269701672163438,0.264028970938374
"834",-0.264150191134169,-0.61614495543398,1.03122890812527
"835",-0.616072602215994,-1.37910873826364,0.419694407725999
"836",0.851457886275217,1.67295804825501,0.590352295036023
"837",0.806909664578241,1.11594169418782,1.01731729812282
"838",1.00929497580007,1.11826496002682,2.02583875910005
"839",0.159687695493719,0.138514686437841,0.400878340838716
"840",-0.694263834277446,-1.87866129354871,0.469032786886293
"841",0.32474364264184,0.0170957291440371,1.86773872152783
"842",0.0297540751116992,0.074421277685979,0.0829868605276494
"843",0.716531964141555,0.817468962109083,1.07358110737931
"844",0.104070317030947,0.0420054290647194,0.633021975787375
"845",0.91562235400304,2.06971109849084,0.59016208774132
"846",0.635363748986633,0.606345995287043,1.138178497436
"847",0.367435716485251,0.0712331421408329,1.78889409906695
"848",0.784455216736188,1.13068496742902,0.883559996919971
"849",-0.201799729796023,-0.310110978035548,0.54962398137526
"850",0.903878712530215,1.493072883217,1.0310838387381
"851",0.571760116574932,0.564857851583753,0.927123934739114
"852",0.642196605477234,0.952377163710197,0.453402266909712
"853",0.901435308350861,1.69711680523494,0.818035443616318
"854",-0.609510182577074,-1.39807930432345,0.472357076233846
"855",1.09664494808507,1.53754191176767,1.94844041780042
"856",-0.389564375688107,-0.615568841574907,0.402920132725571
"857",-0.572324474557988,-1.51020293670659,0.769869433255882
"858",0.311985818325853,0.0627095623076136,1.55892398737678
"859",-0.546978934831122,-0.964297165631697,0.242844038208032
"860",-0.285398098188878,-1.08713220227746,1.72543619613561
"861",0.0533883966927494,0.0982604423130492,0.0734066299282634
"862",1.10622321400012,2.5612034981126,1.24348162551605
"863",-0.158734249904237,-0.261031319493923,0.606120191079255
"864",-0.53819361452518,-1.03264644208505,0.386378177381686
"865",-0.57297819156994,-2.44335507167478,1.42653338984042
"866",-0.181722155870635,-0.240847224936687,0.422651731465589
"867",0.441065526953915,0.293551360969744,1.13672433088906
"868",-0.262757009117536,-0.727451770451572,1.26324127211915
"869",0.839697260357952,1.43023365149409,0.778698359362592
"870",-0.381191335923646,-1.79242527221631,1.96899717158636
"871",-0.52008559339563,-2.19883185853875,1.55342805395049
"872",-0.727073975020082,-1.61614691458271,0.0933003729801438
"873",0.276008511641142,0.360289475552812,0.0682023307234277
"874",0.739627297591011,1.07682215573271,0.739361507602321
"875",-0.207464781634703,-0.308113390859707,0.515040217791297
"876",1.0774980380947,1.74785197829498,1.65297010380456
"877",-0.491676237611939,-0.69023201118123,0.0463909915426128
"878",0.513296314782532,0.620854804723193,0.4916933931167
"879",0.903332746626736,1.71305950878778,0.813083065848531
"880",-0.0281797024866771,-0.0332371420986514,0.351917479665143
"881",0.488526384952237,0.612772905900762,0.387901250516282
"882",0.762776145842148,1.36846182399527,0.464930135829872
"883",0.948180066490824,1.30092889093647,1.47366444478702
"884",-0.51445303901473,-0.970799858106598,0.415224010843809
"885",0.839028365813644,1.81974528267469,0.399072026064241
"886",-0.671212825243709,-1.58381919334121,0.343746133130226
"887",-0.753823997444965,-1.81696744528797,0.124830270808034
"888",0.851461390997632,1.9500326996617,0.357227400181148
"889",0.811686448061953,1.29256673920202,0.801643216978923
"890",-0.521924244856273,-0.931802278105557,0.318488337271142
"891",-0.600079658177518,-1.09754728886229,0.165969231104664
"892",0.992064291537841,1.64631548138528,1.31833353234922
"893",-0.593880239746627,-1.50643276861907,0.658490551808366
"894",0.594483140702002,0.559356799395282,1.05533741209618
"895",0.695984026072708,1.38445285880205,0.112285959343296
"896",-0.552850472149637,-0.868787098019876,0.06310357827927
"897",-0.380130064413743,-0.551370359842467,0.306959273002896
"898",-0.529767830509371,-0.807835178664997,0.0749503261123321
"899",0.586214432171423,0.143867222950893,2.50742494116423
"900",-0.597775096671278,-1.09904160236742,0.179481708530513
"901",-0.440788699303439,-0.891816161565507,0.660947593835032
"902",-0.660771008258319,-1.45934659315028,0.278205084899863
"903",0.815828786590556,1.00058170625716,1.24072300871525
"904",-0.707399342808954,-1.84298445180642,0.376753468444211
"905",-0.61521889875066,-1.19319922460292,0.212556189489099
"906",0.315810130980492,0.195863567984554,0.913708075230391
"907",0.795068889917252,0.895101502281789,1.31904173683036
"908",-0.420200173831052,-0.932085777658199,0.827548317141052
"909",0.842033398785955,0.468714787006745,2.54891867754285
"910",1.15110028104864,1.99026050177619,1.8251124117319
"911",0.797663264513727,1.48715584330253,0.506313606882098
"912",-0.31758842296809,-0.542986021687313,0.600181765123964
"913",0.791405603726537,1.03191797786824,1.06806916340724
"914",-0.62188830149056,-1.95690809513734,0.887127328005461
"915",0.498325294617831,0.793253869410057,0.0310156970914037
"916",0.739338223777602,1.50159424745983,0.199349943371428
"917",0.85985123849249,0.966194704164071,1.5181066598361
"918",-0.251011772610239,-0.584130775087507,1.02690093421246
"919",-0.505463559496291,-0.922739977252248,0.386675998982438
"920",-0.691786038653294,-1.56028008884327,0.219435790349721
"921",-0.112900629633769,-0.219705815375053,0.692843953352018
"922",-0.244913529463625,-0.268389198311936,0.199726512520063
"923",0.922155731897171,2.19975755475831,0.534697678708728
"924",1.20265970656872,2.53477593427147,1.73968400910705
"925",-0.0979608260371939,-0.33135789553603,1.13435438651329
"926",0.79182488259576,0.801098689173618,1.48267244198265
"927",0.987302978921614,1.92812661625517,1.05328543722259
"928",-0.158278794382283,-0.52107952267606,1.34490531643878
"929",-0.269762742153831,-0.672842498160382,1.12119951434461
"930",-0.659208235247726,-1.81650205196201,0.597551758061546
"931",0.732487045055953,1.47583364340367,0.192583481007878
"932",0.768795318453872,1.81559735363477,0.051373804686394
"933",-0.429009271976104,-0.626790106487861,0.229663010077794
"934",0.0835088538735953,0.08912156490962,0.272347841576298
"935",0.0664942848736869,0.111706378900202,0.0692055578367017
"936",0.161851628256919,0.128543962566675,0.46092827130009
"937",-0.0796126159009311,-0.0254790328155843,0.0577715472895116
"938",-0.476889019392825,-1.02163018111583,0.677267007354725
"939",-0.497875692976933,-1.13884426877893,0.731027362844225
"940",1.1336809108881,1.57165949636393,2.09903528580241
"941",-0.271076355662821,-0.277862052336463,0.1000912608286
"942",0.617750745976222,0.619360355647376,1.01765975506077
"943",-0.606784716833422,-1.45641079048579,0.545224512077307
"944",0.818017874542405,1.09547744488298,1.10317126567779
"945",1.11589669529212,1.84204842999509,1.76494262141777
"946",0.748961324931661,1.40200354411011,0.356947828585777
"947",0.828861437012608,1.54969782365199,0.597096087042842
"948",0.653637986571873,0.416327083047225,1.76928553533962
"949",-0.245763844472313,-0.22969624907155,0.0637353091006616
"950",-0.523919991717698,-0.927493321511394,0.301813035890112
"951",-0.49822373632444,-0.732545503454337,0.0955759688582627
"952",-0.672534232727206,-1.99884601849927,0.662885056773741
"953",0.150783546367416,-0.0828484486607982,1.47238225344293
"954",-0.414928777262692,-2.45703516394404,2.22392879290069
"955",-0.813622811012395,-2.20389955886617,0.0887954616483062
"956",0.690905283440861,1.28374031774889,0.208845703193276
"957",-0.465435092558341,-1.10385050014958,0.847566990833443
"958",0.807062524386824,0.635528883597432,1.92460006328018
"959",-0.252988198812698,-0.650773440241837,1.16000302088574
"960",-0.54605326758939,-1.24413742816658,0.619548624817275
"961",0.124573065749439,0.165212509429699,0.0974831216666206
"962",-0.162551828508631,-0.169323822601984,0.259025897176726
"963",-0.64458003211667,-1.19596892877557,0.0691439978383816
"964",0.46957508784113,0.415414558751664,0.851902146476622
"965",-0.523984879609811,-1.1827743410606,0.655881926717863
"966",0.966438834511891,2.17652880391476,0.771332951777306
"967",0.786576953833372,0.935285171474741,1.2049133847192
"968",0.797957606898225,1.34038730657892,0.674245345803254
"969",0.101556651612156,-0.093485482263776,1.27231946227722
"970",0.683960254802897,0.958050159172709,0.652504637243462
"971",-0.556647620680655,-1.36270160361445,0.699411170592235
"972",0.354271732616785,0.384682937276442,0.376284597856476
"973",0.657917960030695,0.909984089762249,0.606399857280365
"974",0.840866667401225,1.42548816672384,0.789861642093105
"975",-0.569965656661571,-0.948716612580955,0.104304460977398
"976",0.742299483815868,1.60746167652593,0.106792642937481
"977",0.121657094926639,-0.172267106028709,1.6912943740169
"978",-0.450791473739763,-1.02609044491662,0.814103595075991
"979",-0.167974477575263,-0.196772202428638,0.334705564455118
"980",0.373777244974226,0.223892895125544,1.08147914360019
"981",0.330238244156857,0.441290175545474,0.0735003362812989
"982",-0.23518852862357,-0.241269012769319,0.156771988735216
"983",0.238854813459762,-0.108584762655423,2.02289152434621
"984",0.700616044593431,1.33006202838225,0.200023082241258
"985",-0.549557638389482,-2.16390337500199,1.38476942802739
"986",0.028177765326641,-0.156960911715333,1.16498512303362
"987",0.193542176320246,-0.0800444251660051,1.67389976336661
"988",-0.62608194708651,-1.41023887084541,0.40206830177695
"989",-0.291325343060353,-0.825480567197984,1.29779597433204
"990",-0.45434874335875,-0.699340509724875,0.25097671403094
"991",0.382486050536405,0.0955728226199861,1.73303023046504
"992",-0.436555048276563,-0.694424003431865,0.330279033746282
"993",0.697861312733185,1.05963772717901,0.556897497480153
"994",-0.467311041527602,-0.712577542357901,0.211938944228467
"995",-0.807272127082521,-1.89980130338164,-0.0805378672215555
"996",-0.172863177530626,-0.229249484172706,0.426674940486386
"997",0.765581386051723,0.891292663528255,1.17855182001068
"998",0.719571535715829,1.08850719296175,0.621397180122051
"999",-0.218138822736971,-0.525341962838983,1.05579391909892
"1000",0.858106554270346,1.7620529997236,0.543604842336254
