"","x_pa","x_child","noisetmp"
"1",-0.196521227874636,0.409632003103052,0.0380608229345092
"2",2.015861025258,-0.670986400114523,0.654135183884619
"3",-0.196411925020115,0.497157192628601,0.476037990679521
"4",3.76343306507915,-0.715832651636843,1.07449337374836
"5",-1.29175209556168,0.796659940237975,0.199939785895367
"6",0.170642819835839,0.300410160044945,1.25273341702678
"7",-0.403861799758854,0.538335923464901,0.120053580057684
"8",1.11790619722332,-0.585079846875309,0.213604907671533
"9",2.04300108321518,-0.797974630074277,0.0359553999414517
"10",-1.02498326040863,0.876459503241912,0.846504011149375
"11",-1.67059114043821,1.01531630359501,1.02940238162733
"12",-0.106607677527485,0.624482523052421,1.42660226007669
"13",0.564693531022449,-0.0743312053756465,1.50628761378061
"14",-0.643692473520902,0.692779305974723,0.428970351796083
"15",-0.501066660807954,0.793540418580205,1.18939824726566
"16",1.32479091333497,-0.571912979397039,0.555475032702179
"17",2.52924904680661,-0.669691878725768,0.92691292902066
"18",-0.0660717806760968,0.534965838048553,1.13953089832978
"19",-0.0332117182221334,0.307893685063964,0.144348696766061
"20",0.149918680469847,0.0979281016870919,0.0959946740477704
"21",0.648918406925804,-0.243245849477744,0.931523941571649
"22",0.90919525149905,-0.446730378479666,0.545227601189531
"23",-0.328880588211029,0.615819828133088,0.688949476499336
"24",-0.902527200909778,0.74251914867774,0.31476650121902
"25",0.702938912520327,-0.29661096230044,0.817996693628363
"26",-0.438135572997726,0.843388582743993,1.56905707969207
"27",-0.412879049703833,0.598277486090887,0.399316520616147
"28",0.482812862455469,-0.0706720274998785,1.21831805594244
"29",1.21696010122763,-0.55513680953265,0.503743584933286
"30",0.708115057773446,-0.32776486710386,0.676201035547571
"31",-0.253988120644627,0.485948779247242,0.244074769343254
"32",-1.4901128533589,0.876574352885755,0.45101439405095
"33",1.03981553877939,-0.55197752273809,0.255743029826531
"34",1.02260579490886,-0.469148717468575,0.641005118881702
"35",-0.292170370677654,0.544796818611838,0.430897558826718
"36",-0.367012921135382,0.633418674297418,0.682001732270084
"37",-0.451666983613248,0.741855026678435,1.03233401606343
"38",0.428632893613206,-0.124838986623077,0.715396178158344
"39",-0.800488152475248,0.76590183789321,0.561676891610851
"40",1.00402036215682,-0.316150399284057,1.37406773676743
"41",-0.864729723129268,0.836531984759041,0.831247197862045
"42",-0.361189091972605,0.853091390377885,1.7944986972302
"43",-0.025241749141074,0.515126424534809,1.21598650663645
"44",1.32833557462711,-0.569585335491324,0.571300809058953
"45",1.54316520609195,-0.284250839935802,2.22474924457758
"46",0.0456461246220589,0.216838073097638,0.0686515712578705
"47",-0.217194986480129,0.648689784234957,1.16813758906814
"48",1.85868334114003,-0.500207949312976,1.40339710525758
"49",0.334126683347917,-0.0708997982901579,0.508800714076779
"50",-0.157765720209546,0.919312858158829,2.71547918760352
"51",2.74060434521246,-0.776954399181701,0.475777363982942
"52",1.38964091359903,-0.590610412635525,0.536124925002735
"53",1.25982275242521,-0.51594229559147,0.755602775576509
"54",-0.927440337680213,0.946319882292034,1.30421678549435
"55",3.59765883829033,-0.765002442496875,0.791055511209451
"56",1.6058584197081,-0.699426459805899,0.206362843646755
"57",0.713137349617066,-0.224372180669585,1.20660976244244
"58",-0.593266101730768,0.667737625377043,0.388950034404145
"59",-1.60175457655083,0.952142244978331,0.755566818305802
"60",-0.547850802365202,0.612531811852229,0.194666706953233
"61",-0.111807673685169,0.449399259975935,0.531511491683957
"62",-1.38076696116377,0.837446439459335,0.334061148613583
"63",0.230036129059764,0.103290088035766,0.714028181591493
"64",0.989583847752163,-0.56672507941112,0.0958462197450651
"65",-2.04062800968679,0.891242469181862,0.216612739335433
"66",0.743892798409256,-0.0530019919424274,2.14344409921041
"67",1.14541492365812,-0.465091709808967,0.854230551530352
"68",0.404701476090512,-0.0725079835428162,0.865766169345436
"69",-0.615853051163172,0.737795923417373,0.700390677715764
"70",-1.16488892119321,0.882691471461263,0.739913381422345
"71",2.14692821714596,-0.737037321438723,0.401657668587215
"72",-0.293378459782338,0.669595746585101,1.0516042004949
"73",-0.102682067067935,0.477972222995245,0.709036561052456
"74",1.33801545097888,-0.362643339331327,1.61736439222108
"75",0.608109194036283,-0.271153798200869,0.666338684873381
"76",1.27216162867805,-0.572316613600252,0.489320444236082
"77",-1.41050856356184,0.929524090306647,0.772314768385148
"78",-1.50651917501529,1.10545599228556,1.58422929758061
"79",0.198136395372828,0.115354570544232,0.531788642185587
"80",0.203359375997464,0.0807279342217114,0.39925484241351
"81",-1.06087523320617,0.742713920134118,0.140577669754876
"82",0.336412005985044,-0.174865466313278,0.00174751623987354
"83",-0.153517898513771,0.519295770568241,0.730102979651978
"84",-0.0497588529763629,0.594643981385671,1.5063190278763
"85",-1.20235686772356,0.780834490870443,0.196826608999753
"86",0.369826548277942,0.138269807694081,1.7466190398052
"87",-0.768581478246326,0.913946348455166,1.34578036182096
"88",0.325258152891854,-0.121905615997262,0.203532338692636
"89",1.17301082517735,-0.561746530533359,0.410432575422127
"90",1.78275489423506,-0.659951322401826,0.54899310457244
"91",0.0193431698663574,0.510726565918807,1.40406454937153
"92",-0.824821068577631,0.718051426860903,0.290041144031766
"93",0.733040229699989,-0.453139728525081,0.114984514137277
"94",0.213970094531315,0.0831685539576297,0.493571922742678
"95",0.0707727821678178,0.246029940076367,0.350436858190131
"96",0.491282404626935,-0.152932326550975,0.841022798456802
"97",-1.23802846417274,0.807673625286499,0.299933695006966
"98",-0.485660060459849,0.675649043222555,0.63078736729493
"99",2.1258837109474,-0.430508483065726,1.92233537585495
"100",-0.0403965022021654,0.362780500718644,0.387310222967628
"101",-2.61784155524085,0.992013009497705,0.500768321741517
"102",0.374528772761326,-0.147995441693422,0.339420922306797
"103",-0.816740388314886,0.925349627012772,1.33718552648167
"104",-0.136014437165961,0.368873814137519,0.0398568097446398
"105",-0.386444023372748,0.810903245923225,1.52318316149554
"106",-1.46982644602598,0.896968709246636,0.567039534580807
"107",1.66888915310372,-0.572324254881663,0.896337112736944
"108",0.0211697060675445,0.287574162610312,0.297355262434184
"109",-1.09484202886623,1.13242290720781,2.05514241569657
"110",-0.139952749149656,0.610726336537278,1.23502118094755
"111",0.0561765792214449,0.68627739249373,2.47180582591373
"112",-1.21026938040988,0.782832831135831,0.199832352716849
"113",-1.93671211823419,0.935241831562943,0.485605297858527
"114",0.914073087793133,-0.346474304508845,1.05613077128673
"115",2.12477031250137,-0.753420833969595,0.307135184378667
"116",0.886653984371444,-0.480282069403569,0.332126492983699
"117",-0.110659521584562,0.509822745206351,0.837955866181828
"118",0.0633817558512319,0.250627694745756,0.332641254507135
"119",0.411700760372776,-0.0793269665506621,0.864818179391589
"120",1.11318251168773,-0.448987650360811,0.886940750808947
"121",0.822949533631412,-0.240445241320191,1.39486398165922
"122",-0.2928992608142,0.469863011032853,0.0542439492457531
"123",0.966166637126659,-0.513980925920423,0.317394595573678
"124",-1.11174096134429,0.993125975072026,1.34217623055133
"125",1.94783935080566,-0.438858017146472,1.77114004236068
"126",0.213888994573118,0.0394389212143886,0.274305244828229
"127",-1.59322778792903,1.03586621800081,1.17955406128964
"128",-1.29391877045823,1.09984332162733,1.71409066974537
"129",-2.00058190945573,0.865908688418076,0.108411861443801
"130",-0.0279676673875213,0.435112810584964,0.803718048605861
"131",-0.263624552947443,0.598356865092635,0.778349178439696
"132",2.01048710562732,-0.644581534162567,0.782797803111276
"133",0.177867132161278,0.096567640077812,0.285737812461155
"134",0.352045657043935,-0.0974116882469729,0.474589357257273
"135",0.990458959074814,-0.462354617429884,0.619248983926574
"136",-0.924041980577256,0.729404201545904,0.223622570817923
"137",0.12986416410283,0.138405872739614,0.165963077801088
"138",0.890295957640487,-0.379565860347787,0.843132516694623
"139",1.61663606852787,-0.741456753249344,0.00575308292400437
"140",-0.409450561688986,0.546598108632175,0.148660291474696
"141",-0.0535418500270802,0.582768359218937,1.43087445217654
"142",-0.771602877496605,0.71494876821461,0.346566039695834
"143",-0.646360836530077,0.614925471872184,0.0353465568030452
"144",-0.36782729813639,0.758042114998874,1.3031528082769
"145",0.250368077978764,0.183055890958367,1.25725069336867
"146",1.05717991866461,-0.497490301531776,0.556676941126615
"147",1.18304579127529,-0.549066434865792,0.487868732244892
"148",-1.66769160651504,0.977924920707108,0.844170868302838
"149",-0.355207292261872,0.525393314828866,0.170659884309159
"150",-1.948341054071,0.959009389538984,0.598783454933483
"151",-0.942452486095856,1.0811614520135,1.96099893990232
"152",-0.305602978447793,0.505407699290446,0.197758914793393
"153",-0.0705520148376639,0.333150074697664,0.112063113102097
"154",-0.804172173771436,0.71944609371025,0.324436402192113
"155",0.496563568565059,-0.00709895946783251,1.59110394674904
"156",0.817175042772494,-0.221296992687986,1.47758863948968
"157",0.0347648345954723,0.597905035141846,1.91756931769774
"158",-2.19149152623916,1.12598663812228,1.32503423195736
"159",-0.510067868410856,0.65684004889761,0.488183266150962
"160",-1.04482261789924,0.727292428248687,0.0799388055672938
"161",-0.129569125064576,0.651535703686346,1.47646810821053
"162",0.830185596408657,-0.465899972437627,0.283742953365352
"163",-1.86367355461495,0.837280279466566,0.0324270675861922
"164",-1.12525797958792,0.991360025964051,1.32035977542399
"165",-2.294564637455,0.972460810984325,0.516319885225089
"166",-0.179348286559019,0.484688858055494,0.469386094504359
"167",0.894795948161382,-0.429245273073475,0.603856450599186
"168",-0.524972684743688,0.661952894826224,0.484903471264485
"169",1.59842491287788,-0.640079733322068,0.496458525453826
"170",0.429214005316799,-0.216975049746378,0.257347464264046
"171",0.426888273374899,0.0451008096756151,1.55717488404086
"172",2.88425516420948,-0.836632550781933,0.229220292942081
"173",0.0248460070991791,0.462306278923636,1.18934893849787
"174",-0.224418706940848,0.448831103099262,0.146615481767259
"175",1.53374927728029,-0.688364941829103,0.195239096897651
"176",3.17675891364615,-0.425948290452918,2.37569366574073
"177",0.310343753469806,0.0202027756898815,0.827130918295626
"178",-2.04566485348643,1.11936542994629,1.35494006456687
"179",0.501200341286021,-0.214464465219646,0.572458406807664
"180",-0.411090434776827,0.543238358970471,0.12815413485983
"181",1.42855390076967,-0.713127950069232,-0.0343604860906803
"182",1.51717100085007,-0.443540060690172,1.40342180369134
"183",-1.55116843882476,0.855459236720201,0.304537189104568
"184",1.22119400100411,-0.640964749333665,0.0802475791571211
"185",1.31865926593687,-0.412374975271616,1.34588294022392
"186",-0.428569906898001,0.64883711264036,0.617192408090314
"187",1.25133656490288,-0.237582243445983,2.13655446711719
"188",1.004803780873,-0.570008793055036,0.106137483352487
"189",-1.36906822760065,0.975364758881267,1.03251720521737
"190",-2.06021452758802,1.11343871937873,1.31874227410645
"191",-0.265498175864128,0.586739885974601,0.714918294411831
"192",-0.994944562468108,0.849795865387302,0.745392012792806
"193",0.922218322982662,-0.446643030569572,0.571209438521336
"194",-0.0375691542605207,0.642068628591115,1.79607931124453
"195",1.30954930139893,-0.472000547927551,1.03684511347007
"196",-0.311487824168757,0.534351395266548,0.326870697762506
"197",-0.280417592104658,0.552959114111929,0.504042521690427
"198",1.55853475805031,-0.491072560968392,1.20505774712424
"199",1.13551854506418,-0.330155783639716,1.51443043147031
"200",-2.1694256495589,0.998792525677804,0.698215912911736
"201",-0.280074063380765,0.451852124178051,-0.000537776033240431
"202",0.428121242398703,-0.247958075936036,0.0974809819291656
"203",0.483941409451865,-0.123601516611319,0.958235391297031
"204",-1.10406198579134,0.792462671894114,0.346314835213443
"205",0.689514411607205,-0.36162977503483,0.456098108284808
"206",0.340757326876884,0.578925330123673,3.79480247830241
"207",0.0844533206629627,0.340872931182131,0.902055210076177
"208",-0.799364298765275,0.697309553225637,0.22023335613113
"209",-0.694941570810443,0.892909236961688,1.34850639602938
"210",-1.45171399479679,0.945522478187057,0.822559222791556
"211",-0.995769919786647,0.934860015224369,1.16981432759039
"212",-1.2674944588592,0.759034656379956,0.0318246658397346
"213",1.0266109128856,-0.380078034208375,1.09313787977738
"214",-0.570365151755635,0.963943046727776,1.91057357021807
"215",-1.27697766053202,0.932283478346917,0.890192918028142
"216",-0.34205195018753,0.51031109810754,0.127961080729952
"217",-0.265539550811774,0.513488985505213,0.348545928700502
"218",-2.01505903363701,0.933862370065076,0.441445625699789
"219",1.47084321230266,-0.634792634175671,0.40119400721168
"220",0.320149093130336,-0.108169507963253,0.242782211716033
"221",1.18685244225363,-0.569940938725025,0.388777011008218
"222",2.9503230310041,-0.879718358628548,0.0361850133944436
"223",0.464520402392161,-0.200307235076781,0.494674838519994
"224",1.1851048770949,-0.527650239909629,0.597809133497183
"225",-1.6149110910116,0.92538073492993,0.613548557377128
"226",-0.923249578700532,0.729708378582792,0.226074574235886
"227",1.44596852902348,-0.636787029380318,0.365642928651302
"228",-1.20390251432015,1.11731328625248,1.87785183597334
"229",0.4157485261018,-0.132462209202397,0.618082011223988
"230",0.716239613392343,-0.421560064734262,0.228920376715236
"231",0.0258735011127274,0.722593956785325,2.49593834394262
"232",0.0476591241440223,0.360419600960062,0.79715114294054
"233",0.706100924410327,-0.156780916053434,1.52569746174745
"234",-0.28557318042082,0.712263781076287,1.28630426098364
"235",1.62785379837822,-0.596812528371005,0.738803262202447
"236",-0.318810501046116,0.508556208993531,0.178682631520064
"237",-0.258581576343372,0.786798283550693,1.73503007209683
"238",-0.869387772220461,0.780845263344303,0.546987182120935
"239",0.179447930780415,0.0519350944962336,0.0741376116676436
"240",-0.0554657900644397,0.355520019195924,0.286509740052292
"241",-1.32780914170105,0.848059886140062,0.427993870655767
"242",-0.135086071956149,0.36006047738425,-0.000871155306566198
"243",-0.00655985465419592,0.695097776717393,2.20139801292672
"244",0.0337222723659508,0.346515336313789,0.655288423048015
"245",0.620143351812864,-0.384344565389893,0.138381137179615
"246",-0.190446381070127,0.509506976863825,0.557061087925206
"247",1.19820129989397,-0.651957942180072,-0.00570407020810704
"248",0.0234096414995134,0.2390992805811,0.0661330585055838
"249",-0.760450641410699,0.838580094870258,0.98039840429682
"250",0.213082647537684,0.231725219064719,1.22957950847837
"251",0.644677548547944,-0.414398893369616,0.0631159117265346
"252",1.34307460220877,-0.680419692907436,0.0343692985194743
"253",1.10239279661349,-0.392293782159942,1.15397827568335
"254",-0.369030520187552,0.788439796556255,1.4522408717514
"255",-0.552506287404766,0.644493774788982,0.34586424960509
"256",-0.581396114478104,0.746448081137352,0.803389186987884
"257",0.764891226995749,-0.379995345847812,0.560866364072713
"258",-0.73433635874749,0.70100453240501,0.330056042709921
"259",1.57864707714136,-0.620130269693117,0.578314397405643
"260",-0.680727961721397,0.674886695868613,0.28036824361252
"261",1.43443933660575,-0.64861805760235,0.294409932690417
"262",1.00301845265032,-0.149208801701981,2.20703217756075
"263",-0.772853138920881,0.711947711657789,0.329816278454809
"264",-0.0119250214676713,0.368525142240349,0.543612169363402
"265",-1.50840769700443,0.808081955010319,0.0960803805411925
"266",-1.09745075984077,0.88098307861481,0.795380920463894
"267",-0.75564449355574,0.840518889440339,0.996912454051628
"268",0.960557823484384,-0.51334350486991,0.310281086276975
"269",0.297511711878629,0.0129257645064602,0.713365464058752
"270",-1.52099039757519,1.04645485320469,1.27947563383134
"271",0.325838156177169,-0.0592263376609488,0.520247040654621
"272",0.690596674554056,-0.421945757817799,0.157515867783466
"273",-1.75845732159776,1.0313492202186,1.05905564178782
"274",-0.789293986439071,0.788608869781079,0.690420282926051
"275",0.0942805404654189,0.252376756092066,0.516766575754809
"276",0.689513707335533,-0.0204437457274904,2.16202630235199
"277",0.0288083300155838,0.423324715317462,1.01437068090281
"278",-0.868713716675905,1.04324425974375,1.85982340820374
"279",-1.54625464921297,0.801407914932263,0.0374973117010229
"280",1.06634055922116,-0.469419903714644,0.711809778313014
"281",0.452461966868387,-0.147509341471204,0.707344392257887
"282",0.380386977062219,-0.0359981478096539,0.92910985055308
"283",-2.40652965335286,1.01913260502428,0.707937769474905
"284",0.0967962821491781,0.33196810912941,0.929584991967528
"285",0.587104027043984,-0.201655093267064,0.945510548212861
"286",0.331341132325062,-0.0815740592606724,0.439763894403284
"287",0.627413321761167,-0.31325285657921,0.516403468039537
"288",0.834921359077332,-0.505821623925235,0.0946118253904005
"289",-0.220901945143079,0.519667994826418,0.51158637157689
"290",-0.00053098014859963,0.336170124670263,0.435113680331554
"291",0.473303104101533,0.136031292814227,2.21295237439837
"292",0.924899637192156,-0.464192552623193,0.488663660940347
"293",-1.97969798828537,0.9073171273956,0.325287726875062
"294",-1.85217881798266,0.909149966084848,0.3977162587515
"295",0.580127892867041,-0.212513810402564,0.867942908751061
"296",1.5360162927174,-0.650689353182824,0.385776909112317
"297",0.0427142155525712,0.279308301936791,0.365663048408348
"298",-2.05536522969122,1.03165868824132,0.912022787551128
"299",-0.713003020366575,0.856305359557839,1.13811684308046
"300",1.09045737376617,-0.336961687260318,1.41220373241864
"301",-0.431533673509173,0.566254133423108,0.197772540412481
"302",-0.800931825896568,0.663626901001821,0.0497035245532744
"303",-0.428369919963975,0.982420272409881,2.2855481777346
"304",0.593820356162863,-0.348828290142086,0.231773433384696
"305",1.10475084715602,-0.235727059421648,1.94042177196897
"306",-2.92525639621626,1.07742323857102,0.837758477184641
"307",0.377595197532661,0.034857067157311,1.26927995599234
"308",-1.26582601524607,0.765015765991067,0.0631229488561117
"309",-2.22308558228305,1.00450949465356,0.704768281482702
"310",0.234312076749961,0.152879975146006,0.993001223504201
"311",-0.55983709146534,0.688940203562197,0.554645136923968
"312",1.30607830323517,-0.540982916297693,0.687747628365031
"313",-0.680604245453094,0.648260935986856,0.147432429827449
"314",-1.55208160525254,0.930928041400654,0.681284834451788
"315",0.0644002943019202,0.213472716982582,0.152444700252645
"316",1.62757218771879,-0.693900982219225,0.253115507172295
"317",-0.413756885416898,0.597693813510916,0.394422645116003
"318",1.19460229846418,-0.499801320450505,0.750153168706694
"319",0.0534787056267539,0.444928183358241,1.25059339722605
"320",0.289797774078834,-0.0467088223520532,0.367477872438072
"321",-0.389196897613388,0.675975693305979,0.842105555278966
"322",-0.396590905860563,0.512210980559315,0.00611877931951416
"323",-0.632911047364551,0.998029015416003,1.97296638455776
"324",-1.88780481791917,1.3123486438308,2.39545573567438
"325",0.680690548631189,-0.22622476766778,1.1084789866292
"326",0.154748842925018,0.187559450750083,0.577087649723353
"327",-0.383446130495405,0.670954893756988,0.830485455872439
"328",0.659840503410181,-0.118967486542824,1.58505391939589
"329",-1.5215174424703,1.14174220562272,1.75555955738592
"330",-0.0624032219637978,0.35992390303604,0.279504103720031
"331",-1.39253182491175,0.93864133650377,0.831211671323537
"332",-0.032795347013335,0.296413356673448,0.0887855576332251
"333",1.98846011131507,-0.392923713100547,2.02715646787987
"334",-0.81963303137166,0.884635290705683,1.12978885212966
"335",0.000390018980724678,0.404995533818784,0.78360508206763
"336",-0.393922977311288,0.84825009695289,1.69248490072102
"337",-2.09733799106252,0.889801905337651,0.18409677129357
"338",-1.2451494125565,0.821183901984593,0.361401898435245
"339",1.34064259172823,-0.684490339454138,0.0111902736198016
"340",0.169456513864839,0.243297737401761,0.958693338384035
"341",-1.20876045218716,0.794355653833823,0.258774683929747
"342",1.07578498893934,-0.141723453512586,2.36535178360822
"343",-0.930408124622104,0.699590422203854,0.067102087094279
"344",-0.138449576506389,0.598376783034774,1.17864199519734
"345",1.12362541147718,-0.614899160492238,0.0730799123556068
"346",-1.92393210741888,1.05043005590171,1.06781972230502
"347",-0.168124807342422,0.590746377132954,1.03725894486506
"348",0.965980280444578,-0.310631226051534,1.33380210882233
"349",-0.490822288855506,0.824845736214953,1.36636012570188
"350",-1.42730900768927,0.94719253237236,0.848401897439733
"351",-1.63130766130703,0.911800811240002,0.535534892380463
"352",1.46820463346866,-0.685585670199259,0.14454605412255
"353",1.98154091722005,-0.725716167426833,0.358767443920533
"354",2.19300104943024,-0.765188404587089,0.286449572598926
"355",-1.4946371898921,0.853605446887542,0.333067898840015
"356",3.26008673225813,-0.883330047055575,0.112649504524177
"357",0.155290514863469,0.229141065676991,0.788715394729095
"358",1.90111299722429,-0.681397977247054,0.527036832557503
"359",-3.1205242999823,1.09170570220182,0.859088693661045
"360",2.67664253198715,-0.712047205185015,0.775729417571283
"361",0.498587029889195,-0.236899286569533,0.450057424028591
"362",0.0926704894929043,0.383755457872225,1.16419642915696
"363",-0.469344041463058,0.564124721790163,0.1065805473421
"364",-0.402921185757677,0.624895791113695,0.555001680238077
"365",0.793327533874327,-0.370059163518332,0.678798383033008
"366",-0.533527452792915,0.706534730996466,0.691525269065187
"367",0.104479536963328,0.214601049345349,0.388708655903065
"368",0.194559000640089,0.188854639100312,0.871820306357439
"369",-1.0868759296285,0.929164797590286,1.04671765488634
"370",1.71166532734253,-0.502202673648583,1.28214506745599
"371",-1.59138650674722,0.808156339449966,0.0421684967590983
"372",0.577523889528542,-0.29021831071758,0.470656170416691
"373",0.595014869388007,-0.240399689902052,0.77782387843459
"374",-0.320038430479313,0.495413855781047,0.109771495727944
"375",-2.52649533304019,0.883534828858309,-0.0117617316745303
"376",1.76651545806932,-0.643517494984921,0.618769390901313
"377",1.09292483845617,-0.373404918017875,1.2338212712128
"378",3.57689272611674,-0.69841671299699,1.11906047661575
"379",1.35108103940102,-0.407397838308936,1.40872915118665
"380",-1.91500298383413,1.1756323717797,1.69824793616276
"381",-1.36349634254102,1.13942624226415,1.85707858371744
"382",0.434549472542672,-0.178473414345206,0.473866006968984
"383",-2.42102127061425,0.928706452649099,0.250609192887124
"384",1.84490347964191,-0.74841960126301,0.152499399849488
"385",-1.24468480913259,0.763398131457079,0.0728687177548815
"386",-1.40192175336052,0.892901109177607,0.595532112679037
"387",0.41630848074988,-0.144504935608055,0.56047542419814
"388",-0.635549058650867,0.736588272887263,0.661397406000548
"389",-2.68185550483986,1.11558057771793,1.09858377164518
"390",0.61755073585286,-0.183169587050897,1.13613883602916
"391",0.857595509143295,-0.536785779654238,-0.011052691372258
"392",-1.08403019904694,1.02279493738394,1.51769343966715
"393",-0.193993364831295,0.674275038089946,1.36941641495312
"394",-0.973294725399989,0.762027939919169,0.330399445879436
"395",-0.382848433090932,0.528954799006567,0.12189326073849
"396",2.9849440708917,-0.693813489078323,0.977105937033901
"397",0.556928099315587,0.065281366798317,2.17732588512969
"398",1.29850430953069,-0.629393480033088,0.23650556746475
"399",0.494203633441319,0.0381824345618582,1.80819240609821
"400",0.961332833862813,-0.42235227790658,0.766665213384818
"401",0.131473295267192,0.143708907254746,0.202853575476437
"402",1.15886259624211,-0.588232904203868,0.257924832602595
"403",-0.773660691057427,0.710070297704232,0.319303810756782
"404",0.121690181479284,0.15916281097173,0.217692833927223
"405",-0.810224945693847,1.06588840305497,2.04854184579075
"406",1.2740345005192,-0.561077488378427,0.547863436735384
"407",-1.05763539299928,0.818216993821776,0.52139525633463
"408",-0.578896216006032,0.694568099823983,0.548430479930698
"409",2.20725479575228,-0.786360911283568,0.188315131601414
"410",-0.14624290645068,0.583892716925644,1.07855260090658
"411",-1.00676239422638,1.06541968946801,1.81072049565813
"412",-1.87873202882467,0.903844368060437,0.357538869765167
"413",-0.80537868318171,0.80974409851484,0.774306073791958
"414",0.325751331438661,-0.151009386111126,0.0608353511528959
"415",0.484974257728939,-0.0810932349179027,1.17494540373017
"416",1.32660426200225,-0.497051330080891,0.931927536584661
"417",-1.03632089644544,0.781816179526628,0.3613892889216
"418",1.20653130580994,-0.611873087492327,0.206041973305835
"419",0.943523139243431,-0.380681732797029,0.941817694892176
"420",-0.273553722504294,0.468016988878346,0.0985108533655907
"421",-2.12718455748077,1.01707488782809,0.80751824955747
"422",-1.89863385766536,1.03348635517382,0.995687328046718
"423",-0.382106955811052,0.59866776929603,0.47220696338905
"424",-0.214406672865517,0.709908696470191,1.48288829159443
"425",-2.58811540931394,0.968408198541204,0.392290788975067
"426",-1.66836126686435,0.936154513842263,0.634920001034169
"427",-4.62365407669565,1.00326917848969,0.149581137626812
"428",-0.114939523585658,0.375343939700888,0.149481138693695
"429",1.2441085837495,-0.645137328396237,0.0894560752442667
"430",-0.243628308238378,0.493053760251807,0.309964732999839
"431",-0.81173398530534,0.757890922223363,0.506542323299177
"432",-0.432933017918271,0.915852095550053,1.94270095834869
"433",-2.06105154769507,0.918072339162938,0.341534694398228
"434",-1.45385901660156,0.980274206565938,0.994797633238302
"435",-1.75420300613414,1.1620969525211,1.71516338636453
"436",-0.711479324085168,0.856456131444695,1.1411562360435
"437",-0.0389150621201669,0.562104980948127,1.39038323338365
"438",0.848311102630657,-0.372714961557944,0.789372017488937
"439",-0.0657188508286152,0.310688303464217,0.0195989454440934
"440",0.23430671307886,0.074634867731862,0.601736994816077
"441",1.70774976281999,-0.544320419125248,1.06839076989752
"442",0.211742143062035,0.425869490805615,2.1900343177119
"443",-0.00492908816733187,0.258441668341869,0.0257503743900675
"444",-0.703874977860161,0.645884096747695,0.0997668025315209
"445",0.137978553846081,0.210194302373754,0.577662482747947
"446",-1.17945293462422,1.01589020275965,1.3926244386323
"447",2.03921110244671,-0.543017184374045,1.30842343793291
"448",-0.864154471442747,0.720518864593484,0.251903252051271
"449",0.145719682887263,0.11408336062611,0.148474185269491
"450",-1.22133443361903,0.917165212296252,0.861811664765393
"451",-0.570975087951093,0.747012169944555,0.824821746303541
"452",0.918802021174244,-0.411525762084466,0.740139728696787
"453",2.4831910496807,-0.594007483334929,1.28517608996244
"454",-1.06739977570242,0.825236574286082,0.546573517187776
"455",-0.137086776574842,0.417987960932885,0.281578371188041
"456",-0.0553526059874425,0.460778845185545,0.813280850432642
"457",1.25493159933076,-0.525923883213606,0.699454836553346
"458",2.9585677133238,-0.543629964520526,1.71936162277059
"459",0.161999417920617,0.392919911035023,1.65412277814453
"460",-0.830954616913937,1.04924022764622,1.93796461419897
"461",-0.566364583782493,0.73727192625238,0.784438457945042
"462",1.00220402487688,-0.377891691597087,1.06219873682696
"463",0.820054278306754,-0.425077829449958,0.465188840076273
"464",0.704813866290965,0.0260345738305491,2.43629989982319
"465",-0.00838701660949069,0.277991796546901,0.107347958631895
"466",-0.0309271370701744,0.381441771305751,0.522196684171401
"467",0.594117956064883,-0.294790413237026,0.502937106907617
"468",0.570281311355622,-0.132977054135461,1.23226370777361
"469",-0.972916997938148,0.712969683659016,0.0855290791329214
"470",0.819204005053445,-0.437257432607794,0.402372936564464
"471",1.65167968494124,-0.601556704932736,0.735620072556758
"472",1.19362565908232,-0.601791510939214,0.238861918617387
"473",-2.55589279810548,0.914947236337314,0.135518879597639
"474",0.913376585791276,-0.49281947942139,0.323034906987614
"475",0.412184243890987,-0.117801958254209,0.674714266968103
"476",1.49689313822742,-0.643462590958948,0.383951501334695
"477",1.51423023512069,-0.666915528048926,0.283689328972777
"478",-0.658135554009553,0.628278622963926,0.0830729152059212
"479",1.46259841787016,-0.679334389850454,0.170078493989123
"480",1.33416500337458,-0.706055310247408,-0.104197392421878
"481",0.46257436875001,-0.303618201852976,-0.0300759115474262
"482",0.40979069863134,-0.250871852105769,-0.00190169226528122
"483",1.24750599850487,-0.628954405620606,0.174762384650365
"484",-2.15722007839637,1.16944376755987,1.55659107049575
"485",-0.0288583317859943,0.604367565147782,1.64602073409043
"486",1.06181354366531,-0.302715837047203,1.53804725365338
"487",1.07609144748887,-0.58423847399467,0.153262341528655
"488",-1.63037021889597,0.947713891819932,0.715675035901246
"489",-1.34986885206582,1.27461501721755,2.54351478201389
"490",-0.971887767799055,0.894014581783415,0.99190133062363
"491",-1.33661044200056,1.09637637704673,1.66265157343223
"492",-1.59342826495984,0.815017006868589,0.0751813921636865
"493",0.724669400172257,-0.306545736147872,0.826200157298491
"494",-0.897785990955276,0.787671307039871,0.546243539661458
"495",-2.7232299923011,0.895440864201945,-0.0146812163227016
"496",0.686297464892055,-0.432815785576224,0.0912256221599142
"497",-2.16217116770977,0.888948259682286,0.152032178318384
"498",-2.31823422049594,1.18785326943189,1.58421714561013
"499",0.663891038422465,-0.0268758501226939,2.05727850669403
"500",-1.84625626303043,0.970122948201553,0.705661389432963
"501",0.205182559192992,0.11707199528705,0.595252462132322
"502",-0.591664928556203,0.762404259682335,0.86508150032585
"503",-0.78705474762915,0.849536432779554,0.998124291403114
"504",-0.202211657955948,0.503655724795559,0.489989350521965
"505",1.81522392140225,-0.588844802695504,0.928784435145364
"506",-0.72842434048246,0.664479488671319,0.156093978947023
"507",0.279153419624493,-0.0474862983642829,0.296214496397543
"508",-0.312517965697265,0.665067605780455,0.97773517708589
"509",-0.125525975151047,0.767644404393286,2.07177608042754
"510",-0.661415917539012,0.71330687344215,0.502960533207488
"511",2.04019100520315,-0.640003792589478,0.824090686745478
"512",1.78186434821817,-0.613703058662678,0.779559373164964
"513",1.33515452031704,-0.595247775099403,0.45099901873208
"514",-1.68694477063817,0.917623086832763,0.531276861179336
"515",0.278129376894356,-0.0718778984282645,0.167678383845732
"516",0.536953117866553,0.0129808939650635,1.84446320023203
"517",-1.35779879837481,0.779550301851674,0.0620703389125707
"518",0.447133205563214,-0.034144982457064,1.25107456064958
"519",1.19555479717237,-0.316409466367468,1.66841812704663
"520",0.522822732723759,-0.0464366596665172,1.49522495794356
"521",0.713442431222706,-0.334058599310003,0.658990848605389
"522",0.44472129221295,-0.222919817658253,0.296663709347328
"523",-0.0412462498875519,0.403110067102311,0.585267023594965
"524",1.04687967540026,-0.473284366403432,0.660879013499577
"525",1.59024878337579,-0.609787839492571,0.640562588210819
"526",0.674373029604144,-0.423612344009581,0.103670996459661
"527",-1.99117222396279,1.08667301653503,1.21664677948638
"528",1.08148069048545,-0.478676697353828,0.689581229431723
"529",-0.048428628394916,0.416368790712446,0.620622517125767
"530",-1.16068389540151,1.18012425500666,2.23094700669
"531",1.0087277342553,-0.256884302265664,1.67855927217729
"532",-0.971552299217284,1.04169369673649,1.73067127850083
"533",0.469089363772501,-0.0593533260998552,1.21855874180978
"534",0.874967126522658,-0.382876545604919,0.79506377775419
"535",-0.263613002439233,0.694679411350727,1.25999491934156
"536",-1.7717078199547,1.21591248350198,1.97454126479857
"537",2.22443630568375,-0.615941647684177,1.04961975371775
"538",-0.482456000223298,0.63815603833484,0.449822652734115
"539",-0.997395352416423,0.723607038293843,0.111782360899683
"540",0.298657227083143,0.0846502678136966,1.07899577592526
"541",0.790143276674634,-0.372539864912294,0.658900861774633
"542",-0.165792637767377,0.76268954163475,1.90488261397315
"543",1.66758278917511,-0.652973672523089,0.49199325173967
"544",-0.511507967064493,0.816870631604407,1.28552299253492
"545",0.183305225869624,0.309988400462326,1.39282717632497
"546",0.297048132487495,0.0282471831345789,0.787130900175072
"547",-1.37551146847172,0.798553075684973,0.143565367286367
"548",0.486724153545998,-0.264361117109664,0.265648866146335
"549",1.21244932912806,-0.528111228075278,0.632828176080894
"550",-4.72664718387937,1.38821268525549,2.0611955001775
"551",0.930970931585547,-0.46389753907129,0.501845593780355
"552",-0.198292353854052,0.629918005105775,1.1338093222205
"553",1.38789350696253,-0.505978336338229,0.957354139794568
"554",0.253918780013324,-0.0522859402548432,0.104967694141304
"555",0.778704892348861,0.00517301241751544,2.520239611971
"556",0.955273346555527,-0.293399024607242,1.40022627968101
"557",-0.649406624621186,0.957000269329177,1.74076812588758
"558",-0.493900178659858,1.12723996114683,2.87216032313902
"559",2.22186665025568,-0.507466344169033,1.59062645436224
"560",2.12093959032961,-0.392767805234784,2.108199612073
"561",-1.14032590489687,0.940528256699768,1.05192539807786
"562",1.96192074191552,-0.704875941599163,0.450281136915502
"563",-2.93945429809229,1.43829503365492,2.63830497091074
"564",-0.338114680529904,0.502651338952574,0.0995861960409465
"565",-0.0618140857408776,0.40624564614914,0.513561664473184
"566",1.76569513442686,-0.532695846384272,1.17224692111964
"567",-0.93249716049271,0.710688222286223,0.120157050494224
"568",-0.701349623126279,0.806647604785157,0.907417560382949
"569",0.712704432390381,-0.250175247710146,1.07643981106769
"570",0.586234563854276,-0.0770348359660728,1.5657272830222
"571",-0.399550928493508,0.657415955774394,0.725326831238156
"572",-0.908824357263191,0.805151329731799,0.620381155437878
"573",1.16482318766878,-0.507053604410851,0.672320608649786
"574",-0.43761999224221,0.73860953576415,1.04628041250627
"575",-0.276870442078466,0.706455326770094,1.28140743940137
"576",-0.934005472169068,0.855546105303088,0.842692475744733
"577",-2.26379918960282,0.90039919191061,0.167996118166856
"578",2.43158803235913,-0.71735679542957,0.645093436766332
"579",-0.180611068614885,0.563333794862747,0.858430115736121
"580",-3.81901898969099,1.24405423835192,1.47549752713139
"581",-0.575520979698814,0.820838021026375,1.18579998778107
"582",-1.67899935867958,1.03406058885561,1.1181422029222
"583",0.488160150696389,-0.316243200120747,0.0119994838390134
"584",0.770338823195126,-0.241891986368486,1.26469325078777
"585",0.488863551608991,-0.182406152351181,0.684000619974273
"586",-0.101576653180106,0.354688086322906,0.0968565972938414
"587",1.54587495405882,-0.315672824801971,2.07019681243133
"588",-1.09478811193218,1.00301691092223,1.40816546277906
"589",0.238964741891926,0.203790779145528,1.28090867246832
"590",1.96442561056834,-0.641664825832002,0.767967707484838
"591",2.21114782163552,-0.654286717259574,0.850782736117529
"592",0.346128515505069,-0.0797993341417053,0.53063120430803
"593",-0.412141348637298,0.537312328350381,0.0961528998965331
"594",0.224269252131485,0.118586723814059,0.748096811419374
"595",-0.0237453671686272,0.355199441671761,0.423079037685675
"596",-1.0470272342392,1.00348634312359,1.45863067908352
"597",-1.53213735507806,0.927676508188192,0.678153773633119
"598",1.18387673467369,-0.62307117813353,0.118999774056182
"599",2.21414369623636,-0.824751708108838,6.7162100953283e-05
"600",-3.73538015983869,1.11683047346326,0.85448081227624
"601",1.56597688362108,-0.741466466120225,-0.0400076149226591
"602",0.407129073984021,-0.0797263823424045,0.841228115942372
"603",0.954559647344646,-0.514911744267366,0.291336798065801
"604",-1.45082637850229,0.862907806055742,0.410115744388002
"605",0.0860856038754854,0.170586121486081,0.0600268878088746
"606",-0.755807561477266,0.682605749776301,0.207114714504736
"607",-0.397757305567097,0.683385779839506,0.859302932460257
"608",-1.03391275193705,0.793761395030725,0.423630982808832
"609",-0.199403097259135,0.566074346208921,0.811037132669427
"610",-0.271990455138164,0.517432746203831,0.349988691346424
"611",2.01877575530407,-0.46859572817786,1.6679059021189
"612",-1.21196092713439,0.913165586258005,0.850009402046179
"613",-1.51679648256493,1.01859667428791,1.14299787034254
"614",-1.72414503771545,0.831286312671077,0.0780659786077202
"615",1.46201749247919,-0.504566554029597,1.04332268400418
"616",-0.0383087253533666,0.310989977418517,0.137454153437037
"617",-1.08206740534609,0.918527255490184,0.998308273846825
"618",-0.193869512542645,0.603487762161259,1.01587982677579
"619",0.494956956363185,-0.293262373511876,0.153947723340714
"620",1.51112766255971,-0.576060072775126,0.734945357061023
"621",1.56818406517743,-0.707762783904444,0.130548913494685
"622",-0.223849849661552,0.583517342740204,0.821786937517965
"623",-1.25111441693795,0.923604865100729,0.868441786659222
"624",0.817513345230743,-0.314603257531874,1.01182302782228
"625",1.81935350669751,-0.685113883505557,0.450475872212566
"626",-0.945755601235592,0.801163441097948,0.557212437695873
"627",-2.29805962817486,0.951316869384954,0.409253255757215
"628",1.8089231657785,-0.420477350651471,1.7659673475357
"629",-0.683260901538153,0.793293220115526,0.868456282873928
"630",-0.136203944316785,0.438962560981859,0.389619735510923
"631",-1.47761679186693,0.85981995053024,0.375870824212858
"632",0.15327033418828,0.216474783540589,0.711538259763065
"633",-0.271828648071979,0.825803215396717,1.89229702541017
"634",0.490062590454806,0.214020280538617,2.67092370171121
"635",0.469377777072479,-0.281082144575762,0.111115237946143
"636",-0.482290945643869,0.540599573006711,-0.037624008871094
"637",1.88158639046155,-0.719271573706817,0.324181767639506
"638",0.408155724620715,-0.144287978546545,0.523287969793938
"639",1.92724642741065,-0.509979338463601,1.40184204648297
"640",0.614982237248489,-0.182023368174931,1.1337912935139
"641",1.14117053022597,-0.411152379272735,1.11773835885523
"642",0.637201562625656,-0.314639001439302,0.539400035367534
"643",-0.400839080155938,0.573992987876013,0.305254995572567
"644",-1.79511578196342,0.838151175579317,0.0729596314193277
"645",1.28156709121086,-0.605716944241677,0.334057525760322
"646",0.917682249267752,-0.280181232888354,1.39467375913391
"647",0.631001678413562,-0.0979029535813003,1.6041840002702
"648",-1.78995542982721,1.05330710372184,1.15153658644602
"649",-2.11256343395893,1.02222260670933,0.839565648554814
"650",1.49111885767355,-0.704574455158263,0.0726638750442914
"651",0.744766050083952,-0.16942052884938,1.5635650870718
"652",2.22229269343665,-0.361156306631458,2.32240393296387
"653",-0.88235608689863,0.823551324636204,0.744455371534546
"654",0.00396551540858941,0.381322903712939,0.682268735741403
"655",0.883857118867708,-0.468449812859236,0.385559364156461
"656",0.377544370940017,-0.0346591685853145,0.921441142560932
"657",0.030073482475762,0.286728994494695,0.337793045720583
"658",0.865711875245233,-0.196742666215352,1.706364351422
"659",-0.840454582821079,0.804721317891423,0.703058003877638
"660",0.92381057161575,-0.500562787819366,0.30470201325078
"661",2.4874010111478,-0.749330974812328,0.510427003773712
"662",0.985140626084496,-0.390370104576185,0.969720902876047
"663",-1.77718510341245,0.978402048078332,0.7839799119499
"664",0.173179934949775,0.379484634411835,1.66632822871867
"665",1.08389368337569,-0.580265455991608,0.185429053659215
"666",-1.68138235534747,1.21720568691035,2.03246170827821
"667",1.40395917045177,-0.691694010382772,0.0463979717802525
"668",0.25462563919315,0.0770788701243658,0.756627264393237
"669",-0.566723522171418,0.72899294529142,0.742394126266666
"670",0.486240441140316,-0.221480310578179,0.4781085616301
"671",-0.884032245144824,0.809800377428075,0.673641492184465
"672",-0.261261823968016,0.4849896445852,0.218278884421982
"673",0.548689550078865,-0.192292227859928,0.860352658720748
"674",0.313335957934043,-0.160273583024697,-0.057554701497975
"675",-0.243885170827458,0.753838302134669,1.61312800938276
"676",0.275516060368374,-0.0786334803448217,0.117035478586221
"677",0.245687617411733,0.295165334562802,1.78524831012232
"678",1.05800536734421,-0.309084713882493,1.50004384294012
"679",-0.272860135145364,0.583585457081239,0.678303529005526
"680",1.54479496199412,-0.664341771857955,0.325833577044596
"681",-1.4486748358747,0.930536921656218,0.749790091391177
"682",-1.8953328811338,0.885775545496284,0.258792251897393
"683",-1.39057756932851,0.878375966129851,0.531344329192647
"684",-1.12303681778262,0.779152147682625,0.26144258179227
"685",-1.04462849258804,0.925945001224484,1.07340247651713
"686",-0.0985845433855508,0.541075890573163,1.04032066151199
"687",-1.63280080431439,1.02624246585053,1.10682860090288
"688",-0.306845555278697,0.583924196873025,0.587033560959808
"689",0.42480506690453,-0.0907145885290601,0.868601692673586
"690",0.833158291766124,-0.35889673535947,0.825344403673802
"691",1.54165401401151,-0.668134593426953,0.303901259218983
"692",-0.0362967865003505,0.393911008141753,0.560863162218836
"693",-1.02710903242569,0.81863384988738,0.555134310483324
"694",1.88180039639973,-0.710604491953806,0.367666185349447
"695",-0.877037920420416,0.825728046798116,0.76189778065056
"696",-1.48086043878425,0.804798843576197,0.0985169284938907
"697",1.0877744422896,-0.3248831558442,1.46841447453486
"698",0.281525128264908,-0.00923689302204274,0.502631084902791
"699",-1.29923779149919,0.771475841257678,0.0679324665214826
"700",-0.189475990018818,0.444091119407106,0.233136724117162
"701",-0.138769734248799,0.54854867053106,0.92835670671283
"702",1.71567109510611,-0.329323083834482,2.14976997677173
"703",-0.255390760416149,0.704498170713224,1.33275181046277
"704",0.359790476445876,0.148180809959639,1.74380236752529
"705",0.81677418268876,-0.442306800351303,0.371631789754376
"706",1.39043667966978,-0.670667022154207,0.136720149493056
"707",-0.477275142026355,0.842720579565153,1.48321939691137
"708",1.36105197763968,-0.423864375905221,1.33780601607646
"709",0.260192464471195,0.30470448136259,1.93252620932776
"710",-0.34873981979829,0.746342805601002,1.29140441667441
"711",1.41494538994054,-0.575967986062088,0.636909212725255
"712",-1.74984145844175,1.14448414379069,1.62953598943585
"713",0.5324609850096,-0.309893343759707,0.213666619369781
"714",0.535831281659073,-0.126936974316134,1.14078512964065
"715",-2.23012558822347,0.992484691435656,0.641809446646179
"716",1.42941965596572,-0.616434687946731,0.450023305980046
"717",1.11065731160778,-0.40264887591542,1.11480859154581
"718",-0.810432000682477,0.742856327438382,0.433105177195401
"719",1.55653224111201,-0.716053675829451,0.0782859119336253
"720",1.72902260339983,-0.679429989407516,0.409907688796951
"721",0.814472441195263,-0.424997671410248,0.452954123623385
"722",0.247209427971462,0.0748180116814286,0.69413916558322
"723",-0.137612999122917,0.440408859726659,0.391796850097177
"724",0.103518361056609,0.179233484963183,0.206073796166218
"725",1.68121719697262,-0.438472244038103,1.57588286207929
"726",-0.255904844970018,0.486775035090103,0.242646898190305
"727",-0.249807547886261,0.509688755313899,0.374963142411404
"728",-1.59793554176045,0.923899010928511,0.616750123146327
"729",-1.01151878230384,0.870854051047306,0.832788650096154
"730",-0.130592770599293,0.537381102728745,0.901975128703911
"731",0.217321463861575,0.557802107518508,2.89217820474476
"732",0.264944749997252,-0.0217740718381877,0.331947310789453
"733",-1.71668784598023,0.901928268367215,0.435542324587546
"734",-0.319373477303726,0.605168678981422,0.660277357480286
"735",-1.51974722334549,1.02267385851125,1.16140352785771
"736",0.766216523656748,-0.346029494413165,0.733944187378107
"737",-0.4418773766826,0.782488315303692,1.25646324066628
"738",-1.63076536940433,1.19536730550831,1.95369978822353
"739",-1.80244916544367,1.14606804897127,1.60858700100447
"740",0.91164454510882,-0.447316376814029,0.547137742611612
"741",0.689221203199048,-0.290669164108985,0.810088095530293
"742",0.065088700054533,0.336613970712886,0.771928794724135
"743",-0.0908296378542829,0.508107445276864,0.905667703856241
"744",1.77641779188212,-0.628691165411778,0.700478798473806
"745",-0.752812826568316,0.658446402976986,0.090586637777394
"746",0.924533628106512,-0.425158934619113,0.683122829478517
"747",-1.30548953942964,1.05792783055425,1.49514038079226
"748",-0.565434981264614,0.643728018470716,0.318402310866878
"749",0.0758866323398027,0.246724768222379,0.382549722986035
"750",0.201136423007715,0.171475916841905,0.835642737028509
"751",-1.58879742144595,1.02291335315062,1.11759295648105
"752",-1.2520863135413,0.949322965921889,0.996209686880844
"753",-2.14601131905236,0.884738597277433,0.137802056116425
"754",0.449146817509708,-0.251822846179823,0.171441234280906
"755",2.56858725935589,-0.707242659364494,0.755898824917377
"756",0.821325251570467,-0.495896359885711,0.113958438131764
"757",-1.37533929902525,0.853189203247877,0.416876404070494
"758",-0.929081766556752,0.844419735197039,0.792796916807959
"759",-1.14949690536988,0.818301420949856,0.432204467248452
"760",1.0042779798793,-0.430095252855009,0.804791408153989
"761",0.387791173551243,0.0252018109163628,1.27209495218185
"762",0.693921764855021,-0.343058375452064,0.561128913898517
"763",-0.277500447455334,0.525724559333706,0.375993851198345
"764",1.94898088471894,-0.750730415658497,0.212530295574536
"765",0.796030669880328,-0.260414979066755,1.23335230358672
"766",2.23250303895911,-0.769566509325795,0.285778924021238
"767",-0.974926515370314,0.693219551093231,-0.0154589249191909
"768",0.193075466955739,0.0212627058304855,0.0225492137195897
"769",-2.39675829839609,1.02366353961755,0.734122875121772
"770",1.86463457049524,-0.592824583460644,0.944528045833962
"771",-1.62068298915638,1.01844682332771,1.07530375457228
"772",1.34552400325276,-0.368597209936107,1.59632021747444
"773",0.712350164711006,-0.139918562809472,1.62677777306685
"774",-0.275849967991347,0.567251781900377,0.588244082885058
"775",0.216699014989453,0.00575911129792372,0.127256322433374
"776",-1.20398581227222,0.937565911162787,0.979041252562079
"777",2.21340361046243,-0.606397496273772,1.0914409776183
"778",1.52352335173432,-0.506665097778558,1.09393579450394
"779",0.220221285226887,0.0230048605085116,0.240014116431763
"780",0.485743574285501,-0.0589730231884185,1.28864581520088
"781",-1.68240270078767,0.894303443338667,0.417349267878563
"782",1.36272257785418,-0.546413557412338,0.72695984924961
"783",-1.75136421996837,0.923292660483989,0.522726953017392
"784",0.953489201393086,-0.394976770864195,0.889020603840505
"785",-0.103756176925177,0.453976156945121,0.584944410273233
"786",-0.262738054195593,0.758106628232794,1.57963335445667
"787",-0.308427854820523,0.649807078720565,0.912245476484082
"788",-1.20983204055034,1.08900909185973,1.73109842595976
"789",0.19040736408468,0.237418217332435,1.08309981440514
"790",1.37775061099514,-0.357328790129793,1.68932165863156
"791",0.134682102416378,0.116770453008827,0.088978567788546
"792",0.376902427590744,-0.169160572909965,0.245677629867913
"793",0.0486451870730219,0.340172905217692,0.701124036291577
"794",-0.802075681758324,0.690538494918707,0.182719427824886
"795",-0.806680540360469,0.793205670716548,0.689868075307171
"796",-0.749996364421803,0.858688842242582,1.09582738670729
"797",-1.89666595700086,1.0837217804959,1.2478529940283
"798",-0.593190953261242,0.787242515845284,0.986605687363747
"799",0.960181074942198,-0.36529127835387,1.04984749782832
"800",-0.273052692438558,0.547859543505065,0.499132271033904
"801",-1.71784482177198,0.966616750599248,0.758321198698211
"802",0.98517099342083,-0.416155871879166,0.840846220014435
"803",0.326687979203805,0.04289125479742,1.03568867699761
"804",1.09462660434711,-0.537941663438031,0.413774695079072
"805",-1.85982850934972,0.980946581915267,0.752740315908612
"806",-0.753107925745838,0.68496481515811,0.222757387721691
"807",1.13761508371866,-0.237194817718956,1.98231732066679
"808",-0.378338385339165,0.540263700955924,0.189106157932557
"809",-0.189829176774173,0.662378329991787,1.32342385971194
"810",2.1264682961658,-0.48403772931198,1.65502413725387
"811",-1.16353412613136,1.04514081149158,1.55340513341146
"812",0.765835538677383,-0.455676319276076,0.184776885174173
"813",1.61028565461513,-0.685647525058353,0.27918880216275
"814",-1.06742391727722,0.861076493926879,0.725748710989279
"815",-1.54156824109705,0.867911642431022,0.373095813389651
"816",0.997474414273724,-0.156412662444946,2.16132305957166
"817",1.17060983626863,-0.591305016839376,0.259257058851022
"818",1.21695810146056,-0.454327490930317,1.00778750575518
"819",0.611942793602323,-0.391770365822148,0.0754485543336079
"820",-1.79807336592956,1.17285439629082,1.74487728857837
"821",-0.241959190106096,0.743151778094192,1.56539789985639
"822",-0.214397134475359,0.482779495947699,0.347271973594298
"823",-0.630289403210146,0.691213040948639,0.443239450528823
"824",0.453938925644715,-0.249641050538602,0.203040819224441
"825",-1.1288673138729,0.857298123556117,0.646611575873468
"826",-0.431442311017995,0.54663966734939,0.0999003079554022
"827",0.99140914529691,-0.449870360647964,0.68335168487702
"828",-0.979129879241748,0.823760558767291,0.632581546359543
"829",-1.38225359845311,0.820063476374561,0.246026328926829
"830",1.89364946120618,-0.747655980215416,0.190617623390366
"831",-0.99329252654789,0.859586755635355,0.796147104439176
"832",2.00230899783619,-0.422721374345676,1.88695508656203
"833",-0.386706190752777,0.648490810157649,0.710506517719256
"834",-0.252666762215855,0.459169334883682,0.114020553357897
"835",-0.57252994599251,0.667041796552442,0.422176338218475
"836",0.603860005622269,-0.2875179618672,0.570905155711526
"837",-1.04392472065613,0.787202142275264,0.380416507296422
"838",0.645478493725471,-0.289828286386321,0.688363837203009
"839",-0.861137658755995,0.678382058969017,0.0450114743547741
"840",1.36399182799215,-0.491644064944668,1.00224838635002
"841",-1.44156587117299,1.06097131255962,1.40703313011096
"842",-2.66039351324029,1.01886404880865,0.621634175131898
"843",-0.520492070008945,0.641834428664879,0.392919171695537
"844",-1.38004546908747,0.990824745499873,1.10149675996725
"845",0.035475393429975,0.373247958994937,0.797925473048503
"846",-0.655562730021311,0.629968076965693,0.0956560128045192
"847",-1.22641027671454,0.863314367631217,0.588149233580664
"848",1.95498049221125,-0.59592310780433,0.990508982182806
"849",1.00467018893927,-0.596793930495394,-0.0280203096900786
"850",0.892588544841478,-0.48374352396425,0.32689834937288
"851",1.19760766709896,-0.286513588537147,1.82070663807636
"852",-2.55232518786705,1.05030850577774,0.813503438323359
"853",2.10559435242865,-0.664296092748111,0.741677794771148
"854",0.209925659938743,0.284685389273886,1.47014071248262
"855",-0.127404803738613,0.614559524391719,1.29947648511082
"856",-0.661690912056996,0.684845308855104,0.360213287941077
"857",-0.123810358785982,0.359429364660689,0.0370005361740165
"858",-0.114793630516221,0.497180217293894,0.759208473532822
"859",-1.20298887806371,0.852027339514277,0.552230933089987
"860",-2.22400763570405,0.999947877782794,0.681588187912343
"861",-1.4616397167439,0.918024246979681,0.678056475653995
"862",1.63265871066102,-0.631393025760163,0.570079364114359
"863",-0.207184491371974,0.458996127697423,0.250946072679748
"864",0.636196246834223,-0.00241800860240088,2.09745486308095
"865",-0.555271716565952,0.716153963111933,0.699075173438674
"866",1.69130636870984,-0.74213348151654,0.0659086110266964
"867",1.7632786179118,-0.745790259221143,0.104914250132343
"868",0.4406892899926,-0.158663081711013,0.600213579367672
"869",0.177769124877165,0.127413287096567,0.439250817351946
"870",0.307543439012176,-0.143550378512323,-0.00831377435020884
"871",0.763747490935807,-0.39544245397213,0.480821856396889
"872",-0.702911564313837,0.78482263029052,0.795920417810833
"873",1.34427334569497,-0.558325169656692,0.646232024223843
"874",1.62327483225786,-0.579938310063753,0.8191747273753
"875",0.572895135302194,-0.2229449456486,0.791339871525588
"876",-0.710879295083649,0.997015090265926,1.84485224425788
"877",0.403531578469191,0.0866434183756248,1.65593318249692
"878",1.31304245993032,-0.365591924994605,1.57308448674399
"879",0.618580063000379,-0.196390795555649,1.07325997381486
"880",-0.53310459919664,0.882664102138897,1.57297267603851
"881",2.28956143296433,-0.556252005059492,1.38194448149708
"882",0.805978598453512,-0.420992168375468,0.453548336050682
"883",-0.709577359472902,0.697322430500326,0.348346676701341
"884",0.0395800046943019,0.22707984083483,0.0882361351027858
"885",-0.166319301826568,0.700812110152808,1.59370668180217
"886",1.75584936876944,-0.584263207894254,0.906804450122159
"887",1.28938239278593,-0.571781741040963,0.513394189544819
"888",-0.586846891178628,0.641084688860518,0.266939867109114
"889",2.82739332418442,-0.808924739081283,0.347775679085098
"890",-1.3602224256994,0.766577461424647,-0.00465607287257563
"891",0.154247442373774,0.283588708251022,1.05379552572984
"892",1.15023794533957,-0.53833757158725,0.494995348302078
"893",0.59889125653142,-0.191819989394833,1.03334458192241
"894",0.179727946123253,0.251872050958346,1.07587570266086
"895",-1.22339427530932,0.920271163587884,0.875549992523269
"896",-0.393600156891423,0.570482922529257,0.304397371418711
"897",0.565752196656372,-0.178428391872237,0.989455686367485
"898",-0.661473031549542,0.923008351881957,1.55137664853958
"899",-1.31652495914076,0.842247307404355,0.407889103878356
"900",-0.871254232409782,0.766047667870306,0.470673110523711
"901",0.278778524897004,0.0077677415200372,0.570078482404416
"902",-1.45506728783427,0.828231767085264,0.233730314378483
"903",-0.4443595459085,0.864032039506371,1.65883816669026
"904",-1.37478359341883,0.809673926342366,0.199721037698937
"905",-0.950969308252114,0.729393199749515,0.192396173551893
"906",-0.0273986253123781,0.490596941079848,1.08367973913191
"907",-0.151375519334117,0.439293386379785,0.337554038233135
"908",-0.667392272152264,0.757358885078029,0.713705173448579
"909",-1.5667929060989,0.97340787986742,0.88413671466233
"910",-0.722834787857978,0.787321728381363,0.778553290843115
"911",0.406728052289556,-0.145337812322972,0.511266565955132
"912",-0.596443482789963,0.857743084596125,1.33344191667076
"913",1.24281030489234,-0.557811826946364,0.524400851311593
"914",-0.744218192160358,0.663195784947482,0.126669747334456
"915",2.33900698057119,-0.630499572974387,1.03539203247879
"916",0.994782098023834,-0.337897578670113,1.24916708823341
"917",1.97111664353629,-0.66492202933829,0.65602225377554
"918",0.363815723048767,-0.151842420991631,0.26483612952116
"919",-0.540061088026532,0.825408253161805,1.27358242309142
"920",0.507070703785091,-0.254951576548702,0.392803832070655
"921",-1.78307052192464,0.875420676457787,0.265853264045788
"922",-1.74327643129144,0.899875647911466,0.410176234714303
"923",1.532156701371,-0.557173564123207,0.849675809585778
"924",-0.558997084902323,0.79538104330314,1.08838387698227
"925",-1.29714459025368,0.89539957838626,0.689249044338186
"926",-0.541785248390252,0.948662237131924,1.88662213956303
"927",-1.59353365156709,0.874301205972619,0.371535837729703
"928",0.0829552679029409,0.424915522638763,1.31366835567479
"929",0.248416825406959,0.17599651299664,1.20843304221466
"930",-0.522038968129687,1.125670200098,2.80912010886973
"931",-3.05521471131197,1.06615327736649,0.747528942584964
"932",0.45536300282776,0.0991155752523386,1.95293293617421
"933",2.17923979545509,-0.75735802723953,0.318062608326153
"934",-0.305497873290259,0.631031839623987,0.826159723734807
"935",0.36051011873938,-0.118189265820168,0.415747605074668
"936",-0.439400544745408,0.620183170265284,0.450289228824797
"937",-0.821179624239861,0.884550072933663,1.12732290231722
"938",2.09230475395295,-0.651955888032645,0.795603363606379
"939",-0.203087476954216,0.624892097155339,1.0933879879753
"940",-0.461645145994808,0.838657173666276,1.49528479332474
"941",-0.517833404045547,0.688182327708083,0.629791853288058
"942",0.628235993810724,-0.370964226024014,0.230381763204632
"943",0.0477589739653966,0.207102393648559,0.0310917712650518
"944",0.0751462272189112,0.435127308060191,1.32039441915951
"945",0.567501495325931,0.0364036498946136,2.06963787273179
"946",0.814534330834114,-0.120843995539232,1.97386318612516
"947",-1.68064660592907,0.979444236012855,0.844088275782007
"948",-1.19343607527486,0.861254987590734,0.606868111701802
"949",-0.0192109245764505,0.487861329395713,1.10690591638781
"950",0.811417948557032,-0.324640308330134,0.947781285263176
"951",-0.336336039153625,0.730304493158622,1.24235550434957
"952",0.853563390454539,-0.488411499635214,0.222196973955506
"953",-0.331307631599661,0.493649150739474,0.0718802514727111
"954",-0.459210537697532,0.570739159353285,0.160805031564479
"955",-1.11985251189814,1.07098471595131,1.72365593002409
"956",0.802288185466265,-0.270386732270814,1.19805361287183
"957",0.811373344273813,-0.472887190720102,0.206445003877421
"958",-1.5811742041685,0.917442090309853,0.595083351603802
"959",1.12028027528686,-0.607529052891751,0.104924294702374
"960",-0.72369983446581,0.749928075683871,0.590304860415061
"961",1.24428249653765,-0.272644425965549,1.95214581068071
"962",-1.00209331953076,0.741815260827588,0.197732936354165
"963",0.0686556989851027,0.224333860309021,0.230201485853458
"964",-2.45568571659665,1.20808807781874,1.63526523325129
"965",1.02039881901815,-0.548609995096548,0.239947866328922
"966",-0.552597044880839,0.664802528386168,0.447240666172786
"967",-1.56895363918446,0.860973710641777,0.320573120951374
"968",-0.289929732981256,0.748605614231339,1.45605721262625
"969",-1.3726792822176,0.881557109425108,0.560733091250514
"970",0.0532390521692362,0.400835408240089,1.028848840874
"971",0.456718526304223,-0.224375777369338,0.341274329165689
"972",-0.892714994622249,0.978589419179191,1.50698112147538
"973",1.04495188216323,-0.418266402287826,0.932794584234009
"974",-0.0273497314718634,0.506093590709169,1.16138146407742
"975",0.91094730605654,-0.531109681483979,0.126795082338028
"976",-0.743633904517357,0.791971559409763,0.771391907777845
"977",-2.81834385933385,1.14327893282913,1.19667662199185
"978",-0.036262313679559,0.35947912064969,0.388854895315135
"979",1.19098651722784,-0.367128578818589,1.40854702790615
"980",1.1925726548159,-0.254298867816059,1.97487831217412
"981",-0.741497877221244,0.667055711347481,0.149900603278851
"982",0.357432744876414,-0.141346644268308,0.283685479971019
"983",-0.33444432098619,0.604740712029889,0.619340506681222
"984",-0.995981320720883,0.982651124599227,1.40853988088787
"985",0.645543258744138,-0.17033190817559,1.28603923556689
"986",-0.658375438936046,0.874062783301261,1.31160878957487
"987",-0.166976818041194,0.583577531901887,1.00530302816042
"988",1.47942799009625,-0.594408863756499,0.61179213817512
"989",-0.601375356912344,0.78536421510624,0.963001515938423
"990",1.95631024089756,-0.786376057829727,0.0391153682820658
"991",-0.451067997118697,0.76239494687525,1.13630762212903
"992",-1.0348183006002,1.13853779079879,2.14656627110521
"993",2.02956003059386,-0.75634033677481,0.235870647583449
"994",-1.28189861484468,0.843071764553319,0.440074249642741
"995",-1.90483196906012,1.05854988796497,1.1179004958624
"996",0.0882371572737616,0.449876267421407,1.46893221244489
"997",-0.882199953681167,0.955487148309636,1.40432649340929
"998",1.41310314894397,-0.508970220763216,0.969915217554757
"999",-1.56504885230725,0.815641653964663,0.0964315222674282
"1000",0.166267142250765,0.0974208145325128,0.206648822969492
