"","x_pa","x_child","noisetmp"
"1",-1.45383221957739,1.03843738393673,1.45618304213062
"2",1.84474837556995,-0.742426882836668,0.236974647494449
"3",-0.182005030050786,0.368125589197146,0.490977547696191
"4",0.0231448034613731,0.401615104152327,2.13087849598231
"5",-0.228077378472681,0.451170013748498,0.682322395998011
"6",0.849405896834702,-0.359443416987665,1.31991551598842
"7",0.32388882085739,-0.333068630204866,0.223662878842528
"8",1.09635676363196,-0.505931997904984,0.889290021475485
"9",1.45793571244131,-0.489783835808084,1.27618946676065
"10",0.0759096040627763,-0.0170756521339981,0.475610851472401
"11",-2.05405166827803,1.23082923870146,2.1037637274919
"12",-0.823015043891196,0.628151206762205,0.0329261608598295
"13",-1.5864663821304,0.850998095155398,0.434261875640143
"14",0.849810324361179,-0.575972855805134,0.237851374462844
"15",-0.145408852168016,0.304207491238891,0.370573923758081
"16",-1.7536099202785,0.796088389792844,0.0668814796716032
"17",-0.740236242349399,0.834771811370629,1.19430279552005
"18",0.25211401204274,-0.125096859786901,0.966524958697142
"19",-0.982740091477433,0.875623376024625,1.06211886895427
"20",0.881391322885575,-0.615871783086186,0.0828492685457134
"21",-2.31867212873255,0.811830647188514,-0.0879421141566947
"22",-0.8256434191633,0.752079868928817,0.648750726503369
"23",0.357458589789318,-0.388212524498917,0.0702311504914181
"24",0.748626393776915,-0.300113077391463,1.4597149190736
"25",0.662406850639119,-0.0591033475342869,2.5094029878664
"26",-1.7295114885327,0.919678795138885,0.697375317809496
"27",1.91392159596821,-0.653836280015997,0.712489872455044
"28",-1.84737175032179,1.04193318729023,1.24971404652088
"29",-1.73068665438419,0.838091712162782,0.288822132126192
"30",0.446845390095851,-0.396545646463292,0.312900432486116
"31",0.294017627816127,-0.0171643248301999,1.6859201476708
"32",1.11041786244431,-0.570943945882962,0.578669275741573
"33",0.093324845743926,0.258772070800753,1.98300565702736
"34",-0.246037861820694,0.32657563797385,-0.0208409451639352
"35",0.915357984540482,-0.274450860102145,1.8356266463502
"36",-0.371245563640987,0.695356200701973,1.35157314120087
"37",0.474715310588864,-0.342850425478164,0.65961012946547
"38",-0.391644492791655,0.864791833826354,2.13390365945325
"39",-0.250393521592994,0.563624496548748,1.14550288284501
"40",1.91107052377557,-0.489641091958622,1.53216028422524
"41",-0.570990412579002,0.78798864520003,1.28198562082457
"42",0.40061786579102,-0.413345268265495,0.0887264065507911
"43",-2.02697980945104,1.08724202456074,1.3968448284972
"44",0.455265970253671,-0.264321545293772,0.998128288335535
"45",0.197543323681068,-0.220396460430542,0.224622762581003
"46",0.874909590260206,-0.27118734872423,1.79730368680142
"47",-0.834990141545662,0.939399411958805,1.57188668089329
"48",0.594061263377261,-0.298258619137752,1.17343264512066
"49",-0.122489080082045,0.24408270139359,0.205855887358856
"50",3.25772714525241,-0.716503848841198,0.795312127330571
"51",-0.0914156567272167,0.530270375912883,1.83673105337937
"52",-0.36584583981227,0.705622910966244,1.42055956445231
"53",0.818212430740249,-0.556199299308207,0.290105805215427
"54",-0.380839901104265,0.784500837238278,1.76643945285152
"55",-0.285041265897972,0.464930942753916,0.5087708369622
"56",1.17846941283082,-0.715617677700321,-0.0781914032824213
"57",1.12490800633748,-0.648661545422483,0.204703044147359
"58",-1.35898720031172,0.954211948814972,1.10288774596897
"59",-1.50288385540619,0.773261826480504,0.0976916705554083
"60",-0.789849457043029,0.686552269160101,0.374411586208966
"61",0.510799032306991,-0.42311677884616,0.35330262856572
"62",-1.35044863647674,0.929446960338216,0.985502907329989
"63",0.765096919577606,-0.396978322445561,1.00270114674032
"64",-1.0451515859385,1.00892287214702,1.65865360291495
"65",-1.10196052462791,0.87297040063119,0.919824523779182
"66",0.385728066406806,-0.277371515776911,0.720408048911858
"67",-1.4293429984229,0.752915174202274,0.045461578720681
"68",0.466300608220904,-0.0098887394463521,2.30126219927462
"69",-0.904952286099648,0.718819942960828,0.373744655999516
"70",0.107188609199912,0.055907320457458,1.06563931584879
"71",-0.35431693556125,0.500656653564018,0.434129880483757
"72",-0.781253258162618,0.693538993783092,0.42257443570963
"73",0.208893007990371,-0.140298931752001,0.68356935290307
"74",1.42205389571807,-0.628934571971578,0.55514120323348
"75",0.733437522100426,-0.164728811512119,2.11081444197252
"76",1.84491947603615,-0.71385664060708,0.379908748586264
"77",1.13374939613694,-0.615220191345562,0.380705871910515
"78",-0.240648119667191,0.521335246707534,0.976635613477994
"79",1.09592666522915,-0.520709585683319,0.81495647179523
"80",0.00990794743988871,0.0486187062280886,0.242355861287245
"81",-2.79707292089457,0.869289520361686,0.0634034573764945
"82",0.011489820127592,0.156059524489633,0.794645461708503
"83",-0.158767965638236,0.671173576711685,2.13028510880146
"84",0.345933105059497,-0.11125773576424,1.41408529507488
"85",0.172226531619602,-0.0116792519408443,1.13093174713389
"86",-0.19384355482992,0.388470633984441,0.532503478951117
"87",0.321311390437625,-0.21312483463173,0.813590826986511
"88",0.716041542007927,-0.477831293283838,0.514950270755351
"89",-1.0726107952932,1.38601410733722,3.51504056938391
"90",-0.343215999591478,0.623984961131911,1.0886917598762
"91",-0.664914782065147,0.791134874857849,1.10811340404822
"92",2.07897786141568,-0.788779846822708,0.108475295453883
"93",1.49160206267745,-0.554683853716034,0.974602870033378
"94",-0.344116049139808,0.540218166127453,0.666747896476692
"95",-0.516249990065929,0.730220660617841,1.11915904686106
"96",0.254362802386085,0.115562504888001,2.17995932022475
"97",0.269924713700085,-0.325401752859187,0.0437152353503481
"98",-3.13456713676651,1.10353367052696,1.15999528401597
"99",-0.945571185063598,0.826506447122466,0.860987669388042
"100",-1.025234128292,0.6852016866607,0.061769954930739
"101",1.55848803665736,-0.584604177630971,0.868325046099298
"102",-0.545924883169489,1.05344533413871,2.66539779483853
"103",-0.171555108782235,0.285021374089884,0.13025228963835
"104",-2.10016942665803,0.880535896489797,0.334048621218248
"105",0.780244886219417,-0.512863800915136,0.447783616551654
"106",-0.60448984392774,0.553728408371043,0.0394985835271214
"107",0.642362505141224,-0.365215757714648,0.939429133512727
"108",0.130877188517072,-0.0332783379962765,0.775864375244581
"109",-0.224460659498596,0.328795344924026,0.0870513216089486
"110",0.958756378210534,-0.601723957235675,0.254569291609568
"111",-0.248237138432026,0.506214934365859,0.867786230349386
"112",0.807317443295405,-0.490008982240405,0.604471665954736
"113",-2.30220110923667,0.848634502511679,0.101571915755675
"114",1.12437361219224,-0.522191717462505,0.836517503919483
"115",-1.0139294974194,0.982725077956378,1.56196316231354
"116",2.54591009376488,-0.827545319821241,0.0734725003341736
"117",-0.166100308973223,0.300495918106585,0.236869718892279
"118",0.754975859725751,-0.202317122240966,1.95930716303324
"119",-1.77713124822223,0.868764379907715,0.418271224473542
"120",1.4556275185619,-0.518514886365236,1.13093468218455
"121",-0.905708288667479,0.840471897921302,0.981025470260836
"122",1.18065941541714,-0.599014713939545,0.506875496981481
"123",1.18213695002114,-0.613626119462019,0.435199974480374
"124",-2.05126042795835,0.955817221532612,0.729828933885395
"125",-0.494539410395739,0.755178463224905,1.29760900146103
"126",1.64050771278968,-0.758501521158221,0.0483081028893291
"127",0.361652303350642,-0.276283056450881,0.644503176882292
"128",0.146461174997439,-0.145588508369094,0.311015410589802
"129",1.10769879043903,-0.475206715077818,1.05458270264593
"130",-1.49014953302403,1.11105623231032,1.7949792867289
"131",-0.00822713186509465,0.161978840504262,0.641500190154968
"132",2.37821162303147,-0.727667562960884,0.521702917747624
"133",1.22048279767725,-0.617132360796225,0.452703446259473
"134",-1.28846404793693,1.0067779481425,1.42070921103821
"135",-0.693436453334281,0.57770086822152,-0.0109306856751306
"136",-0.277329467285604,0.428513663003603,0.357524692935238
"137",-1.05481869644899,0.843207090466542,0.819726816694292
"138",1.68985530150752,-0.754500515186695,0.096309932694888
"139",0.267103841120672,-0.341100538474671,-0.0470090643204732
"140",-0.64188279285417,0.925967826748124,1.82599049328152
"141",1.66456465549979,-0.664017981432485,0.534532030420887
"142",1.29313368075576,-0.470691698570164,1.2472273730685
"143",1.52085522242912,-0.717861415133826,0.178011988294913
"144",-2.35532523446048,1.08999701592753,1.29088633196065
"145",0.549854342437276,-0.271046072991652,1.20930249924147
"146",1.6173625730264,-0.574721926774151,0.953630191140257
"147",0.10641500369259,-0.163299828754002,-0.0356941821694992
"148",0.204540870359135,-0.224228210187699,0.241721968847588
"149",1.92626943229268,-0.739672122710421,0.288929743676448
"150",2.39109759282082,-0.67238472949369,0.80225693836358
"151",-0.56668814340831,0.612241727639613,0.412704747142808
"152",-2.41490571232078,0.907452461441732,0.35928657306515
"153",-0.0284412065344686,0.234453285948113,0.829538462093574
"154",-0.513016292120563,0.668461443087801,0.818215675251929
"155",0.423494314857496,-0.392322645593743,0.26491931536477
"156",-0.500299969251593,0.60254700086443,0.519995923540885
"157",-1.44045481450357,0.805102021040055,0.298680591335652
"158",-0.115899581034398,0.362390049079346,0.838216033583642
"159",0.396540086632698,-0.0423985263138101,1.93041857401487
"160",-0.986291262406922,0.805618228430819,0.707959076642702
"161",-1.21172940910123,0.791169451525693,0.407523236041473
"162",-0.200851037917054,0.392062951805003,0.515734646487682
"163",0.187305155527472,-0.193147888805292,0.306529007050864
"164",-0.227697354036956,0.383649818389901,0.346458565302681
"165",-0.269011598024305,0.423144005636241,0.364597097450248
"166",-1.7172794428772,0.908656861979449,0.648734036845
"167",-0.0593572851350875,0.231465443961424,0.57060185668577
"168",1.12560315117581,-0.665729010857345,0.120060714960857
"169",-0.0350129772391396,0.331212982573775,1.2592862268864
"170",-0.932790615707597,0.985155573135013,1.67003603215611
"171",1.59564486523437,-0.719659151506592,0.215935703495256
"172",-1.20942083039553,0.972282972807466,1.31513007795895
"173",1.53056431729149,-0.660559524224595,0.470804556786092
"174",0.630124721785256,-0.525081057302526,0.115366684797002
"175",1.21936105735963,-0.623920794503657,0.417758295835952
"176",1.76273442885085,-0.750722940602112,0.154333948177163
"177",2.19901270111965,-0.588806569805304,1.15437429504788
"178",-0.142721695629078,0.243677138477521,0.083385844719273
"179",-0.550425679783251,0.660615002620758,0.690978032000512
"180",-0.613002203938006,0.758046973535014,1.04366017108604
"181",0.759706931520556,-0.506582829783413,0.445817807489084
"182",0.128596615895664,0.0191522138036027,1.02347770576283
"183",-2.54955005381091,0.897618387615895,0.270135849305156
"184",-0.378001138563655,0.506443337982632,0.385214883126316
"185",-0.131353584351647,0.286231757034129,0.362942233645946
"186",-0.794292436056234,0.671465390507636,0.292206287668758
"187",-0.902004271160556,0.840198933455056,0.984466828700857
"188",-0.861871802025153,0.645156246215971,0.0629525812668845
"189",-0.385301629852756,0.441848192535053,0.0390439112228302
"190",-0.33088359759866,0.667272356260518,1.34838542904538
"191",1.68210507154694,-0.571564026324158,1.0066783177459
"192",-1.25556353352754,1.22749342330596,2.55141652667078
"193",-0.72832532386665,0.746897875745338,0.774764982156432
"194",-0.279646293104287,0.372101883175311,0.0661398092936184
"195",0.155609822440434,-0.0854792671802299,0.666261788071132
"196",1.2742008241195,-0.631820506279759,0.425827992110699
"197",0.220255990773675,-0.142470908885232,0.729448346240764
"198",-2.25046648960808,0.918954016479893,0.470849621247507
"199",-0.250047876959892,0.361025831870025,0.13400182679575
"200",0.384375975625273,-0.305774327457312,0.573939959397238
"201",-1.618352388098,0.895456473188137,0.63773591823451
"202",-0.611257280519768,0.653367055613129,0.523812808641104
"203",-1.13032582359318,1.04413530121622,1.74765765283377
"204",0.967750435876157,-0.488960830266753,0.829444356855327
"205",1.36976485857977,-0.45557458892852,1.38336329459264
"206",0.357688156534364,-0.391961873821404,0.0522885727948029
"207",1.61048963451217,-0.631554004377261,0.665381729170511
"208",-2.44868804857621,0.871403617088583,0.168673063888352
"209",0.74841334250784,-0.415476559439704,0.882539577876011
"210",1.96718481873427,-0.599154756802618,1.00973753288261
"211",0.735249180722134,-0.462981226284799,0.622665019238591
"212",0.00175538655791586,0.115785656092544,0.501431065504648
"213",-0.458944000285502,0.723576181929847,1.2326092141045
"214",-0.293801682257201,0.440632525741602,0.35293464654908
"215",-0.26391422113917,0.582274638558515,1.18138324422771
"216",-0.934265210775787,1.12536085252658,2.36922518852025
"217",-1.54190832332544,1.00073898338738,1.21022689830236
"218",0.400105672235125,-0.268081690343489,0.813412527598807
"219",0.495749243197926,-0.129297996759203,1.78358215353582
"220",-0.108730637773254,0.512392407063762,1.63357868768138
"221",-1.53501524888542,1.0922623369449,1.67216526207159
"222",-2.70835546261207,1.08859781430988,1.18213439884962
"223",-1.20303935373235,0.975494635941887,1.33685339580254
"224",-1.16547547732542,0.96790203378183,1.3330945752107
"225",-0.748090711204573,0.711764139561554,0.56638684124999
"226",-1.48270002026065,0.883699486201239,0.66310860299993
"227",1.15263319133151,-0.485060943042807,1.04997822992518
"228",1.81695771204658,-0.660821159905187,0.631379139428786
"229",-0.0300609642019574,0.107846727881748,0.183068550409917
"230",-0.463686734381772,0.587363359167895,0.538772393129834
"231",0.477692828061283,-0.0603072016262954,2.08042677464811
"232",-1.23904781441018,0.71949359737623,0.0254140129021866
"233",-1.0514933942494,0.970785094109154,1.4611621504595
"234",-1.07154798594757,0.747077594610308,0.321464734781826
"235",0.269225797116367,-0.187037306645502,0.732515311779103
"236",-0.150012713404092,0.690312037743717,2.2748817347976
"237",-0.0799071007342922,0.237142834337417,0.450205754338399
"238",0.158991691210072,-0.0691143107644103,0.76793538344334
"239",-0.696631142827562,0.724323797026026,0.716522253873611
"240",-1.12583105335524,0.734646014648746,0.204583291362665
"241",0.458365858597473,-0.416458276842203,0.246215142304329
"242",-0.985874315170561,1.00397411711061,1.70022290923414
"243",0.780875403273983,-0.53258092909604,0.35020582520274
"244",0.177626547917604,-0.119529975963075,0.621791424737045
"245",0.432987394862192,-0.111702256143828,1.69651861011129
"246",1.36132341797561,-0.656048053951859,0.374567315752509
"247",-1.0742994865181,0.867387674364211,0.920152921359026
"248",-0.150171652342414,0.61898693205658,1.91735740845288
"249",-0.330100209263509,0.4324292502747,0.176958964234144
"250",1.02693989837052,-0.664276889648833,0.0224438472932261
"251",-1.03897687709831,0.742382624472887,0.332628092227163
"252",-0.617900162992839,0.683940657399776,0.663214630924172
"253",-0.6293312103416,0.840633399025898,1.42386304582577
"254",0.0241258503249147,0.256269834608772,1.41307040418288
"255",0.785336921992856,-0.511585085239962,0.462288799697654
"256",-0.619926971065047,0.600681723366994,0.242841928016449
"257",1.95792723408914,-0.766951726838351,0.166682585723971
"258",-1.21340331016422,0.848874747589368,0.694574462998185
"259",1.1655564410272,-0.544224432064412,0.766566855624406
"260",-0.745922262938154,0.888967904773771,1.45594520728625
"261",1.01533671711797,-0.618739833157382,0.236911028329476
"262",0.421046212110286,-0.174102736398127,1.34857692413525
"263",-0.0153866901673218,0.0793737184151298,0.16528407266821
"264",1.69455779539905,-0.553365417171397,1.10458830231017
"265",-0.0399664216958935,0.121796550174812,0.172269078851123
"266",-0.320282067795479,0.824077761631794,2.1705859384113
"267",0.334113579877032,-0.158481750361182,1.13485847664655
"268",0.655926636401537,-0.52138639253536,0.185392769572262
"269",0.666063309473537,-0.142654372365117,2.09869399910635
"270",0.921357796505551,-0.434380631947532,1.04382210494884
"271",0.519466425347515,-0.284702357297231,1.06721992292865
"272",-1.4901427360857,0.875897049137082,0.61918783711841
"273",0.417666415171667,-0.378308973650377,0.317207907210617
"274",-0.702630943174985,0.819159484039739,1.18014619028053
"275",-0.490036226623849,0.597750758979572,0.521883223302293
"276",-0.610337652219422,0.660695590947395,0.562331943656323
"277",-0.124562252319506,0.450453948000026,1.22503504068717
"278",-1.91619370470645,0.904143912083186,0.528967284200789
"279",2.21306583790008,-0.673990561751387,0.733579507229389
"280",-2.83870704167119,0.931257165612187,0.363229807866044
"281",1.42482128563518,-0.70299099074787,0.18684312376045
"282",-1.57864679696759,0.818146737070065,0.274706258310097
"283",-1.80285463488294,1.16513571410228,1.88729044257071
"284",0.444357456163535,-0.166054096573496,1.45815513247775
"285",-1.07694532783986,0.830016166721237,0.730552252041618
"286",1.33586572309929,-0.513153760874723,1.06929768352242
"287",-1.94814023779367,0.949646514657649,0.742315968668023
"288",1.06826017083469,-0.635776901645154,0.210449418945711
"289",-0.115003172826337,0.277696161238742,0.420363227315836
"290",-1.39252152643987,0.842356470696691,0.518867326565942
"291",-2.10781247541687,0.864649671262987,0.251654543788249
"292",-1.28297985181884,0.827697343857707,0.529760584534926
"293",-0.384042614972407,0.456156828300111,0.114561183085083
"294",0.614286807928666,-0.257052123437268,1.42270823775205
"295",0.737927072653218,-0.583413524885907,0.02508809007203
"296",0.989691645642221,-0.394760822854807,1.32687236976129
"297",0.827469164907241,-0.517028779196493,0.499839892844425
"298",-1.06494361060162,0.843087002881874,0.808421865913536
"299",0.831851581646596,-0.590953978594869,0.136719649838045
"300",1.34058969860817,-0.558323369297025,0.847153591007211
"301",-1.29559692440855,0.957512556417567,1.16862851809029
"302",-0.218443645682426,0.314911782343962,0.04560362708444
"303",0.016324297221637,0.0749613118159562,0.434710447894323
"304",-1.2480921821842,0.878684299950194,0.813670699719822
"305",1.03250158891313,-0.671030076303731,-0.00505624037834065
"306",-0.961674552823098,0.851180077247234,0.96482679526937
"307",-0.701695518672728,0.666611054428143,0.419042890784432
"308",0.557691820606475,-0.16833293324572,1.74122928520531
"309",-1.36383898331696,0.912748695140963,0.891937779689078
"310",1.12222867799397,-0.68739582845875,0.0083473722282293
"311",-0.578092655439552,0.547501408746561,0.0641018881592158
"312",-1.12864307050235,0.943644089375234,1.24683565716296
"313",0.51602763933043,-0.460304388411477,0.180586310684898
"314",0.282947216918762,-0.2334413279225,0.558868675420115
"315",-0.599823626746763,0.610712291357144,0.334083466722618
"316",-0.962419645211663,0.736235621595699,0.389211034992278
"317",-0.00650151552802336,0.37849603758863,1.73956281705324
"318",-0.891311973014339,0.742511875808639,0.510044685631549
"319",-0.699968349122603,0.756251551924437,0.870277833621047
"320",-1.075622921006,0.793388864544543,0.548785652952309
"321",0.661421065136975,-0.409354519557565,0.756240035875954
"322",0.638015828417648,-0.478614078835662,0.363711406239082
"323",0.629412753069827,-0.383532654433665,0.821653441618058
"324",0.968327191039611,-0.378272924667345,1.3835885331435
"325",-1.60945357000489,0.833065233616497,0.33097536007392
"326",0.778112491938799,-0.433023004211251,0.843571837743941
"327",0.431960091385619,-0.406555543445603,0.219195643090085
"328",0.622913548139925,-0.503358149951403,0.209158049359608
"329",-0.00376169718928351,0.293516538998678,1.33943880939045
"330",0.393210695090672,-0.235150188306437,0.955926125616383
"331",0.109747498120951,-0.088152282952456,0.362772610192589
"332",0.526383714846495,-0.343236363658213,0.791725211918395
"333",-1.42486842332527,0.842370250832398,0.495868383243122
"334",1.12372289013547,-0.654999319504662,0.171827954967245
"335",-1.47990798005746,0.775038391921461,0.121653839827988
"336",-1.78965660212154,0.922828873658659,0.682307451633771
"337",0.278669354272861,-0.0681774883564167,1.3672034372003
"338",-1.25032859336276,0.850753040113201,0.672123169849854
"339",1.88638344332684,-0.725994435968402,0.338959949050767
"340",1.08757247145766,-0.628930565124965,0.265148860461116
"341",0.299388991644163,-0.331914356404244,0.133884356851288
"342",-0.196230325598856,0.450715588469371,0.831825013568535
"343",0.031000423762802,0.0844971633915532,0.615814514020486
"344",-0.543288292763763,0.717486532053933,0.991658418583146
"345",-0.732106194883964,0.839844209995916,1.23316130441445
"346",0.986844951973289,-0.471101597751064,0.941783044031538
"347",-0.464350274466801,0.676594729363632,0.983151848296131
"348",-1.13715625933841,0.716544591515388,0.103104912452755
"349",1.35775613094532,-0.497017111946639,1.16698798029288
"350",0.468270926457271,-0.190014677596854,1.40608986419806
"351",1.00489172951764,-0.589296247223898,0.372058539823432
"352",-0.645848559523376,0.575167570551731,0.0643418837781352
"353",-0.591733680083592,0.791227886079147,1.25360711064379
"354",1.04240016599451,-0.602812493111495,0.347073352811178
"355",-1.25840967670534,1.19007832969367,2.36195495655813
"356",-0.0644120927919423,0.232538348222321,0.538435301628822
"357",0.806053979254293,-0.519647366874295,0.454338742364733
"358",0.304522741965707,-0.247994607062805,0.573973419712921
"359",-0.325191961610439,0.428467149192219,0.174737656557712
"360",0.625484458963764,-0.214643881304542,1.65803546794436
"361",1.18000563803571,-0.676050612259462,0.121083953955099
"362",1.86793171257674,-0.53855892430567,1.26743755219491
"363",0.455444364598252,-0.407075598935081,0.284864258205619
"364",-0.972497759600246,0.762739390007043,0.509730957662717
"365",0.610524327076267,-0.439733973002103,0.50137147560241
"366",0.941100725111628,-0.383009251594484,1.32603759135283
"367",-2.30174571568023,0.877618766405393,0.24664605905109
"368",-0.29134402325953,0.626316877849863,1.29091855998177
"369",-0.919635477616222,0.762140449536981,0.571514728547591
"370",1.22447458080058,-0.523653740151035,0.923655278896034
"371",0.840928719754384,-0.559121698076448,0.309223202487276
"372",0.0401485841219383,0.198375997404561,1.26485854168167
"373",0.433109251448473,-0.279539114753105,0.857696440534512
"374",0.611205051626702,-0.449390684727796,0.454526094845943
"375",2.02713336098507,-0.788265345852025,0.0898256905544356
"376",-0.573637771422883,0.67459254849224,0.709224094352311
"377",-1.11659846960731,0.799472953902772,0.537772824067475
"378",-0.351879840841337,0.472005631659084,0.299119182210259
"379",0.320767069005204,-0.0880166100572548,1.43705655502073
"380",0.063937016415692,-0.0402240633917198,0.267352717559035
"381",-1.95830495969672,0.839154146186696,0.185423208630079
"382",1.12193336213239,-0.53779513349658,0.756054452938836
"383",-0.734291078944001,0.740689904497185,0.733745815186153
"384",1.27712393431635,-0.675774085805109,0.208514251525847
"385",-0.0989648629727867,0.215188854479561,0.210969219965805
"386",-0.851314687343946,0.744611804004065,0.574869862818895
"387",-0.294754355725588,0.638314675146046,1.33765386294486
"388",0.496374797217971,-0.229138698171986,1.28601482053934
"389",-0.709701043471502,0.742215083722737,0.78311664973123
"390",1.05887765199618,-0.496431681019353,0.89705126336728
"391",1.41194342998339,-0.612359927706119,0.630717724354747
"392",2.09097606964485,-0.581590677252244,1.1492125543905
"393",-0.286944186485919,0.419921515372451,0.276201895877892
"394",2.02632839669596,-0.776565341860332,0.147989400048825
"395",-1.41523500447825,0.889940524185012,0.740510033012898
"396",-0.278824227383002,0.543466760580137,0.926267261639381
"397",-0.206879863018881,0.395638274297432,0.504250741516355
"398",-0.227018805937791,0.435292654558416,0.607778751027867
"399",1.64829302921183,-0.752379753953115,0.0834183989934663
"400",1.15067196401191,-0.599587373833902,0.475446591466205
"401",0.585773785407813,-0.512364537226971,0.0847283888035505
"402",1.54687533433665,-0.484836927796745,1.35984030768554
"403",0.640381810497565,-0.46438906415829,0.439594367046021
"404",1.03494521131041,-0.541057048308098,0.64754775816032
"405",0.0377874659096339,0.111092741424182,0.808133637003681
"406",-1.6796223655954,0.860537043780359,0.42849523840272
"407",0.211414804653619,-0.126964283493121,0.762986297400413
"408",-0.0933169557817161,0.283667679285275,0.590923074694451
"409",0.167735128695678,-0.0602674084203153,0.862585886093402
"410",-0.913143083783725,0.843912765944447,0.988656524543569
"411",-0.640077346439213,0.631974919113653,0.359524445533323
"412",1.69185883662441,-0.755791760997988,0.0909640326568395
"413",0.407280037593035,-0.297323260076733,0.689897394826044
"414",-1.69834871445747,0.812629456362067,0.178746888293869
"415",-0.389881595443699,0.56018295010528,0.616351483092218
"416",2.86102302614818,-0.674587365350565,0.920675958115179
"417",-1.46541563737817,1.15284829033009,2.02039227762512
"418",-2.04542165478777,0.961697256941875,0.761590868380365
"419",2.78697047063442,-0.751275720436317,0.519277217753715
"420",0.539935553150733,-0.494016139465817,0.0708269490579838
"421",-1.05556066369372,0.825923099062799,0.732517814129207
"422",-0.0176465340541464,0.0988406553944866,0.243008434392168
"423",-1.36464784442002,1.02734329652187,1.46430679520412
"424",-1.28373490992222,0.817000458328673,0.475661292957909
"425",0.00908406955437413,0.0847345995654887,0.415071708078597
"426",-2.01834528690667,1.16484926392695,1.78844391981977
"427",2.57750545962039,-0.761512283574495,0.412656665520809
"428",0.500874633600854,-0.467671479163082,0.105061588955924
"429",-0.34521436937265,0.591339136030791,0.918566323278346
"430",2.15948352871186,-0.680298621462337,0.682209801288776
"431",-0.500970887631461,0.515866519615209,0.0849202618222905
"432",1.79266593746115,-0.533429577632054,1.25616037840275
"433",-0.802350576896886,0.647104696460899,0.158236677972079
"434",0.688821719236341,-0.462022991329343,0.544751240850801
"435",-0.148310290998261,0.288538219420972,0.275665746145606
"436",0.294783379839384,-0.325287811964054,0.148415788865796
"437",-0.546916956713588,0.703164936075556,0.911725204052154
"438",2.17022329137996,-0.758215799751172,0.296661639537934
"439",0.0758488557253391,-0.0703327611910116,0.208865221824343
"440",0.0901756665141851,-0.0908002156885266,0.212509074108422
"441",2.95363820992388,-0.752781245401112,0.551088124952078
"442",-0.417792586898944,0.557401899089092,0.517857202351402
"443",0.675986377721464,-0.34011092113771,1.13031680666089
"444",0.124362905091075,0.00968489276887394,0.948878130296044
"445",0.269817604067928,-0.268744661903896,0.32653788778289
"446",0.184632093402813,-0.1332236770053,0.591704577679231
"447",1.09585012854392,-0.665168188619482,0.0925841351585858
"448",-1.33201474480585,0.822883088140193,0.466787086895124
"449",-1.44246764029788,0.767516559764776,0.109364966507294
"450",0.205746126929306,-0.25746667372052,0.0817044195480129
"451",0.242514731626885,-0.013918919039821,1.47847136503074
"452",-1.82889646215851,0.804729682176627,0.0725475545721583
"453",1.81689907586512,-0.749235034720157,0.189280677358737
"454",-1.32252388959998,0.798886793652414,0.354175646473518
"455",-0.431375422980888,0.568639153370849,0.534631488542644
"456",-1.12833458332096,0.846079382250946,0.759312039723494
"457",2.69484697356229,-0.617818620354944,1.16307010128116
"458",-0.887204496138729,0.728511864155011,0.445483524608183
"459",-2.39059624512565,0.943932911762964,0.549298231409052
"460",0.113031193212421,-0.0172414209378917,0.739490168883489
"461",1.32956980824032,-0.653102448558684,0.364588412989837
"462",1.56587370411829,-0.516863117565563,1.21164413918365
"463",0.326945659849308,-0.227206422765318,0.764509122755028
"464",-2.82873393867677,0.979515065136215,0.606895045655543
"465",0.80797759003754,-0.553314184165522,0.288958342996193
"466",-0.100155797013197,0.333509837460376,0.794738403699932
"467",2.19510402448542,-0.577552713301236,1.20920866511664
"468",-0.608875959160877,0.711309247686678,0.818388909550382
"469",-0.0434449031206579,0.536726993539773,2.21928080837733
"470",1.01186748447893,-0.566265810031104,0.495290256590142
"471",1.48230156040569,-0.466186941288062,1.41083437669705
"472",0.239049356697848,0.221422027290339,2.63904042932799
"473",-0.163543097374561,0.429222294879344,0.894367009455304
"474",-0.365684896673923,0.582919530544259,0.807572040481326
"475",-0.0750320486867975,0.397482675420865,1.28630563307461
"476",-0.169043025439769,0.598176669632842,1.70944108498293
"477",1.28719747139143,-0.579800308749395,0.696779858533512
"478",-0.812903681322216,0.693715790668171,0.375577833415907
"479",-0.202348388077931,0.321047955130118,0.15332319615685
"480",1.30506227561299,-0.616818760055203,0.526351092286306
"481",-0.893095774527028,0.831075262940131,0.950509298480994
"482",-0.0739579908645414,0.283972885328974,0.726408831538348
"483",0.94366063539257,-0.33761478837602,1.55624795493477
"484",1.10588585249438,-0.290691493714248,1.97530495332484
"485",2.39582802663213,-0.706460737799343,0.633387462775885
"486",-0.00369940769552512,0.292204058120404,1.33344251478382
"487",1.76727181121155,-0.696885203318069,0.425876849184615
"488",2.96536216225892,-0.754290287527948,0.546168601747703
"489",-0.455178624598606,0.580255536609755,0.526232999830176
"490",0.476564583140755,-0.134825626392028,1.70477086754858
"491",-1.20886872584268,0.887551873003773,0.891963065530206
"492",-0.82232107375821,0.854271736608012,1.16453952727571
"493",-0.440447576140781,0.643848984546228,0.884963302986339
"494",0.571979869911931,-0.475487457744238,0.238253306544114
"495",-0.0792848286104655,0.438624970012184,1.46197746745739
"496",-1.11517302164451,0.813007607745882,0.606853084358796
"497",-0.519685068496234,0.749356213517239,1.20654741329153
"498",-2.42301286964297,0.952259654238087,0.580812551744827
"499",-0.242230767574025,0.373304493773645,0.229495158952653
"500",-0.13961259192626,0.436323764837509,1.06466276304235
"501",-3.62577232166842,0.998141091518089,0.546006170545783
"502",2.74252214207329,-0.800188977132438,0.263541552965936
"503",-1.5089053647447,0.893140524909778,0.693189024787096
"504",-1.55233529120643,1.06752254154965,1.53766156500137
"505",-0.426919720664657,0.634282108809141,0.875653272389052
"506",-0.338270478013406,0.563618326347023,0.804059910124706
"507",2.18772127849021,-0.715090019406803,0.518800568479556
"508",0.659084122114381,-0.384989857980204,0.873529606079371
"509",0.434667273759296,-0.087480291564028,1.82261243829625
"510",1.11653750847786,-0.583886758034841,0.520161976795178
"511",-1.16822792729735,0.856559789065506,0.773826092155119
"512",0.466522533608377,-0.45391110638376,0.0817661360666188
"513",-2.19449029241426,1.03155286737327,1.05372625899024
"514",2.55500891267927,-0.672006643646921,0.853782147231624
"515",-1.68709768872543,0.848398613226838,0.363706653465778
"516",2.93642750849476,-0.721292974197051,0.704642746149081
"517",-0.0600265475447888,0.349491464415276,1.15572665896946
"518",0.264813338266266,-0.150547086074889,0.895762899871768
"519",0.302123375109172,-0.209117228720241,0.758815465471973
"520",0.742014423947458,-0.191136281729554,1.99343444743116
"521",-2.21622092478971,1.28496618663627,2.31297847551729
"522",0.628435806854232,-0.344291490047245,1.01585946539217
"523",-1.62080262598865,0.853133638754673,0.424698660421239
"524",-0.640313448474721,0.639198775240492,0.395185614411154
"525",1.4677982066389,-0.710261587330716,0.180593435519419
"526",0.827027743387556,-0.274525994444762,1.71169617917298
"527",-0.795687815868903,0.678886775593495,0.327195990010573
"528",-0.827198053877165,0.828225901514255,1.02722906902507
"529",1.58486669015188,-0.402669986281091,1.7943261443929
"530",-1.46113507729223,0.964855161616767,1.08331523652939
"531",-0.962724601317427,0.857300110231513,0.994168043253849
"532",-1.7808017630355,1.0385538904053,1.26536959428592
"533",0.847307583774985,-0.141978504763141,2.40420946904453
"534",0.0962517505688353,-0.124083804547832,0.0895573750421401
"535",-0.0426749060299873,0.364087867008496,1.36217537946479
"536",0.8576063590736,-0.453305691195159,0.862359776185524
"537",-1.60048190503278,1.08333535943658,1.58760783350385
"538",0.659059138840215,-0.256994991836256,1.51345537166909
"539",-0.412069180363463,0.590289010695404,0.69923553142259
"540",-0.311991392479639,0.490089484888703,0.531156901468457
"541",-0.641268068536025,0.831030908525036,1.35249588193666
"542",-0.359071989740462,0.559190830848967,0.710843224094032
"543",1.70483817583687,-0.673259640908365,0.510769212292653
"544",-1.63743095450295,0.96859450182097,0.992429833212566
"545",0.530095216882128,-0.500906233480843,0.0124983431122451
"546",-0.385984314103828,0.470526465524185,0.180284880810439
"547",-0.592376141550685,0.710998324616578,0.851104738593385
"548",-1.37053434512074,0.90551911620814,0.850805716116565
"549",-0.126090437849755,0.289646479298168,0.411703415441893
"550",-0.830531674014851,0.704694527747496,0.404760782378645
"551",-0.387104973946733,0.804664661001901,1.847452722793
"552",-2.85881340489731,1.12171484233721,1.31077091085252
"553",-1.57119781106782,1.18367665677477,2.10686656710204
"554",0.228379716477953,-0.0887495080068247,1.03756756603199
"555",0.698421462769804,-0.409406164488985,0.825451792566017
"556",0.208430792182033,-0.271217472353348,0.0266313487052007
"557",-0.313551520738634,0.662979666640885,1.3898209171484
"558",-1.49961747246084,0.778684001816202,0.126925627409285
"559",-0.849042577533189,0.906503149835713,1.38750635268734
"560",0.46697032386977,-0.424897633632081,0.228075133032562
"561",-1.69142778818218,1.05158528390919,1.37727967556469
"562",1.54667379288553,-0.738504340214478,0.0913754626769003
"563",-1.23212885030244,0.938841773962794,1.12809593907836
"564",1.49083700952061,-0.726739897499851,0.113810459056591
"565",-0.641794325120491,1.00370573561217,2.2148512168566
"566",-3.19146173268826,1.11612570105257,1.21170319553241
"567",-1.52963999362471,0.814389137671154,0.286189216896419
"568",-0.270652493959953,0.418843235929625,0.336346675661135
"569",-3.08851944883714,0.89131557846168,0.108269993688671
"570",-2.13790856045549,1.18759453761784,1.85487588511808
"571",1.16295205024074,-0.554586895784149,0.71226967451345
"572",0.9080301192503,-0.429748277636576,1.04946967816349
"573",0.824701468096525,-0.563687117702758,0.262417720139987
"574",-0.200709591141715,0.452520575960221,0.8187173318712
"575",0.874001450034577,-0.393477326336009,1.18459070149412
"576",0.131050342839857,-0.11892978743478,0.348706904321073
"577",-0.958307769251701,0.80258741298318,0.725911830739807
"578",1.02891155429315,-0.582870274465347,0.431703345317937
"579",-0.623623074874281,0.991221006105721,2.18813809070211
"580",0.320424000481904,-0.23623991572486,0.694630594900061
"581",-1.0290539170049,0.773111905969999,0.49711247224574
"582",-2.1102406553173,0.851297448196046,0.183955678467486
"583",2.38008757060244,-0.684576118666778,0.737765107364223
"584",-2.47999364416783,1.01465617396313,0.875533677872122
"585",-0.432728772974705,0.837011300503179,1.87262545616183
"586",-0.758740198382857,0.827901527297095,1.12986188548493
"587",-0.388224248491724,0.47345167069709,0.187877455429775
"588",0.562544664036638,-0.496370234217315,0.112278768476333
"589",-0.462615562527429,0.4932830044148,0.0712448704655219
"590",-0.778525255267607,0.656563230127152,0.241929888031546
"591",-1.35195666937315,1.11735123968581,1.92388266925654
"592",0.453667050627242,-0.274779650086137,0.941292177318448
"593",-0.241364059231027,0.646410627740682,1.59884846981441
"594",0.545717677205051,-0.375241113730531,0.678527626348288
"595",-0.249113712510247,0.456216963842821,0.61399711417115
"596",0.532319021838183,-0.331691275950387,0.864008266794615
"597",0.249071364039415,-0.0620405710641437,1.26799614857891
"598",-1.55308824548752,0.999921939595528,1.19919289168015
"599",0.111454328423774,-0.103256234942766,0.298801708057215
"600",-0.107426443411822,0.39087532915567,1.03435114223202
"601",-0.742543401468764,0.657805263919614,0.305671090659185
"602",1.48701729058176,-0.53379601424647,1.07596679551032
"603",0.275498394097627,-0.311996578159813,0.134652685856535
"604",0.0341304327956084,0.219373997894302,1.31774497929993
"605",0.589219092669066,-0.310875089100937,1.09976417765625
"606",1.45960799057197,-0.530601796971116,1.0732561892935
"607",0.964720429307396,-0.509187242815193,0.724601420955351
"608",-1.26338865594023,0.934278996046583,1.07880217756157
"609",-1.56948494616329,1.01223563526749,1.25070317813122
"610",-0.324870547222123,0.397987020796291,0.0234957764274853
"611",-2.03780045802349,0.984605730639696,0.879232054779094
"612",-1.39479099398444,0.929175580960019,0.951319309894506
"613",1.43126231737209,-0.356581558644239,1.92348626989428
"614",0.795927081710051,-0.42504609740409,0.911653254697605
"615",-1.49716122079936,0.960422128229804,1.03721724969199
"616",0.00503033443079658,0.0255849586945792,0.0809828917002427
"617",2.18482372054813,-0.591133103225612,1.13751294200611
"618",-3.0935791559094,0.861221487020462,-0.0432411043194924
"619",-0.998339175825521,0.802654892386787,0.679258907373454
"620",-0.0647313996418693,0.355260087670286,1.14969416718791
"621",0.700204845978566,-0.200821661977319,1.8716165222005
"622",-0.79401459204528,0.850082777822091,1.1857153272146
"623",-0.576850924407758,0.735122451548188,1.00489376249546
"624",-1.61826902070635,0.984578320301203,1.08339362991725
"625",-1.0461993133499,1.04195146976726,1.82266899864803
"626",-0.76050983415861,0.604152559361775,0.00828417914627843
"627",0.729499482890745,-0.357119940520365,1.14206170317429
"628",1.26040774748041,-0.516158435044988,0.992449542896599
"629",1.69081669465651,-0.70094461804029,0.364622458856577
"630",2.13782430677897,-0.780244624200983,0.17423761655406
"631",-1.13630677005204,0.766539490979798,0.353897216494078
"632",0.319567063744661,-0.135042031130998,1.19734458367374
"633",2.36900359362686,-0.72857366149445,0.514191577072396
"634",-2.76541209460062,0.869692313024395,0.0731996646417555
"635",-2.83955921278178,0.982698756045496,0.620235409985231
"636",-0.666548330082075,0.577295737813943,0.0358806393456769
"637",0.19404376767564,0.187950304259819,2.24795808635243
"638",2.4662763818059,-0.775528342676472,0.309979886140652
"639",-0.723959565129838,0.902275281410606,1.55901445673873
"640",-1.32723005775815,0.773835750058312,0.225256549222968
"641",1.08431523701489,-0.679303340857001,0.00986734932927574
"642",-0.711850182434543,0.703821353625081,0.58743429333212
"643",0.292364165139189,-0.29282057624355,0.300896983130847
"644",0.791249923896581,-0.4360043437364,0.849533033574602
"645",-0.522083877967914,0.946906814684964,2.18854341388825
"646",0.574911633285199,-0.27978066694585,1.22341125087353
"647",0.213229581940162,-0.120234953795932,0.805749761273398
"648",1.5518219821182,-0.586985613220804,0.852225411554741
"649",-1.58578309780443,0.909288657843276,0.726124105843159
"650",-0.122180669047037,0.470021604111729,1.33744303229033
"651",0.989712233745827,-0.588224668316329,0.359577580596106
"652",-0.625658937736875,0.920126160191258,1.82860769843871
"653",-0.0730606725233974,0.224478478051614,0.435350218858673
"654",-1.0362187082294,0.992430640604991,1.585867009056
"655",-1.70928787353594,1.03112380506142,1.26533269253928
"656",1.26147819356325,-0.703888710671668,0.0547117712720438
"657",-0.946697637501428,0.724151758777815,0.347834411229815
"658",-1.50410548127748,0.795963336542176,0.210406930611985
"659",-1.69398136577252,1.02964731883589,1.26620218197831
"660",0.288540344538934,-0.309997299725734,0.199316703728351
"661",-0.0994465570377939,0.354644416498304,0.905074232677968
"662",1.0709843497966,-0.328069993318143,1.75190117402675
"663",-1.8387987267017,0.92501753493684,0.669225823437882
"664",0.910465178383757,-0.421258524727195,1.09514272465246
"665",-0.771374103655893,0.796736470086322,0.953979181493774
"666",0.577643656764494,-0.323812373099939,1.00939365579409
"667",0.12035097222368,-0.115227259101791,0.298151408035833
"668",-0.0734750728006895,0.25178485646554,0.568917938049531
"669",-0.417894755045102,0.52033505371465,0.332222364932457
"670",-0.156995006724933,0.393206080547151,0.75025207604317
"671",-0.633542427371942,0.862412906645902,1.52446714490902
"672",-0.909949031518651,0.831823237920077,0.932309646336307
"673",1.58444942666908,-0.655493377256355,0.529954057833045
"674",-0.953183566329202,0.707422475594343,0.256283661417802
"675",2.15312875909379,-0.487617798863988,1.64320950856638
"676",-0.0802412592721778,0.297613646093899,0.750221542789915
"677",0.937423880081328,-0.55566575960534,0.458084323710793
"678",0.589035677450568,-0.481804961615527,0.244712014301664
"679",0.876165439507011,-0.492436487068525,0.692802005842221
"680",-1.26476866177584,1.06834416042466,1.74798011727884
"681",0.570784036507673,-0.422541685454496,0.500270120431449
"682",-1.13166130898493,0.926825097584188,1.15981212821135
"683",-1.12919141807464,0.764328025377368,0.349722494499171
"684",1.90597566287276,-0.554744343915552,1.20430341534453
"685",0.408037001271568,-0.301654506600068,0.670615062102431
"686",1.02913323351817,-0.466295100757464,1.01482918347285
"687",-1.04712313808277,0.723554571080773,0.229691493018265
"688",-1.00988346674681,0.893561694576933,1.12069189722445
"689",-0.448405169135226,0.698197839974055,1.13453725138972
"690",-0.0676079543773592,0.287312479184776,0.788897891683053
"691",0.798269134778407,-0.408162829339953,0.999720036824182
"692",-0.104330028798021,0.431407700449648,1.25699107619523
"693",-2.02029944224126,0.840482807353682,0.165803185195793
"694",-3.62051595309841,1.27909787368278,1.95161265083481
"695",-0.133163430152774,0.371397748507963,0.777989731842778
"696",1.17275608673327,-0.634189588837363,0.323570575297859
"697",-1.08028453684997,0.870313587247215,0.928590124990368
"698",-1.62698403174427,0.913357918143496,0.722244209476925
"699",0.31942412672041,-0.319227139303544,0.2758720520028
"700",0.158358337881608,-0.19915151000597,0.114047114988124
"701",2.54032987420594,-0.795328959650089,0.232942081238156
"702",-0.99604722469735,0.872352293605296,1.03037031508646
"703",1.23110356534877,-0.473500746630875,1.18029429370244
"704",1.12111285762838,-0.570646502236196,0.590973550063428
"705",0.68796288535896,-0.438874357382417,0.658904759077765
"706",1.26040586291746,-0.606401335744842,0.541233429989557
"707",0.0349211105225818,0.0866971508213789,0.661270365005816
"708",0.398736956477213,-0.191002982793952,1.19443665262897
"709",-2.79790984876241,0.898360042846064,0.208552353678278
"710",-0.902529995611984,0.806208831861082,0.813832662382952
"711",-1.27820128043067,0.786407559446232,0.327214804422371
"712",0.517909344069757,-0.480311120215916,0.0852784686389982
"713",0.188268879574711,-0.125864838104701,0.648125688989696
"714",-1.12789537160766,0.836990054972396,0.714292605932554
"715",-3.29393212622512,1.19144565788796,1.56887880236481
"716",-0.35532397307428,0.526766820086853,0.561287082881541
"717",-3.06597676348946,1.02899725277918,0.801350228667114
"718",-0.937284610586231,1.03782653311317,1.92780305536071
"719",-2.72482319005438,1.28387625411802,2.15431672385252
"720",0.725052168503206,-0.473372460481422,0.553071420778141
"721",-1.78515073720325,0.814352378711283,0.142178596708623
"722",1.43368571021914,-0.617634076086346,0.619945055938565
"723",-0.422857090357621,0.618243407806098,0.807239961308544
"724",0.3430561826561,-0.0726206796721379,1.59688655531734
"725",-1.12369294138065,0.863035621388221,0.848619347524485
"726",2.08079664091103,-0.532058494766205,1.3928112137444
"727",0.487815752872663,-0.394732826487234,0.435481776196935
"728",-1.75813203052192,0.911949534196355,0.643862982687869
"729",-1.85785726106184,0.978381682070778,0.926993779293683
"730",2.09097488587568,-0.560928893993326,1.25252100012377
"731",-0.197622192432513,0.421636620092097,0.67952410948576
"732",2.96302101656243,-0.841491403504658,0.10964011190661
"733",0.382863596722323,-0.174728685250431,1.22417036690667
"734",0.187896523587755,-0.09873652069593,0.781766982585011
"735",-1.63302106754688,0.783812385429246,0.0710438238917887
"736",-1.17428025556612,0.914877602265067,1.05982086349492
"737",0.381397783879797,-0.177817255477919,1.20386764278151
"738",0.661036391153787,-0.477318777868011,0.415673696077518
"739",0.0749242256554347,0.130535348212247,1.20619143796213
"740",0.111734532975703,0.0739466034897728,1.186705901635
"741",-0.689916712962646,0.625028682962997,0.231980127630921
"742",-1.66203951109127,1.04639946953836,1.3675521646286
"743",-1.49120294710025,0.778103859104877,0.129525585024523
"744",1.88261976114023,-0.563472815009697,1.14980432015621
"745",0.885660030733888,-0.435728261024726,0.989427745164667
"746",-1.76152568405291,1.14644416680248,1.8145979084757
"747",-0.0613153662725258,0.439036987750067,1.59384665347325
"748",-2.24031648272321,0.985199268529716,0.805621738662474
"749",1.88913919734599,-0.674723866945356,0.596600702993584
"750",-0.0914737371954858,0.314781348346736,0.758893936547875
"751",0.721548473656972,-0.18378862639414,1.99486365279784
"752",0.546506326432787,-0.37781585334337,0.6675280697113
"753",-0.575222409769013,0.713245304217016,0.899040591690359
"754",-1.6541568901271,0.778840854949414,0.0341784459335861
"755",0.617630627611528,-0.452617423071986,0.451883243566684
"756",1.84424485617751,-0.511393243559783,1.39189884344214
"757",-0.781338351599938,0.63047638089569,0.107129574030803
"758",-0.0837705708670737,0.217788124536494,0.326549863686643
"759",-0.221275287033699,0.4344793801836,0.630223852707658
"760",-1.52573835342961,0.846463561601899,0.449032974108148
"761",0.278307046295809,-0.152335065430363,0.944883562981845
"762",-1.45497545483493,0.759316269749004,0.059799126877284
"763",0.841559124678269,-0.376195949638991,1.22477196151954
"764",0.0587063022317436,-0.076727854157772,0.0432189218965438
"765",2.37445300330898,-0.716827422937644,0.574689155827991
"766",1.80934025330125,-0.424905357619511,1.80716706644483
"767",-0.974491878116942,0.813921602957655,0.763286729674829
"768",0.141359340696654,0.108498997580029,1.55029450776196
"769",-1.08781746551578,0.812312252262857,0.630854201586118
"770",-1.31591298672543,1.0893601251565,1.81172040528626
"771",-0.545721786949337,0.595900965205789,0.378141295349631
"772",-0.157105983100474,0.414644107139823,0.856827053595368
"773",-1.51643037407722,1.0696251577948,1.57077525942298
"774",-2.02188938109196,1.13868161110155,1.65614034074645
"775",-1.27362916700008,0.863704600609107,0.717453740229442
"776",-0.724923264077278,0.794320290120987,1.0176099507459
"777",-1.68128435046914,0.931581847196839,0.782806117362855
"778",-1.98382226431372,0.955965012726942,0.75851133728404
"779",0.00751571518126919,0.128724464633996,0.620118533078145
"780",-2.21140272181472,1.07882967300463,1.28401790414151
"781",1.86832360009388,-0.516741724696584,1.37670971991659
"782",-0.713780585415165,0.656647747830403,0.348241361943072
"783",-0.135060931509283,0.305095737525847,0.435236809397171
"784",-0.375254181543136,0.494269523273551,0.333168991227881
"785",-0.137950741216107,0.413429084966151,0.959901548129188
"786",1.13866023670625,-0.579138497360902,0.565959567728532
"787",-0.0748998769567259,0.20007182888616,0.300191625305809
"788",0.68926593511937,-0.336499001877774,1.173192522036
"789",0.715050052454331,-0.517381696611057,0.315442652456283
"790",-0.413569932883019,0.919681389510884,2.34173519544035
"791",-1.52161954280775,0.864231575103795,0.540492390085172
"792",-0.624749620897908,0.696565568997906,0.712614677088876
"793",1.27498120372017,-0.598617921239707,0.5924968818114
"794",0.488321520316178,-0.297479954355148,0.92309000195114
"795",-1.31671383837785,1.29096629063427,2.81912199231057
"796",2.25893205342333,-0.609506382576895,1.07236749836281
"797",-1.0977806274852,0.815985484644932,0.639106558467304
"798",0.166274784605827,0.308079118632304,2.69598693286172
"799",-1.21391935678205,0.800613961953498,0.452816296180075
"800",0.102373477246929,0.379107466200345,2.6484522792065
"801",-0.0886365213165783,0.293932116272633,0.673880106176234
"802",2.34624323705284,-0.697383324358166,0.662693125359602
"803",1.51420067781866,-0.717407681096401,0.175939665594772
"804",-0.0315733646717447,0.161736680950607,0.440040205154868
"805",0.932179990870815,-0.43952209816842,1.03210043666856
"806",-1.5496798628565,0.964205090603924,1.02271923114777
"807",0.559590467701639,-0.409728278066869,0.53866057309826
"808",0.224936120778234,-0.236694806749907,0.281196903914333
"809",-1.69221113758651,1.18300918466122,2.0339731535023
"810",-0.756233895936101,0.618110910981145,0.0849341456119518
"811",-1.17234997678217,1.04032184078888,1.6888219658697
"812",0.147441811606024,-0.18268759374833,0.131454688936683
"813",-0.615182444913254,0.657266572266408,0.535334782904073
"814",0.785074528889726,-0.502235420266187,0.508620676107309
"815",0.873416080707232,-0.531844576605264,0.49193941171174
"816",1.08321587080089,-0.524626837041015,0.782093236677125
"817",-0.530153537682269,0.738186601289134,1.12576455575278
"818",1.55227975860301,-0.723947691845565,0.167703787370324
"819",1.47789692575674,-0.547372859998044,1.00192310772514
"820",-0.918366035338253,0.785242323259715,0.68863732104561
"821",-1.5481525021027,0.76740026362868,0.0396431215041532
"822",0.684411414045067,-0.283854555471932,1.42740619023308
"823",-0.148422663118891,0.296790379394331,0.316287906387978
"824",2.20212799402395,-0.743474475198363,0.382175474028256
"825",0.76639472936125,-0.374247612261103,1.11847714931126
"826",1.47893831725703,-0.594969501641651,0.764646043896028
"827",-1.47865672920651,0.972600336876034,1.11029461701349
"828",3.18260841060934,-0.787670467508305,0.424915626673251
"829",-0.644605624907555,0.538540549686362,-0.116401921054522
"830",0.0558098799513351,-0.0855932669085252,-0.0244752503557538
"831",-0.954075899564241,0.764120848297504,0.538693407492578
"832",-2.1145208170524,0.986709196995075,0.859365619746977
"833",-1.03060578148153,0.714140720078173,0.20055256133176
"834",0.17700941712664,-0.162928006432497,0.401383345210146
"835",1.90894162549179,-0.659937969446053,0.679699061184975
"836",0.758630697061054,-0.570296175733071,0.125472889083784
"837",0.86095136228079,-0.540317219598245,0.432057301873862
"838",-0.434093310617258,0.616403587564943,0.765699003630839
"839",-0.328217854251448,0.610913818016265,1.07610398072918
"840",0.536211804667451,-0.485702569390525,0.103411092328349
"841",0.254802295666014,-0.30657251446151,0.0712586095974826
"842",-0.81835808363177,0.711909527550103,0.458520034919667
"843",-0.284748806468988,0.549027993515342,0.930415181379009
"844",0.0594912763017032,0.250329767730166,1.68479984384104
"845",-0.794062030352365,0.660727042860489,0.238864571309304
"846",-1.43628984612016,0.963278832598435,1.09244634450817
"847",0.783769248278804,-0.374350338620662,1.14597196646572
"848",-0.980848646477382,0.784563766734942,0.609030590871456
"849",1.53960814560687,-0.683480785159224,0.36199763590536
"850",-0.409585317577747,0.462652443010739,0.0684689270284665
"851",-1.23380631628723,0.79725893139881,0.418737102804109
"852",-0.681300357592007,0.75773289443554,0.911006657696269
"853",-0.953509866215104,0.754231255977411,0.489931715300471
"854",-0.735017318782792,0.722384399690407,0.641009823433991
"855",0.38418890339076,-0.319778153601167,0.503303533389966
"856",0.637050560215917,-0.290049573244631,1.30458724736867
"857",-0.909993769720438,0.704223937780363,0.294255582905855
"858",-1.21418615888938,1.03810799777561,1.64005173325832
"859",-1.01764355042522,0.673770764712956,0.0130396647927488
"860",-0.164014540486322,0.348539273669064,0.488388159314361
"861",2.09993559582446,-0.655716061664675,0.782134975702288
"862",-0.584681399273739,0.597562961715336,0.300252970385288
"863",-1.0546855174932,0.895288341795192,1.0802747801656
"864",0.730174003405511,-0.243506750961484,1.71129491185108
"865",1.72340804525894,-0.679005389092546,0.492118840366996
"866",0.091060016011225,-0.104572201654414,0.150028970731843
"867",-0.883137124130136,0.713497630522156,0.375829022455574
"868",0.663902467887383,-0.538438272294448,0.115615722656641
"869",-0.736088314671344,0.627629754089292,0.165456955631608
"870",0.0737318305739578,-0.00102829529901316,0.539295506348515
"871",-0.605335843263295,0.583601535239723,0.187120251282628
"872",1.13888777340472,-0.605049335129162,0.43662918129463
"873",-0.208591875967144,0.556386055727444,1.29973798298274
"874",-0.124656300235738,0.332935814241116,0.636871152496413
"875",0.354918354208489,-0.285053572406903,0.577099428235376
"876",-0.386649370980883,0.504634504263637,0.348733241008926
"877",-1.76363864286313,1.0860444931098,1.51151986132397
"878",-0.826190118433759,0.75463609961261,0.660739426971394
"879",-2.19911232623053,0.949019819915194,0.639388558550586
"880",-1.28698709692175,1.01412818028132,1.45865735962438
"881",0.209987499735031,0.0586183932851875,1.68369767740162
"882",0.415094012707666,-0.188279088947885,1.25943916313775
"883",0.084637040229177,0.0183320106467476,0.717791372100305
"884",0.772262903642775,-0.194677493785105,2.02587151973267
"885",1.59883999989943,-0.604911691141921,0.791603517846422
"886",1.26708778710595,-0.491524811231426,1.12130108943386
"887",0.290105249860595,-0.334370667587325,0.083891598005594
"888",0.598984536057972,-0.357979795339484,0.885496505566428
"889",-0.750475165090271,0.782235341276991,0.914864426163817
"890",0.0981880843146004,0.0644056620207079,1.04567790650574
"891",0.0546488584252124,0.263371646516691,1.71091689190032
"892",2.19207304987156,-0.775004762361187,0.220832876086679
"893",-0.468317150287169,0.849047380717826,1.83483786267846
"894",-0.0475083953961615,0.15153737981926,0.261456111643632
"895",-0.260067834267948,0.551104021748163,1.04165432912087
"896",1.86006744895745,-0.765259152970653,0.130187476477426
"897",2.40497208556138,-0.783385615796,0.251669201710081
"898",-0.986971296304662,0.872509021528502,1.0416235780108
"899",0.0203868132453242,0.104100899991977,0.618063300227343
"900",1.60323159547983,-0.525916752673295,1.18922216102281
"901",-2.84532914784541,0.89029292760912,0.156838860784649
"902",1.23585289118129,-0.718868252583117,-0.0423620095093358
"903",2.27782739148562,-0.338293882606877,2.4350167829617
"904",0.781534345454254,-0.558097066502711,0.223677382712845
"905",-0.917981379871099,0.928322387296522,1.4045270198993
"906",1.89367261708089,-0.704743958379492,0.448612560844582
"907",1.25847191400752,-0.637823454715103,0.382469457270769
"908",0.439589677653835,-0.23108453915145,1.11909522902459
"909",2.42906223636994,-0.666214391207982,0.84509536741633
"910",1.66797953564501,-0.731280113118031,0.200156591182024
"911",0.227929161474468,-0.0693005920949699,1.1326431271814
"912",-0.58843762245476,0.753234664817277,1.07061459898321
"913",-0.59564542981036,0.595160070678882,0.265044188260694
"914",0.487034600317989,-0.408385054454362,0.365142406060915
"915",-0.208453799036367,0.594564555020466,1.49129459712928
"916",-0.93875383511233,0.678917979778091,0.131440825570414
"917",1.9291742403839,-0.726787146264089,0.35466828404795
"918",1.66590924343758,-0.757629215063508,0.0672385635504791
"919",0.15474240932896,-0.0814170402834398,0.681449993941877
"920",0.892320537344538,-0.568672652002028,0.333779939406028
"921",0.268433143448647,-0.283059755077774,0.248969130757342
"922",-0.569938608739626,0.553601508583334,0.112354398469496
"923",-1.12367321295812,0.832486159692076,0.695891330233725
"924",0.0735688646699781,-0.00911947773526722,0.4975961145172
"925",0.447762178241541,-0.23737996761032,1.11137379606018
"926",-1.41663331519505,0.765597679276963,0.117806042741515
"927",0.857305428661223,-0.432502140600936,0.965948604479453
"928",-0.147945076281006,0.348880566897781,0.57945452736772
"929",0.294010066634045,-0.197538717424589,0.784017416485893
"930",0.012455433839258,0.105576677433,0.551396106421377
"931",0.687399805970207,-0.430641382285769,0.699026183014071
"932",-0.656441579178942,0.617787258231828,0.257261379314274
"933",0.538343167280516,-0.465031477854072,0.211916271118499
"934",1.27638886171569,-0.437760718195849,1.39796469476623
"935",0.734171851234244,-0.518468562152509,0.343378437256222
"936",-0.0549304723580676,0.236411118833201,0.628719808445777
"937",-0.125750051166367,0.438722785956948,1.15915147147926
"938",-1.32390175723176,0.912681105570679,0.92207258634952
"939",1.60381284372802,-0.685846652659111,0.389921782145909
"940",-0.51974110349934,0.930843842698187,2.11385078192681
"941",-1.09260154158876,0.763827353288967,0.383557917173362
"942",-0.525082268288706,0.569317960244866,0.293439541105826
"943",-0.246796946557459,0.353446845376402,0.110206203330918
"944",-1.72442973832313,1.05366970384184,1.3700086492538
"945",1.74235722712662,-0.665853150091455,0.567993937106507
"946",-0.346969001572427,0.752553013839809,1.7186060682601
"947",-1.629303171559,0.818557609857054,0.246906331395526
"948",2.40780493632578,-0.692487262891719,0.707057612475168
"949",0.558189497266403,-0.467213566648364,0.247983051132655
"950",0.508829928296008,-0.397350682746346,0.47711904366994
"951",-1.83647007291176,1.1420822212964,1.75566530501967
"952",-0.0605104543257394,0.291742513159712,0.863369761822241
"953",-1.19119334196647,0.949161499651754,1.21581425953827
"954",-1.8629401060871,1.18649045856705,1.9651475430696
"955",0.267572435069244,-0.15527591766975,0.884151753510753
"956",1.01133331636468,-0.537137786961472,0.640314279727429
"957",0.668156178752012,-0.533384974229563,0.149054561958707
"958",-0.0191074665039673,0.210011477468635,0.786268887696255
"959",-0.324171023103079,0.885034901994037,2.46126007323625
"960",-0.769038194733659,0.65333596640524,0.240656012262194
"961",-0.078780940394143,0.180339187632604,0.174086323564258
"962",0.208950827981234,-0.2326592235915,0.222061066164865
"963",0.650731016571284,-0.362888499833801,0.9676835313805
"964",0.66749728917933,-0.515217322993903,0.238630763476666
"965",-0.328898196745203,0.580353216702287,0.920868017297831
"966",-0.241067526950051,0.554913487339555,1.14267257208633
"967",-0.922936678540897,1.12027864638963,2.35802358415106
"968",-2.65017485288901,0.866969658766903,0.0892148502680024
"969",-0.785286931105742,0.678896804565874,0.343134495256556
"970",-0.0229656691198758,0.3902378361249,1.65445447540168
"971",-0.683237433320779,0.58821311608827,0.0599029333151259
"972",0.758535963485616,-0.342977069040452,1.26191175771304
"973",-1.30495343036667,0.809963093540423,0.423401126905294
"974",-0.68510880666079,0.772035197710583,0.975637887434129
"975",0.79587553289452,-0.321634157039302,1.42863246412045
"976",1.87248193297169,-0.488908364772539,1.51784822041156
"977",-2.23347506939476,0.862156461073426,0.192812343617378
"978",-0.72301110424659,0.694937865051241,0.523933580385348
"979",-0.0629935785966403,0.210688755322184,0.439656355787783
"980",0.17655807264699,-0.0890841283354879,0.768099183980158
"981",1.31313574890294,-0.41435452432682,1.54520539018562
"982",-0.651011943312579,0.580763703314581,0.082441942071913
"983",-1.18470417219285,0.729400462097672,0.122892004250732
"984",0.587624257831524,-0.375672747132214,0.772268996802878
"985",-0.302308462449366,0.508764984921089,0.660928469472023
"986",-2.15045722729214,0.879927640552499,0.311821126760007
"987",0.530708349710766,-0.379012624530644,0.623467218393
"988",-2.01854051372517,0.808419402858082,0.00621379191132907
"989",-1.64583195634384,0.81924395947855,0.24089586433297
"990",1.16773338066592,-0.553778760973574,0.720866366422323
"991",-1.17072281957361,0.821295029822913,0.595191427153782
"992",-0.711677554936946,1.2313688974748,3.22546984246023
"993",-1.67368109677866,0.773639499600524,-0.0027169965806084
"994",1.37520048380065,-0.486621372894591,1.2322386600271
"995",1.35519367091357,-0.484366037596765,1.22827301794346
"996",-1.43750158195534,1.19483025724787,2.24936383098622
"997",-1.52579391424572,0.814276020409594,0.288060005666741
"998",1.46494191125479,-0.685743876568374,0.30122166852608
"999",0.304368469827012,-0.29735362184916,0.326566305994527
"1000",-0.908090667052276,0.772925447265284,0.640214907200003
