"","x_child","x_pa","noisetmp"
"1",0.275351458318176,-1.05066265364987,0.795066793483429
"2",0.976050433961555,1.94260417597353,0.539375503307457
"3",1.04812860413339,-0.194753559463636,2.55940439804077
"4",1.11102289120249,2.05834722004798,1.16940942048822
"5",-0.390091093890641,-2.35106527593772,0.982592551095803
"6",1.03247109068032,1.06099169352195,1.26029203829482
"7",0.890523145650619,0.400770392731431,1.05771601062043
"8",0.732217999769579,0.218999411784207,0.450086694573656
"9",0.562911153415739,-0.655220085447034,1.01216235558746
"10",0.956676359609856,1.42036929227446,0.678224705635634
"11",0.32153909326876,-1.2913192847327,2.09031057135671
"12",1.0272158728028,2.03355429758762,0.759781504812949
"13",0.105070651373167,-1.46306356524127,1.63503989660541
"14",0.416422121140264,-0.722244723253963,0.446991374119936
"15",0.92705238268086,0.689623585700658,0.992118227519007
"16",0.961616734031401,-0.0754217953296888,1.95500546572392
"17",0.48633695755532,-0.447008342032708,0.181525301440436
"18",0.391594469116073,-0.763465917187612,0.432383396969542
"19",-0.234930218668138,-1.60946323178721,0.368341803915933
"20",0.924333713086014,0.480743842609262,1.15311836125967
"21",0.76289752909491,0.808863159117065,0.0817519364009519
"22",-0.0359813076521514,-1.35871338446854,0.566743422129039
"23",0.980314292512769,0.913989245410069,1.09513665722504
"24",-0.671616018317376,-4.35615784228926,1.00129894502559
"25",0.748374324385927,0.359975684473012,0.386163412244927
"26",-0.164517835185968,-1.45453642146325,0.259295347183525
"27",0.817283595866259,-0.442358262199959,1.82732552031294
"28",0.448125485912102,-0.504187795485662,0.103825561566379
"29",0.517966475553238,-0.451054299860009,0.347479357271855
"30",1.01767931848156,1.65346143941516,0.870592444945279
"31",0.8734966358171,0.575092873332472,0.817072117608687
"32",1.06126368880638,1.15054836207119,1.34983777396957
"33",0.78335235239046,-0.118584312945622,1.12379623432567
"34",0.761003274075771,0.360024603379312,0.449260479644538
"35",0.557632471240705,-0.38317729388063,0.418914420910479
"36",0.113373058811622,-1.19805405097588,0.637812470934504
"37",0.0123795065068387,-1.36442520403894,0.829785031487296
"38",0.662477805993122,0.138653074245024,0.190943727717374
"39",0.617890438578783,-0.172790468059704,0.375226314464046
"40",1.09607676301468,0.668223927850765,1.8540472349123
"41",0.458538769334134,-0.522287084288189,0.193184320400063
"42",1.16480131530377,0.996392276370172,1.96295805029987
"43",-0.220330354316059,-1.47654501364604,0.0513648112849717
"44",0.586377083223979,-0.351813598921131,0.50679413407172
"45",0.891080685211257,1.12764978046987,0.512576420613032
"46",0.989426253277153,0.933077966529241,1.12780747221776
"47",0.747736447591667,0.141064298905842,0.614468017499979
"48",0.950284677167988,1.80653914325193,0.466373102696367
"49",0.603107451337581,-0.535712272838496,0.944148052164225
"50",0.792264197305646,-0.569170984468252,1.9617733083464
"51",0.608834704462834,-0.302719268751235,0.534964594608556
"52",0.0528045996353673,-1.14331118467405,0.0762340204545117
"53",0.190491045484264,-1.21149974998889,1.08644615671846
"54",0.83782175043882,1.24863317921987,0.176063150347498
"55",0.990429195087301,1.75748813379067,0.688109111461682
"56",0.933834571728506,0.908413023277907,0.866530960946833
"57",-0.355754335806904,-1.94816516692303,0.525792321008806
"58",0.648635407013736,-0.138439044516983,0.478621396215081
"59",0.789382637963885,0.298641293839361,0.652328758930148
"60",0.224699062413168,-0.965161157108017,0.222288423807972
"61",0.613227294264927,-0.607263956688846,1.15157930316326
"62",0.553041042510861,-0.677880505575963,1.01793943007004
"63",0.728063792727557,0.649308517079401,0.0290324392199747
"64",0.81724152537722,0.0839182830726898,1.02904157795741
"65",0.939040644876843,1.707054657424,0.453290702862056
"66",0.640542608907055,-0.122526862092369,0.415350077133112
"67",0.819457680168381,0.543785279221361,0.573466526854738
"68",0.690940030920338,0.0205612391724111,0.475514447147914
"69",0.986549532447083,1.30306327114233,0.889592566615123
"70",0.664204883505987,-0.0842619970240011,0.480078404733925
"71",-0.459717223875907,-2.10850665904675,0.28393658450148
"72",0.909198827781783,0.373824611277852,1.17685371093038
"73",0.914435970055933,0.0183253972341133,1.59581954940927
"74",0.693312905377618,-0.0961144782435083,0.642028510670222
"75",0.742499238121555,0.357193963445998,0.359502059238739
"76",0.146924074349516,-1.06567404131612,0.213138599030908
"77",0.842782234231057,0.0927029736933611,1.1462411973427
"78",0.899286303143832,0.495640471329056,1.01460625734969
"79",-0.526098302128998,-2.51503600831786,0.502256101279762
"80",0.916876763867755,-0.293410807325485,2.05966041598783
"81",0.725519958520995,-0.619222272034951,1.74045784851863
"82",0.225300527640297,-1.02321094818231,0.43801387938597
"83",0.84211731616044,0.0589062770171571,1.18373255174291
"84",0.764347261833229,0.706073577869395,0.16582852307832
"85",0.827195841797336,1.3991009724977,0.041782040149167
"86",0.693647377571855,-0.0524068131765866,0.583995124841776
"87",0.718315539360444,-0.399984241622823,1.25296233413607
"88",0.636338125964232,-0.603888712283579,1.25946021768579
"89",0.989725286128249,0.546571836366456,1.42241534205489
"90",0.724133358004603,0.415154654569214,0.212215446715389
"91",0.69442326732061,-0.141334987525572,0.711745532195343
"92",-0.187583911246486,-1.43574279853511,0.0815783333279725
"93",0.934119117206877,1.19334207548761,0.68906017126729
"94",1.02892607185433,1.46764103042146,1.01554094315734
"95",0.922001800730751,0.50055599246367,1.12383284727365
"96",0.573518342838109,-0.743413091910873,1.2880537138762
"97",0.900524121565325,1.60994549059069,0.304861393764908
"98",0.649851743139648,0.0142906339398466,0.278010139461307
"99",0.954549768737854,1.82461384715867,0.480077334012148
"100",0.991408253157026,0.773080854394818,1.25049202526584
"101",0.986210026586084,0.146233395535578,1.80091742367695
"102",0.541369944337099,-0.290627527368103,0.177513540210569
"103",0.828737213063742,1.21194251366964,0.15144374520726
"104",0.517441738284916,-0.338369002622177,0.138690287701385
"105",0.71302397710828,-0.304934824571759,1.05962359884333
"106",0.530286420750636,-0.223837689440078,0.0148836570210645
"107",0.0954835349235921,-1.40358629359665,1.38648046388821
"108",0.203736439983043,-1.04938793002237,0.431938957464471
"109",0.288796352273358,-0.949915824939302,0.489663188797031
"110",0.93492661909205,2.19996004634608,0.237124186170864
"111",0.953759853890124,1.11821049125389,0.83165179360749
"112",0.564641755307679,-0.400540645072468,0.485616168863145
"113",0.595430881079918,-0.814632982642331,1.59526551003831
"114",0.65173048549002,-0.677735319381613,1.51102891979767
"115",0.916662298875272,1.82767527067418,0.289355528358504
"116",0.768129866776728,-0.342224376386564,1.3988181414366
"117",0.769712904889428,0.831034257387697,0.0998911301038231
"118",1.04050668677462,2.24381854392847,0.749616218296151
"119",0.505351251625704,-0.639195153680001,0.686216720775996
"120",0.937400640469973,-0.202548234901288,2.01762762913501
"121",0.712605235285364,0.603973650108411,-0.011427534807595
"122",0.543290472973602,-0.779930603555314,1.23613528229058
"123",0.863639649819884,1.43116437438154,0.207524379794793
"124",-0.562344827765208,-2.51980750653256,0.326456108165248
"125",1.01321763015121,0.968667185307528,1.22311979116362
"126",0.791260934933358,0.108682313137691,0.869713941936592
"127",0.616645978117051,-0.670870602853941,1.31875949747839
"128",0.782677873725967,0.988559386545862,0.0574191871889897
"129",0.529542417892919,-0.879361524973017,1.46113558161671
"130",1.02419624036555,1.92658100476361,0.786497858497383
"131",0.683727806467967,-0.351175280393434,0.992428655518616
"132",0.945150857684564,1.31510840618717,0.676054144906041
"133",0.0303391382708858,-1.4151904128785,1.10116180620719
"134",0.402110756146657,-0.944244832218632,1.03675542918314
"135",-0.234541052725656,-1.91065933255703,1.06034784025502
"136",0.780112216511967,0.967583610513462,0.0583053261267518
"137",0.750035431664562,0.184775042198031,0.57665093556475
"138",0.635931755633341,-0.261257042855022,0.602365728792719
"139",0.92187549926753,-0.00218340351852072,1.65917601764841
"140",-0.345573632009282,-1.75649837610244,0.180416535947909
"141",0.542834355863808,-0.421146415594649,0.414853362233992
"142",0.28651003728951,-0.890062881207208,0.279838515871765
"143",0.910738085798481,1.06301814102301,0.650364891495476
"144",0.964230738959291,-0.378604085060493,2.44365714186698
"145",0.603693239279053,-0.56850653366275,1.01746678986623
"146",-0.0735582214422024,-1.27117314297082,0.0307461667840248
"147",1.06354974974439,0.563193175320635,1.77737859096895
"148",0.983822440985006,0.0156002181046087,1.9462026460448
"149",0.410169153038597,-0.935207401750947,1.04630800213295
"150",0.545411456585364,-0.720628454341789,1.08775059168369
"151",0.815278360173249,0.831374644599222,0.327475404625155
"152",0.309695581446018,-0.891936012804003,0.401742071909714
"153",1.39942457968295,1.54991610473296,2.8277334152367
"154",0.961076598402318,0.862165000965877,1.03469282068467
"155",0.270708162069236,-1.02802516243545,0.683480384094285
"156",0.816648297541747,0.274480195650611,0.813494390702873
"157",0.596651089033668,-0.352756679793339,0.559818819211038
"158",-0.412646864854549,-2.46792745287163,1.01478118896656
"159",0.359375114426691,-1.18013529451051,1.78177420454954
"160",0.707854034294118,0.0697660616669362,0.49918088144248
"161",-0.196537289912165,-1.76409943971771,0.942890507727047
"162",-0.355912730112395,-2.14554892352741,0.861453811048598
"163",1.25640404989584,2.17175160426446,1.85457645495112
"164",0.67059006810804,0.143588814449374,0.225842649569407
"165",1.03301798699166,1.00293734571506,1.29981574052073
"166",-0.237046469388,-1.69869208014704,0.586682367745794
"167",0.807318007972845,0.349007540911998,0.691614707919309
"168",0.918527943983406,1.57246666650225,0.412493280288715
"169",0.636517882234863,-0.433658701902057,0.906896143721651
"170",0.368311652657495,-1.16232023425931,1.74166685229308
"171",0.986244185849873,1.17578189304071,0.959894793375921
"172",0.827858331371806,1.05325236359051,0.242061977834285
"173",0.622144446387537,-0.258182746703347,0.528484143337807
"174",0.266835554593922,-0.87418624929013,0.131390289610577
"175",1.20558004917859,3.55547505143731,1.21840976604141
"176",0.973231902007221,0.1858362896925,1.69145648435919
"177",-0.278745027857092,-2.20908340355244,1.3431952847352
"178",0.840420521595713,0.171915801810498,1.04291190613205
"179",0.188615623062917,-0.945592334175144,-0.0261050042466199
"180",0.578184790902083,-0.20721079608577,0.228684176246773
"181",0.597614102036796,-0.368426311418877,0.592347388850264
"182",0.964735753598758,0.335465778210641,1.49207187591335
"183",-0.604920052281939,-2.47287923187974,0.059263731997832
"184",0.733405475736416,0.459751618392047,0.217416054740533
"185",0.397093324292514,-0.854645203777443,0.722425075470487
"186",0.814004815060358,1.12882900440039,0.126489655011181
"187",0.215309514237179,-1.23300521558506,1.3086689477157
"188",1.18431397260419,2.52879712725044,1.37516421672874
"189",0.858794004473281,1.57152087522391,0.114272307781318
"190",-0.349056862641048,-2.37302442018414,1.21606199122122
"191",0.90879130615857,1.07993175072396,0.630153503070893
"192",0.901039727585536,0.650212265409773,0.893188850494572
"193",0.786634663401725,-0.244903634487847,1.32973497500558
"194",0.944343406700127,0.907884052170976,0.919435595005171
"195",0.985276985356568,2.1595640591887,0.503328013586728
"196",0.719674743783198,0.364645252173429,0.238121607900557
"197",0.977459394301946,3.34121640064829,0.124990556188742
"198",0.397732250658959,-0.956580360246059,1.05742601333352
"199",0.73746556889225,-0.190418468003427,0.999527083427457
"200",1.09992765027962,1.23536674546467,1.49406662114657
"201",-0.360240889134402,-1.80302251432444,0.210722809760548
"202",-0.559716413636082,-2.3093412291004,0.0792582361060588
"203",1.21118315066362,1.02105475770435,2.17902790497926
"204",-0.125458536926955,-1.77835013366346,1.33032112978134
"205",-0.239177015397042,-1.49693862467817,0.0212608755729415
"206",0.965789686714606,2.40761921920212,0.320951638031105
"207",1.23118847182526,1.20773675016684,2.16611142663995
"208",-0.697807813611785,-3.51865716429359,0.468387106949853
"209",0.886770585003227,1.13352191803791,0.487507862175008
"210",0.108066606064051,-1.29632678358932,1.04346182375291
"211",-0.345781204732976,-2.05407499974073,0.763960915731234
"212",1.04169018929837,2.23365974424133,0.759076955537563
"213",0.656731959488767,-0.144375423672038,0.527694006404259
"214",0.829611308628324,0.459032957207314,0.69909844551403
"215",-0.0706137385115362,-1.34828701522549,0.354373254304183
"216",1.11669903094672,1.54309170002388,1.41738504090708
"217",0.197525851232388,-1.20898371005428,1.10992383337671
"218",0.523930534007256,-0.365408311586562,0.218559278848657
"219",1.00229516821481,3.06564097414875,0.315258917301036
"220",0.26803468519372,-0.925377269049477,0.302617325875271
"221",0.620049858605878,-0.138640736729253,0.335984771468905
"222",0.940910891584173,0.419269207882233,1.2922518386033
"223",0.0606967693167581,-1.39560915798073,1.18440081657215
"224",0.661016250307738,0.0622071874380816,0.274192101407657
"225",0.714296007128559,-0.153794603209172,0.829235313114436
"226",1.02199665278449,0.348859905607797,1.76515297695197
"227",0.397719988109642,-0.819820472954485,0.621787522534248
"228",0.846504423953278,1.00409679250173,0.366501032127324
"229",-0.04322608521184,-1.36853742148213,0.56694263145132
"230",-0.383834080041485,-2.87300732798641,1.57224330673971
"231",0.97988583432214,0.21230471969162,1.6956806508395
"232",0.726095799480736,-0.669400962698389,1.86241892646195
"233",0.736136679025469,0.205652057955686,0.484180522902053
"234",0.814038419100966,0.475851480298725,0.606031313828097
"235",0.346600698851995,-0.862221197526249,0.493144746105925
"236",0.339810514444161,-0.742628945286006,0.117430889047577
"237",0.807518073135279,0.876423779847085,0.256954016236145
"238",-0.507732291603386,-2.17074903949193,0.141045264397133
"239",0.811551294592417,0.5560117873363,0.523484564417381
"240",-0.593470427105448,-2.61441169299587,0.27455389979897
"241",0.522549241215289,-0.789182839870501,1.15826642282266
"242",-0.319904110446353,-1.63790911915912,0.0190484379304338
"243",0.909744317233856,1.52636865133787,0.390695236395586
"244",0.71654979434146,-0.0891607239694883,0.748565256352096
"245",0.593155281068222,0.0196071945821556,-0.0122043164867293
"246",1.42385425924296,2.60024942957544,2.55108402160562
"247",0.640069096694275,-0.368839333272877,0.805358518058101
"248",0.700083774524439,-0.242048912678369,0.892456434851494
"249",0.726298087232645,-0.051199319292201,0.745630259433142
"250",0.760289638054572,0.868329334700991,0.0264475722174927
"251",0.538766702614594,-0.422770260928668,0.397564595145315
"252",0.921436316326886,1.21532717002882,0.613002691263465
"253",0.731504134414719,0.334135711519206,0.327233869632336
"254",0.00781162245486854,-1.24081707657399,0.30602843939502
"255",0.944268612828004,2.60312963174899,0.152290733218652
"256",0.932147344571545,1.41093339311031,0.560427156208361
"257",0.987046027692481,0.342709512356273,1.59645602369539
"258",-0.508135238616667,-2.20042407040034,0.183489134384113
"259",0.841863479746586,1.56263716535161,0.0338448657211085
"260",0.515340113504709,-0.484582441838565,0.400283315705301
"261",1.22413301432852,1.50439252152754,1.97336607943794
"262",0.23538789942379,-0.987752692089308,0.356491776384173
"263",0.915361683080334,-0.474834342865013,2.38098841894853
"264",0.872301173398297,1.26653439189816,0.338460049049921
"265",0.415643217512773,-0.638604863542697,0.236284391478342
"266",0.306612618851628,-1.05371773044717,0.963520201140615
"267",0.135576171649072,-1.1390884523216,0.470915523288711
"268",0.903788259676674,1.56549362312926,0.342108159573567
"269",-0.478101690258432,-2.32266816681226,0.505174803720875
"270",0.299422129918601,-1.10651125385929,1.14629690092194
"271",0.285328450775985,-0.85908927370882,0.177172720875625
"272",-0.113089387409941,-1.58269353864837,0.904047799126578
"273",-0.432285638573424,-2.13274834169075,0.4595978209275
"274",-0.00197451973420443,-1.30346614899839,0.522244709930084
"275",0.611859844630876,-0.0129635933246993,0.123025277701343
"276",0.28270435185878,-1.16745892471781,1.3378435297641
"277",0.258063805750985,-0.889917760316945,0.137144984252146
"278",1.14605153114507,2.75176811295054,1.11786602359427
"279",0.549430552201105,-0.8468406503157,1.46046001057029
"280",0.500022121121206,-0.515419984010354,0.386369185472036
"281",0.989286583819561,1.3943906217495,0.854679531714876
"282",0.479732950078775,-1.09464959875781,1.99720839672068
"283",0.861590807991039,0.913157908104788,0.502083903608992
"284",0.637044706634535,-0.568652707985564,1.18454340768213
"285",0.147688939902658,-1.20077620472424,0.822263084887777
"286",0.837029580833192,1.07921887745886,0.271784446086932
"287",1.10366591048123,0.423463014159562,2.10211287687999
"288",-0.487708113582008,-2.02445140854251,0.00357486886330067
"289",-0.0987178747533538,-1.3343428117148,0.160506216971577
"290",1.18775392690496,1.34330290497741,1.87391232853276
"291",0.235255908996647,-1.1481721595248,1.01072090570166
"292",0.869459826045753,-0.145588087952217,1.59309351995698
"293",0.0828490947737771,-1.21692441539714,0.573298585873524
"294",-0.439191402175283,-2.19721782356425,0.523460841195584
"295",1.16939086933526,2.16815096987903,1.42080417632707
"296",0.997463065061902,2.67523482228858,0.396924163593313
"297",0.492607638051436,-0.517336946799511,0.353259383131507
"298",0.769045380305996,0.263840086824247,0.586558652869512
"299",0.870452373133346,0.180715065548837,1.18324650344746
"300",0.771828413406344,0.744757411417845,0.173738316947767
"301",1.02575318112145,2.96930088668864,0.457243039290221
"302",-0.41820158831679,-2.43196717420402,0.943841002750104
"303",0.57489321815588,-0.353179732167983,0.45177220611041
"304",0.865570734552044,-0.244666361650908,1.72403885742802
"305",-0.22083230210327,-1.51886771805333,0.180106014846824
"306",0.699276639438138,-0.659558964451754,1.70443648470053
"307",0.449509771281554,-0.643083685568534,0.416203050694837
"308",-0.234156282600681,-1.48984928989036,0.0242616291680469
"309",0.998620791919654,2.55952376990128,0.43725521064511
"310",-0.357313799385861,-1.97191433525943,0.561918548659984
"311",0.909213530513567,1.81990168841918,0.255376794948168
"312",0.942834090501034,-0.0189512887200894,1.78568599088524
"313",0.585272379818709,-0.206086174176756,0.262398218957534
"314",0.326672505151785,-0.883896953461106,0.461081569086131
"315",0.965068734367511,1.55166795156979,0.655114173948889
"316",-0.402181556097043,-1.83753440819883,0.0746368968983567
"317",0.674586356860482,0.161093246266881,0.225916073497875
"318",0.871261477304302,1.45603846746717,0.233038195395763
"319",0.519743978566003,-0.685617934788991,0.87060421400823
"320",0.886332593121636,1.02706403429449,0.550949869680378
"321",-0.192108998094818,-1.62676288778921,0.628712119188218
"322",0.712128208848738,0.192103475619344,0.379007792654449
"323",0.582618419737032,-0.297279360639163,0.394800047069327
"324",0.826376841357569,0.887528747341895,0.343560710955477
"325",0.545133484013865,-0.82755303699183,1.38150866871609
"326",0.854912900723717,1.00607262294336,0.407271783216334
"327",0.303802411129478,-1.01851121457865,0.812653844738772
"328",0.678710520600171,-0.490299893414147,1.22860585036507
"329",0.961065879011622,1.16221614692939,0.841958426725565
"330",0.813429432579729,0.0462999206822726,1.05580219384665
"331",-0.171128760047203,-1.64419812908491,0.779295592695258
"332",0.668610792250994,0.0543289613872903,0.321813059165131
"333",1.16392039505487,2.88119797212525,1.17144499861073
"334",-0.0147520670662535,-1.72717004365089,1.76643236884984
"335",0.908716690497323,0.272997257002643,1.2753752248703
"336",0.299634549205427,-1.1858913748079,1.5109296001821
"337",0.710493380391602,-0.103954013889046,0.738876491301483
"338",0.688654694834879,0.0975324813290516,0.369859837805833
"339",0.767491023163759,0.67775568273134,0.203603854285096
"340",0.875042726528807,0.742772711916063,0.691305726712848
"341",-0.0685443152462825,-1.60026166474492,1.17527338863815
"342",0.492955730765229,-0.45579001020339,0.231603441423629
"343",0.198960270383368,-1.65744073077826,2.66382183339955
"344",0.651259609442887,0.0960389901259395,0.18465825879159
"345",0.502119763313306,-0.726502472464696,0.886548522437905
"346",0.188400635034289,-1.05033151511425,0.358999218331293
"347",0.537617053619601,-0.825956918754502,1.33923264625987
"348",0.396847517721051,-0.695753934244431,0.281465968490959
"349",-0.327685755635351,-1.98255138863172,0.729402256504959
"350",0.759350082483976,0.431823294561617,0.372765277714111
"351",0.545708227371567,-0.434907326678665,0.455221672133832
"352",1.03063696668545,1.40886408838805,1.05394151559894
"353",0.813891798763221,0.565155364006107,0.527427670894643
"354",0.225291102190954,-0.965299244406561,0.225734719651081
"355",0.297540239187368,-0.821212906040113,0.124952105808284
"356",-0.0976403757362089,-1.34835910146468,0.219513124290017
"357",0.655296686595976,-0.0484341399601973,0.386923228378698
"358",0.792203342153589,1.08868468511672,0.0418309669308255
"359",0.853891606278688,0.493925592380929,0.789154105578
"360",0.54236868299051,-0.554481588478381,0.680440646053896
"361",0.939496969572466,1.03034954434145,0.814685943579463
"362",0.924148932031376,1.6061558386552,0.424751513532521
"363",0.983509295129806,0.248574907503655,1.67492617822389
"364",0.0657357115531686,-1.09941220609882,-0.052552053939276
"365",0.39979352371792,-0.931406476787211,0.981611840785215
"366",0.0868183961903091,-1.14941555902926,0.274246647400412
"367",-0.357660871736313,-1.84349196368707,0.309679698976539
"368",1.31752967732298,2.61597968061695,2.01474861358026
"369",0.710344295640216,0.313292192795906,0.24228862810037
"370",0.738027160640205,0.513206175439402,0.192829199597012
"371",0.961045629096119,0.908592227821791,1.00246415746181
"372",0.621150175610764,-0.266162947926233,0.536378039587661
"373",-0.00144681685088321,-1.70647257940632,1.78355222071671
"374",0.945233125819901,0.354600243787694,1.37570701920603
"375",-0.170239944969521,-1.4593442183758,0.246398371627586
"376",0.85979209853372,0.362663088282824,0.940635350521493
"377",0.829858173761793,0.384159907486937,0.770212061681132
"378",0.436281792400004,-0.534137941150588,0.106701634614806
"379",0.683673820009847,0.331278262847937,0.0909226020300061
"380",0.945834951488059,1.16765950668842,0.762604524401629
"381",0.898329687521366,0.818699068403901,0.751815400309885
"382",0.360941013404674,-0.801886645804093,0.386177611781943
"383",0.714381160118637,-0.228525902227179,0.942671342500577
"384",0.454396646230422,-0.831303988661016,0.938892025393979
"385",0.921990576717153,0.748819267035772,0.921493572083119
"386",0.710822763403646,0.0823300134528285,0.498854694013683
"387",0.758906493722677,0.904563027985902,-0.00548330180526348
"388",0.577232177493744,-0.498302244155392,0.737382271593927
"389",0.769811329943126,-0.161331762567147,1.11787323620866
"390",0.477714397798073,-0.660631009409363,0.599214296485046
"391",0.721658807784432,0.321225786774467,0.290886471863245
"392",0.87275407158133,0.799418204845996,0.637890475678279
"393",0.334203199238692,-0.871871107395066,0.46101129429069
"394",0.529313361946731,-0.296854123418073,0.127566676820848
"395",0.376638851932088,-0.637482928809025,0.0386190752141619
"396",0.393049362400042,-0.761528342782368,0.434388756776441
"397",0.629665821154405,-0.265980175460685,0.578660553115207
"398",0.995153651292857,3.11970949598483,0.266067527339987
"399",0.684246730552757,0.00692417973510201,0.459361326891329
"400",0.892411099000988,1.55619419325935,0.289659065690133
"401",0.211362918876863,-0.967580823499597,0.164138677015042
"402",0.984793037417073,2.28227234511758,0.457774064466632
"403",0.75574389502635,0.133925918278256,0.66271765193603
"404",-0.18883247461515,-1.44648844595852,0.111195621963827
"405",1.02445773474954,1.08510121145044,1.20530339322181
"406",1.00877702953445,2.4033523450353,0.537275841461022
"407",0.0927580229427814,-1.22092659587113,0.641198499106207
"408",1.01281696724479,2.88155453003048,0.415831736256962
"409",-0.298041257292864,-2.43447129194849,1.547688737247
"410",0.760497146053346,0.186486204648598,0.627062492790361
"411",-0.324288894538076,-1.84648071340012,0.482750973001539
"412",0.648238086290695,-0.076627105021964,0.389761029744834
"413",0.600748629763616,-0.138542325272862,0.239336576338462
"414",0.974597815604803,2.0726862170991,0.481890608083023
"415",0.484059121296205,-0.384523069429038,0.0534820232603424
"416",0.676197679315474,-0.332053551107087,0.921568664015048
"417",0.238247909170899,-1.12827555189052,0.935734583508245
"418",-0.107598215152248,-1.98160896472586,1.82813425673024
"419",0.858096706757114,1.39046964514415,0.20076897932916
"420",0.922408899644437,-0.316012219930575,2.12522711039881
"421",1.0140714558442,1.00314135732618,1.20495162794888
"422",0.515357529320652,-0.339461261088848,0.130161288060236
"423",0.678996374291223,-0.118841054327572,0.60238060613516
"424",1.49493734801896,1.06184004055975,3.57209477524182
"425",0.743443436855122,-0.037405742222338,0.812984940526983
"426",0.627439512179549,-0.126107236624656,0.354939048502366
"427",1.11613595793172,1.47680124880188,1.44701968524377
"428",0.477633809492535,-0.745905002021839,0.815265532254734
"429",0.861304926851349,1.67730172190942,0.0779186202588848
"430",0.664352469026515,-0.578984807615499,1.34377736250961
"431",0.93377959269805,0.854179114492157,0.903815979084074
"432",0.628175192336321,-0.413535826191681,0.827330468633856
"433",0.658889554207223,0.203754198149099,0.100018617662322
"434",0.811765928003973,1.07204349149263,0.149900591642439
"435",0.778615325194442,-0.0553964194321454,1.01284891760457
"436",0.821385345979851,0.193416214170661,0.923846040969566
"437",0.580088413644351,-0.336580684348568,0.448830130528302
"438",0.683247816745648,0.23125302859525,0.192051297566721
"439",-0.236424129059927,-1.64067879189757,0.443672678968003
"440",0.609229690022068,-0.513497569645303,0.928441079777466
"441",0.707011204153684,0.170829988636437,0.377082259587256
"442",0.856013099253231,1.57572515499244,0.098374705929009
"443",0.420206840138337,-0.747161719987623,0.531484005554765
"444",0.968178573764421,1.21322698149546,0.847915202754786
"445",0.643444295660128,0.134410610720366,0.100660594614544
"446",0.498847931916926,-0.551171835555863,0.455727939655761
"447",1.01164645389825,1.30555366376141,1.01372049734094
"448",1.05945831061476,3.06585685452745,0.601020265399913
"449",0.835706781770102,0.678173203942526,0.544354531638376
"450",0.781255731114561,0.579340449508663,0.352302697690388
"451",0.693832528018604,0.115995128876708,0.373991973621449
"452",0.765347367956888,0.153767171049033,0.6880204364974
"453",0.719885652554217,0.432412011539282,0.174897792229008
"454",0.730302375041045,-0.139124555473856,0.887945893363654
"455",-0.452779228000474,-2.30068440589864,0.602246403571029
"456",0.970762620451135,0.275155285869557,1.58336601064153
"457",0.75566006027628,0.102887738439065,0.69854327507896
"458",0.513405058640605,-0.407940072081623,0.243087298138711
"459",1.08332200301763,1.02679930678221,1.53606515386245
"460",0.842441346301816,0.0119231340239283,1.24396543104334
"461",0.120032992878893,-1.076953279866,0.124797251571111
"462",0.962223022424049,0.145708781157568,1.68158199327834
"463",-0.107384186163864,-1.41119140568301,0.398692871873327
"464",0.357341551071851,-0.788516181582276,0.330356602093098
"465",1.0479383223307,2.18297772138293,0.808227478218379
"466",1.19340451888695,1.87557713898803,1.65320633656636
"467",0.745984281459554,0.486122514829816,0.256562420067986
"468",0.766526245550463,-0.0363167670606273,0.926957537899109
"469",-0.245429814661692,-1.64420382043436,0.40780507992021
"470",1.00096838414275,2.31049799612918,0.52904440172417
"471",0.859029616371841,0.906395455839947,0.493881636492032
"472",0.659709390192448,0.258081478576078,0.0459112477435397
"473",0.840584814545193,0.577154928653306,0.650781119134841
"474",0.0588143673508779,-1.1335519728419,0.0621523736624347
"475",0.800566426894056,0.0282155769305246,1.01401253791689
"476",1.15176082692661,2.18475520152514,1.32670523437209
"477",0.556096907245215,-0.461888325829874,0.559192688671115
"478",0.790632368999212,1.18570666750272,-0.0239465967931572
"479",0.645134046322758,-0.0491879251004822,0.337117801319811
"480",-0.245273778945925,-2.24460884484977,1.56188138043161
"481",0.949087317925817,1.16485669135351,0.780512467610279
"482",1.02411445981266,2.48543290172573,0.587694208287096
"483",0.386855624860139,-0.970608085371365,1.05231501049184
"484",0.92353328964628,0.752454712136184,0.926478945822609
"485",0.727914612059484,-0.186999776550417,0.946615172315678
"486",0.458391239439253,-0.768647725710092,0.780518969838699
"487",0.929675267448692,2.2701463291598,0.186347594820849
"488",1.21139604465258,1.36643751643683,1.97985375649499
"489",0.560617033436957,-0.394676334600084,0.45474107143343
"490",0.276718965863272,-0.955063653477031,0.447088064663963
"491",0.624557507568803,-0.338594569282904,0.674659706550745
"492",0.907787600198982,1.22855344453208,0.537225838018222
"493",0.942015804886745,2.97271357140773,0.037666386664087
"494",0.680388413895155,0.194628452730863,0.217526037847446
"495",0.979567596701187,3.20990840416385,0.166217800495145
"496",-0.107316581313365,-1.85398224099002,1.58311765564178
"497",0.31238401721647,-1.00321097851124,0.798198384837182
"498",0.919772250589347,0.411272654641653,1.19405371393243
"499",0.851271247103753,0.137287483503071,1.13648140350579
"500",0.768171102479601,-0.298408910486047,1.32444569157426
"501",0.8216605539351,0.575121862134674,0.557867344466062
"502",-0.33331782202369,-1.88843788186287,0.522803425732124
"503",-0.149783654515578,-1.45234993690323,0.325787227446081
"504",0.784875702666627,0.953487468029212,0.0914344613108165
"505",0.425846622202337,-0.870492573256161,0.914941102479198
"506",0.443868090856864,-0.807856547006544,0.817901735383573
"507",0.88739869461378,1.52425321096838,0.279994570292194
"508",-0.194997613311914,-1.80741965257186,1.04646914948498
"509",0.595409268579655,-0.393479542093218,0.626515657667416
"510",0.640285559691832,-0.0856425606014821,0.362384690910799
"511",0.502242567056545,-1.01427485235928,1.7888481854132
"512",0.985048782828905,1.13483554582828,0.978113426803297
"513",0.377946993369627,-0.9407033339315,0.903846516554017
"514",0.730820119724459,0.345781301196021,0.312298407081879
"515",0.861833578629659,0.301972765759231,1.01119312256498
"516",0.796368621448752,0.459060973258899,0.532859538383266
"517",0.157754786495385,-1.06430639224481,0.261752175609964
"518",1.02453220848317,2.23316299189103,0.673460705937867
"519",0.700733660405065,0.571243324592646,-0.0435032224129435
"520",0.719584258219085,0.0310572488213006,0.60554032463302
"521",0.315939646234372,-1.0313187637167,0.922318100695426
"522",0.76419715605694,-0.0270563011489769,0.903106910011801
"523",0.81461263301441,0.1608888138536,0.926278409641884
"524",0.810891047884257,1.18190048136754,0.0795605831808295
"525",0.917269749191251,1.54687453694916,0.418419456531746
"526",0.827541285191395,0.910739987329488,0.333480207227602
"527",0.647888602266569,-0.470645661893774,1.03534489951581
"528",-0.212946756284753,-1.55591565863252,0.328819755742132
"529",0.70726849909051,-0.399160021125572,1.19621311535524
"530",0.85028492734031,1.43436959530026,0.139118677672312
"531",0.639130104631242,-0.162208499564873,0.465758541621908
"532",0.868107145670661,0.584375637129651,0.782346832748465
"533",0.735487501780181,0.734655337001527,-0.000332942856302483
"534",0.945488655044068,0.50557763870818,1.23683729605193
"535",1.13753928505061,1.15976320474825,1.72577030719368
"536",0.954140858681476,2.19162028699501,0.336158338079327
"537",1.01126550794566,0.879039712660964,1.27387573812716
"538",0.959247832043601,1.89061672835847,0.476278122095565
"539",-0.483069636093379,-2.24786036994647,0.377521565163878
"540",1.31867022992366,1.73540607135014,2.33893550286207
"541",0.309030149259902,-0.903612006039465,0.435993867597757
"542",0.459241174168636,-0.633968531757534,0.443371401267127
"543",0.129252059634838,-1.14634651859735,0.472332954733013
"544",-0.00678910599343052,-1.5661403708403,1.38889823671705
"545",0.0972138501690825,-1.25065535531467,0.79634210403634
"546",1.04089070406352,-0.346725512576672,2.77046083682168
"547",0.831452084563864,0.0419541523641763,1.1512984270441
"548",-0.579569396622955,-3.06245977633627,0.750219560402484
"549",1.03504693298306,1.77426183862668,0.903956881359473
"550",0.732190054184434,0.767563918947574,-0.0415094926572528
"551",0.702156957617291,0.16955180333652,0.354244870615362
"552",-0.268722163530698,-1.53287112274212,-0.0174415953029227
"553",0.786372631052188,-0.119639863143098,1.14039574875268
"554",0.643119431291211,-0.395974715348712,0.869628156115548
"555",0.701807488959898,0.443315615597086,0.074447129450305
"556",0.662018646402681,-0.0670548575553626,0.445615708096895
"557",0.872504833797361,0.7459902007625,0.676192219598948
"558",0.471940999310675,-0.68253396553087,0.62393626254302
"559",0.995385923527374,1.08254619236487,1.06151600528499
"560",0.798019130127835,0.970625441749361,0.145840610996028
"561",1.04730325154878,1.5691290757731,1.05795426357442
"562",0.288636194411096,-0.815900639676928,0.0649673781258913
"563",0.767800582213351,0.324908360152271,0.517909250908482
"564",0.321978047161663,-0.741704072738984,0.0258134016573534
"565",1.12174351874489,0.54074090557858,2.08751109942331
"566",0.704134450210258,0.173115426496712,0.360138229900864
"567",0.880631263592522,2.05400093429938,0.0190928852022909
"568",0.708756675493156,0.433667742000992,0.118090455594371
"569",0.658030101230919,-0.932807893312049,2.27751324364957
"570",0.191208431447103,-1.02574792105845,0.277249007626267
"571",0.972387102044393,0.904507058181569,1.06195796209465
"572",-0.269657152048878,-1.56595775924216,0.0740380980851208
"573",-0.550568470662032,-2.9235099935853,0.78226858054513
"574",0.8463983066965,1.10844895462793,0.300749288506677
"575",1.01801918964838,0.132047749856864,1.97626245984671
"576",0.861189937003612,-0.135605594266104,1.53730971137514
"577",0.82983923781724,0.258471644124175,0.896150946096682
"578",0.537392626519425,-0.244581406164301,0.0830135408843347
"579",0.866457716724642,0.746037768266689,0.645920833824963
"580",0.972531431480731,1.05272287243283,0.965758965083219
"581",-0.231585054399704,-1.82713792506374,0.905724460885304
"582",0.780500816783287,0.331429357661758,0.574907250809175
"583",-0.543636050062564,-2.18134100317616,-0.0224703579971471
"584",0.381358561737813,-1.07798986029907,1.43570145855527
"585",0.796404991530228,-0.0398024242557135,1.08096974802665
"586",1.02026224462539,1.17327645280902,1.13144981587918
"587",0.812348418074145,0.533619958425027,0.546674037900648
"588",0.639784747694656,-0.312933461840114,0.706895345215486
"589",0.771724829301934,0.892265789164465,0.067037150751033
"590",0.328104859626128,-1.08158454450688,1.18431331500867
"591",-0.449021317959603,-2.09639326895178,0.317853498621341
"592",0.975127578576997,0.909711361710531,1.07211174555697
"593",1.13050146935072,2.00434522405598,1.2874270380406
"594",0.761128144768877,0.76493078848061,0.105137759474802
"595",0.944339185212946,0.480877305633804,1.2530261852512
"596",0.729532030618539,-0.193404027921329,0.964375991817975
"597",-0.102036953218521,-1.70207968630316,1.26996694547218
"598",0.829414836468811,0.325085978376703,0.825802982666236
"599",0.775911403429782,0.890980344165249,0.0888546871728307
"600",-0.251457205934636,-1.64593506136749,0.382153487275297
"601",0.294679467844165,-1.14788384841746,1.30651551110798
"602",1.07349502237041,3.3668455907013,0.599341197541256
"603",0.681440260555503,-0.04241085721312,0.509611050845797
"604",0.889969229391542,0.830146257208785,0.701806932902115
"605",0.538792766638931,-0.301579826307658,0.182848524077828
"606",0.724477248595718,0.0929382649142536,0.554435932622056
"607",0.517925354924705,-0.74385073311989,1.01125254073581
"608",0.155459003511171,-1.02099082606099,0.0803500695852022
"609",0.881843600677332,0.519892693861463,0.9060666427827
"610",0.444487708916264,-0.503084964519229,0.0833869309645925
"611",0.911952462956469,0.35537725763008,1.20854363159836
"612",0.63857930484165,0.0690816135568046,0.15363801201373
"613",0.584272165472513,-0.613075211939768,1.02008144373323
"614",0.65371157540782,-0.410692036007888,0.949723689705587
"615",0.351136540732104,-0.784431778926405,0.287899225161258
"616",1.10865674004815,1.47774592810932,1.4091534444425
"617",0.0979667895760184,-1.2408225330023,0.756828471186723
"618",1.00109578511108,2.29987318995849,0.533284046337758
"619",0.801128267041682,0.959764431161198,0.168541268746325
"620",0.591936589272225,-0.380957433216881,0.586426503935899
"621",0.329795234353239,-1.18133616746201,1.6396768644736
"622",0.210603936302248,-1.14600391153956,0.877524471319159
"623",0.949988076024979,0.4413803300977,1.31713002785168
"624",0.637640674743657,-0.337682554822327,0.738496890558384
"625",-0.560035130121539,-2.73674659310273,0.565495314489775
"626",1.00088341829392,1.34998632878734,0.935999915067438
"627",0.964767157738025,1.66919227828054,0.598890030996931
"628",0.638438775777241,-0.048144780390721,0.30224698345273
"629",0.308740050629434,-1.95813197517745,3.86682287243007
"630",0.844104426713664,-0.258315524849955,1.63849733172712
"631",0.12435190401655,-1.19323350539033,0.669777582909783
"632",0.412763610234734,-1.01187021954558,1.33241020573694
"633",0.835110672068856,0.776098468907106,0.466773227903544
"634",0.913790572011632,1.03124381891563,0.685586909137587
"635",-0.267559758579761,-1.64900833271644,0.309580822662133
"636",0.724701680013846,0.0862221544525699,0.563580518233077
"637",0.697352330550295,-0.0599460676273209,0.612661995171805
"638",0.60674195446677,-0.0620895315485141,0.162505343895101
"639",1.13899867650707,2.86511991825305,1.05118427199418
"640",0.914144315851353,1.38012924773576,0.486403922383167
"641",0.58763044661335,-0.899096562199207,1.81439482148772
"642",1.19906358708134,0.733116150310737,2.31871479001153
"643",-0.276762613545472,-1.58161499699613,0.0826705386353639
"644",0.57453405137927,-0.206786933780439,0.209780547657873
"645",0.763632199376683,0.769065115685968,0.114587064221241
"646",0.146720348383615,-1.0941438954143,0.330006203204722
"647",0.806388310363883,0.656176545987193,0.415169193530816
"648",1.15244822711165,2.11379283544688,1.35586930606744
"649",0.974579019307948,1.57862335899724,0.689832817195045
"650",0.637238028897086,-0.26855440686395,0.620691127281487
"651",0.695794999299551,0.233533606553984,0.25234673940785
"652",1.07786930247105,0.22184237149692,2.17527345186419
"653",-0.350323306855035,-2.41090672572687,1.25737060261419
"654",0.799393591615031,0.705039898015602,0.341858303536077
"655",0.746418203809796,0.0269243160122346,0.744892429982394
"656",1.23320627228679,3.61937607583491,1.34311490658076
"657",0.974096674484917,0.958431146526251,1.03426479631389
"658",-0.0970027270118259,-1.47413358486837,0.660308059412149
"659",0.935622370018922,0.350046981023452,1.33211575045009
"660",0.37252749494831,-1.01614441435225,1.14732490899227
"661",0.628703134100101,-0.374044657815994,0.757831763519595
"662",0.801486605089136,0.805863102764309,0.276870645087205
"663",0.952617462544177,0.238126030362842,1.53155727978855
"664",0.681808963783726,-0.628597911619032,1.54365071307969
"665",1.00571793647599,1.44820908091008,0.909267610834441
"666",0.721608445130244,-0.0716784912294053,0.749854083552819
"667",0.836442253600771,0.739538014996134,0.500745320047737
"668",0.81260363402944,1.26484674121948,0.0409110011033679
"669",0.958294840977603,0.753697962442564,1.0993551417236
"670",0.127132348220475,-1.3475820356188,1.34043182612518
"671",0.4462242569635,-0.632606369820062,0.375094211107502
"672",0.375706257597592,-0.869050611589987,0.659762777149159
"673",0.397309472842821,-1.09122323742613,1.57062855111818
"674",-0.406508505777075,-1.84597839860649,0.070610332302802
"675",1.01238515978782,0.609372018410994,1.48302862620599
"676",1.05351076071889,1.54557159105419,1.1002507138943
"677",0.932897413742962,1.36611951430992,0.587528238727313
"678",0.773833399825283,0.13247870574169,0.75483569437779
"679",1.00736325221718,1.19265808826887,1.05567665933122
"680",0.764041714422529,0.70204371487814,0.167415319738755
"681",0.730619651296889,-0.19191324558957,0.967557315819932
"682",1.1969403052496,1.31753738346639,1.93368662076404
"683",-0.258665618671346,-1.70235756616105,0.48749788877217
"684",0.631850953931397,0.129836555879767,0.0479781591678923
"685",0.972728450246483,1.37019544706952,0.784536889018139
"686",0.8389487767435,0.255837531241192,0.944465858208541
"687",-0.0412156832040574,-1.29731151506747,0.30106674958777
"688",0.628897132899102,-0.493493096036887,0.985974568998191
"689",0.881314965488078,0.565351788059192,0.864377333852954
"690",1.32798231982163,2.29922384233314,2.16793742360695
"691",0.92031839312982,1.02842041255066,0.7200172926814
"692",0.918891292226315,-0.359748293388152,2.18333363158522
"693",0.929025077268637,0.282755179454884,1.3668220134607
"694",0.908245822831117,0.856982860249122,0.774175067247781
"695",0.560823285547376,-0.524837195459021,0.709917971250706
"696",0.838332304827627,-0.313468201778784,1.70053712995127
"697",0.330268622046253,-0.764344004389394,0.128146081841873
"698",0.529632569651195,-0.442286656888442,0.388933158433574
"699",0.655287708350107,-0.161972077716517,0.546198213256609
"700",0.485780824363686,-0.500514051742792,0.284617864544119
"701",0.972855794378137,0.219308923154137,1.65294114630033
"702",1.31475061583512,1.60249643679998,2.37946844514835
"703",0.845114402384523,1.26834742788009,0.201518760127326
"704",0.88425331014548,1.01273615633552,0.549695959869351
"705",0.934398459013768,0.614216854467952,1.08912066730626
"706",-0.225868050701995,-1.640777916401,0.496711190800597
"707",1.10960070695146,0.34966103904431,2.20238635518317
"708",1.11708340592497,1.90324827214747,1.2603279784145
"709",0.62555607080451,-0.340597066680347,0.683123565412243
"710",-0.714516306117973,-3.1982415685917,0.176588050129253
"711",0.824778515663881,0.683919628650673,0.485206201012555
"712",1.14504010082417,1.28790696398951,1.69034113615116
"713",0.716632676618049,0.438774352931208,0.152753642001823
"714",0.710868614787491,-0.0147385969416835,0.62037424172751
"715",1.09746601055049,0.824803428895914,1.74311379835357
"716",0.789481124647999,0.708297524082968,0.289782447955624
"717",-0.280557777233459,-1.52786198988249,-0.0915239018099552
"718",0.405375069760607,-0.693065249309931,0.317352230615872
"719",0.602168331598256,-0.152686907743934,0.266977466840832
"720",0.687168882656926,-0.823556882214859,2.07995123606426
"721",0.87721881161169,-0.204758093307448,1.72009683624548
"722",0.517032822857937,-0.514335998001826,0.469185450565603
"723",0.821144977593845,-0.185933603897108,1.41116187320422
"724",0.781751129383811,0.766569626639225,0.20703440925565
"725",0.492545386060847,-0.771317244314127,0.95861462666143
"726",0.538267187579832,-0.841791687636506,1.38946591023966
"727",0.432108849965923,-0.588630449077867,0.203975555571729
"728",0.932779485714663,2.09605571646278,0.264081934760727
"729",0.984082133375012,1.33904567999135,0.857827506560377
"730",-0.665182737527914,-3.2640136892714,0.469269563300589
"731",0.0854803909962332,-1.50239135129575,1.66141269287562
"732",1.08744383554414,2.1017874284776,1.03527941407913
"733",1.04603162559812,0.527953455491211,1.7199958153853
"734",0.917110912593322,0.949483557877206,0.755269571599669
"735",0.850514650808043,0.522667104534952,0.747004503711992
"736",0.745396168777897,0.446207202148223,0.289735467710986
"737",1.08461972446492,0.525472882879505,1.91508975601343
"738",0.0355153065484921,-1.30014682454064,0.696253695311157
"739",0.352313437613586,-0.918736051585403,0.701945969988894
"740",0.889432620966896,0.772689418268011,0.74090355644637
"741",-0.401155215385032,-2.78968587158941,1.41017092727898
"742",0.70068740774021,0.00638545869910447,0.542252632053655
"743",-0.172678920605011,-1.54283390672948,0.492142921311963
"744",0.909011482035875,1.31280998779032,0.496602927864907
"745",1.1168894279162,0.595041220435301,2.01738056852571
"746",0.531800948560907,-0.311030838738206,0.163763577294026
"747",0.806639378744366,0.779015380476348,0.322264297298818
"748",0.154227186096998,-1.28001098436614,1.20686585764715
"749",0.833733387327838,0.997048685676704,0.307193888663013
"750",0.820699563227748,1.14992753630801,0.147385024789553
"751",0.881204310402057,1.66792409016327,0.181649507884521
"752",-0.164435902370626,-1.75869813120098,1.09112435821772
"753",0.828629473938339,0.589816367491291,0.580421974476006
"754",0.774100391929488,0.444618717976566,0.434714473394024
"755",0.422703481951551,-0.752501851492517,0.558272172563417
"756",0.892521940581318,1.27314581684243,0.435894923512281
"757",0.362120200387388,-0.707133893651638,0.136637749583434
"758",0.961729111679905,0.822973320965406,1.06574168436694
"759",0.770473605980477,0.270839053731613,0.586402416182026
"760",0.129600960582722,-1.7413000793939,2.52127859649731
"761",0.842629984348111,1.20303158736725,0.226023313104532
"762",0.986226547644702,0.912900621673727,1.12543741525465
"763",1.10601270398371,2.66098449455248,0.943841744719997
"764",0.515511799738846,-0.593804207962269,0.632569997088035
"765",0.701693802145491,0.592230654042614,-0.0562642049543306
"766",0.760015763961008,0.324678539529376,0.479214912324115
"767",0.753157902536381,0.533594811050833,0.250743190050832
"768",0.744776375975562,-0.0918413993722504,0.893410580250078
"769",0.449242138323392,-0.512132292368186,0.125691558299289
"770",0.763539677924574,0.692125428404664,0.172604786963582
"771",0.832813078088539,-0.322031717154175,1.68748023561504
"772",0.726751586611036,0.113962439782276,0.540967230694155
"773",0.517835108042409,-0.770270630067885,1.08218862306815
"774",1.03451223998494,1.15434512794399,1.2138334722483
"775",0.752728113956234,-0.13881578171249,0.999628745013531
"776",0.737913755348014,-0.174910432313638,0.978499027957193
"777",-0.545344106783812,-2.83608336175088,0.731783894855694
"778",0.465026946679157,-0.825907174583553,0.976135973156823
"779",0.481785700670955,-0.456482877729926,0.177099748936167
"780",0.177920582583751,-1.19920863690628,0.966016079098032
"781",1.05226562040096,0.512269026723757,1.76484278757075
"782",0.650310287376945,0.0357638560059786,0.253289846910704
"783",-0.0998439341753428,-1.53555038711728,0.834883306385364
"784",0.85657085247038,1.00890020514364,0.413744263520109
"785",0.519465626046971,-0.266574319204522,0.0286210464524058
"786",0.997336719721415,3.13851063412778,0.272355452177754
"787",-0.427038474378456,-1.92617209607049,0.127764098737582
"788",0.964748231031234,2.27685617259349,0.35940654331666
"789",0.918018423613725,0.0286064489371604,1.60078216811545
"790",0.735742386440749,0.519038934113882,0.176305379565262
"791",0.774430754194971,0.764277999339691,0.172136421896557
"792",0.298705341241611,-1.03090821168072,0.834562718160777
"793",0.408281034969861,-0.576103448799304,0.0570657558014946
"794",0.594158632480656,-0.0525878176968446,0.0867941424637971
"795",0.631421432547877,0.0296235962584363,0.166521918231212
"796",0.880271943415774,0.409732246129464,0.99800082274135
"797",0.582718771906441,-0.221621182004747,0.273598260424776
"798",0.540467468730757,-0.219122918455966,0.0584646593884989
"799",0.413771201801677,-1.0160131229607,1.35304759955983
"800",1.04503025630854,0.232312267488009,1.99982947385511
"801",0.914286297495746,0.799703940657911,0.845343610737094
"802",-0.670487834278321,-2.85765395785171,0.125391319342459
"803",0.867791000643268,0.176945248349927,1.17414066424888
"804",0.340045362957191,-0.75221415862808,0.144208604902778
"805",1.00801641146639,0.334017392850372,1.70991274741124
"806",0.167534986564853,-1.13270913286529,0.601975185058185
"807",-0.601220140567061,-3.29566364144923,0.810583786441758
"808",-0.161080813333392,-1.56163551875854,0.604580097239263
"809",-0.450035528559265,-2.07207809397007,0.272846820151329
"810",0.910370688604144,0.738813870123536,0.870934852578646
"811",-0.194100536908333,-1.51900671423162,0.314184379985092
"812",0.717972876833353,-0.699253697579572,1.89591223946505
"813",0.682451897106038,0.045947608827461,0.401350212761429
"814",0.936319267788961,0.764714268079721,0.9812544239613
"815",1.10005816348191,1.67408742624417,1.27313387163344
"816",0.854377449736983,0.913837882292375,0.465555232809052
"817",0.337142381121242,-0.838547618332527,0.37414073732408
"818",0.974740965537221,0.952411909714486,1.04147445398529
"819",0.456656651914912,-0.502141848572237,0.142309749068997
"820",0.646664204950675,0.0502794498658409,0.21706323095521
"821",0.579555790391029,-0.149190624530179,0.148813424926081
"822",0.851937454710097,0.197542679267379,1.07206610055545
"823",-0.379707247269118,-2.16296377321687,0.769311110993253
"824",1.06935024348473,2.85017435798033,0.707007436299274
"825",1.19649400035103,3.15637470151762,1.26377389522763
"826",0.907301755983134,-0.135562784597788,1.76780717452227
"827",0.626550720770973,-0.52392154676497,1.03664651336236
"828",0.82758735349006,1.3864465594598,0.0503184871159636
"829",0.900006403073224,0.41107797171398,1.09540747529471
"830",0.504113968426003,-1.00442172866606,1.76134282910874
"831",0.436612669289209,-0.533241711054348,0.106469540853162
"832",0.685608414554274,0.30361021235762,0.128403942826028
"833",0.644582508032805,-0.639376552064485,1.38280100209029
"834",0.975817969573754,1.81814442177123,0.589138741538623
"835",0.954103393580854,1.2825818480549,0.738588324287037
"836",0.0435161023135754,-1.19170655643961,0.25829905725683
"837",0.963224715314219,1.17112931083229,0.847519048502002
"838",0.89823434473507,1.15082221668549,0.534528817818767
"839",0.814307342065918,-0.251984332793898,1.47937071565804
"840",0.886155905781126,0.394477319463506,1.04185190436109
"841",-0.490384872299272,-2.63734622270312,0.814036022326639
"842",1.02452142054417,1.68114050375243,0.892273453707204
"843",-0.166886750330837,-1.48688086179425,0.351294647602361
"844",1.03109553404152,0.784371463680607,1.44060283270339
"845",0.898251102854296,1.64214388062343,0.278623471006916
"846",0.652670940778208,-0.459711612266187,1.03781283312464
"847",0.865584558355132,0.731610198440401,0.652462845322218
"848",1.00231135497894,2.79590748767195,0.386769315095311
"849",0.992155222507205,0.149001313517742,1.82748393202281
"850",0.289440852571657,-0.982782643977557,0.608774560168422
"851",-0.599304218763827,-3.24748708054079,0.787271869699834
"852",0.521583162650942,-0.267617119617162,0.0408975071237604
"853",1.06822176376227,0.920124782309888,1.53051522298603
"854",0.754404516236196,0.293699836540297,0.482482159201288
"855",0.866649373655217,0.675058758596501,0.701517148462828
"856",0.65645272290377,-0.419952246135329,0.980705740861787
"857",1.19560115632649,1.66172591893148,1.7564428259375
"858",0.896174656706503,0.268884030555602,1.21694224498121
"859",-0.712618317595664,-3.19448017379179,0.183390508725174
"860",0.665125292182742,-0.385355737804921,0.960320677604163
"861",0.973651238870266,1.27404619875248,0.841042766059527
"862",-0.108476214512986,-1.56453935171559,0.875900523245511
"863",-0.00282270601078739,-1.2782810974047,0.414374806852008
"864",0.676006906343718,0.159638444583043,0.234663159273104
"865",0.921930997331117,0.646049002117519,1.00098055014504
"866",0.274851040750895,-0.998113762667486,0.591693975785438
"867",0.518622427520539,-0.531996041769065,0.513899265941596
"868",0.886449403559149,0.659968871090151,0.812455968895656
"869",-0.206177822582262,-1.6005762083615,0.487964918258302
"870",0.71404931171447,-0.122399775769004,0.782702697427803
"871",1.11866261966129,1.45914200991912,1.46848367273727
"872",0.952972123057119,1.20195322767394,0.778354786167082
"873",0.41097718509757,-0.781620883277052,0.579267465390232
"874",0.722269393572515,-0.0964609987084557,0.78729321667386
"875",0.83950164297703,1.03655456523819,0.310780811630146
"876",-0.000520741996432511,-1.27140757406483,0.396926455244152
"877",0.869301350832032,0.912493961009748,0.541087791725967
"878",-0.216814681648365,-1.7048396460916,0.702765934021785
"879",0.846862476433834,0.220579985479577,1.02160160358799
"880",1.04978816601171,1.64900582194514,1.0331694722929
"881",1.06274262078208,1.57780004575319,1.13104023176423
"882",0.585164971408381,-0.301485792777082,0.414552312925088
"883",0.784552499818093,0.441968686471257,0.489410757665043
"884",-0.141666125232569,-1.47305825532259,0.433551932024015
"885",0.767488766146548,-0.00351778352981971,0.888959620915646
"886",1.3920219649895,1.94896789020506,2.61670696585385
"887",0.208798756940738,-1.02722566459367,0.370864245156091
"888",0.670238724974388,-0.308166127262008,0.851125935959107
"889",0.831541117709877,0.749582069621954,0.468673321863505
"890",0.745177696891002,0.163511860549775,0.576143125598644
"891",0.60111562274585,-0.57724478998335,1.02375340905355
"892",0.405026216742635,-0.602093382502902,0.0988306894293645
"893",-0.249463347069172,-1.81821476728686,0.797348645461765
"894",0.894201437851062,1.06968354830329,0.563540558516082
"895",0.893135770990507,0.882994547250418,0.680487838064949
"896",1.10720375553659,0.910260057515821,1.73211914041852
"897",-0.282133290117346,-1.60762660079554,0.12735876235132
"898",0.808174436827905,0.485528061008138,0.568043796249701
"899",1.23248652041277,1.53412090747076,2.00065041947871
"900",0.627898519594414,-0.742479951959084,1.55747521854533
"901",0.983567223093107,-0.302070021186448,2.40754069350036
"902",0.815507122830528,0.0788413646758226,1.0264735238293
"903",-0.648533412107832,-3.15553845241614,0.475623213759464
"904",0.423792193627267,-1.00295587929202,1.35429322575662
"905",-0.132886660372924,-1.94324012770495,1.63089224878595
"906",1.07765657563143,1.86820043437038,1.07749624041493
"907",0.578383268204033,-0.392502615165116,0.5396026675111
"908",0.787133701432632,0.618176029739943,0.349558334392119
"909",0.387609327843134,-1.06665763672414,1.42055598715669
"910",1.07684022201627,1.21206198055364,1.39189037444797
"911",0.817046396790021,0.550778034859246,0.555422910447343
"912",1.0382177660499,1.60949725021078,0.993538334315431
"913",1.10676637850311,1.96828071590858,1.1828071396212
"914",0.694900495751959,0.133114238121847,0.359437346859853
"915",-0.233819242479186,-2.40329896735127,1.83044048637221
"916",0.293261865127781,-0.883720819054562,0.293471639879493
"917",1.37080451094383,3.07901572457168,2.15444558008793
"918",1.06608474769583,0.693535874191749,1.68423221912267
"919",0.952611537127218,0.616095914844619,1.17864796793329
"920",0.579663544645481,-0.2506837780459,0.304075794441083
"921",0.942771509686745,-0.0866719715981523,1.87623478847942
"922",0.901859253398951,1.55428169883435,0.337814841926598
"923",-0.332741113614037,-2.03656801792469,0.799340667730276
"924",0.859124432101705,1.79257710379154,0.0165035841474973
"925",0.780490718869522,-0.45176427687673,1.66147371938169
"926",0.702921823789975,0.398374553241137,0.121979915155558
"927",0.858037705134575,1.49634583976082,0.14684739587833
"928",0.944184172167648,1.58170660512471,0.536401698444477
"929",0.296096510370621,-0.794582147243272,0.0412150884567687
"930",-0.0330625664317789,-1.44911473539826,0.898732427808552
"931",0.784124982989847,0.647050926588414,0.311146975280377
"932",0.28897914575343,-0.983660410073876,0.609632902964246
"933",0.782198000831686,0.472332620378369,0.449995467566828
"934",-0.233994386845522,-1.48406315476753,0.00688186143738511
"935",0.855103677296418,1.18809094772025,0.297025547984905
"936",0.47218823653452,-0.588332615689078,0.403707863015505
"937",1.05582211580411,0.656326679220073,1.66221857397552
"938",0.667020454739201,-0.292940345251338,0.809598324325593
"939",0.938924430302539,1.22811807784832,0.693157094401467
"940",-0.131076222541606,-1.49239555650377,0.547623677612534
"941",0.688200622679799,0.243690680574002,0.20355609214907
"942",0.799595496978059,1.08703776690002,0.0798024898354674
"943",1.00662975833824,0.907207714248172,1.23132839934722
"944",1.47835777193176,2.54895667330567,2.8391745258218
"945",0.547987925139734,-0.593235732555866,0.79367510803892
"946",0.712218520956973,-0.628412937134685,1.69526724969724
"947",0.724136190302885,0.373366203454978,0.251983019620094
"948",1.04219361003398,0.782025909858215,1.49781799745841
"949",0.798274939602131,0.729981970328856,0.317151996112917
"950",0.92016993921384,1.60495531289185,0.405416713566135
"951",0.873992421874491,0.822357815561602,0.627499948800967
"952",0.728652425830306,0.659415636487377,0.0239109943070451
"953",0.591373491752979,-0.416645150493547,0.649121521353638
"954",-0.554138535130619,-3.04904901489751,0.866910660410184
"955",0.452089214515232,-0.710829231121758,0.595919264847946
"956",0.780417254614233,0.605954745006477,0.326000067695685
"957",0.741715054135564,-0.0545689323314309,0.827235511907138
"958",1.10801700130331,1.87043044304793,1.22838140762024
"959",0.838553413684033,-0.279832174196492,1.64565217980682
"960",1.20561562366872,1.2181210269195,2.03230339256727
"961",0.899224994402688,1.09555729150986,0.572731535513386
"962",0.0604948753962772,-1.137374519561,0.087761249722347
"963",0.705758582316586,0.274656892096561,0.25886256604371
"964",0.139139966812446,-1.17083272479156,0.636025610617422
"965",0.757017148649441,0.260592195690644,0.529816721341973
"966",1.09210556709934,0.85498437030602,1.69487911680886
"967",1.02173416619835,1.05453631799248,1.21063775279504
"968",0.664206346752797,-0.154042175637645,0.579149180987203
"969",1.00090891396849,1.36343313895002,0.929002998679907
"970",0.694477159787123,0.346066550520682,0.130302756395702
"971",0.899779052418006,0.573832891727579,0.949543609578451
"972",0.942574987641985,0.867992173397582,0.938109666505147
"973",-0.150810399974352,-1.55835986979526,0.646536793750423
"974",0.878207600225244,0.484599851285109,0.919038549192694
"975",0.321798635726334,-1.21846737268876,1.7751362846417
"976",0.566945160081768,-0.437133587731176,0.56564610976455
"977",0.711008069048239,0.224312283423994,0.338305660213505
"978",0.467661667329566,-0.684196103864692,0.606660953060213
"979",-0.625990410303094,-2.69806143401252,0.197764045502269
"980",-0.211135055513034,-1.57976867274361,0.405644526904057
"981",-0.394284631940468,-1.95207416516659,0.340441361108614
"982",0.882932754055852,0.871059235452165,0.63775938536526
"983",0.744410363591024,0.840137408110962,-0.0331029245524425
"984",0.63870509390687,-0.371589504235415,0.803447821172927
"985",0.827606523641875,0.937538949870136,0.315717722057328
"986",0.885804922335756,1.80628085362218,0.144083707285771
"987",0.682466526076018,-0.296398097402909,0.892573461001437
"988",1.0216408881847,2.44636922931294,0.587718029966863
"989",1.03292939349292,0.0491806992269515,2.14974403611619
"990",0.931668014616534,1.51436067908849,0.506160469485406
"991",0.908157410221082,-0.0970467790838291,1.71754887640851
"992",0.53143490986681,-0.258614849774091,0.0756306602639103
"993",0.895138307111472,1.41707159641206,0.372225877723637
"994",-0.266380325322101,-1.78022541705366,0.629891261965513
"995",0.793421448278249,0.185448160885768,0.792834496001393
"996",1.15671779376347,1.20629580545769,1.79458548694184
"997",0.892578532138982,1.31937930401526,0.410881890108306
"998",0.716800564139112,0.0134484057635746,0.613823404311253
"999",0.763013532136551,0.245679575846365,0.575511767485016
"1000",0.848894406721296,1.28407206910655,0.211722388497576
