"","x_child","x_pa","noisetmp"
"1",-0.279564712691115,1.01104070693799,0.539466242600241
"2",0.000631609822230539,0.689978393476667,1.18316496144412
"3",0.618296817889154,-0.544781708192251,0.762064197441275
"4",0.795579522246886,-1.30392106175646,0.669549120611236
"5",0.712674043324688,-1.14262675705944,0.422336625440552
"6",0.180027677302878,0.44658574327768,1.31343716916078
"7",-0.325940868442303,1.00260642055593,0.290470299126011
"8",0.535156642915197,-0.454001553447332,0.505438310793096
"9",-0.152557591024314,0.863236823465931,0.854657357179511
"10",0.0789344761439881,0.291446874759371,0.203698502349788
"11",-0.171168547574344,0.996047900085064,1.05093370367106
"12",0.465990946163218,-0.341002360551969,0.375511179718939
"13",0.484651731299999,-0.37067550693775,0.410052718237537
"14",0.0442860406124679,0.274916949640029,-0.0329512911868501
"15",-0.119012439409952,0.648814374379761,0.469189535968223
"16",0.643244491864134,-0.26457426055095,1.42050150913029
"17",0.659936304880837,-0.398564986358216,1.23262003496831
"18",0.0571724263193761,0.792921646797961,1.73478637787797
"19",0.884589278921251,-1.69872465527191,0.768092815836918
"20",-0.0564173015994857,0.744428573505379,1.04364334990199
"21",1.05237317897195,-0.841304577200821,2.48587769936431
"22",-0.514076986455163,2.06497552225962,0.817220807280354
"23",-0.402623823028635,1.73438757379695,1.0303593094557
"24",-0.181319175300037,0.630000252774229,0.103048825771489
"25",0.408408606019323,-0.00271825639016051,0.886099035393618
"26",0.484523573949848,-0.568651387768454,0.0533022952435894
"27",-0.173518969332889,1.30279420142823,1.59172074774434
"28",0.455391375402355,-0.444989634101525,0.123071614953235
"29",0.757496283902588,-1.14268623343538,0.64638287777699
"30",-0.224043933140864,1.64567498429615,1.81747460563582
"31",-0.162162632822212,0.771865311536998,0.585349515378679
"32",0.799220147462192,-0.746020135631131,1.35275728256678
"33",-0.177357724075416,0.711813861288677,0.352634371127561
"34",-0.0694113357408013,0.478624479768781,0.17960971072155
"35",0.591961911238431,-0.856283768321832,0.163798843663975
"36",0.2409879557415,0.0683576569379858,0.253972471441304
"37",0.567620894418568,-0.622275371889472,0.381900200264746
"38",-0.0343659342797961,0.968514330397175,1.67782931637795
"39",0.688584728152096,-0.995937266928386,0.470158549870919
"40",0.841951686974436,-1.04519072499608,1.17863420799144
"41",0.0845468809528439,0.737441524190074,1.73021489164735
"42",0.868769982764363,-1.83676070337197,0.585056556154582
"43",1.00627694825806,-1.796827388895,1.30186588605274
"44",0.627481382021878,-0.558839097250862,0.7843983355707
"45",-0.617201599218508,1.94312427082891,0.183085077549812
"46",-0.266548503414213,1.14309632300939,0.856693119483251
"47",-0.472240610368747,1.66834270247174,0.604135764718063
"48",0.323742979243665,-0.037510339967145,0.367876128293918
"49",0.197524416665493,0.102947550449142,0.142228354226768
"50",-0.339061373308217,1.43124880571623,0.957634676540308
"51",1.22310910839304,-2.40882660345996,1.99674825201859
"52",0.936742921870701,-1.76875213739241,0.975157341102295
"53",-0.156962850379823,0.96779023261608,1.06332335636726
"54",0.162398118512213,0.273843166134382,0.553534343123313
"55",0.82710383620954,-1.11305889841693,1.02709086550741
"56",-0.403397314894158,1.38168155300463,0.563491716320255
"57",0.601910922129593,-0.649144123530465,0.511181099767842
"58",1.08972139196772,-1.39778411021652,2.05039290028092
"59",0.756843679632401,-1.04525888064277,0.753014761271666
"60",0.827751952744423,-1.85891055599409,0.36399586155861
"61",0.306451346911729,-0.0902113625202455,0.143951081437622
"62",0.588052130166599,-0.65785362902373,0.428407058617798
"63",0.769509613851284,-2.00717934181878,-0.0294750596444868
"64",-0.266334186433016,0.895411613963995,0.359177685535741
"65",0.0942553409250215,0.241173521526609,0.0913472237560141
"66",-0.434982631345939,1.3235324798755,0.316977975029723
"67",-0.229592260045519,0.88453986814874,0.518333810560384
"68",1.19060431491033,-0.834094188691265,3.18674924038361
"69",0.674847072346771,-0.691575537758395,0.811038774114421
"70",0.851943079749403,-1.34040123909796,0.915824572307574
"71",0.622683258644005,-0.705255225636233,0.529768711477556
"72",-0.575477714370166,1.90879498257972,0.356657444364166
"73",0.0642561222470095,0.471417299236752,0.822815676897357
"74",0.758605989450636,-0.625042976479468,1.33244082386125
"75",0.998160547504215,-1.57918750988468,1.43259596504335
"76",0.693151996224788,-0.867676267910094,0.654665400436222
"77",0.967097122408013,-0.788305316187888,2.1321228929369
"78",0.364467329497494,-0.149269918859551,0.288324249293681
"79",0.455085593892506,0.0880910225120557,1.38419988420983
"80",0.81646135616476,-1.52742983781019,0.568029262594228
"81",-0.222501533579227,1.34172094020381,1.40752226713831
"82",0.352661841877342,0.21109233136443,1.27565190891859
"83",0.664104340410636,-1.03882641623684,0.29682885757868
"84",0.899241008395805,-1.6584984606519,0.873152706954441
"85",0.724154634595168,-1.07547169805844,0.554724292176419
"86",1.06543713712884,-2.99609126539529,0.926074938986053
"87",0.370074658885956,0.456984182838157,2.30093688532656
"88",0.369438865385112,-0.144364745690991,0.324965414004296
"89",0.764977210276825,-0.719172855391085,1.22064980197011
"90",-0.0874774267954813,0.545272041651206,0.312040889173756
"91",0.730530442630791,-0.902045771984992,0.796791234898981
"92",-0.285297673481415,0.803435609321723,0.0483731848055895
"93",0.584340438885069,-0.69210366373683,0.357712079834839
"94",0.706852512538043,-1.16747904952723,0.366307627681096
"95",0.920246456643255,-1.94935149492018,0.763158731384949
"96",-0.435410989567726,1.81150581015542,0.953377636765655
"97",-0.303311642349415,0.967163169958009,0.330261086398554
"98",-0.177626768537452,0.863401154814689,0.729692090982111
"99",0.659242459618135,-1.036516778619,0.275224264937627
"100",-0.167910269133997,1.16686561504386,1.39232559713307
"101",-0.05922036952774,0.55094072101384,0.471506169012609
"102",0.964811688208439,-0.597420952399425,2.40766530366448
"103",-0.0948906635881654,0.731971807437951,0.818650453737707
"104",0.294800073595768,-0.0834765936774277,0.102857673806426
"105",0.886039357367551,-1.34402565601815,1.08281818532236
"106",-0.277992150117431,0.854711392563483,0.207656023564036
"107",0.794674962373131,-1.87822763907725,0.184835145515545
"108",-0.693583886719679,3.09592829412992,0.655535035904954
"109",0.0349245236488355,0.507668276255067,0.800458370865312
"110",0.750914310897548,-1.4397222339799,0.317831193999211
"111",0.92344390675251,-2.04538813745717,0.71508529607815
"112",0.676527955386003,-1.00086212631217,0.40395061373252
"113",0.69525577364442,-1.05362891383888,0.435350803622536
"114",-0.598369259743849,2.16188327630948,0.483943407522226
"115",-0.117035778800811,0.86990281988344,1.04765840680339
"116",0.704703231123909,-1.48818619189495,0.0434374829798311
"117",0.746088157944342,-0.880291868089229,0.902786433517678
"118",-0.400089947051103,1.46056154865106,0.694090953031619
"119",0.911572559275344,-1.07044827506546,1.49755866698452
"120",-0.319306498438437,1.04175409351979,0.402010731321452
"121",0.739882257962337,-0.854204378521428,0.906167123072002
"122",0.908698209364223,-0.961446615813837,1.61278313253037
"123",0.898138816893033,-0.958489310109807,1.56363925425325
"124",0.645132406719263,-1.05603179060674,0.181952396631733
"125",0.508567244431222,-0.231733898859509,0.818789390802631
"126",0.363565390343622,-0.207358804857537,0.148413446651305
"127",-0.468525586661388,1.40263226977228,0.268810793294298
"128",0.997295048621108,-1.08647008860073,1.90791583618083
"129",0.582214574930383,-0.506608510491068,0.647090668359599
"130",0.613980014314838,0.00592516765526502,1.93806744644692
"131",0.547147605315737,-0.596797526348081,0.320353608105511
"132",0.817906407509931,-0.781245199273794,1.39605943797337
"133",-0.316986414139628,1.22010580622463,0.739026986982288
"134",0.959137361661165,-1.09480195675557,1.70771089295375
"135",0.823955731883173,-1.73265108928048,0.438649530622767
"136",0.544382905903048,-0.334334597180872,0.780888701843873
"137",0.845515260197434,-1.76044455271145,0.525283065933718
"138",-0.0150139151318657,0.915891779465003,1.66135888184581
"139",0.87906739285197,-1.6825796904497,0.75316150442173
"140",0.799062501379292,-0.988075341450237,1.03204612562829
"141",0.57013749092629,-0.359923443124368,0.858596911899052
"142",0.971088310150563,-1.02674989079286,1.84593846498786
"143",-0.581698652936592,1.9483451763389,0.365863668149998
"144",0.459970932743454,0.0276339961508819,1.22955444049211
"145",-0.512802141794167,1.80893893929496,0.563598486629769
"146",-0.0514579617199331,1.03323607208518,1.72443163203752
"147",-0.451718934826444,1.51318628865453,0.508402250177585
"148",0.315110575966379,-0.00182996767665308,0.42207679259516
"149",0.831098794462325,-0.606378509278063,1.72466237491795
"150",0.956652998076051,-1.44357503209655,1.34303353783781
"151",0.627190730169258,-0.390511580552766,1.08430972273398
"152",0.666803790139692,-0.944005520098857,0.424964749672671
"153",1.00358525255626,-1.97799162920678,1.16041767369374
"154",-0.499094445311507,1.46670932576265,0.207678589363233
"155",-0.393748662404155,1.32967373325207,0.532693379880871
"156",0.64330058994924,-1.12222345545446,0.097900723406336
"157",0.428327382793381,-0.352517273517684,0.164207457820958
"158",0.537030910947326,-0.23868277224671,0.94575941304874
"159",-0.474703719071809,1.6863364695383,0.61345925520327
"160",0.0817025021397346,0.294404065209518,0.229018670414193
"161",0.796762064850258,-1.24474914114533,0.734858169605191
"162",-0.195474559170201,0.760660074101589,0.390258806214678
"163",0.414658183006731,-0.229599416920427,0.353978591649649
"164",0.793419314293383,-1.90441601706163,0.160103506753626
"165",0.926517884795997,-1.92804617669407,0.809161477016925
"166",0.0976810677844947,0.587489618064339,1.3705148926432
"167",-0.553020612462597,2.3253479114224,0.848559838178391
"168",0.610712976641852,-0.829409278547181,0.293632745998379
"169",-0.261462965772929,1.22475105772933,1.02448945372754
"170",0.662264597149878,-1.22238922641699,0.0853989626104293
"171",1.05873932335273,-1.26546573672313,2.0236978008109
"172",-0.718134005971275,3.16963495249498,0.57220112374856
"173",0.667868252607772,-0.90073675569082,0.485165258718226
"174",0.271378729303646,0.268303254374962,1.07749921117492
"175",0.610371518880149,-0.520498292312796,0.763827614246072
"176",0.268297691926339,0.16012727439047,0.679746242613645
"177",-0.0685729308426143,1.08624336213955,1.74153229722736
"178",0.348233721378861,-0.0334297868015925,0.501283977937389
"179",-0.0429101625284161,0.424427736627518,0.117783237655954
"180",-0.00927452481164041,0.472702434021752,0.459659220111992
"181",0.633911255606643,-0.67402677961702,0.632911442493434
"182",-0.556344216682053,1.63243960900625,0.139629854767447
"183",0.182489542811762,0.432961237174419,1.276217528627
"184",0.601976849496917,-0.652314665222067,0.506592960683335
"185",-0.0104290484592656,0.833821627451987,1.49619531702803
"186",0.243489365903529,0.202654809027202,0.70025279279233
"187",0.916471435330037,-1.90514404147792,0.774854731500607
"188",0.259303447759988,0.30246681145759,1.14853759555758
"189",0.356245338424795,-0.128200929378742,0.298227965257222
"190",-0.307802471346385,1.02942681349798,0.435145443555035
"191",-0.570586434610778,1.6873428942259,0.135248121501923
"192",1.18466259092318,-3.68650142845574,1.26601854174153
"193",-0.33965319632732,1.50795355066016,1.06165071019708
"194",0.039324027209959,0.593895890323343,1.09832826190844
"195",0.568958956726384,-0.783217730516344,0.148553764725257
"196",0.563999558595663,-0.129985498457963,1.33263738425949
"197",0.370700704759009,0.0596238624909947,0.876502057065646
"198",1.16242641082571,-1.57068836467303,2.26104937671171
"199",0.138788113292194,0.465844224506656,1.17589644603441
"200",0.0568289368685162,0.375868916068974,0.431260255633526
"201",0.335943433309354,-0.0674938670147571,0.349771939643905
"202",0.505577734011588,-0.228938656747325,0.810043894569351
"203",0.334822258429725,-0.215835062351165,-0.0144423481898401
"204",-0.525578544141235,1.48660599101387,0.102857316840428
"205",-0.471568598783458,1.50399544059618,0.396700152950879
"206",0.599000052775349,-0.504044246269045,0.735487848000216
"207",0.702297587381782,-0.681062623002118,0.964154555659928
"208",0.260732192358325,0.543199503918483,2.04641323438046
"209",0.629659927527049,-0.50640700752075,0.884668330014834
"210",0.937842373652638,-1.38926656202309,1.29894193055395
"211",-0.140755700536815,0.592648457340176,0.194124145956952
"212",0.347179575203369,-0.13942146362095,0.225600942979472
"213",-0.123862604441396,0.667917470155746,0.499280072174225
"214",-0.0917281417167421,1.03437715369263,1.52534151578468
"215",0.902456539348274,-0.329943091387209,2.58013756591773
"216",-0.0496553591200465,0.860638715621388,1.36314289537153
"217",1.11197324721938,-1.66737706821699,1.92973339057559
"218",1.05245330970055,-3.7961380696657,0.569990026440245
"219",0.517974063847925,-0.322457103373577,0.672944073253329
"220",0.667702065104473,0.0359242968394961,2.29208377174754
"221",-0.17034740526062,1.0718020544801,1.20515452773334
"222",0.0439703943424207,0.369458432109057,0.341678599504292
"223",-0.632688636885451,1.91746962780819,0.0795309036883848
"224",0.858465317186236,-2.64583688139612,0.0508409039188675
"225",0.784270710273032,-1.15551172539933,0.766307853929139
"226",0.905510274775301,-1.12965666114622,1.40074226908226
"227",0.1017068902142,0.384322054411221,0.688691145340413
"228",0.485873349657535,-0.174504107646288,0.835610044396872
"229",-0.259833868958048,0.785154292966494,0.130419969240634
"230",-0.452165557002977,1.27102705278101,0.147543011207223
"231",-0.286291825781646,0.844589921086914,0.142406009019058
"232",0.0847779213904917,0.610456887810874,1.37563213762799
"233",-0.265471285967819,1.80063421902766,1.79108541336781
"234",0.480073701192582,-0.115593616516338,0.948401903078063
"235",0.0417540919696891,0.742362261063965,1.52911677263558
"236",0.855636900906043,-1.38022171071702,0.896395463057526
"237",0.344766809768823,0.0248639734056431,0.645603656916809
"238",-0.176582646403095,1.32041355192802,1.60411248069854
"239",0.644262913786003,-0.537567540784268,0.904105272788212
"240",-0.276180221161081,0.890422673351161,0.298711317435619
"241",-0.478191400728713,2.0331796124436,0.966575955092528
"242",0.676806825996703,-0.628796566516768,0.917513260016842
"243",0.18704349406728,0.23788610025872,0.543326788574587
"244",0.0576688257541829,0.300419871692248,0.13233395546571
"245",0.187279033237636,0.490023151947432,1.50238001027168
"246",1.00063534248912,-1.33909694902109,1.66054290533167
"247",0.685912759586675,-1.48641617952273,-0.0489537957450888
"248",0.742077530097887,-1.00348855045798,0.728547360055062
"249",0.0405842795384121,0.791288467125534,1.64779254462988
"250",0.404688491840324,0.491120939995111,2.59318659803255
"251",-0.64562740549564,3.71077571208281,1.18815290659589
"252",0.843282294275869,-1.1382228070213,1.08019419999121
"253",-0.098154417476206,0.803255454019973,0.983647285137479
"254",1.12215391036616,-1.49848023853947,2.12164404271138
"255",-0.499354844337279,2.18492131931949,0.999244487519892
"256",0.656173929044697,-0.45875372963533,1.10189556704479
"257",0.735304338016122,-1.07615402592544,0.609693992743971
"258",0.363334864177202,0.847014377470812,3.39624985589542
"259",0.460693830203262,-0.341078331541135,0.348873178538381
"260",1.07875779032496,-2.47961489061448,1.23696185384339
"261",-0.103835208142664,0.54681180051483,0.235201574009575
"262",0.00985409716506336,0.389615908419818,0.249944463522219
"263",-0.437526462187448,1.45024558753463,0.492372036365327
"264",-0.693575023085975,3.40835187122451,0.814068305145365
"265",0.137817145634208,0.57497464605052,1.53250840231945
"266",-0.0242087637514274,0.737276600731174,1.18600434547524
"267",0.910615385647942,-0.741694263870687,1.91598134033213
"268",0.385411117886335,0.0335337015573835,0.873723216831389
"269",0.0724152975206898,0.268636662603619,0.0839381871734535
"270",1.21746636006184,-2.97003745801245,1.69730668884391
"271",-0.571952682112489,2.23009602751494,0.67514112536102
"272",0.315936551897751,1.12315669933782,3.73285544170466
"273",0.150701644634886,0.289909031622765,0.556580841730993
"274",-0.585845178914798,2.65660642824849,0.928322526308084
"275",0.85996830039042,-0.378383740384033,2.27161967137219
"276",0.777108096076907,-1.361049885732,0.521882749455777
"277",-0.345840821368099,1.37160048424791,0.836199327725401
"278",0.779876916672218,-0.520266562534318,1.61175355274954
"279",-0.655349802304462,1.98428084975486,0.0333761499485698
"280",0.930611474535668,-1.96846470653049,0.801981876306436
"281",0.668894219221115,-1.29366802383216,0.046257583045803
"282",0.764676236547295,-1.39282905517568,0.429783610971049
"283",-0.504745738290997,1.70285140531688,0.482876540145016
"284",0.977604684032839,-1.18581478658434,1.70048293371813
"285",-0.154045047053209,0.564331774597742,0.0398744205785817
"286",0.330562528063804,0.0541014770538176,0.659475913661603
"287",0.633861779824164,-0.682675380985876,0.619533645850662
"288",-0.246580464151282,1.39035681976204,1.36045598582499
"289",-0.411641236036245,2.07623145863821,1.33990711099676
"290",0.322643231126404,0.192087811433026,1.05943906370169
"291",0.613339599080867,-0.263347580803639,1.27361540761309
"292",-0.0486322097024562,0.643474221450197,0.805702296832776
"293",0.720712199954701,-0.929280848419886,0.712994774571017
"294",-0.180135307132995,0.947681969704906,0.904809109901256
"295",0.73026945332089,-0.859761347370836,0.85071904135475
"296",-0.428917154614082,1.20162528554653,0.147865953184875
"297",-0.23645604446905,1.00443008011307,0.741605976795501
"298",0.658796864565215,-0.905794277050276,0.433306898918837
"299",0.896783723496419,-1.6953967599481,0.831669048096385
"300",-0.198968252244076,1.19214364049693,1.28125908401174
"301",0.0511773819400256,0.328834292111525,0.21320583444863
"302",-0.00193467062783143,0.629215614372517,0.997670042617435
"303",0.790622612531391,-1.60607812823099,0.372592815904268
"304",0.762587027176659,-0.82999935024982,1.05220324945567
"305",-0.0613710753464616,0.824518686903406,1.21921916752444
"306",0.126226052083793,0.321386378967473,0.558352651996803
"307",1.1227544231311,-2.62318450595966,1.38345847643655
"308",0.152181520291686,0.293984820141277,0.579783670606631
"309",-0.179914868318622,0.919498033245884,0.844790352589864
"310",0.932229007647531,-1.83885849827949,0.900831041735893
"311",1.02379714723089,-1.78026263524203,1.4017959503719
"312",-0.201010429865929,1.03195547710116,0.974129385231427
"313",0.682209909957268,-0.917799130311037,0.535032919350071
"314",0.470859299612022,0.121589942931202,1.56749177294
"315",0.668855305543437,-1.1825800982763,0.1601743663945
"316",0.737626014308622,-1.14719212207319,0.542118259189191
"317",0.0163018507990123,0.608926011574845,1.0286643577603
"318",0.245414658465275,0.173771480366509,0.610937188761621
"319",-0.0792078459887035,0.571323997885654,0.435997429589286
"320",-0.583334519744821,2.60116551011615,0.902992283748539
"321",0.278297444953726,0.302818074140395,1.24488770206799
"322",0.601044606541025,-0.00673476041864599,1.8381485900409
"323",0.167899537644146,0.659188965066258,1.93339730213729
"324",-0.791044251055684,3.27080876774739,0.25965577449405
"325",-0.247739807764266,1.5930390867618,1.63309395678809
"326",0.229204627266123,0.105759727843474,0.309390109838639
"327",0.540910007571432,-0.717305518841932,0.103063532624968
"328",0.679268222006237,-1.20546608485704,0.18806543198227
"329",0.390501630453826,0.225431612531421,1.51572452211727
"330",0.820923627876814,-0.426929897424933,1.98409913868805
"331",-0.357168732838452,1.06990465641322,0.267408432351938
"332",0.963014624822483,-1.87866467917289,1.02622341068279
"333",0.566543968321065,-0.715569581692573,0.233793091006763
"334",-0.220081059155768,0.657530783167636,-0.0112225175006144
"335",0.153289975978795,0.56474249454717,1.5778428155295
"336",0.740695552669084,-1.16980110236196,0.533029619051083
"337",0.763744309852096,-0.470426245899112,1.61869807691664
"338",0.474591983830058,-0.497428076397063,0.12502410543972
"339",-0.0656657672493381,0.744993582960918,0.998871134733496
"340",0.300766416052737,-0.139128370310785,-0.00575558680247693
"341",0.498491196161853,-0.483278615311027,0.269492534141539
"342",1.00802931989626,-0.603970248824616,2.61318672067707
"343",0.774809167621164,-0.557492613973545,1.52328508012133
"344",-0.0636110773578556,0.953510006322718,1.49987283915201
"345",0.694133993279863,-0.791465348617709,0.762897256915657
"346",0.716771085372204,-1.5178278144778,0.0778733159248831
"347",-0.27318497988609,0.765607354020729,0.0143429899030481
"348",-0.435229285874609,1.23156114834497,0.167105809202791
"349",0.473989429330562,0.146964755684526,1.66487621553835
"350",0.598063329369055,-0.851595047125536,0.200549977362654
"351",-0.65871709840774,2.37472843996146,0.359271721838654
"352",0.972205061575175,-0.636499380586624,2.38238645922563
"353",1.08156301270735,-3.33214176353378,0.873587046353266
"354",-0.341876912985536,1.11223994144752,0.423673572827318
"355",0.486402595385555,-0.23366084669833,0.703700052255574
"356",0.809853960676347,-2.36842760544354,-0.0472603359840008
"357",0.722600680567348,-0.736661243599641,0.983202681580808
"358",-0.16301616025604,0.738120037585344,0.494177548889936
"359",0.873881459358189,-0.898013647960394,1.51874151935684
"360",-0.428694758859448,1.15161508935149,0.0612697108966972
"361",0.699387334531867,-1.33642013903053,0.156885820695194
"362",-0.0859707014502828,0.768128500165005,0.956829864912505
"363",-0.260683151719226,1.06619543054001,0.74270422868564
"364",-0.113479924699765,0.644357806568388,0.484015929893614
"365",-0.161476643283307,0.644496393915739,0.244432424577214
"366",0.967472844557967,-0.631105519318417,2.36720323731146
"367",0.520905690693083,-0.36054239527295,0.611216969547921
"368",1.1003461789293,-0.660733141525755,2.98544061355072
"369",0.641479726304042,-0.893608218877329,0.36242609763307
"370",-0.431644007227024,1.78877884816098,0.947047756791499
"371",0.870187401480299,-0.423789586638839,2.23627249532308
"372",0.88871125022349,-0.83197312969883,1.68015171514881
"373",0.774672988377911,-1.30753267953976,0.561461783404059
"374",0.710515829325396,-1.12046208014042,0.43592751748138
"375",-0.451865470566714,2.34712007705176,1.37174971474693
"376",-0.344341206444093,0.982815014694777,0.15779619137234
"377",0.910128231881798,-2.59345539253933,0.335160158077985
"378",0.57272790452419,-0.0639609183356856,1.54289075046532
"379",0.780496086091196,-1.55950118407228,0.360828137085178
"380",0.650510898830376,-1.14936121904827,0.104182627868078
"381",0.336984358318011,0.0758675640789686,0.75653821483397
"382",0.886780425787234,-2.75345303617453,0.140821941757693
"383",-0.389238441119587,1.02769141180742,0.0245113505342648
"384",-0.246414442659752,0.749427606372404,0.106635707633285
"385",-0.301525693136061,0.913215479062932,0.222893072520594
"386",0.910849136256204,-2.29564199007715,0.498912163066314
"387",0.249889270167282,-0.04898814062984,-0.0319600952106503
"388",0.647487431517709,-0.683867948818116,0.685858190617358
"389",1.18772027004536,-3.41895729917864,1.37271044715078
"390",0.628691614239491,-0.0677497133775628,1.81284813559565
"391",0.88133822091108,-0.385925948579271,2.36387421729359
"392",0.422100926244602,0.120521200570685,1.32030817281889
"393",0.291286174464607,0.0135874229102464,0.346155954953404
"394",-0.205495631752945,1.08899764315507,1.06212588479051
"395",-0.339442045385442,1.32049531783191,0.789943189303399
"396",-0.270440490367086,1.3788652553534,1.22407615363382
"397",0.263898273366472,0.196698448157479,0.781620991453977
"398",0.722995134203223,-1.37210577751511,0.240836264219115
"399",0.850992638629383,-1.45221060281851,0.806935916750924
"400",0.670483300051258,-1.25058690606134,0.0975056885565592
"401",-0.0469280453804806,0.52539349878286,0.450110594084223
"402",-0.357206740097313,1.31507599886963,0.692638010970678
"403",0.677595807424769,-0.636588870890922,0.909199833425128
"404",0.663396997830192,-0.73637580316069,0.687598815790984
"405",0.487462615118152,0.206399497181934,1.93319182710471
"406",0.368341396469586,-0.0957652994733672,0.439334147493493
"407",0.850369383739512,-1.58099780203737,0.69212721127471
"408",0.67473338285394,-1.26625660866926,0.10287005916788
"409",0.246813997451148,0.276569573799329,0.985970252480449
"410",0.955468566993947,-1.17648401433167,1.59974009331675
"411",0.591063817888521,-0.931633852997902,0.0617856397932029
"412",1.23013364858298,-2.78404226139332,1.8433540368933
"413",-0.0165303447660449,0.547182752362064,0.672917046513773
"414",-0.649186478281424,1.99630053515799,0.0759789352691953
"415",-0.011014074089583,0.402627318753346,0.19546822528359
"416",-0.0698367123848224,0.598376459264384,0.5661505077382
"417",0.645199819890801,-0.265641000080308,1.42798620269488
"418",0.255712822718118,0.0612350920189954,0.306347024569548
"419",-0.0986335734982288,0.835105241603298,1.0582292369162
"420",-0.289024493715334,0.93418696352312,0.331295414617422
"421",0.25724389140973,-0.0146981553889878,0.09721408411024
"422",-0.17507308621223,0.59478316810505,0.0290463091117349
"423",0.566368917878242,-0.569625168117325,0.460917721320584
"424",-0.41086785994058,1.18281963946799,0.205556496592185
"425",0.937545214350393,-1.69374888461145,1.03676770904056
"426",0.305788988450005,-0.129832644879822,0.0419578261561479
"427",-0.402383222758029,1.42284573219733,0.628931038017672
"428",-0.362780835795079,1.15063589393078,0.389085312144781
"429",-0.686842631045314,2.02339552482622,-0.0860521132779422
"430",-0.307303608671936,1.64098402625581,1.39540093470324
"431",0.0676583996147733,0.545288036474645,1.08777148095637
"432",0.73630024462587,-1.08717840286353,0.602139260479075
"433",-0.138800594127224,0.70288345847087,0.521281437525217
"434",0.0332451999521034,0.379436804556562,0.327329702857808
"435",0.193282751010442,0.224351371942544,0.525767519082221
"436",-0.301068946847419,1.37444459345577,1.06432346768571
"437",0.322126983384446,0.111530760842084,0.792065838150685
"438",-0.66377182809964,2.10354719927653,0.104459175591519
"439",0.63342668955344,0.0205414511713198,2.07657465636244
"440",0.869161680463046,-0.0752386837521424,2.99581728407373
"441",-0.555877160913684,2.17086199883493,0.704320382229708
"442",0.420844625247936,-0.197741484619355,0.456712425798873
"443",-0.208219600450604,1.37719585654685,1.5326869087831
"444",-0.222787768838547,0.766699046027279,0.269109023255996
"445",0.00520267254087647,1.01594352308056,1.97319321318494
"446",0.392882209213471,-0.153505053979517,0.42026973874025
"447",-0.274937928976071,1.11666979096235,0.766553168371423
"448",0.153374585803552,0.483902492167161,1.31181003796575
"449",0.0744019875916153,0.706646257849799,1.59749212763394
"450",0.456517058974673,-0.460837400908036,0.0998385003844258
"451",0.355101329376347,0.0449178271641645,0.755218320894361
"452",-0.460117584365631,1.71673899863471,0.722352234563887
"453",0.894041486896734,-1.33371149033319,1.13277459379567
"454",-0.240684056896995,1.48628173090744,1.52688319701356
"455",0.42093130851676,-0.102661929389028,0.684923543708777
"456",0.571638958079097,-0.359121106647686,0.867687921120654
"457",0.173270223507296,0.156686332124142,0.193219266352444
"458",0.210590767397477,0.295750090192861,0.878699261071572
"459",0.67958936661904,-1.03437355366291,0.379472516144861
"460",0.134134709738068,0.319208651468876,0.589148990980916
"461",0.302311887142601,-0.108578802013144,0.0770268581561119
"462",0.0355491473682422,0.928014561181131,1.94074763672342
"463",-0.179380476508895,0.923446548202865,0.856121353957141
"464",-0.64569321679924,2.24862626850391,0.322097422556371
"465",0.643815313123192,-0.352327184368568,1.24202466679904
"466",0.271288258325113,0.402065296828331,1.6048423806581
"467",-0.373331327194492,1.05066350060103,0.149347183588452
"468",-0.296020988503751,1.25662496582698,0.904741452534688
"469",-0.393019709709025,1.28483507910813,0.465573880351938
"470",-0.591779339836311,1.75241601512459,0.105311558955866
"471",-0.264216022943463,1.45179878760668,1.36112000110053
"472",0.466701973946288,-0.444140688061016,0.181181631472075
"473",-0.178261704815432,0.59224441503712,0.00536042067435955
"474",0.53536310125777,-0.49812182266169,0.42766283425686
"475",0.49875113261971,-0.389456736155467,0.444139129210144
"476",0.951716153677283,-1.45045498586868,1.31213514716788
"477",0.533559275517001,-0.499262725816281,0.416644037623967
"478",0.181197895766063,0.189925886356389,0.344783031195747
"479",0.304129099701288,-0.0812652437276562,0.155163497158046
"480",0.164253799440729,0.237696074039302,0.428688343838961
"481",0.784165349124003,-1.30518861769776,0.611229778204419
"482",0.586990146731189,-0.882834285085759,0.103977177842238
"483",-0.705486350677137,2.29457116011821,0.0612483647776007
"484",0.598743703848783,-0.677434338775841,0.451889821662893
"485",0.756679900322238,-0.506770529218439,1.51913519714595
"486",0.0910577750106144,0.272769308848316,0.192762922055184
"487",-0.565983540451897,1.76075336589456,0.243792827206322
"488",0.619180209530415,-0.441671044126655,0.948108681818282
"489",-0.183633464268002,1.01395475584755,1.02500595052617
"490",0.819715642868914,-1.29237262183283,0.801649798746642
"491",0.3584154079518,-0.111379581720025,0.350569160712871
"492",0.866117686476459,-1.57544160708092,0.775517248042104
"493",0.214499870086807,0.158803552388591,0.406370284691477
"494",0.803244641008393,-0.572563207244181,1.64044247360857
"495",-0.176542117385442,0.747344634084464,0.450597650841616
"496",0.661886825335627,-0.897127818241279,0.459911695448844
"497",0.0705556773498065,0.622192110409101,1.33943561065514
"498",0.501456969075266,-0.402466441917197,0.432792892755817
"499",0.371384024976429,0.0128595119807157,0.744589765672886
"500",-0.161738223894987,0.867540335980964,0.818702295944757
"501",0.279580349131573,0.0115680162337314,0.281928389985591
"502",0.502544440718435,-0.225320723924695,0.802928923639709
"503",1.16630743596602,-2.19363862889937,1.83639406581516
"504",-0.415669528989,1.42468280443969,0.56515009736454
"505",0.739969454723786,-1.61253722921141,0.114018033322716
"506",0.543734964813299,-0.687115843345195,0.162191924780911
"507",0.64323810607857,-0.389490909020091,1.16650828770049
"508",0.0965316887396534,0.530440463334556,1.18396806285492
"509",-0.4334696194377,1.31103234859281,0.304971434756521
"510",-0.317151509778925,1.3194905533414,0.899826040521523
"511",0.0893201220839472,0.624811847075892,1.44099195039859
"512",0.375346984039461,0.0228217057473354,0.792672691206949
"513",-0.63930380123062,2.31561154345819,0.409287300670706
"514",0.461807038101777,-0.373192399670271,0.290915135077631
"515",0.830290224897667,-1.25334049755803,0.893737321323799
"516",-0.46378284493653,2.84666001087114,1.66069083194927
"517",-0.000369632096643147,1.19118295359024,2.2725883228109
"518",0.221495103016971,0.281624393408502,0.878668500363493
"519",0.161682909323093,0.133303336709516,0.0590499462909891
"520",-0.102813379799051,0.624307303919979,0.478836597645567
"521",-0.480253867842464,1.51038318732392,0.361938163677305
"522",0.871736239328827,-1.74620708348408,0.66718932869008
"523",-0.694504874508451,2.23659398465001,0.0678902866583534
"524",-0.345940966226294,1.39461091179193,0.869938404530862
"525",0.347098487922141,-0.160005581092835,0.175884691880687
"526",0.108773178010913,0.381346929262475,0.712432987943282
"527",1.09369039472005,-2.73992893025652,1.18172457758841
"528",0.242759739502543,-0.0156833583664175,0.0220926881789393
"529",0.506877479892402,-0.414300885687435,0.437508636079682
"530",0.597326027029581,-0.913129929814527,0.116564098668714
"531",-0.311918680271114,1.88624234363785,1.65100893440112
"532",0.669913779565412,-0.767408244379805,0.675630755055723
"533",-0.618775540665307,2.47994620813119,0.639018173799396
"534",0.105039601374275,0.395312943197255,0.747803077275749
"535",0.602843744466614,-0.899579195728476,0.161534042550096
"536",0.874102152971731,-2.24509530612005,0.344634966377948
"537",0.289243488647765,0.335783751492632,1.43187482449398
"538",0.592770553546524,-0.296169871373195,1.10118455120628
"539",0.842298657608707,-1.65216374174871,0.593514313242297
"540",1.37372472512393,-3.23375790193948,2.37156848606453
"541",0.829184259205356,-2.02051102141524,0.26008109184444
"542",-0.139948929642894,0.657879940499169,0.390432023592358
"543",-0.406875072575837,1.15503690174316,0.176486286111954
"544",0.967858431685234,-1.45976588195274,1.38447702909645
"545",0.796059499043039,-1.08471336579503,0.903730179768542
"546",0.25324660543012,0.0300787903094666,0.202951262297954
"547",0.793581613651805,-0.925059508477607,1.08267743231319
"548",0.986445623833998,-1.70264497579037,1.27431311791417
"549",0.988977628673773,-3.18113953056045,0.468303249501204
"550",-0.509920188435704,2.52546184026065,1.21653087717421
"551",-0.619851018888653,2.01841767581586,0.244116168365792
"552",0.0642303449119031,0.522199625765687,0.995374509062045
"553",0.206926320135191,0.320774015146067,0.959391986734216
"554",-0.39750315019132,1.35609132008979,0.5544668679307
"555",0.433120287949286,0.0279949299072117,1.09633623206712
"556",0.817043187031933,-1.24048521509384,0.840629942809312
"557",-0.275481747495275,1.85998502721313,1.80546851089254
"558",-0.114081350807344,0.592616719181071,0.327399004955184
"559",0.43017343534552,-0.206018572769527,0.484494045221383
"560",0.645008449816597,-0.176857091391277,1.62578813076221
"561",-0.506891439736029,1.48051994757019,0.187893641668282
"562",0.867497413488291,-1.61610712281291,0.748731924308672
"563",0.584241106168519,-0.823133568649458,0.16980046327975
"564",0.205574110668601,0.401463510884816,1.27398127639717
"565",0.722705508380061,-1.46359289479712,0.155285713883372
"566",0.53047467637896,-0.70579987214704,0.067915979709436
"567",0.0407527648172024,0.876643926129263,1.85206774971548
"568",0.546600814639222,-0.500835108445069,0.479098904810469
"569",0.229155312688725,0.194292924249739,0.599596480181446
"570",0.744900652455759,-1.07001787856797,0.664692230816725
"571",0.791536823950781,-0.854705580343703,1.16377274377155
"572",-0.52424791471306,2.17464746012606,0.86579173753786
"573",-0.335477827387008,1.00413660626097,0.245900184888056
"574",0.106012602024479,0.403296731607497,0.783145633631192
"575",0.979242234010445,-2.6477612937825,0.653781490212834
"576",0.296882102101972,-0.0621153664084096,0.168478882796681
"577",-0.316891549907679,1.01956077563315,0.369991318175337
"578",-0.508601860076978,2.33400951751638,1.07760691076626
"579",0.62036098953829,-0.824286666441976,0.348830187170803
"580",0.0673981842315065,0.253678523538414,0.00299328892415838
"581",0.895430773507398,-1.07799416775446,1.40822758267332
"582",1.06119743728551,-2.81429651735249,0.984775979557154
"583",0.883689584416723,-1.14834717108039,1.27117895960134
"584",0.869768283143164,-0.713358566445346,1.75317985127592
"585",0.524241755826598,0.0826787339814862,1.71346784922913
"586",0.787897140876254,-1.59282566569327,0.369919409645594
"587",0.313250364582493,0.271234363965841,1.2979179734595
"588",0.51384279483195,-0.387436507986096,0.523485474338329
"589",0.335463950355933,0.193157998762896,1.127227215625
"590",-0.420027982388558,1.71927948141281,0.925771809346349
"591",0.199927607656467,0.235450746764676,0.598916588921485
"592",-0.37258360280082,1.7041661463771,1.14524026158633
"593",0.454657479618214,-0.466031857416165,0.0811642259275515
"594",-0.583728807761465,1.90727073109922,0.313828104771946
"595",0.788336422022248,-0.636193989991988,1.46352230495608
"596",-0.18135091274254,0.921335620937473,0.841643880234326
"597",-0.218879561461666,1.74827314760358,1.96506898071528
"598",-0.285199148715104,0.857433898614214,0.177970618961909
"599",-0.441116288899962,1.18489293358197,0.0579284047032181
"600",-0.27916507660748,1.14607316486168,0.798971961197096
"601",0.679054547123009,-1.09738568703558,0.304387324464073
"602",0.488545895071106,-0.22778422172102,0.727450872054981
"603",0.794991627647465,-1.52972962015116,0.458700651678156
"604",0.115406052945953,0.283173514053132,0.354159714548339
"605",0.92976901500817,-1.15611543218255,1.49314574458824
"606",-0.226842977514433,0.730398342062571,0.154738340033717
"607",0.761666615403745,-1.62694786691822,0.21072896263076
"608",-0.325778373513162,1.32017409386744,0.857759808071126
"609",1.01716520868663,-1.04715256628281,2.05241748323356
"610",0.677113266597925,-1.33383435577548,0.0480146436711901
"611",-0.43982299590939,1.55052935624945,0.617637422802697
"612",-0.0559418078219157,0.594056779400389,0.622489524697061
"613",0.642853921252849,-0.200100257153308,1.56136851700625
"614",-0.197463450859444,1.15029417291322,1.21505977960658
"615",0.291490261096518,-0.0940795850386831,0.05933987610974
"616",-0.389803524212309,1.11829650891489,0.195223014702819
"617",0.705385649091405,-1.02427714783205,0.520344985646006
"618",-0.229322486818652,0.933823280497098,0.629017084778468
"619",-0.338409020621145,1.1833081091347,0.568702724646281
"620",-0.113575180138883,0.60096687970173,0.355305617216064
"621",0.209528203697104,0.721531978071296,2.31308147764571
"622",0.333793356269633,0.203795859625318,1.15575011365673
"623",0.413489286894393,0.20237767975835,1.54928720634289
"624",-0.496789822006787,1.65375386214338,0.463647549052626
"625",1.02046566317846,-1.77613053377314,1.38823128254725
"626",0.9521927678442,-2.43534308115349,0.627776024413382
"627",0.71743686073734,-0.94688125679547,0.674541602064147
"628",0.411974454495557,-0.328039661978012,0.131587146759369
"629",0.367626851919548,-0.157000748330805,0.285663722528944
"630",0.699193831715036,-0.146208614080999,1.96930421938512
"631",0.504552681673438,-0.562897441374662,0.162994624282437
"632",0.690808158322211,-0.396806932046216,1.39033577973845
"633",-0.506533591751138,1.61419852014233,0.365909702151436
"634",-0.0558837362848716,0.998673267615816,1.63273048370795
"635",0.442489758577268,0.0535609722173619,1.21751845825087
"636",-0.425755141421622,1.14584809990689,0.0656167321219515
"637",0.884203733735422,-1.8000555995186,0.689109875074824
"638",0.276135211685865,0.250165841036417,1.03370634768032
"639",-0.265112604403789,0.972591264694443,0.532643263449953
"640",1.00920861838224,-2.90374980944509,0.684763284193892
"641",-0.00450349063356248,0.440636224989141,0.369252156257197
"642",0.388817293275276,0.0807844560991113,1.03058914303755
"643",0.671252279824577,-1.12195557133524,0.237955689360457
"644",0.670553252006432,-0.837105195096916,0.582430459413212
"645",0.465452270429867,-0.395829149543878,0.265425333622942
"646",0.621444025278004,-0.780930725039804,0.414189261412594
"647",-0.644496876367747,2.62595606334948,0.614254677743792
"648",0.89450075069591,-1.44159512269235,1.03406533243776
"649",0.567220996484561,-0.698743754887237,0.26216527828054
"650",1.04376790437927,-0.880802526545068,2.39051800155228
"651",0.793848715092191,-0.681483081518206,1.42127328681801
"652",0.644391650721228,-0.258212227172368,1.4399532122635
"653",0.386098742886666,0.161467296366107,1.27319911357319
"654",0.579219493879324,-0.289412126308621,1.04758670438376
"655",0.866756685601803,-1.6263124960265,0.736696452726336
"656",0.795281870062645,0.18671371482968,3.40419876260475
"657",0.767095180483365,-1.81476324111796,0.0927309849606494
"658",-0.0669684083386497,0.739067080869396,0.976895740009435
"659",0.705036890028243,-0.537846671134709,1.20750136579396
"660",-0.549996141033805,2.20957972707198,0.767390051605953
"661",0.953901622224041,-0.636269543202818,2.29122978058692
"662",0.453319859450202,-0.401595530088215,0.193763857123736
"663",0.496724171317524,-0.192091152649527,0.849071684606276
"664",0.856334373477012,-2.47321954744755,0.128230133753518
"665",0.482395078157579,-0.527020092255347,0.112748441029765
"666",0.754918570256208,-0.50811853383229,1.50798293777956
"667",0.190330022286941,0.651717274677318,2.0242304185786
"668",0.15114376058373,0.210519855148369,0.26604821738483
"669",0.801277460734349,-0.518110288041335,1.72247219290534
"670",-0.198151313220609,1.28840698005349,1.44564519147624
"671",0.696337801826825,-0.808113727711669,0.750851669389495
"672",0.825718116262134,-2.46902510620188,-0.0226254677084884
"673",1.02730366204515,-1.84052469191426,1.37499774255765
"674",-0.176637327012741,0.774599072032859,0.519888554252675
"675",0.869021568751994,-1.73678969336418,0.660806841601031
"676",-0.484567649988831,1.53049736259927,0.367390783290019
"677",0.861325875055306,-1.23254810465687,1.07020231399016
"678",0.953306302987615,-1.86239626567113,0.989271397216169
"679",0.568705548947952,0.0318041595123183,1.78521010246551
"680",0.134391348986983,0.623924666193961,1.66373134588558
"681",0.733532002868018,-0.705196596100146,1.08409962737584
"682",0.156227375079817,0.235287205747178,0.379823332435756
"683",-0.675685520159273,2.52578120864168,0.387934582645419
"684",-0.0137266011349114,0.461543137471742,0.398124493364562
"685",-0.187715814866099,0.610912905237009,0.0145284887932413
"686",0.359881100621726,-0.237036311646935,0.0636380145939648
"687",-0.571979193245664,1.86470799752942,0.328002902085901
"688",0.537457668907124,-0.515289305948818,0.40824460723611
"689",0.75179008208317,-1.57161648197066,0.207088083229429
"690",0.0648797148293679,0.491245066610898,0.894567474722045
"691",0.117473916411348,0.391508238796716,0.795345237132325
"692",0.331139034460509,0.139399627861783,0.926011992880436
"693",0.607442684188315,-0.17451599238088,1.44342891892431
"694",0.688170489890994,-1.22993600408178,0.20711949876834
"695",0.524770772211095,-0.0860180016607975,1.24622103737751
"696",0.301519951077882,0.128666119420145,0.743354238582384
"697",-0.412000475650371,1.49239818022842,0.678706510808224
"698",0.805834485740501,-1.83026525333718,0.275098264845275
"699",-0.371959419155077,1.5549439391428,0.962749232166883
"700",0.561470753446474,-0.300099942240703,0.936491806355686
"701",0.767337194130214,-0.148143985428258,2.30537339723124
"702",-0.0161340832431257,0.380368061659166,0.084074174462252
"703",-0.435711921565475,1.16813986928673,0.0555688782100164
"704",0.673278807961286,-0.475900615653467,1.15656929668382
"705",-0.426956823738944,1.67036032410018,0.832994398362581
"706",0.531812562183852,-0.57604111364943,0.277551117770449
"707",0.653820031938443,-0.690585272928379,0.707392345466852
"708",0.516164334037964,-0.257341359405948,0.800700386210777
"709",0.866000992747258,-1.75178760642799,0.634269391069855
"710",0.578508957754088,-0.497231564111934,0.644953792613015
"711",0.917839285715722,-1.86543250660817,0.8097657244971
"712",0.235183193928753,0.113157305377655,0.362459059666461
"713",-0.488985847790933,2.4765587818624,1.2854605228024
"714",0.848688801974572,-2.1331328060885,0.285437880202068
"715",0.470602500185416,-0.0194793699446456,1.15092660069713
"716",0.156604436789765,0.438357234886587,1.16650440939597
"717",0.656401647537995,-1.26548103781735,0.011993978212333
"718",-0.245079024429716,1.15502224527818,0.985440358673428
"719",0.347894121803593,-0.0949209390193149,0.339231383175652
"720",0.2896878756218,-0.0662338481219847,0.121770283684275
"721",-0.650485526507955,2.14621273819585,0.209444759967512
"722",0.841411676431878,-1.64921490591207,0.591447228548976
"723",0.647996239749552,-0.653420623119901,0.734977335632541
"724",0.607158895860957,-0.148925733612435,1.5026070746112
"725",0.599537162449921,0.224006276306628,2.55580666171721
"726",0.831229983371888,-2.23278519612658,0.137556972783056
"727",-0.165088094607604,0.977175719063777,1.04233950688825
"728",0.375789051033065,-0.189326737179695,0.250762856309522
"729",0.847606732288776,-0.878076176904862,1.41327688382867
"730",0.586246956359299,-0.209454852879406,1.25707399638221
"731",0.552729009576349,-0.210934519737273,1.08613864516477
"732",0.782201346388222,-1.18358664755876,0.725833885410725
"733",0.738346867547029,-0.805819161896219,0.964059109748818
"734",0.127769821395263,0.356367104385416,0.70839868058001
"735",0.512575051726829,-0.537884187171811,0.245128503816784
"736",0.066989920736103,0.364072385335047,0.435371948019783
"737",0.25075359759179,0.268734408551588,0.97599804757071
"738",0.344688595271492,-0.0485089011975859,0.443305688765304
"739",0.0847122379024018,0.331480389933383,0.391641015878392
"740",0.2332242567927,0.327509194243843,1.11806491213943
"741",-0.263252390382614,1.18615125681645,0.949438320117177
"742",-0.108049998615584,1.47031383203017,2.1679308376246
"743",0.390728261046868,0.217485214536407,1.48855879693579
"744",1.0693464860989,-1.63715542210988,1.74084558024412
"745",-0.472822730458688,1.33519677803616,0.145868747796396
"746",0.695860460887639,-0.45253342494065,1.31163028819955
"747",0.0674697373043899,0.240693688705488,-0.044329583079534
"748",0.950046215873921,-0.453196392361502,2.58135164837222
"749",0.598981062448659,-0.184234528471017,1.37849477638617
"750",0.726330218912213,-0.719385432827018,1.02710206171667
"751",-0.090708625746871,0.669671709874292,0.669985514093168
"752",0.873755435008236,-1.80511613111219,0.633130271610967
"753",-0.399849037829064,1.33865502345225,0.516069424111284
"754",0.636540674681831,-0.51660220012546,0.901391076633456
"755",-0.642506481751589,1.92949987702388,0.0427423938554618
"756",-0.375671680598711,1.4075031486048,0.7402080658334
"757",0.339245162759528,0.167122985739101,1.05777796109509
"758",0.26705846108323,0.194189535047832,0.788755592601719
"759",-0.57790586909795,1.76463441254338,0.188586489187399
"760",0.845170265927749,-0.743066858456162,1.5867710968778
"761",0.69182261505619,-0.52702674308989,1.15987473755517
"762",1.01970295309102,-1.50718579149599,1.60178093996822
"763",0.173544349009336,0.440379959841922,1.25856058928074
"764",0.143877427445315,0.401953908465752,0.967364414898431
"765",0.494644832371629,-0.580232687224351,0.0848267483748207
"766",0.144128373588693,0.807379750353475,2.20516452060437
"767",0.587364666778273,-0.671888097671924,0.403439016540829
"768",-0.0903828551512003,0.685784087679298,0.716524980374313
"769",0.259008181372648,0.0352316957775834,0.246611797623316
"770",0.52339935167336,-0.655539902322675,0.1087153091683
"771",0.819835866448708,-1.02174201020538,1.09559468026778
"772",-0.144689530808565,0.853696553955638,0.871798020270849
"773",0.611927341691361,-1.15080618317473,-0.0903054759277114
"774",0.792775457976732,-2.08059323620679,0.0390311895729125
"775",-0.385484928457098,1.12638792606903,0.231666038686047
"776",0.851956653234992,-2.5408684447026,0.0710240533557062
"777",1.01125040882473,-1.66968148511091,1.42428720690265
"778",0.226380463221398,0.150409193470101,0.438107402151071
"779",0.0158031525254362,0.353533873410607,0.137138144615061
"780",0.836625237804286,-0.388598244407797,2.13516103359583
"781",-0.296393521530576,1.37117961715908,1.08280394251106
"782",0.366192098897594,-0.0868064659526025,0.451317478030927
"783",0.542201685820978,-0.744055746246434,0.0704996262246439
"784",0.31765518635727,8.5940042567599e-05,0.440130554832718
"785",1.18740383543433,-2.0787535496696,2.01334999651365
"786",0.528312526718131,-0.156090383694382,1.09125852374334
"787",0.409483684830263,0.0169273038010789,0.946594730602072
"788",0.912366172323869,-2.82456124015331,0.235944968699246
"789",0.663951365447609,-1.09145479092618,0.235557537210031
"790",0.940813244187947,-2.03262826281322,0.810263798072768
"791",0.118373246580641,0.408296999600035,0.86388627272572
"792",0.695864137600903,-1.28180660418292,0.192913141957213
"793",1.04455980897198,-1.87667055638943,1.43536459264004
"794",0.357325317693507,-0.0754000916898612,0.436219358525037
"795",0.504186393497413,-0.380573867721585,0.488462099454432
"796",0.667671019759233,-0.89524485747945,0.491265412463485
"797",0.420707242946798,-0.173543082105804,0.512028375414694
"798",0.878212301738629,-2.01810149880278,0.506810446670834
"799",0.359384317498076,-0.246857777333112,0.0395962830174344
"800",0.539034993593718,-0.487017682536316,0.465583836497972
"801",-0.132338637093844,0.882994901748519,1.00109221668187
"802",-0.607511416806147,2.5383235506253,0.737821203397126
"803",-0.136986219362284,0.839690462531453,0.87735347136266
"804",-0.270568543330085,1.63529358828538,1.57204512130085
"805",0.534142483779271,-0.199634949741708,1.0188737216982
"806",0.798840380363355,-2.05288971109744,0.0871943791186762
"807",0.741019092809347,-1.322704498899,0.378346374622296
"808",0.449259880725735,-0.444211336293833,0.0938415490271021
"809",-0.377422338254812,1.8411938754962,1.27563349020731
"810",-0.481104477906407,1.38857175435729,0.185192620323703
"811",-0.0805733075512033,0.677647919218035,0.742989021456119
"812",0.720491007496538,-1.17240605890326,0.429214392218135
"813",-0.466994188542377,2.26485183379204,1.22916783313872
"814",0.465689750824292,-0.31977509274961,0.416999806193613
"815",0.718830559425692,-0.801483962984381,0.872466435921215
"816",0.927421039813249,-3.25308536571985,0.132635740660086
"817",-0.175226728770912,0.848705711974623,0.707417677596824
"818",-0.204969019199522,0.875979838022418,0.621939547409663
"819",0.836345669777617,-1.8555971069079,0.409341581186992
"820",-0.160485097041578,0.941999920749405,0.990865139339194
"821",0.75962548094317,-1.32723413045395,0.466972918918489
"822",-0.501281975596714,2.51079999278013,1.24910389239132
"823",-0.0824699839978504,0.614562753449802,0.551658773504044
"824",-0.00750241766209903,1.02612311136901,1.93006527209341
"825",0.992534612011271,-1.22814694602498,1.7307879214264
"826",-0.580575543456118,1.60264174540642,-0.0188797044154903
"827",0.0203440483388579,0.847701937551894,1.68291278923519
"828",0.732688727486277,-0.433237123981716,1.53121338261025
"829",0.512350815843987,-0.197191815241039,0.915501241915839
"830",-0.63066108046035,2.3649517826169,0.49187723537949
"831",0.822048442982523,-1.03791986311513,1.0876105281422
"832",-0.241343290821031,1.05492429128389,0.817589623375784
"833",-0.478489217763513,1.27151192437894,0.0167119951786285
"834",1.02660120574167,-1.42867675125762,1.70631879019953
"835",-0.307748997897305,1.0746764372561,0.52364861907129
"836",0.758905895445531,-1.55880369971982,0.253467149612532
"837",0.848953490120125,-2.65477362253736,-0.00109531642464586
"838",-0.0295158622180526,0.581529533134982,0.716172600755403
"839",-0.510245842145411,1.60041866394896,0.329950608870511
"840",-0.138321340377084,1.41579842752743,1.93903828798246
"841",0.18142867332512,0.590965853087847,1.79990475067944
"842",-0.297588362422525,0.911977606745661,0.239842612502719
"843",0.306068673435334,0.348866151814317,1.56955043843933
"844",-0.284270543067162,1.17461757959895,0.824184747793769
"845",-0.384032802146005,1.2720125265763,0.48980658344701
"846",0.522541587032621,-0.60115892048731,0.190277158846651
"847",-0.365759890196813,1.4794968392796,0.892135726117967
"848",1.05574162035696,-1.82265759367907,1.53018205464425
"849",0.254151807717844,0.22431822187589,0.829994346341827
"850",-0.228738700199908,0.758386760398487,0.218110603174275
"851",0.78296649931061,-1.78267020505061,0.195843905538861
"852",0.628306550033398,-0.534827938971026,0.828979310796464
"853",-0.264688592220275,1.00917792033831,0.610077875203776
"854",0.733289129355354,-0.597341750491219,1.25018063229413
"855",0.718560461462957,-0.462053323493016,1.40785700804109
"856",0.181024134511462,0.483605323402853,1.44903206247044
"857",1.18788082055648,-1.36308597040979,2.57381072379266
"858",0.839557347279287,-0.57575760460647,1.81674161562516
"859",0.0593704975197939,0.379563439758598,0.458451536404259
"860",0.14979011937684,0.508125245992239,1.37632026560394
"861",-0.368554655735232,1.47085033359293,0.866155083509613
"862",0.262813674136261,0.476987495357464,1.83504518628365
"863",0.805515473425674,-1.78204551030159,0.309055288931177
"864",-0.741318511614827,2.55349868608752,0.0796146297948089
"865",0.645643753645889,-0.953722584488302,0.307068010403803
"866",0.444564154334318,0.0111330590169832,1.10562162013656
"867",-0.446878349591671,1.62080792150395,0.672471089368201
"868",0.79805896104094,-1.18508030120332,0.803534413184338
"869",0.820311349783898,-0.751319538810098,1.45058699174303
"870",0.753468265946241,0.0819364157121762,2.8573432006577
"871",0.794974459518949,-0.814274396080138,1.23557132859891
"872",1.03194677991194,-1.72193588062027,1.48685057597168
"873",0.888340606134394,-2.16611760543621,0.463315094125815
"874",1.14602953612345,-1.74553867862897,2.03916496854114
"875",0.819674012633011,-2.07622276461613,0.176321698213875
"876",0.042503166590511,0.419709860651946,0.527331017616821
"877",-0.397356911094758,1.41953742021755,0.649280001010657
"878",-0.46187896728471,1.2122919910566,0.00130054092432287
"879",0.0315108725409943,0.411477169962111,0.441558783108799
"880",0.70794709439883,-0.75673827552644,0.880998973025524
"881",-0.126819977399628,0.8645357220586,0.986352286067989
"882",-0.10256363650912,0.709379111983052,0.720045739862665
"883",0.936460972938655,-1.25469288813222,1.42321619252757
"884",0.367162678779436,0.213251091999945,1.35576021564239
"885",-0.0551085230833562,0.602578276612646,0.652509328007331
"886",0.233090048943777,0.0105895451347746,0.046720150370081
"887",-0.0781169173787337,0.823955219183496,1.13413487171335
"888",-0.0283659430304332,0.683912451971558,1.02143136494899
"889",0.962159902457214,-0.835130828196143,2.04312718946632
"890",0.419436139068271,0.535535229687483,2.81511023680599
"891",0.347811807090883,-0.0455550397797262,0.466758092586044
"892",1.03456377938872,-1.16778391689072,2.0045364088257
"893",0.414106610711311,-0.375180268088009,0.0485394134081093
"894",-0.512434799040555,1.39207519621595,0.0337254636684894
"895",0.431411633580091,0.106967289427589,1.32419539355675
"896",0.763866853677384,-0.980448326126659,0.865332087422906
"897",0.497444873780683,0.0128350089899588,1.37482484664074
"898",0.377715387683866,-0.323463165503187,-0.0304005373369482
"899",0.975632895148022,-1.47426316623088,1.41040938679336
"900",0.719137638623022,-1.38645149692724,0.208052816606399
"901",1.12108416778807,-2.04428933279397,1.70400197411701
"902",0.713708103756829,-0.981407461669782,0.613370635315877
"903",0.41090107978924,-0.219329952674088,0.358104268163044
"904",-0.310657595544423,0.988418863972791,0.337803923307673
"905",-0.412808276409408,1.28357500491706,0.364606011399162
"906",0.950714670180035,-2.58023875064836,0.544749488710034
"907",0.449429919252822,0.248170193861612,1.89283447278916
"908",0.804707296642647,-1.35531794149104,0.665340895933801
"909",0.551068558454887,-0.313807210495232,0.856128983365941
"910",-0.165788444727799,0.80521834891995,0.650290740816285
"911",0.449532210218329,-0.291120359514884,0.39556334962103
"912",-0.885894184981457,3.89853201401278,0.0622633010786896
"913",-0.260204851774365,1.80156557129731,1.81844817434486
"914",0.521975162800404,-0.599981595242322,0.189344739632213
"915",0.392174051376861,0.0351295159238516,0.912145834381862
"916",0.739984720172138,-1.04806582728377,0.665452687772503
"917",1.00501313632632,-2.64530648934779,0.783840317266953
"918",0.514745584237333,-0.694931978404359,0.00549363580304161
"919",-0.0526158011516989,0.902816681065531,1.4443507973843
"920",0.85814261167793,-1.38733889228625,0.902246702023686
"921",0.884654649057102,-1.03807006250279,1.40046569891411
"922",0.314054006788635,0.267865742622442,1.28922801944185
"923",-0.526832386305247,2.10316899461532,0.788810219703995
"924",1.14634903709873,-1.95849686300857,1.88743439730174
"925",0.812746715411001,-1.84558852781255,0.298552605399041
"926",-0.356796019764739,1.21017305829854,0.523103856828271
"927",-0.734095763425402,2.76734156718537,0.259595317325586
"928",0.826663151862926,-2.03704966557832,0.236620200702263
"929",-0.200795461079534,0.662843464410235,0.100288744470037
"930",0.675109832717872,-1.28542732948732,0.0855285377721243
"931",0.809829706577186,-1.04212402473162,1.02160119124462
"932",0.65385701324306,-0.0861627937357148,1.89128297579825
"933",-0.425459787747524,1.86341973389149,1.05923172265535
"934",-0.418072838303631,1.83662263661937,1.06744631174798
"935",0.758483733772931,-0.503198892096131,1.53438187523746
"936",0.102883038037394,1.66114234087851,3.47101965120888
"937",0.828225150385943,-2.26747360548004,0.102120423828679
"938",0.781497775585926,-0.814858309136645,1.16738770190353
"939",0.408873536546307,-0.015065107650074,0.854356098663783
"940",0.61632838002824,-0.0948865258203723,1.68148967082516
"941",0.653646412295088,-0.242076036375387,1.52137800118038
"942",-0.229897322184073,0.781504569831213,0.270966187319632
"943",-0.323489005265328,1.0975093314589,0.488173047026965
"944",0.627803574836995,-1.04031849199397,0.113579911591254
"945",-0.403298696852456,2.77155775088698,1.91626281707861
"946",0.499619432498205,-0.0757923345325317,1.14667900687754
"947",-0.536162002934286,1.53086407222768,0.109908011931548
"948",-0.177157111039475,0.977929533822138,0.983564816294743
"949",-0.051094039237701,0.669160649366273,0.866621517764335
"950",0.907353117258963,-1.63866963115954,0.92965411217162
"951",0.431811002182328,-0.388505124016941,0.111269054129099
"952",-0.82788649226778,3.80615227058543,0.315883909443013
"953",-0.10440708309458,0.55048082653801,0.244101977020466
"954",0.80163822038774,-1.77144771260384,0.297607400641886
"955",-0.296635846693806,1.12943389184548,0.681475334209155
"956",-0.195448139380888,1.16758587341179,1.25590919962193
"957",0.686713387863711,-0.791279068021275,0.726053908403921
"958",0.707106301973084,-0.282224519959081,1.70217435721802
"959",-0.453863388664954,1.40237242152222,0.341740797916559
"960",0.614917882610418,-0.454567691674819,0.903214678230371
"961",0.385772178564305,0.14350055935142,1.21249350740134
"962",-0.0532173075549875,0.572844311325555,0.570697416119528
"963",-0.078032251266073,0.95875219511525,1.43890233382542
"964",-0.266022825289399,0.779570873740257,0.0854845520375082
"965",0.176419773511479,0.193192048210775,0.332123635710312
"966",-0.292169890161553,0.980356106808354,0.413548846289588
"967",-0.497850599012736,1.33373518861392,0.0184714886208006
"968",0.633540915060093,-0.654810380620724,0.660550762659144
"969",-0.476886898733739,1.79703589469387,0.730019668304579
"970",-0.219032281066195,1.08762095994357,0.99184149995498
"971",-0.118832648861876,0.49745618764027,-0.00281755672963111
"972",0.798879466625987,-1.81166578594024,0.253927411213799
"973",1.01249721580984,-2.6011653725137,0.843139607332327
"974",0.492893502805385,-0.419217221267265,0.358355448053588
"975",0.801058896784338,-0.699352818682644,1.43044468282046
"976",0.538830757635462,-0.513549850777382,0.418119447040736
"977",0.486366797382102,-0.129455692065817,0.945767687885832
"978",-0.27878468651199,1.50647463580915,1.36398729420029
"979",0.678028244567447,-1.18232660378932,0.20630881804239
"980",-0.348107363851773,1.97699582097455,1.56240192348436
"981",-0.824795168110014,3.55580839420741,0.225591138229284
"982",0.465639112365328,-0.464818110710667,0.138259626244912
"983",0.0908770041231519,0.547411664414995,1.21068859832128
"984",0.934539030136297,-1.10874609252568,1.5690759844927
"985",0.818759975040773,-1.34317091347047,0.74724309276904
"986",0.884196420475251,-0.543727492161459,2.09334208946511
"987",-0.159934917261167,0.642240680886907,0.245621698734335
"988",0.741031008148921,-0.26479963229155,1.90894968042554
"989",0.359112854369429,0.283927834253226,1.57558847488912
"990",-0.176399733864679,1.17427210027457,1.36293186079093
"991",0.717026838202425,-0.852286644754618,0.794445179505598
"992",-0.36930145508806,1.51278760927644,0.91995115869331
"993",0.885713781146143,-0.943316078692456,1.52037610053843
"994",0.652782053265881,-0.64776493047048,0.767679798456107
"995",0.946386587609924,-3.40622873349394,0.17061968425986
"996",0.579405338837584,-0.369491501369089,0.886136218518886
"997",0.904344264780132,-1.82186633217428,0.773773625462458
"998",0.760876470357367,-1.06723114227474,0.747767481657724
"999",-0.441244229457888,1.82007925657214,0.933607284638631
"1000",0.865470108384056,-1.06129863763133,1.27755971328063
