"","x_child","x_pa","noisetmp"
"1",0.986930426156213,-0.834533671454326,0.946439768869357
"2",1.18774430195339,1.40527284098332,0.650998512025911
"3",0.292877037805838,-0.584633350470442,-1.40578505992735
"4",1.15303897458424,-0.639498989001031,1.29636422337992
"5",1.40105291084679,1.0225887845589,1.3135035636824
"6",0.911045289602831,0.156720861294525,0.157857427316088
"7",0.389802898829226,-0.961208223968693,-0.87383651177641
"8",1.33182390201994,0.439385185748284,1.27501543856201
"9",0.608393280807673,0.0157780133522166,-0.678334630865015
"10",1.25330546704889,0.212126171197283,1.12810432561663
"11",0.702156310876221,-0.154416203662919,-0.344852321557793
"12",0.656842890710802,1.36137900267372,-0.801613753190874
"13",0.727273367231761,-0.233139557595945,-0.239134982470132
"14",0.912088538542836,-0.813384595424926,0.687290652332877
"15",0.398454127910712,0.106597022061491,-1.31478084664795
"16",0.582873070099661,0.0905730748095491,-0.774537562717919
"17",0.632445192066072,-1.41820833183636,0.592016919214901
"18",0.117035519333965,-1.90558934216733,0.413049219458484
"19",2.20772870601806,-0.286399310766342,4.21716740521089
"20",0.838208590899168,-0.651065690910072,0.324575678149984
"21",1.05170523737745,0.240814414751362,0.536780306933513
"22",1.7206490681194,3.26849921219095,1.86163948801174
"23",0.362075064349413,-0.266525801135333,-1.31682686462945
"24",0.758894219686053,1.28804542631899,-0.511127533831548
"25",0.552968209012347,1.34061447069256,-1.0848353132415
"26",0.694121380377107,0.173408917330625,-0.475070413020627
"27",-0.512606421358894,-2.59222621294313,0.475005980085333
"28",1.05926141229126,-0.533833957039444,0.926884376825181
"29",0.512752658611855,-0.707141044584663,-0.656831993525445
"30",0.403408246031467,-0.926995875225297,-0.856113542042108
"31",0.973447682762044,0.964961524973925,0.135419277951643
"32",0.756112830247773,-0.515614174358195,-0.0148996313315316
"33",0.992502828116882,0.90798599740016,0.199535713252362
"34",1.10310186920439,0.482456300224586,0.610973794542492
"35",1.06626893812441,0.579841718498801,0.480501559587697
"36",-0.442002259069557,-2.23195408424567,-1.03223717129602
"37",0.957682197907893,0.632549471230919,0.160690239263187
"38",0.71155880978935,0.0405861887146393,-0.384726559514763
"39",-0.346629454529488,-2.38306436021538,1.02289687969368
"40",1.20797556987505,1.15323572605387,0.751013833899942
"41",0.549510483305157,-1.24370662662193,-0.0263877454618755
"42",1.23800035958714,3.51470167179176,0.566036088704198
"43",1.12864294167961,2.81474111558202,0.327933326449553
"44",0.880191983307204,-1.24859901934942,1.14114884604611
"45",0.404286993088829,0.493197434821342,-1.37820480407668
"46",1.03311249396579,-1.08368906596935,1.39597202655209
"47",-0.04362986888337,-1.48057868946927,-1.84016822042939
"48",0.414213181555386,-2.00898186948454,3.4054147432958
"49",0.961129824371005,1.46033899970634,0.0208129319737621
"50",0.454200635749968,-0.8609713676088,-0.740813317355009
"51",0.423225668823404,-1.38488247287136,-0.249317963951167
"52",1.2797401262896,2.2415130151422,0.787972831793684
"53",1.24738482858264,-0.565119358863368,1.5289315939968
"54",1.80027863310294,-0.129779927377563,2.89110081638825
"55",0.818528191800811,0.00317465948781303,-0.0596665454154986
"56",0.833780140284771,0.263603176247917,-0.0976444691659713
"57",1.35064921958567,2.19888455354732,0.983895331809318
"58",-0.614374223218287,-2.93731981127895,1.25604898293787
"59",0.30535194963225,-0.998955151314818,-1.12154018133957
"60",0.596672259151932,-0.83672953341821,-0.301596450306057
"61",0.44887371436827,-0.94870992018252,-0.690686842932312
"62",1.19392178026466,1.83273652957239,0.605521903670846
"63",0.624918548663792,2.14824114287496,-0.967622664599034
"64",0.817598531520985,1.16228342058061,-0.330788474351302
"65",2.57731280285243,0.0485553322604746,5.05441200881496
"66",0.401814369518284,0.474627612286454,-1.3818989975132
"67",1.03553266237225,-0.75512393529808,1.02689902183694
"68",0.421177974595793,-1.40977450360423,-0.210602511725178
"69",0.639524693797847,-1.15634238220884,0.163391620294016
"70",0.996788844925834,0.541901958761375,0.293299496695596
"71",1.23583127503721,2.33114014654304,0.660059443719297
"72",0.298289453695443,-0.951957462741113,-1.18035305915059
"73",1.14061449229037,1.55438531144868,0.498800395151509
"74",0.98631057980552,2.00955969809772,0.0217166811820297
"75",0.729098094762076,-0.300412681781735,-0.204876710022732
"76",0.560379510562299,0.64728838223218,-0.963813375640139
"77",0.555536605121707,-0.183511781703489,-0.768903478884724
"78",0.37080302466072,-0.140661505254406,-1.33006227759719
"79",0.985133086669892,-0.615384210424293,0.755904481005885
"80",0.498461065756336,-0.978663703213338,-0.502640943028861
"81",1.09180342778572,0.921565757327578,0.473946240883443
"82",0.27947349374044,-1.66029398566449,-0.13025731730947
"83",0.420007619289991,0.674081369343699,-1.36421679208644
"84",0.408309130765075,0.446923195047449,-1.35833795631367
"85",0.701128808081166,0.351176726591727,-0.501524005102812
"86",0.857193448042798,-0.114436381458314,0.0979554354114346
"87",0.667206272618534,0.685390811912799,-0.669639374417792
"88",0.208117542107969,-1.9566362209127,1.45310021581752
"89",1.2689090867672,1.10186495564841,0.92982411358264
"90",0.381915052082092,-0.567126245923027,-1.13881401387111
"91",0.853851295311769,1.24748462686324,-0.243478795304898
"92",1.21755460244596,0.3077262871864,0.99150158352128
"93",0.941856887784954,0.435857346348084,0.164570469450629
"94",0.709709923316557,0.499761407185116,-0.511571487568102
"95",0.664073167709098,-0.768182102137721,-0.138465922992658
"96",0.912730092616983,2.02319077260677,-0.178745762745021
"97",0.843737330236627,0.356976214143061,-0.0947488974847869
"98",1.13842873566925,0.834524298302437,0.622905566817053
"99",-0.483827333727545,-2.35434867482593,-0.731347421411655
"100",0.769741961751446,1.18043410951506,-0.465882287045876
"101",0.812617418882913,-0.173015108766147,-0.0101994865467205
"102",0.863108525980564,-0.0293688994009581,0.0826500306359037
"103",0.312430654278152,1.99304793958651,-1.8001405976534
"104",0.819078106434651,-1.14293592940295,0.757950726482325
"105",0.830004434296025,-0.505576492773814,0.20569123019491
"106",0.568524482842104,1.22902500269229,-1.0284642685074
"107",0.61935030282347,0.0554986899067976,-0.658242760878345
"108",1.06613256475678,2.61835715386863,0.177591620288647
"109",0.579716087179419,0.172925877878979,-0.805915815735161
"110",0.653735689542102,2.81950701576711,-0.93836776990478
"111",1.13301728465934,0.704942355002642,0.63780919701053
"112",0.251594249156324,-1.56724795349623,-0.518225873776128
"113",0.897070310650626,0.691216322574005,-0.023359021778586
"114",0.414188881649074,0.515875958092005,-1.35411090363699
"115",0.399741959183375,1.19621978452418,-1.49078056587862
"116",0.781271570715744,0.740931292127967,-0.359335563338181
"117",1.31938224611053,0.141129005828687,1.3466507166993
"118",0.872616190693699,0.114578966244615,0.0601731411427419
"119",1.23221501578936,0.495073085352588,0.974408318187801
"120",0.820810741839468,0.502361680050841,-0.196511782293555
"121",0.642010695326564,0.9971698362535,-0.792816778081352
"122",0.22299590882879,-0.828460648437694,-1.50338419551014
"123",1.51698503341961,-0.335618436980173,2.18144324843693
"124",1.32292126909718,0.277139452558122,1.30486072152361
"125",0.508354274595752,1.54159736920702,-1.22907654279886
"126",0.309918533145365,-1.72130651354896,0.238566020915048
"127",0.976195890029262,-0.291369111917086,0.531480159329669
"128",0.289898958585054,-1.48524187346405,-0.555224183008944
"129",0.55157511849784,-0.671723363602125,-0.556639479790862
"130",0.928470394322662,3.28627373200159,-0.237652949330952
"131",0.257331310930433,-1.57677100496669,-0.470956704962128
"132",2.2050582976067,-0.519567704845171,4.43135655996818
"133",1.48279731015407,-0.571410643773242,2.26033423325644
"134",0.714090562059483,-0.619716921262946,-0.0823512337801317
"135",0.866123646457985,1.08868214758289,-0.184687587592419
"136",-0.283862094653735,-2.27120303671273,0.754212356287664
"137",-0.347374857602716,-2.16676114362444,-0.604510913137493
"138",0.834210495452046,-1.12890470906367,0.789328090493753
"139",0.434868987391414,0.831662464414618,-1.34641303857487
"140",1.22006103179232,1.32654862070878,0.753038287517336
"141",0.870999734424234,0.240200561972513,0.0163141860652851
"142",2.06733371354655,1.29514532163493,3.09290800882431
"143",0.813684253679284,1.16645773311139,-0.342255000656375
"144",0.947632733246583,-0.907410669916158,0.893843745630423
"145",0.927318541028478,1.04888100924834,-0.00809956824548305
"146",-0.000372906603390954,-1.67437402448532,-1.27833731531255
"147",0.704490488362337,0.543521790935192,-0.535864844715664
"148",1.40473297656473,0.888442941337539,1.35509603655183
"149",0.666688690455332,0.216960588369199,-0.566236706449017
"150",0.834432866098371,0.14486367280091,-0.0603141218920134
"151",0.614291043435729,-0.873659608305282,-0.215539248295769
"152",0.630799898001457,1.08225868063554,-0.836470293328087
"153",0.590428068295077,-1.30315991774133,0.212428375311389
"154",1.40742655564187,2.16791031195171,1.14068379828684
"155",0.905357972419279,-0.433268460835316,0.393794677901638
"156",0.784519063057355,0.881667272016731,-0.376446513928039
"157",0.453977780812977,-0.456681714684654,-0.967553936096272
"158",2.06994766786411,1.47318328449158,3.05823264409731
"159",1.08622277627221,-0.0814674976213113,0.759281922747795
"160",0.392655728924656,0.137519829777992,-1.33894359013232
"161",0.584924000029598,0.466551663954122,-0.859303813044666
"162",0.241009655156799,-1.412001598862,-0.875236049216606
"163",0.201546442394608,0.0736171311885112,-1.88005390207604
"164",1.69140090147698,0.531697877946036,2.26644016332581
"165",0.727392237750555,0.0648021363646605,-0.346212295326708
"166",0.32753328852885,-0.851271716140669,-1.15451489386984
"167",0.421311305296598,-0.128831254662286,-1.1842700124182
"168",1.00952065221952,3.78488607206846,-0.0526848300101849
"169",1.32380815616642,1.26457813397093,1.0500313672014
"170",0.998835577759682,0.0688302450612712,0.443127645675797
"171",1.23360350363887,-0.131843798726249,1.21749780462476
"172",1.11343624029307,-0.267176460175038,0.929660173653054
"173",1.09811564034394,0.128066560627776,0.710000189095324
"174",1.3458370559453,-0.0363468017099778,1.50166066185893
"175",0.468280756547174,-0.82827675790154,-0.718811735927095
"176",0.607377087132444,-1.23615522637716,0.164905816350226
"177",2.00306096942339,0.676027724660097,3.09683573569861
"178",0.630575191654883,0.702937391925927,-0.776036496371848
"179",0.441123341695142,-0.395975031017233,-1.03190991734484
"180",0.417195653459278,0.0380084773576904,-1.2430690660314
"181",0.807901086873168,0.892839843859126,-0.313115504144066
"182",0.947216137051526,-0.119742069935299,0.365899741685447
"183",0.793849592860327,-0.550037407984233,0.121234435281767
"184",0.926639077643146,0.0465530639395258,0.240771886269124
"185",0.28104618365106,-1.16529535693458,-1.05369724047457
"186",0.840489814688006,2.05006179693899,-0.376757720507091
"187",0.988712023622238,0.196153842571139,0.369651673890209
"188",0.74552812310132,-0.924118958517389,0.254427541706832
"189",0.570826860818978,-1.09433777897262,-0.14573903057785
"190",2.22808427193425,-0.286008976891474,4.27779805229652
"191",0.814611964608916,0.78698407360674,-0.274650475405856
"192",0.869426188782819,0.647108332554524,-0.0917128472751816
"193",0.588412520995237,0.177538806309122,-0.781962608298675
"194",1.17399433089407,2.67234753489171,0.461169285063383
"195",1.07265734018539,1.06521841766224,0.392505115920428
"196",0.241116043826483,-1.90116160398088,1.05149704414693
"197",1.05666970242638,-0.0112561879571747,0.642907035088059
"198",0.752968170297982,-0.126040757645812,-0.205300386011073
"199",0.542125669794789,0.116698043332085,-0.900067484620815
"200",0.310462533102727,-0.666461226829272,-1.312894974446
"201",1.02714493867495,0.770068085843254,0.325202309791947
"202",1.09239078983122,0.139788488809919,0.689123197047005
"203",0.47107930465333,-1.41283397061604,-0.0194024402246566
"204",1.20118954912056,-0.780010499398206,1.57551124420355
"205",0.829800588633784,0.324190311147691,-0.125881393174995
"206",0.424829785522623,-0.909746492524899,-0.799636617332587
"207",1.57526850136375,1.17914229929014,1.76180868333174
"208",0.687811714993308,0.00999559890181575,-0.444321447544606
"209",1.04892180524065,0.990717419055607,0.340666256720364
"210",0.674878206662589,1.90429526898666,-0.811069945427377
"211",0.920996674539315,0.547383418606612,0.0770626574097182
"212",0.908921470387551,-1.02238436596862,0.898644555328643
"213",1.58362076753721,-0.13776387853094,2.25544921035671
"214",1.12233739194358,-0.29342067266559,0.970467767215338
"215",1.06629647930662,0.127862787772446,0.617757892314508
"216",1.09876031572837,-0.305113938771409,0.906185787292884
"217",0.349703515684507,-1.26194844931879,-0.703021830575676
"218",1.06559886848977,1.5774541448827,0.290401479627826
"219",1.10141363830497,1.91863077812568,0.343762035167682
"220",1.23232901157105,-0.119668528317616,1.20775332272833
"221",0.947505574058498,-0.877166329219693,0.862095284613735
"222",1.20116836541352,0.404655313756245,0.91328464689741
"223",0.606364188209532,1.2810556298198,-0.930596834588694
"224",0.65422809566477,-1.45574470672253,0.76359813013163
"225",1.17195522398815,0.121119365152853,0.926881031495476
"226",0.837836802450879,0.0936923998458091,-0.0340329329743289
"227",0.0216995252744544,-1.99034376379964,0.655864270321958
"228",0.833466342924836,0.344975013775445,-0.120960377975487
"229",-0.200352323059828,-2.04631120689559,-0.33842875206296
"230",0.682616266162069,-0.013930649575787,-0.451766700818563
"231",0.897746894783376,1.04811732126106,-0.0901017627640338
"232",-0.685793763278058,-3.21076803915172,1.72101063277308
"233",1.01143067769155,1.6705768105518,0.130015443814722
"234",0.949713586528855,0.355767871341855,0.208931329939076
"235",1.30454271978386,-0.509496290779411,1.66176817670723
"236",0.420900316321229,1.3729998477983,-1.45160394347938
"237",0.365360133787843,-0.893424862876473,-1.00420630137308
"238",0.518272078782648,-1.32573146308159,-0.00761955274770775
"239",0.927789043859189,-0.0225276888690086,0.269717462199161
"240",0.801907845526921,0.058107696518037,-0.126911349320918
"241",0.808654272037534,-0.819359561853259,0.362322397824503
"242",0.781192153766607,0.472616549247794,-0.302151743096175
"243",1.41959813257416,0.977205226806478,1.37544560325392
"244",0.174458783248825,-1.94025749994354,1.07441471915487
"245",0.590637680898404,2.25425425113308,-1.06835085433357
"246",0.816989407275468,-0.339799172798512,0.0774708950180105
"247",1.04888888100662,0.603821638895266,0.425296023348561
"248",1.23400690911723,2.3419192776087,0.654016659534813
"249",0.652085161891256,0.346382804177113,-0.640807669788833
"250",1.01380012448514,-0.868041634003378,1.0663987881842
"251",1.00476728116824,-1.03502153509859,1.23313193159378
"252",0.682204914747158,0.651372665568942,-0.620844931992142
"253",0.746030407878049,2.69502461277853,-0.683866522210614
"254",0.566470328082875,-1.13809682921831,-0.109099448306903
"255",0.59138030286765,-0.843587678481331,-0.313249396961794
"256",0.422254639462264,-1.16283520798405,-0.572394211514871
"257",1.60877549887079,1.6205761002821,1.76740477316428
"258",0.842753730414785,0.610341574597454,-0.15895858956149
"259",0.919802257526777,0.98557428087336,-0.0177691487149243
"260",0.85452412053833,-0.360253176082569,0.200733626284357
"261",1.06863653183545,-0.183435307785448,0.753988133916837
"262",0.790777869837819,0.74811967875602,-0.334024326696753
"263",0.860327804235524,-0.65037745248358,0.39303299481896
"264",0.838532355335184,0.611714531695696,-0.171192615715372
"265",1.06575750865811,0.817199285120874,0.423191690777872
"266",1.79910771211798,2.51630088153708,2.15012430571884
"267",-0.695258072699018,-3.02756145951974,-0.143493962426327
"268",0.482656482642744,-0.0342164839156682,-1.03169504639546
"269",0.772767487015012,1.02851302881276,-0.434088336266292
"270",0.612849555770348,-0.231995092034309,-0.580630199373193
"271",-0.0892590840062305,-1.82902077744049,-1.14267581814314
"272",0.468422926754445,-0.943245542262178,-0.631328518539775
"273",0.396758883704593,-0.10096365650354,-1.2649819300942
"274",0.302384943386147,2.40611914919838,-1.853226488684
"275",-0.633182298964184,-2.90397268972673,0.533975390570279
"276",0.589150731125515,-0.226516473023527,-0.65332323357999
"277",0.502526771806919,0.675718945707962,-1.13191868326276
"278",1.26967459708206,-1.25854115147794,2.53023714468713
"279",0.838566521120563,0.582277999077358,-0.164548634839097
"280",0.786801767023802,-0.48599122832901,0.0622968628204714
"281",1.04729630682969,-0.968212128952147,1.28816932749171
"282",0.467093724207753,0.63470568606518,-1.22492103866889
"283",0.374133904792068,0.756592499965214,-1.50583152601648
"284",1.60592907415732,1.87822957282948,1.71746118269208
"285",0.599685200590396,-0.761645813523746,-0.347094755661487
"286",-0.203591447918611,-2.24885287412254,1.33299410997164
"287",0.950403577182974,-1.41209062316675,1.75874264275207
"288",0.744492099287804,-0.998781407276099,0.327370616302584
"289",1.23517595157413,0.264076644030215,1.05714808272186
"290",-0.614309914920422,-2.72077717304944,-0.342918159383404
"291",1.24621138284795,-0.132176590398848,1.25492777886051
"292",0.231230631082005,-0.477087606976032,-1.63854040794181
"293",0.565289464014275,0.499557040101658,-0.921874774566366
"294",0.960271358650918,-0.406123631033974,0.545014454477857
"295",0.505467838272629,-1.25198855705612,-0.168819040370288
"296",-0.324729748821041,-2.20883639144398,-0.114949515698803
"297",1.04315269324338,-0.594505517176859,0.920391071313345
"298",0.777982998602614,-1.46648535994702,1.26127158120599
"299",0.988338179209993,-0.478463024504367,0.673374898907099
"300",1.28442667662593,1.96863838252628,0.833371863245418
"301",0.92974891318457,0.668491003659595,0.0737030071430187
"302",1.35675156033327,-0.397600975847358,1.74035191059461
"303",0.554854645500819,-0.370424844344006,-0.69870264244795
"304",0.942401022216317,0.438386020870244,0.165451937811391
"305",-0.298440949666628,-2.14525417879563,-0.348134740693678
"306",1.8512643675714,1.76904499824909,2.40200214403818
"307",1.15081763722481,-1.07527820037148,1.77853882717948
"308",1.67978414503283,2.46073940545711,1.83714175521411
"309",2.6417750581382,0.669439193920149,4.89971850442172
"310",0.399415020153509,0.771761045164633,-1.43706534782952
"311",0.365400539971733,-0.0661873735693318,-1.36708983344634
"312",1.07118136990288,-0.770573229168173,1.15390909539485
"313",0.624121513159846,-0.0685476079078696,-0.60548975635829
"314",0.813318188207015,1.02168745972565,-0.32025016374061
"315",0.676709536059093,-0.383463478317119,-0.324795941613355
"316",0.580802978717004,0.921566937023353,-0.951886204103242
"317",-0.66704983786718,-2.75255869781895,-1.1416851032973
"318",1.26909013629763,2.69374216392076,0.713261037791399
"319",1.32593602930718,0.886231305064789,1.13547484432873
"320",1.00325410807711,0.0773019190638548,0.452896874674286
"321",0.854753766326885,1.75959014679914,-0.307506981477326
"322",0.286102538977495,-1.72962051163116,0.169072277564343
"323",1.09855229510112,2.1015199068687,0.315037479338232
"324",0.352185930399067,-1.1324836761758,-0.844491715790567
"325",1.01000562056996,-0.323663248010269,0.649728393181759
"326",0.829341119889865,1.98346172111495,-0.400323122588876
"327",1.41991333338708,-0.859866421836875,2.36397060144419
"328",1.26209430573166,0.906476951001582,0.952496863950079
"329",1.16290107175849,0.516873190433569,0.771264165387183
"330",1.05833780546085,0.863204076178892,0.39259887810369
"331",1.28469340047901,2.11312040724777,0.816224861045824
"332",1.07694638466852,-0.80615588715763,1.20628214841105
"333",-0.0474695946725269,-1.89417015676647,-0.567828559807904
"334",0.611290916264644,0.297984999005366,-0.74621180798368
"335",0.533765806778434,-0.335143200878747,-0.776857190228123
"336",1.21891349952958,0.81628060476697,0.852488894586306
"337",0.953999070981461,-0.171809161470122,0.40853311866497
"338",0.804701241121128,-1.14269183171931,0.708590957106963
"339",0.658183397347417,-0.154766005845608,-0.474928425420702
"340",1.28613970669594,0.654235609920155,1.08224237592258
"341",1.18164320569267,0.177212023361238,0.933917204646623
"342",0.477779564112078,-0.967242475278891,-0.580522552698585
"343",1.51475774381189,1.12871962797976,1.60543762092111
"344",1.22267925194407,-0.594490809372208,1.4759401110403
"345",0.907808080067518,1.00187358498446,-0.05406451830735
"346",0.468365462261951,0.275116034438497,-1.15163302241439
"347",0.676927857374329,1.60258057644733,-0.774708020125117
"348",1.31063354079147,0.450232251290227,1.21118834320215
"349",0.765076348289298,-1.22539308481306,0.698473949415054
"350",0.823955527489679,0.41132774744854,-0.165368624046529
"351",1.66222876933465,0.0762860140932906,2.3716315427365
"352",1.19994147436232,-0.0409236516870995,1.07561711081186
"353",1.62916150679041,-0.13435773428453,2.38810813412276
"354",1.04264933439934,-0.000510553203531363,0.597541667099611
"355",0.572250451915636,-1.42526976525877,0.38349313071279
"356",0.611280244038217,1.75108747274873,-0.969093480297521
"357",1.4173875887344,-0.0173679947687975,1.70234533517655
"358",0.684280463327656,-1.03774456088723,0.170604462119848
"359",1.01943799597674,0.252119474932053,0.440197688113965
"360",0.376522997730535,-1.60038920246893,0.0780363323332247
"361",0.390516884221322,-1.18603946324974,-0.654623497226726
"362",1.17918207259476,0.688956908824937,0.771728385040142
"363",0.965350006444469,1.42415310915599,0.0375293686348953
"364",0.930750585651743,1.72164764934373,-0.0962111405783542
"365",0.962049760257084,-0.00965328810179277,0.365161857340682
"366",-0.635891275858819,-2.66851108458364,-1.02569013306565
"367",0.634524550451426,1.36803133995883,-0.863792164684628
"368",0.469283025990672,-0.677751018450217,-0.810436279287461
"369",0.538678604240027,-0.0424371731135993,-0.864845846528053
"370",0.475547465502291,0.588717840701681,-1.19307969345176
"371",0.713338392623041,-0.0302973853521581,-0.356265681159602
"372",-0.293368333119556,-2.0468138319593,-0.982655240748014
"373",0.817702943809784,-0.0172199261653655,-0.0548694334173143
"374",0.914419349208032,-0.403921377561892,0.404884269599665
"375",1.45323157064531,1.22294533716184,1.41532089940717
"376",0.796411765681163,-1.4215146133125,1.21065307957392
"377",-0.332023228334865,-2.1292971082458,-0.72783087184024
"378",0.0290738515422852,-1.96994038834765,0.507018438024888
"379",0.426717734161629,-1.29799695813018,-0.379652713954072
"380",0.715980950620393,0.656118239329887,-0.526495694279716
"381",0.248171913453163,1.15130583184794,-1.90515815818126
"382",1.02931293087433,-1.56560371614919,2.58251673474889
"383",0.232856991401178,-1.71067683581987,-0.14624063013167
"384",-0.402020970279642,-2.06514869202333,-1.6414066886183
"385",0.335201494038257,0.233162231468031,-1.52603439923694
"386",-0.675757061567583,-2.95016513757198,-0.160381835703524
"387",0.36588375861061,-0.213236089976275,-1.32261507550579
"388",0.568158114035935,-1.07546815122517,-0.175709270174534
"389",1.50855990913421,0.804505614751656,1.66714828791974
"390",0.610031468557638,-0.550548048027611,-0.444275238722564
"391",-0.301109607779908,-2.09264486982315,-0.734100888747259
"392",0.769602322660801,-0.295468783408483,-0.0856589314996225
"393",1.36888237596741,0.526538996859499,1.35306147729176
"394",0.664952732641969,1.23351791606353,-0.762840390794608
"395",0.381225027458667,-1.30108542056806,-0.537270160338241
"396",0.989041894783415,-0.586609780452287,0.747331456212145
"397",0.658233045290878,-1.45180545509614,0.768821026485132
"398",0.180605183491434,-1.63791498883401,-0.616869919381862
"399",0.270714973667887,-1.5683555333763,-0.438990903613969
"400",0.87119231941676,0.793646544760876,-0.117265783862655
"401",0.351385577993228,-1.65163996926291,0.143248747293459
"402",0.919121585345582,0.1434280728148,0.185599526786799
"403",0.951237168985735,0.742133358405549,0.118073231951966
"404",0.896866628914634,1.41316633138708,-0.148916419780009
"405",0.828710343181497,0.556198608646123,-0.18656185876765
"406",1.23101949028348,0.0330127907545877,1.13436996503791
"407",1.2574221107219,0.704005590052332,0.988208878065282
"408",0.520157819113797,-1.90470783006529,2.61327695382931
"409",1.15663020206407,-0.531264988057405,1.22415480494354
"410",0.855302706414786,0.17387927886007,-0.00892324017553763
"411",0.575460028173592,-0.377926532908957,-0.633254336792945
"412",0.795192294465089,0.434450664271572,-0.253146116231265
"413",0.527496527743626,-0.392373334790961,-0.772040078700997
"414",0.0429487425691273,-1.80479591663957,-0.61136698055211
"415",0.699802061496271,-1.27882630240558,0.559296187032482
"416",0.703546737548506,-0.863742741091514,0.0635745301620755
"417",0.413757663137182,-1.21472716365206,-0.539457248340747
"418",0.425326496429634,-1.47905773902961,-0.0504445994237759
"419",0.188620593562196,-1.73098932455023,-0.26121971525039
"420",0.952434310514095,1.43037838573243,0.00119312647929411
"421",0.345548935828212,-0.0464538840572753,-1.43072095810027
"422",0.353536216973945,-0.690186734337023,-1.16599368636328
"423",0.687326820178836,-0.653230466945967,-0.144344248000227
"424",0.995267668587249,-0.228484055370098,0.55741518141839
"425",1.04852363758838,-0.972411358851434,1.29736122380999
"426",1.14738592232129,0.182335680472847,0.832989099628703
"427",0.66083332210398,-1.14800373651988,0.22517145365856
"428",1.02492554465213,3.84338060042504,-0.0153225073010894
"429",0.787780717516834,0.018395680661133,-0.154832717866528
"430",0.461843752176709,1.07914393061898,-1.30479783230782
"431",1.32899831607428,-0.0546886321182928,1.46100021475683
"432",0.485200466465327,-0.120146357140763,-0.998226144265173
"433",0.372624441700391,0.331292643699682,-1.43822622918338
"434",-0.426817679798644,-2.3969649704133,0.199862827570362
"435",0.933369151644851,1.16955017051127,-0.0116607581742152
"436",0.610994715919924,0.664875369530088,-0.824242968027693
"437",0.826071772053571,1.73409469134252,-0.382682401919393
"438",0.379173357693803,1.43239376413975,-1.57217568428058
"439",0.782535259672393,1.28025053214084,-0.444888664898923
"440",1.14541852917258,-0.712808915699291,1.3354242790667
"441",1.28576296814849,0.58977899293113,1.09895754113101
"442",0.680086011974421,-0.268344684928321,-0.365399906604792
"443",0.728153552363116,2.15480877470726,-0.689728317719387
"444",1.19365974151633,-0.0271390810325169,1.05107323717217
"445",0.148257912738315,-0.708371380562454,-1.80114863640095
"446",0.858304730269488,-1.80870827214434,3.34374001691788
"447",1.79738504048836,-0.871262628301281,3.59452749688359
"448",1.13028682710454,0.126642975554689,0.803868592674085
"449",0.617344059962677,0.702598540079924,-0.813219996141868
"450",1.23646555831381,0.853764571562002,0.892907822813505
"451",1.12664630848246,-0.507043671565494,1.11507636680245
"452",0.587595121847025,0.35045129402359,-0.826432198143072
"453",0.756814197467477,2.37079102826144,-0.630669861517741
"454",1.08908910544444,-1.00252096769928,1.46937897177299
"455",0.00936246480559132,-2.00694879650466,0.736009304471352
"456",0.445747229534861,0.358582617524135,-1.23425496571033
"457",0.606707083497092,3.03393793103469,-1.07622143519253
"458",1.04466468605103,0.874216462583629,0.352073643096736
"459",1.35529032536541,0.908629171696706,1.21218069882556
"460",0.640355214817353,-0.649105834922172,-0.293363650693185
"461",1.17969336160777,0.435483659938378,0.842622191247662
"462",0.849347944572018,-1.10856992306875,0.812089825480607
"463",0.623050837978943,-0.74710308011929,-0.283327433146976
"464",0.787063173158847,0.805366948148994,-0.355390215240236
"465",0.916896441839853,-0.619238864585599,0.546904826310869
"466",1.6533401738137,1.79824785294069,1.8588503081201
"467",0.481966638802096,-1.19517379920973,-0.327830989418633
"468",1.10768649243554,-0.0559210683259682,0.811282037231727
"469",1.04062969036739,1.95985526420442,0.174257238705089
"470",0.670109885790899,-0.947065026437156,0.0306203022761531
"471",0.735018379114244,0.365796576475102,-0.408127924049306
"472",-0.650923193649618,-2.56561263059093,-1.76241922158393
"473",0.585090143814218,1.29703246101204,-0.991196285596957
"474",0.0771157439828586,-1.56708101958996,-1.21578327981179
"475",0.336868118890585,0.515852614164924,-1.57362692659956
"476",0.472370488393809,-0.45074884479727,-0.914133288073508
"477",0.817916273778627,-0.112923353758179,-0.0185647514189756
"478",-0.399019748939733,-2.2976752250606,-0.196550229726459
"479",0.779438985619515,0.397907028207637,-0.289108086481168
"480",0.371547653453454,0.696444375201721,-1.50419904313115
"481",0.733146001483085,-0.768927733012953,0.0810024524444016
"482",0.896836992935875,-0.279774164503099,0.28811582256191
"483",1.15345265651,0.991360749091377,0.63146296217699
"484",1.94004415325711,1.80060952459012,2.63773393919128
"485",0.898957477365564,-0.952918506822872,0.784568889096798
"486",0.59953204250389,0.242272382224345,-0.766382892380495
"487",1.28787554485085,-0.567011537426537,1.655300123596
"488",1.17310421840797,0.576032758821776,0.783921113463828
"489",0.953227850613405,0.0953472194197018,0.30091889496606
"490",0.519345904472595,-0.977389231161225,-0.435153094087694
"491",1.05490639736776,0.457757751720453,0.480696925422877
"492",0.94957166626967,-1.07364880998109,1.10123381024056
"493",0.324748532820968,-1.1500713444118,-0.919851776254101
"494",1.49087160946605,3.31734668538235,1.24907655870889
"495",0.84844935824719,0.581490346567077,-0.13640076125017
"496",0.983326842289361,0.978649441311406,0.160360589960919
"497",0.577066583413352,1.17153181030098,-0.997501161087494
"498",0.42876198687453,-0.0478990416501601,-1.1859685890697
"499",0.804652082221714,-0.0110399892638568,-0.0952920182995037
"500",0.643783233860909,-0.566479089712812,-0.331511693857732
"501",0.798600908068851,0.2292399177115,-0.189164553400276
"502",0.709724717465649,1.53464742078043,-0.677352213162618
"503",0.806715455907944,-0.481390027516899,0.120539651135135
"504",0.269036721165191,-0.667415692673445,-1.44183076433337
"505",0.458698985545658,-1.04307097982582,-0.574761659520111
"506",0.691740891746493,0.138747186089568,-0.472097246900163
"507",0.694747581770015,0.328366856554994,-0.514181854835055
"508",0.605875479489888,-0.0251658837115843,-0.673059317691968
"509",0.370441705151519,-0.137653853773552,-1.33201328070183
"510",0.922329552828295,0.439857701594797,0.107861948317117
"511",1.24303023984976,-0.875609753879168,1.81343959054073
"512",0.829050190911755,-0.972536466920663,0.577094857300861
"513",1.04787137052485,1.00210323414835,0.335555470172209
"514",0.702333754854206,0.366272409064745,-0.501752763096755
"515",0.644337703709964,-0.51549661945931,-0.357627869588924
"516",0.146075570072594,-1.64962202033258,-0.727253984386885
"517",0.969985706508253,-0.511754749421857,0.638285308159965
"518",-0.0814265932971321,-1.87470941438603,-0.868960908360545
"519",1.06512774840253,-0.555838425100482,0.960320057700769
"520",0.915633807852203,1.45677170544858,-0.103445064439111
"521",1.37759049098857,1.51051291397999,1.15418523374018
"522",1.05002394774944,0.0666215100611522,0.593050742411503
"523",1.4938597106634,-0.144998954403076,1.99407456885053
"524",0.361534313031479,-1.62870513512739,0.106936204206996
"525",1.00649940792605,0.965355320868927,0.227418764224412
"526",1.25169027740842,-0.826236071628436,1.78510140853687
"527",0.641061783077844,-0.749663270153722,-0.224624898480271
"528",0.973480788467671,1.93719399625036,-0.00508875273304619
"529",0.844486777875584,-0.90382819282,0.555811123560316
"530",0.788033793808896,-0.538566397305155,0.0964535378808556
"531",0.534442477601611,0.193895593705329,-0.942139461174069
"532",0.454888840309489,0.297195794632495,-1.19518094833797
"533",0.51419365372137,-1.2336598993625,-0.164377851163257
"534",0.181257211320409,-1.69495454123097,-0.430666820146921
"535",0.09514761939518,-0.983650954461592,-1.82497418988484
"536",0.785210526015523,-1.03613762303855,0.504471842767152
"537",0.51797175146389,1.09383923841607,-1.15100387744166
"538",1.21489157650193,0.1329736696364,1.04689479593911
"539",0.9994700929887,0.882958346556663,0.223977947072953
"540",0.61708412245744,-0.818246355690957,-0.250485635067253
"541",1.09085919256975,0.835625814122385,0.489487146716368
"542",-0.315343091921405,-2.31050058504291,0.761632915380706
"543",0.721401545728396,-0.246309894174423,-0.251173014515343
"544",1.22702845208911,1.27613749420306,0.781068088797121
"545",1.14310548153462,-0.392670484731163,1.09060707866955
"546",0.366306135181631,-0.760249310958681,-1.08677766345696
"547",0.697578461525815,-0.364662173745936,-0.270534991054956
"548",0.696440721945636,0.890611309844553,-0.624086434046926
"549",0.486727748764371,-0.660876768790765,-0.765503727788877
"550",0.978888851949505,-0.169765858906597,0.481416079752752
"551",0.452436242741798,-1.04862770381934,-0.590300345271498
"552",0.0729273673285934,-1.23097875378866,-1.70849164019164
"553",0.562703517054571,0.078853766840673,-0.829950613230015
"554",0.871764017637762,0.826239423016619,-0.122061817935403
"555",1.30761853325377,0.579217078588487,1.16381080412878
"556",1.44511136576185,1.19179375373232,1.39926841589242
"557",0.689376630980492,-0.58518883463506,-0.179947121135895
"558",1.02198728543294,0.530595391704494,0.367657599088509
"559",0.51392686238551,0.488640110975368,-1.06569690543817
"560",0.345251552597964,-1.81135967655346,0.884059247102341
"561",0.785569825585275,0.634816561643368,-0.325769477709821
"562",0.531385836621202,0.425492441163041,-1.00332224428143
"563",1.43632779627963,0.219334990713374,1.65344653443307
"564",0.55454285442471,1.07573471788107,-1.04713912128078
"565",0.712852780510688,0.757793606654782,-0.554749111274039
"566",1.31648488342533,1.47446711774026,0.992812653137696
"567",0.89979924385004,0.894508456715162,-0.0567301434389337
"568",0.934554408517999,-0.297396310484355,0.409710906219072
"569",0.773689745681693,1.04256590555027,-0.433783960580516
"570",0.323075669073818,-0.538298796300198,-1.33285468297034
"571",1.31039436525837,0.315227824372771,1.25533344078989
"572",1.44805490512476,-1.21504145788589,3.05505007856867
"573",0.804760172066797,0.919676104483933,-0.326651353544692
"574",0.350987484691927,-0.978115512074097,-0.987741441340566
"575",1.5587150919277,0.515333689582029,1.89547337967216
"576",0.525181418501959,-0.341156203383202,-0.800265763604819
"577",0.617930447934068,0.543410824573696,-0.781266719968235
"578",0.989103813488449,2.69975698809487,-0.0350361771812508
"579",0.748550658429976,0.187781392930244,-0.321760176588326
"580",0.784624112118969,0.59107936346487,-0.319122656746126
"581",0.303733293649967,-0.928048539159508,-1.17973306067338
"582",0.56917713463379,-0.00776566733154921,-0.785942547660547
"583",1.17441739144419,0.443901598906739,0.825073538928294
"584",1.51140599926238,2.41780282414649,1.39055488978132
"585",0.383813530349014,-1.10952596061843,-0.760647053406314
"586",0.7175102265905,-1.19865648436598,0.491399907858506
"587",1.20587961997092,-0.619638575094315,1.4443029444062
"588",0.466822951863667,-1.13105758870225,-0.456314834453959
"589",0.721996943530892,0.535707232313011,-0.48454198567519
"590",0.0135238661403928,-2.21215277584205,2.95459553417463
"591",0.917176228251158,2.26137759190414,-0.190051939736425
"592",0.40290342150797,0.267488348249123,-1.33825464938458
"593",0.746892693343114,0.226193682116878,-0.337402147333343
"594",0.911598534166567,1.9438265776203,-0.173470490651621
"595",1.19001868711427,-0.143591756763274,1.09439180078996
"596",-0.714884170104659,-3.29287643192815,1.45025991353161
"597",0.810049928008242,0.232946425271889,-0.15722182808806
"598",1.34483756865002,1.2172577284349,1.11710742856532
"599",1.31351088918393,0.480716516266082,1.20986076298179
"600",0.986624163722249,2.06473317960964,0.016676426844068
"601",-0.0496407227251561,-1.93265966511727,-0.292781137814564
"602",0.710295101520615,-0.291898802831745,-0.264972769825944
"603",1.12125303895597,1.29338488573859,0.486563615262944
"604",1.13350560848154,1.72630052278083,0.455309048406636
"605",0.453781946076761,-0.411442817656064,-0.987273592479144
"606",0.171200434134919,-0.839885871510376,-1.6628475902108
"607",1.12699755620142,1.07260640255447,0.541931534035896
"608",0.49088578761907,-1.04232990916466,-0.468288867481425
"609",0.413824651942341,-1.02685079206469,-0.739024251371893
"610",1.18390002637345,0.10128301411669,0.969256271181766
"611",1.04360635045374,-0.71865563644094,1.02037704497366
"612",0.413720630943764,0.897935673387262,-1.41488476942732
"613",0.365650780002241,1.12287464113962,-1.57676784878932
"614",0.816865007333552,-1.13694149927808,0.741799488354088
"615",0.793425978070359,-0.0633801409331229,-0.109427467286255
"616",0.465136921187036,-1.48952136234512,0.126558011402298
"617",0.547841876281258,-0.674674161393671,-0.566538356385934
"618",-0.0265163191230199,-1.88056418433991,-0.544661038149603
"619",1.0115395000243,-0.393865633967009,0.693242007582775
"620",0.788632307318313,-0.128557279581901,-0.0989618256524109
"621",1.50516801375214,-0.147987525996257,2.02922359267271
"622",0.0362440255317722,-1.89408584225981,-0.117355735064533
"623",0.796073247668492,0.590291672271499,-0.286561641948233
"624",0.955633844816046,-0.149008858947126,0.403335482359382
"625",0.353495974497445,-1.61848913394979,0.0404415421878344
"626",0.138398900788761,0.751537974038736,-2.16730579676781
"627",1.5390583910168,1.87252913441342,1.53688557592266
"628",0.611981860068284,0.980526164022292,-0.873890653287728
"629",0.511682395780411,-0.266200402776502,-0.869706633363917
"630",0.549871678281092,-0.0618243459683002,-0.825982473726009
"631",0.756241082704022,0.199229481891138,-0.30281973500921
"632",0.510065841846912,-0.468036312327162,-0.791562726375858
"633",0.828155785788661,-0.0909186035213953,0.00312014772135719
"634",0.989899800689189,1.04044303131722,0.167241845764614
"635",1.19869083241567,-0.639415607320059,1.43837856562843
"636",0.244978489098161,-1.20630864696938,-1.13500680403052
"637",0.298632000810246,-0.78063644845937,-1.28954147277648
"638",0.947458051331464,0.00437829738878079,0.317107494928379
"639",0.306621807253838,-1.75739246070273,0.392964245255045
"640",1.46201569570049,-0.0613986485045927,1.85526021848444
"641",0.640292811158393,-0.0914786641369784,-0.550175094480075
"642",1.14554845762695,-0.200084290509571,0.990614279886539
"643",0.369776907053776,1.56075385960962,-1.6099373632191
"644",0.858651381878413,1.02833493778351,-0.195350817047606
"645",0.843046241258552,0.806711954638769,-0.198733819073565
"646",1.08648291183782,1.26819970548824,0.394933585543415
"647",0.890326228763257,-0.389863231727689,0.324319132953953
"648",1.06368898587018,1.00584813266256,0.378838630588181
"649",0.93642394415983,-0.929185803823718,0.880801141560086
"650",0.640729872134724,-0.264368535971667,-0.484679594309632
"651",1.09121753610497,2.07722743628073,0.297906951926398
"652",0.321615775118553,-1.08404787182543,-0.9949050842297
"653",0.82243398463346,-0.518056854317694,0.189867898477819
"654",0.548907132529054,-1.30374613309579,0.0652066927988073
"655",0.699573228280855,1.44941264359068,-0.695038779969555
"656",0.392703069696514,0.990824613312688,-1.48571813504352
"657",0.955704504616571,-0.0488077958079102,0.361858238146833
"658",1.47440500211906,2.26336863280396,1.30942127964846
"659",0.816947794217735,1.14073038550552,-0.329271076740207
"660",0.865021578692208,-0.793106434830138,0.519410887945775
"661",0.846602304974001,-0.43660980390721,0.217118541357584
"662",0.589318208869584,1.32762409636444,-0.983262648951717
"663",1.15294808206494,1.64859610006863,0.518959584766707
"664",0.509729515375127,3.46687322859608,-1.35480693524965
"665",1.87835253153413,2.32507425754666,2.38787830087524
"666",0.909382976278197,-0.158154222949458,0.270347411052417
"667",1.554251801397,0.691041663612791,1.8275380807173
"668",0.147825290034472,-0.564899997672513,-1.8616455801138
"669",1.15051454635083,0.751135491895844,0.675951361330676
"670",0.435701409319351,2.04239703066654,-1.47028394829348
"671",-0.62079640279144,-2.87871763641184,0.624404206315771
"672",0.561581890671647,-0.401985526326596,-0.66469735966802
"673",1.20274588165344,0.86317014273415,0.796445891346864
"674",0.420320440460557,-0.656389010749421,-0.975175080464985
"675",0.913736209072825,0.778304197898688,0.00517208796132664
"676",0.744802609090089,-0.183698347469651,-0.207070080526797
"677",0.336852384641885,-0.395668518400752,-1.34759960335434
"678",1.03950814979708,-0.565445618127517,0.888174357932255
"679",1.23373331865753,0.719771927930355,0.917540085581919
"680",1.10053446183728,0.799041506015529,0.524660847162715
"681",0.73329177164991,-0.407506031449546,-0.141962581970098
"682",0.856650379371484,-0.764249112393496,0.46857895138143
"683",0.63802890041822,1.2919065680808,-0.84469823914808
"684",1.58330385267167,-0.18805614933358,2.28436182355819
"685",-0.591512097198956,-2.85922627798449,1.119648614917
"686",0.574306807755685,0.725352051172874,-0.938315634571248
"687",0.834053064228297,-0.184181037680186,0.0580406850144345
"688",0.979438878688933,0.0952191980768218,0.377171572682496
"689",0.903112353570163,0.848312204097053,-0.038602043080001
"690",1.10924340169618,-0.484970153319786,1.04682783055681
"691",0.741067369707468,-0.833204172748538,0.157986976379565
"692",0.677975607704625,-1.42334345300587,0.773564506185672
"693",0.821246203662097,-0.732371066566771,0.331305147109327
"694",0.600379278029868,-1.2022929268467,0.0913150448111989
"695",1.17615101827428,0.279343446967088,0.88213614362764
"696",1.30954622421929,0.283200747160769,1.26422960889671
"697",1.00387080860978,-0.370246909331591,0.656680102083402
"698",0.769786656217725,0.171967075433802,-0.255748241778523
"699",-0.869990434774785,-4.1534535652827,0.664371134294579
"700",1.13238040456749,0.232089596311819,0.772201211696152
"701",0.652685306653501,1.9651225096016,-0.876834144688228
"702",1.32065261003486,0.334512219820901,1.27804277049759
"703",0.343037380338062,-0.129961063173774,-1.41524427483352
"704",1.11800870594239,1.24016257919179,0.486658346551774
"705",0.486690823495692,-1.42597149101139,0.0655865865621948
"706",0.595130322729657,-0.183381547312183,-0.651432726597151
"707",1.48259553310462,1.57503298398792,1.43055820492209
"708",1.02823972516241,1.35667859095548,0.220352319895567
"709",1.38585005480221,1.53755065025321,1.17227834144895
"710",1.49851708260701,-0.761591102310644,2.49849176897658
"711",1.29125766438002,0.135651073518467,1.2673102337611
"712",0.905835343204405,-1.12063109696241,1.02047164466856
"713",0.53568548029222,0.209121755398619,-0.942303459372204
"714",0.805355541269785,-1.70494417412982,2.33947399702486
"715",0.375523809035911,1.05044575695306,-1.54085995613692
"716",1.07895922252005,0.897084996543587,0.443153097534318
"717",0.0596387998810467,-1.51077864530321,-1.39375806647216
"718",0.762479219387409,0.55089594621977,-0.373072334985671
"719",0.475856886055205,0.940264713776588,-1.24734003433286
"720",0.71075392638221,1.73054987779612,-0.696247611125619
"721",0.829310350278763,-0.458053136003586,0.176370171124811
"722",1.50950544304716,-0.190455445606349,2.06665481927594
"723",0.473930164281554,-0.213626359722424,-1.0009861607561
"724",0.775327016892064,0.0691088962143578,-0.207951473685125
"725",-0.290903802850358,-2.17318671290962,-0.081919510075154
"726",0.600733033123642,1.95557999228124,-1.01667631093816
"727",0.593184715726119,-0.172240819524976,-0.661207290091049
"728",1.36743776745627,-0.717875076610353,2.03840195004264
"729",0.46328740733264,-0.462815155366251,-0.936513200780286
"730",0.372940307256868,-1.55288937309695,-0.0724296934308801
"731",0.500869240512838,-1.47471706809704,0.227815576863079
"732",0.859577746469644,-1.78530692564018,3.14579217464506
"733",0.737987830948905,-0.462746492420217,-0.099333587764319
"734",0.434086534452959,1.62811501315511,-1.44036502121148
"735",1.68219717910763,0.377480980261027,2.29713965348702
"736",0.452894599000887,-0.756107879936113,-0.815289571305969
"737",1.27423343857432,2.64638291260994,0.731431924557567
"738",0.127593825630152,-0.828954739558279,-1.80833230073712
"739",0.710612330419646,1.45891148749676,-0.665916621188025
"740",1.24501760755488,0.776722774820423,0.935139342355986
"741",0.733764860783753,1.61379343024314,-0.620737957102888
"742",0.789506261990883,-0.460673522384946,0.0565476680013496
"743",0.946225538418749,-0.494254389850322,0.55451394538604
"744",1.11219811692029,-0.288807589985444,0.937573070055577
"745",0.791000439373866,-0.32775747122573,-0.00648754959190049
"746",1.52179635384073,-0.0324588225705313,2.01596214675003
"747",0.647605116719034,0.202328105938331,-0.617427653886463
"748",1.46848949529305,2.16281608965743,1.30597570003413
"749",0.745156711278199,-0.0764156515189765,-0.246674126452005
"750",0.671384685327063,2.73176157692695,-0.8856626567889
"751",0.913919932789387,0.630905516039577,0.0374939839948013
"752",1.0894726698197,0.00828589910061684,0.730998579203595
"753",0.21092148755482,-1.16905075917794,-1.29048792934926
"754",0.701507363492075,-0.493222125539237,-0.194458654409069
"755",1.52067304438904,0.369419443469148,1.83826830098355
"756",0.225144509064364,-1.50751013041809,-0.758530803234482
"757",-0.0631654024094502,-1.94833260160521,-0.240343958926466
"758",1.32250665011096,0.179332683483815,1.34050351600879
"759",1.10810917873724,-1.15763007293707,1.76845028519123
"760",1.0586249638941,0.229583022363814,0.560415949910351
"761",0.33235206363176,-0.392171771096042,-1.36250448488863
"762",1.08195239630762,1.15563778448413,0.401802849351124
"763",0.498539062343356,-1.00279855843152,-0.480511116781885
"764",1.13699557875716,1.46333764068083,0.50256410604545
"765",-0.225036668334246,-2.11642335822774,0.0203579809594691
"766",1.43502731024287,-0.193949033623745,1.84747241711149
"767",0.624115727904121,-0.910929392858064,-0.152123541080565
"768",0.509916515162609,-1.04401363716197,-0.403242141409802
"769",0.726948025162216,0.171246264738352,-0.379483262199094
"770",1.5540778950262,0.0593354574795464,2.06485309206815
"771",0.681255774437364,0.751286128565575,-0.642305861438134
"772",0.602393952660605,0.700066978450105,-0.854852284365489
"773",0.898612086229207,-0.250790901620114,0.279720008104539
"774",0.913940796155402,1.81053505044583,-0.15237408009274
"775",0.82721944922227,0.267039148789383,-0.117493981118735
"776",0.476748130777062,0.0264907861276738,-1.06611301178033
"777",0.68366745409438,0.0920593477439204,-0.481834461855104
"778",0.577075109616192,-0.692078137827726,-0.464334276097924
"779",1.1830296070464,0.167359708587915,0.941562094365646
"780",1.57011916092539,1.45281607301938,1.69203326191128
"781",1.94772788907915,-0.0413504400709812,3.27076258651937
"782",0.639191180747188,0.779598498366491,-0.765431370633528
"783",0.886602800471301,2.05973037850954,-0.253087585757168
"784",0.85424861583167,0.00581448506170928,0.0439017023087247
"785",0.248391975547842,-1.34813062871893,-0.946691337330974
"786",1.06318929302177,0.495091454077368,0.494037032350452
"787",-0.670939317286377,-3.05825291914353,0.781964662114028
"788",0.888660623266117,0.666552882250578,-0.0417077502783872
"789",0.744638531108677,-0.781630412837853,0.127342714671742
"790",1.07709178770461,-1.20734151324859,1.75141628484241
"791",0.885182905097799,0.539688647429824,-0.0226357000605112
"792",1.33214651530156,-0.0835366165400616,1.48432745508
"793",1.769795856877,2.13739272603279,2.12214494897054
"794",1.22896248855328,-1.22410032194035,2.31248735743927
"795",0.883909700992352,1.37056537421373,-0.178541593070317
"796",1.16363744254295,0.885906482999173,0.682079326578173
"797",0.561336563149112,1.95159069939173,-1.12303675646698
"798",0.629115575044791,-0.142971678923757,-0.565221221544453
"799",0.703853205447124,-0.972356868766493,0.165954318172911
"800",0.863980111642436,0.492704293798896,-0.0715292862142057
"801",-0.102015252990653,-1.86723970301373,-1.01792236025816
"802",0.625781628700496,-0.583865142308685,-0.377272406811944
"803",0.8949111113794,-1.07592360418857,0.921000239524207
"804",0.722812472903008,0.69076051079819,-0.514039477449845
"805",1.57068841465579,0.776110361274767,1.84920957404451
"806",0.624157531950509,0.261716833884749,-0.700332662402888
"807",0.982809167382176,0.461935747935325,0.274304710291985
"808",0.336635888157011,0.462838565116534,-1.56529207506005
"809",-0.416934958502709,-2.23560456223172,-0.777240145123174
"810",0.667272239624189,1.12617474922838,-0.741623251189897
"811",0.643692147178034,1.43978481753661,-0.847180526824021
"812",1.72951767324085,2.16374647895259,2.00973651173007
"813",0.552666753049279,0.468765862783733,-0.951558102810393
"814",0.46377038777989,-1.3938442649656,-0.0834972630100268
"815",0.893652566423221,0.758836163048339,-0.0472060994869574
"816",0.633875485689517,-0.868511891446307,-0.156688911758732
"817",1.27083274124588,-0.157153263970909,1.34041404069835
"818",0.757408121050773,-0.511174964477395,-0.013450134851476
"819",1.72667186126297,0.561483490178818,2.35606646707025
"820",0.525004200043914,-0.812108459518858,-0.548948356693912
"821",0.632402661339494,1.14639893489682,-0.841013238615875
"822",0.690588824378415,0.507012067304451,-0.567475248015567
"823",1.08012742721322,0.958213335135501,0.433952773124475
"824",0.904274120571871,1.3569295465519,-0.120603563655488
"825",0.493201397028706,-0.330565785888495,-0.900681579058768
"826",1.12876324321609,0.230805198958343,0.762213742907286
"827",0.655100176488394,0.883472167278248,-0.738405764146823
"828",0.601704653373204,1.8082051116484,-1.00061971646162
"829",0.436881270496986,0.436148378132408,-1.27489017975311
"830",0.616340117034597,0.472374023880718,-0.771127821962305
"831",0.280576777043415,-1.03663343473138,-1.17331191986499
"832",-0.187881511590634,-2.19940878533603,1.02584923571256
"833",0.583726668392303,-0.81537542883455,-0.359160656587188
"834",1.63822917713958,1.96641847943129,1.79167005849577
"835",1.9847956838462,-0.00792503037998315,3.3592559017887
"836",1.43382144259205,-0.524327394455453,2.0697924586745
"837",0.783219613268622,-1.50769094267572,1.40346605317638
"838",0.832659744452914,0.25652242603521,-0.0988502119912921
"839",0.978967734200083,1.10587239451617,0.125303508908925
"840",0.559227844155363,0.348041382349093,-0.907119724537537
"841",0.942416207060217,-0.999232764769473,0.981017324890331
"842",1.09572033712787,1.5509049958546,0.376519129169367
"843",1.29959457223797,0.474210582523004,1.17228462652797
"844",1.10834159486963,0.929696669105253,0.51840857905228
"845",1.19391048102998,-0.462324486879265,1.28990369127767
"846",-0.380751488423386,-2.31609094154987,0.122858046492234
"847",0.597877955069183,1.55142825724528,-0.985211951743677
"848",1.30107077540624,1.00313318448371,1.0397415304078
"849",0.914333930756976,1.49137706508436,-0.111711773678661
"850",0.760106365093595,0.423480451537231,-0.35053533852294
"851",-0.63905759070641,-2.7917720255611,-0.370387688941505
"852",0.936996270348265,-0.143293020473236,0.34571463154284
"853",0.567518859245559,-0.965360824165049,-0.287982008326599
"854",0.845180875419534,0.804328861478436,-0.192288837155565
"855",0.860168563925871,1.34624353118972,-0.240392890404121
"856",0.909707129575485,-0.014180327016187,0.21357094088657
"857",0.835667955359049,-0.0962918727134202,0.0273297854675845
"858",0.917527296273323,1.31969536112848,-0.0786974339565223
"859",1.16436661352601,1.53579285289497,0.566533709918187
"860",0.59720086582027,-0.492185884367053,-0.513939610215219
"861",0.511510782969332,-1.36352472985229,0.0347537728160999
"862",1.24343561793641,1.11284305138892,0.857029039619714
"863",0.503014635386616,-1.08491010116821,-0.384292841591099
"864",0.403524649756389,-0.432537111723795,-1.13115285223966
"865",1.13933830681844,0.0959713854266609,0.841785720811593
"866",0.491356099881676,1.53471125891936,-1.27489079024927
"867",0.8097557988767,-0.589403477415187,0.194843356458304
"868",0.748119329670402,-0.870591159211439,0.213097158503435
"869",1.31328324295373,1.55338395577752,0.971191481660195
"870",0.799328435131066,-0.671364352757702,0.217505346115707
"871",0.815903877513692,1.0115194862319,-0.311365802150401
"872",0.917455168456297,-0.0920258827425873,0.266663855941188
"873",0.868047496303064,1.09894783700254,-0.181036288808187
"874",0.590068431034369,1.57925384886287,-1.0095196612583
"875",0.784765436064361,1.46526417009597,-0.463391168193392
"876",-0.0520835132078531,-1.97766897748923,0.0769244426068874
"877",1.61772549952069,0.995276644624083,1.92260732919028
"878",0.545378899594731,-0.52972712482088,-0.653894270014816
"879",1.8792077354858,1.87743672431649,2.45903351168153
"880",1.72475848863352,1.18701614834272,2.17335904492254
"881",1.15935095931316,1.06387530742908,0.63341579998387
"882",1.70369607889203,0.317849450583849,2.38260133421526
"883",1.06321639329813,-0.814710332451747,1.17090359677942
"884",1.36624949883789,0.403868318718388,1.38486485788165
"885",0.368798447033523,-1.30449321155512,-0.576665526851048
"886",0.566228060252919,0.31251098744284,-0.878988580976303
"887",1.27834169565414,2.82213013893994,0.726345389962727
"888",0.0921699440138873,-2.20735993838014,3.60119362658538
"889",0.946316331175357,-0.293073465510012,0.442806758755716
"890",1.62853731090806,1.09059856099304,1.92950129594715
"891",0.00175646846914548,-1.74549366732236,-1.04762983182493
"892",0.465858393465233,-0.211714829462424,-1.02565292617496
"893",0.494665525566914,-1.42953488354264,0.102880634122064
"894",0.699778451955694,-1.18499543066321,0.409984815084746
"895",1.41480077290977,-0.119511087563964,1.7464745423147
"896",0.628863379477606,1.17330867251511,-0.854473474892117
"897",0.0601969904095901,-1.79974713567651,-0.552671819555988
"898",0.731542508577019,0.61419354189762,-0.474089715681466
"899",1.42169867272345,0.546229760123403,1.49680157648282
"900",1.08909166780925,1.71135387140779,0.336338195506229
"901",0.1706280252304,-1.54371617553928,-0.89471132695302
"902",0.547879324261953,-0.728268433292707,-0.533081327670572
"903",0.449168930207074,-0.591164991109133,-0.919432859623029
"904",1.38829506201838,0.558460911894115,1.39839330674427
"905",0.272848217063909,0.316108426263893,-1.72145703302712
"906",1.33891424735531,-0.743422879329921,1.97438412501148
"907",0.0276693765181366,-1.55206082987135,-1.44284239626953
"908",0.826782390689443,1.6353824408243,-0.369318828911299
"909",0.397541569904178,0.319524222142858,-1.36443285574311
"910",0.65562455000753,-0.208308498850741,-0.462386281764404
"911",0.878964962305376,0.645462154113804,-0.0644341546359048
"912",1.56013335694145,-0.644013726808169,2.56784477060556
"913",0.757605461695529,-0.912588717725545,0.282590487332107
"914",0.152307161086133,-0.877441895017781,-1.70255592357933
"915",0.718874312134719,0.580592903558497,-0.502941686625117
"916",1.19684167914631,2.31264493751789,0.557195118554992
"917",0.290312970535086,-0.873593432585753,-1.2598988366844
"918",0.971739616393718,-0.636296959182665,0.729710885168119
"919",0.502385147816967,-1.82588582922208,1.7555591974421
"920",0.839149568195003,0.503362910234463,-0.144650254738171
"921",1.28308832129299,0.283926861280235,1.18792979865383
"922",0.352678768961283,-1.98257549691292,2.65334259101815
"923",1.28587716076548,-0.63485928868074,1.70575681513334
"924",0.778560033172051,0.451185752685719,-0.304572544016828
"925",-0.0376027201475838,-1.97297200271939,0.125301943202078
"926",1.06597953906249,2.35628325462069,0.201091883849874
"927",0.621447110999998,-0.879598677336779,-0.187537339201991
"928",0.944333292788322,1.03034134743449,0.0424392115690105
"929",0.543776666917917,-0.762120721485514,-0.523779039810918
"930",-0.379415234838496,-2.23551725624261,-0.42811938329322
"931",1.10312723400852,-1.04877922918004,1.57967963098695
"932",0.63195846755058,1.17731004574833,-0.846453919340929
"933",0.705858695578048,-1.47988174621204,1.02378531858153
"934",0.718967536182683,0.0397736644487748,-0.362846940936136
"935",0.698304424275915,1.62225932339248,-0.718504582489685
"936",1.15409538852787,0.823808184518155,0.669181571985227
"937",0.597956339468646,-1.15166355434477,0.0152080903181697
"938",0.576605046814194,-0.344414579634796,-0.644106079525758
"939",0.599414351264815,-1.85129156746402,2.46092146919877
"940",1.31945922851702,1.12913654103471,1.06440210538055
"941",0.780794014396094,-0.24113242328769,-0.0761785457725195
"942",0.707328848116242,0.580370784800509,-0.535573358161965
"943",1.3949001991153,-0.199387106790451,1.73134541546811
"944",0.574781841154441,-0.978621805088333,-0.251855211333218
"945",0.966729884255321,2.06555932115751,-0.0371651257364531
"946",0.958108193256873,2.55432046142674,-0.105998275019069
"947",0.505034258023238,-0.739067640758952,-0.661270667166867
"948",0.418533437225348,-0.701032297708032,-0.956236754614161
"949",1.28165460055188,0.914925729977627,1.00518581313877
"950",0.490346630472914,-1.17022171070712,-0.330115761526179
"951",1.00212420957774,-0.0534462792827266,0.500080553895329
"952",0.569336502546071,-0.409837838384433,-0.637714181718131
"953",0.227964297859516,-1.68670222528344,-0.257754033179634
"954",1.15315892948381,1.07732448057347,0.61362160394235
"955",0.416198129773311,-0.498100879856641,-1.06477015203847
"956",1.00652304468483,1.14120585977301,0.195535574940528
"957",0.27520936731801,-1.62407936972164,-0.265218361383988
"958",1.04891539321148,1.22057154711437,0.299245481193214
"959",1.063657161347,1.92354356287307,0.240841072635023
"960",0.550592306732202,0.708002007906616,-1.00205069167084
"961",1.08013946103286,0.416670304878902,0.564248270978684
"962",1.09898464607917,0.0299754650044502,0.7500757523077
"963",1.22664882742058,1.0390685820091,0.825271161450537
"964",1.12866129971255,-0.438324453048604,1.07545869707908
"965",0.638440218605004,0.150437500843345,-0.629873630650043
"966",1.60914718437948,1.34557389659941,1.82015676923007
"967",1.0274862974866,-0.163267963901149,0.622501287955047
"968",0.820451448029339,0.8924907138366,-0.277995279106994
"969",0.495862096656244,-1.40735014092569,0.0615371371725612
"970",0.888956558684055,1.01306070339275,-0.108468176712054
"971",0.575058359348002,-0.778003599480736,-0.413717714124375
"972",1.10775678181926,-0.57320235377874,1.10434279719586
"973",0.841043371450697,0.487424739850647,-0.135453102460306
"974",1.74998324185674,2.04606262176683,2.08210344204848
"975",0.584613606830473,-0.490518626790791,-0.553251629584069
"976",0.5972868938159,-0.516857378852578,-0.501169231313016
"977",1.18300529911371,0.532747772565588,0.823873123314119
"978",0.74862936549393,-0.335424721691253,-0.130318123916269
"979",0.564279119184821,-1.64533240457837,1.01374019446995
"980",-0.626553046712858,-2.87967174411217,0.501679405032318
"981",0.54825414884619,-0.550212401803951,-0.634608329488486
"982",0.695883286687387,-0.465936161186443,-0.226007378831758
"983",0.616796969507954,0.128403255836602,-0.686526855526638
"984",0.455812419505194,-0.313390571512242,-1.01956763694622
"985",0.276362920551903,-1.48140201825089,-0.614915343590129
"986",0.684789160309107,-0.100441946053354,-0.415907954102235
"987",0.267674967511391,-0.866378341290373,-1.33739914142376
"988",1.63716193963393,1.12693087165628,1.94489607183783
"989",0.566560581886112,-0.880064928267471,-0.364266317553758
"990",1.26782230362674,0.968039259754882,0.954811867183252
"991",0.915276870894106,0.332450632078649,0.116880476651475
"992",1.58273527133833,0.700814477669752,1.904843051125
"993",0.409687749745552,-1.71668906587197,0.659775224759777
"994",0.832119574932995,1.10944392683149,-0.282328208009633
"995",0.541574369888357,-1.58034482091426,0.682658270543042
"996",0.806160953334891,1.06810442847958,-0.347714002399214
"997",-0.596187362357528,-2.67842819661859,-0.289194394831214
"998",0.884787242159297,0.374240280688182,0.0180785970602434
"999",-0.664923382945611,-2.89657686404892,-0.256425266514905
"1000",0.788649876781259,-1.16620569020943,0.687957232473286
