"","x_child","x_pa","noisetmp"
"1",-0.696358593645498,0.965290057208405,0.456203885821169
"2",1.18262313740947,-1.19579788433934,0.705923532300903
"3",-0.591913056589463,0.639719829194686,-0.396296699041949
"4",-0.350039172816285,0.3693834310258,-0.48233479793453
"5",-0.953406435969395,2.01059208779545,0.182309888490673
"6",-0.928076834127571,1.67315352884645,-0.576758842942502
"7",-1.02573927100287,2.72896460619242,-0.26583450876003
"8",-0.673340202450168,0.880533814931612,0.232527007835881
"9",-0.964391210432717,1.99157900452916,-0.411191126122007
"10",0.682108024077671,-0.968190720386111,-0.461663660420249
"11",0.371264146810892,-0.322394402418808,-0.767669677867428
"12",0.0409693062461491,0.131418531298198,-0.568842899454693
"13",-0.908535812912779,1.67460346828384,0.0494322262475603
"14",-0.85300327700644,1.30944152714928,-0.362815022902401
"15",-0.293098960032234,0.505641634738373,1.13727616020946
"16",1.11164274368792,-0.508712618696304,1.08785402009327
"17",-0.830363821169083,1.74855528367554,3.13373287940512
"18",0.410544421845641,-0.710734396995256,-1.02891545725045
"19",0.217684541284275,-0.0233310699853908,-0.610056769798209
"20",-0.846083115134812,1.37312470135317,0.123081422164667
"21",-0.737481450171753,0.995831188064862,0.0293895499319234
"22",-0.658935972395947,0.801273716977724,-0.0882436417748874
"23",0.365353651649378,-0.301024970262405,-0.754168162573797
"24",0.594999967890879,-2.38221659661393,-1.03670583692588
"25",-0.918919319657628,1.81424735460483,0.465404539729816
"26",-0.742007239839531,0.963989876686988,-0.221661675698581
"27",0.697139025413308,-1.07443595567997,-0.474218180852317
"28",0.382252940343715,0.0584528392251218,0.317055006461254
"29",1.08475357951063,-1.59213969232611,0.306456135274608
"30",1.27886307074033,-2.63257472300191,0.552945307614036
"31",-0.180997961094273,0.318653816183238,0.0753727913389761
"32",1.45575762842085,-0.646960648407496,1.85339474820864
"33",0.516130617474023,-2.31650256213041,-1.21673275784914
"34",-0.947534098708008,1.66135512858956,-1.23931563008906
"35",0.57601669786515,-0.523645815917113,-0.423792652828234
"36",0.0361606314724482,0.258320849970899,0.594129608423669
"37",1.06345512391966,-3.30213532950137,-0.0307868628684461
"38",0.454878805945178,-0.884659130794463,-1.01108901248193
"39",0.544434671419708,-1.28567331342379,-0.942391385948913
"40",0.895420720472285,-0.649004079181904,0.329693857402609
"41",-0.240698868313795,0.481014574208363,1.30011291264677
"42",-0.250342158806008,0.4038209443908,0.470560369009667
"43",1.09921065961728,-1.46419808211147,0.384420569922848
"44",0.612603240710987,-2.1125650208913,-0.95736655168822
"45",0.873357742051212,-0.935907740579333,0.0532617114198264
"46",0.614773634966474,-2.0078950324317,-0.935414349602065
"47",-0.684408915793389,0.773886268493306,-0.553671689922161
"48",0.470446402013466,-0.0178703722998452,0.274869262541052
"49",-0.668764867985947,0.964551193042231,0.856401875165203
"50",-0.846158780839943,1.17488632902796,-0.866056818252564
"51",-0.874672679155484,1.54122495750551,0.32633301889883
"52",0.634756906979326,-1.62122535454871,-0.809853509836414
"53",-0.419515589746935,0.802508398304909,2.80012393538857
"54",0.909958359788331,-0.714123808556143,0.309646146341999
"55",0.48207153640995,-1.974364204061,-1.25076219872187
"56",1.30302669489164,-0.857967164711338,1.23225111439168
"57",0.95792152095382,-0.650254588639016,0.498130047646618
"58",-0.176627886914945,0.299148714882043,-0.0909688114939536
"59",0.753582051092886,0.000683493875295449,1.33783492823852
"60",1.23380440456402,-1.12665095214489,0.872188788879629
"61",0.954370076000724,-1.44107098754113,0.0322406017462903
"62",-0.745168145242122,1.5053430053431,3.56958457592719
"63",-0.615508029020656,0.598578575409385,-0.875357248138321
"64",-0.326613285763993,0.416970622820964,0.0745328775256069
"65",1.01719485545534,-0.4736030191476,0.872694249228934
"66",-0.615052061601942,1.0271737120635,2.148833671179
"67",0.342601287159379,0.146104428670359,0.756105434347778
"68",-0.742319038656872,0.786320518677541,-1.16413335311457
"69",0.204894664071076,-0.0521079423377663,-0.742265793187299
"70",1.42315377046429,-2.82358419009072,0.866109112238683
"71",1.07527458633904,-1.0336930758401,0.518361900105979
"72",0.0772830562201532,0.191354854688577,0.0383431597582362
"73",-0.623918518614452,0.924646942275723,1.2119781958432
"74",-0.904394983294663,1.9162845290702,1.68549408235528
"75",-0.653829719625033,0.680544169845089,-0.760913993071496
"76",1.09469683858222,-0.606628651615006,0.917280850380445
"77",-0.111012782129574,0.18700516622374,-0.82381553069298
"78",0.220527283457226,-1.43374229422039,-1.79235749649755
"79",0.896072030948922,-1.3801262866723,-0.0922135085291039
"80",-0.28958567350282,0.395684876684644,0.134139549907371
"81",-0.493633646778279,0.891853849041979,2.72242180933919
"82",0.977978502492778,-0.317297295928565,1.02697150130051
"83",0.366578171595259,0.101190999516059,0.513366153925895
"84",0.670509167383864,-0.212935616693309,0.329313483804462
"85",-0.325898067745423,0.553498395486536,1.32788038179285
"86",0.990708933077906,-0.968622703004102,0.338414168348378
"87",-0.591838159881453,0.590764977867347,-0.708802295282938
"88",0.88871188367256,-0.356478206528917,0.691447774503232
"89",1.42332235379506,-2.24899633171785,0.96358782892678
"90",1.63408285414636,-1.65520166379298,1.63698264293482
"91",0.805951413044441,-0.44916954360256,0.310121061997473
"92",-0.547766555005253,0.665934647771349,0.218827777395858
"93",0.299573149220309,-0.429782068614877,-1.10522337172914
"94",0.63213423614089,-1.07874146117579,-0.642773833795049
"95",0.825125114427804,-0.174632730117926,0.905152395390724
"96",0.303091623381834,-0.059319457017847,-0.436006866499525
"97",0.52083196235439,-3.0976388205449,-1.28130357182419
"98",1.05381322540553,-0.188145716274884,1.5767641901981
"99",-0.798372596025206,1.3415822137607,1.0199109576115
"100",1.22335671451002,-1.34887302763904,0.738641216806028
"101",-0.474999876692663,0.739602982864744,1.57306212414059
"102",-0.344076134270927,0.384811505401903,-0.316516750469672
"103",0.312242663547816,0.0937889593489194,0.258174676307324
"104",1.53815995210497,-1.64187106008665,1.40606718455073
"105",1.49634036247555,-0.811741926886268,1.78298770151017
"106",0.379937598273598,0.0737055214331881,0.393519068077496
"107",-0.963891630659551,1.89256928351796,-0.854875235838862
"108",0.260780083643892,0.141084656523833,0.382546744532264
"109",0.878644727648234,-0.259127762542907,0.855929645498667
"110",1.29768457710419,-1.86113651848531,0.750822867568511
"111",0.561030673587506,-0.48793430444127,-0.428005470645649
"112",-0.636514715997277,0.605860889185492,-1.02507546983534
"113",0.302614072338951,-0.102487457062005,-0.558864886082739
"114",-0.37978452798432,0.379233670936631,-0.591823744184296
"115",-0.604710507401551,0.702704491903841,-0.112483618119831
"116",-0.775554893965398,1.12488172133109,0.15618273042024
"117",1.04660002421019,-1.57008052568052,0.219150479482541
"118",0.869680040667748,-0.856346948873183,0.0941990257905319
"119",0.90602561896998,-0.912973571187179,0.152525469759998
"120",0.311795129669937,-0.469539422899303,-1.11026924347183
"121",-0.820270365739388,1.16313568659827,-0.442803779965142
"122",0.524174957021404,-0.292067388283449,-0.268694032683382
"123",0.740242633906836,-0.296489254550809,0.365010156583243
"124",0.680988263901074,-0.837325585650374,-0.390195702657626
"125",0.795419784447185,-1.01752963707225,-0.194032646812152
"126",0.306781718769151,0.017514547789204,-0.148835861776024
"127",-0.427389502799513,0.434247573766514,-0.484291882243153
"128",-0.720591934370603,0.893976301193873,-0.317936375013542
"129",-0.39851017445452,0.663378677730038,1.69285911048346
"130",0.854590002312912,-0.987041810148248,-0.0249010683070361
"131",0.791700280008594,-1.35083706458754,-0.343189467605348
"132",1.13936199863888,-2.48945086872871,0.243738884841518
"133",0.411056019270503,-0.0904826016830532,-0.17309661082032
"134",-1.05941185511639,3.34513029681099,-0.11468140388882
"135",-0.519826391824402,0.570989022133669,-0.201873087280446
"136",0.393583679406663,0.136968253659098,0.88582667786365
"137",1.00612436413176,-3.274056677711,-0.161955910733397
"138",-0.669753003869937,0.61009969472517,-1.30883587530769
"139",0.553113794463323,-0.847782384983972,-0.7332839502611
"140",1.42448804594984,-2.22916467580246,0.970471021708948
"141",-0.892453625710722,1.63495629535267,0.333645310960258
"142",0.772912600696465,-1.11361900524345,-0.297909538600418
"143",-0.608416511149868,0.815135878424164,0.616788755294317
"144",0.921398014008463,-0.961579383326426,0.162823303677866
"145",0.795549883711177,-2.14724086653931,-0.523056960163621
"146",1.07370623242815,-1.27443809045105,0.394433772338322
"147",-1.0501171935654,3.18401315747792,0.284011321402508
"148",0.583590695149426,-1.14665287049859,-0.794525859189206
"149",0.778311696057716,0.0607193699512682,1.78488490444272
"150",-0.805640534065724,1.32167832820777,0.734284719877794
"151",-0.726113757501323,0.945055692764552,-0.0999321467939498
"152",0.437993021858366,-0.232510791276688,-0.421476133562963
"153",1.42458985765798,-0.34221911552201,2.28288089285093
"154",0.387756054828471,-0.0761925724921354,-0.206946649056568
"155",0.984166605531472,-0.454587052587965,0.807134658826267
"156",1.89068880878736,-0.838733177026548,2.79705671971442
"157",0.0731919240973915,0.16462051964611,-0.207912762296296
"158",-0.771326387625378,1.16279320604434,0.456162430027658
"159",-0.106497109990888,0.264722266849638,-0.0629600919080554
"160",0.336229350929856,-2.09991541338412,-1.6206206116935
"161",0.9930581495359,-1.14910482683679,0.247046854207735
"162",0.280487130604122,-0.293010397548031,-0.994268159588385
"163",1.24329179271432,-1.45649221358511,0.745330489397563
"164",-0.515089835283706,0.57305508214414,-0.145495528393309
"165",0.351520496022915,-0.29712583171308,-0.789383028174354
"166",-0.570740440541912,0.565759059875806,-0.681517503424161
"167",0.871792614709567,-0.706655319600613,0.213547959516484
"168",-0.100729274012815,0.266565924518049,-0.0142274629014963
"169",0.497270457398124,-0.282292585188372,-0.332201578635496
"170",-0.990352062721943,2.29265973659802,-0.16630708512636
"171",-0.741657982153586,0.782284252220895,-1.17628263354568
"172",-0.758010696774623,1.22692986069726,1.1172487053559
"173",-0.642700638075757,0.697797706667072,-0.543170342236664
"174",-0.515891002643917,0.660377404632234,0.496090699653215
"175",0.99339382552946,-1.46937613972106,0.11976414142587
"176",-0.441654291812858,0.424053364693441,-0.66069287081369
"177",1.01721035057069,-0.739110465248864,0.575312283881124
"178",1.50126731727943,-1.8126673018064,1.25999179694045
"179",1.16589352423688,-2.29024012928737,0.339864583144266
"180",0.915266070363165,-2.97720026005903,-0.346228267973788
"181",-0.982756321057066,2.459924886974,1.53182538817503
"182",0.599404871747536,-1.18936756986245,-0.770444389234404
"183",0.103194166243985,-0.284253567437818,-1.51001118366061
"184",1.24483391762075,-1.80208591185403,0.638020137558614
"185",3.47574620927206,-1.10899631802608,6.6115289870629
"186",0.915142192153372,-0.38178930469641,0.724464982053148
"187",-0.9029476281401,1.41094010901441,-1.03507332230707
"188",1.25770537932935,-1.37816807528354,0.81232521357762
"189",0.574699931921564,-0.0963351289881261,0.342222769542076
"190",-0.407655754586573,0.566144997319526,0.738637925677654
"191",0.416340912768647,-0.144519314229062,-0.300238359395718
"192",-0.26548099108389,0.665475699913304,3.04650939009359
"193",1.64815188387022,-0.67729015181688,2.3365226369023
"194",0.020638495188838,0.0260371778022626,-1.12981302372435
"195",-0.64650267981294,0.726710478648775,-0.407829981694668
"196",1.2966007456432,-0.444064775427417,1.70941127773016
"197",0.824314705335339,-0.586733939805963,0.19771441160369
"198",-0.0934366940812021,0.284485334738918,0.211655678007631
"199",1.39354852586431,-1.53117726535897,1.08982612922523
"200",1.3939191330481,-1.30851503213444,1.18456054761334
"201",-0.871498150811304,1.49744752700718,0.171253417458328
"202",-0.893947569867665,1.56565969016372,-0.0811159343249963
"203",-0.571659823331869,0.616558911845491,-0.356215150837873
"204",0.608094402937858,-1.66012759394088,-0.884379792541648
"205",-0.646930064204715,0.674709681246138,-0.724730119048563
"206",-0.795093130916224,1.09669985852234,-0.338443947344255
"207",1.15281820241333,-0.490752947516501,1.22890232504572
"208",0.302485543600941,-1.53809017297873,-1.61108082883502
"209",-0.912670736266042,1.69731458264548,0.0365751269191014
"210",-0.855232215700647,1.53077774579226,0.798702488792675
"211",-0.604509066973129,0.557370460844686,-1.02526180453101
"212",0.782819504396981,-2.42149353199477,-0.594395322531827
"213",-0.997262552038618,2.61488546742328,1.68898636427153
"214",-0.763431794278463,0.809181101055828,-1.30650420371851
"215",0.526742743573047,-0.771594933936542,-0.757296361148551
"216",0.839192535647293,-1.24781771372991,-0.185972457581832
"217",0.306679610683078,-0.064708140505558,-0.440332718693683
"218",0.685811301507959,-0.268267327823904,0.257422428664386
"219",0.959912925824936,-0.528273313383322,0.639118502324241
"220",0.475303767755997,-1.12025707683818,-1.06062458150759
"221",-0.556868539849849,0.702765729664317,0.392877258318297
"222",1.45724397629112,-0.249977056027713,2.62380589982096
"223",-0.920540444202658,1.75264358036172,0.0665000370036476
"224",0.239278149579818,0.176056578424969,0.595506658166998
"225",0.654565032831976,-0.811900584415741,-0.443870431581228
"226",1.08610931927609,-1.87981969418934,0.23198912992023
"227",-0.262335973602537,0.450052108872567,0.83199879149035
"228",-0.88474079815271,1.44333733160126,-0.444130378857054
"229",-0.765918613292837,0.935840244641117,-0.718109921402127
"230",0.857596776166989,-0.739072771083296,0.148539654399243
"231",1.01117110629317,-0.644855358182089,0.648161953691055
"232",-1.01835885335211,2.59702772102687,-0.428834129045444
"233",-0.637776645290983,0.611333165900617,-1.00521716210292
"234",-0.231383457113505,0.383142045430572,0.396629428762963
"235",-0.257257328163834,0.258657363205715,-0.889782756971531
"236",0.980587702169432,-0.304268444191074,1.06163299780127
"237",-0.826167437537235,1.16089607141257,-0.562383944204539
"238",0.565599036507987,-1.36304605174242,-0.913058357970665
"239",-0.826914064350171,1.00012217510704,-1.31382604162467
"240",0.908843246652986,-0.56942769426426,0.449009438484773
"241",-0.658943132328761,0.702697823362847,-0.684882086016412
"242",0.227607704919805,0.234339231980876,1.23515516671538
"243",-0.493702166408872,0.563634189850298,-0.0280698247104423
"244",-0.902503696619385,1.73264898736761,0.568948557211071
"245",1.63454017138592,-2.42098825409145,1.43330173421567
"246",0.742221248303877,-1.1880856253641,-0.407620683040316
"247",-0.902066737549854,1.63845818161447,0.0597386363868177
"248",1.03815035453991,-0.763010594655926,0.610649333316574
"249",-0.596922053805994,0.772615236402841,0.451910520403083
"250",-0.577118331457248,0.708200838483342,0.217321610859625
"251",-0.4811710442198,0.267547948193181,-1.96939779186303
"252",-0.436576879680597,0.582684553159279,0.623721889617063
"253",-0.69184603523188,0.763591640628569,-0.697884416880086
"254",1.48688144308191,-3.82315455055437,0.906605648273495
"255",-0.954855814849872,2.03160767337389,0.235561380439125
"256",-0.429115916454419,0.492064354293842,-0.048034694145785
"257",-1.03206769150826,2.7306780699784,-0.966981948199888
"258",0.493145011320158,0.0453336294390254,0.650243294248114
"259",-0.610999155217004,0.558556875434269,-1.07393355531508
"260",0.530482194634617,-1.41657820429487,-1.01599693047032
"261",0.712128760622676,-0.0539733785186065,0.947088243712665
"262",0.742371457463655,-0.61458359699054,-0.0543437515843959
"263",0.521183725478489,-0.798546615698614,-0.788717974051958
"264",0.778178809791593,-0.880391297429937,-0.161527855489392
"265",0.666773727733582,-1.11514428718542,-0.569681379265294
"266",-0.924215261716055,1.71403492526203,-0.255890916890283
"267",-1.02468538307694,2.54073476424442,-1.31303371496602
"268",-0.816413097092949,0.960667497557923,-1.32736865896341
"269",0.0884927131820616,0.153022877865987,-0.231569261376423
"270",-0.663837251637765,0.828853133766968,0.025478782155864
"271",0.826696159008862,-0.308034458946844,0.59893938068652
"272",0.433520374447009,0.000179097035615318,0.221987534858122
"273",0.906690178336542,-2.14490979544493,-0.255621317316548
"274",0.937366884359635,-0.181669153588088,1.23452194868071
"275",-0.976396596202921,2.43094947893287,1.76365878522463
"276",0.572986882111932,-0.18764643738114,0.0874378248370229
"277",0.148154381873259,0.390131340311991,2.94362877712714
"278",2.36450035104279,-0.0612740930768284,6.4119514729643
"279",1.08652891745351,-0.803978694919075,0.705172533807488
"280",-0.922534966735472,1.63133420995072,-0.597965924187943
"281",-0.92630618821975,1.64188381501827,-0.664718858401294
"282",-0.886520401774154,1.64263689147381,0.55852610520307
"283",-0.386926464296209,0.508765316062336,0.420561660143097
"284",-0.500224149029567,0.649785131618449,0.569036159698688
"285",0.614491718824525,-0.768180514121247,-0.521533674972436
"286",0.597479331312894,-1.29873254978223,-0.813160562718811
"287",1.02924807878342,-0.443921853735382,0.9509756856323
"288",0.665190402351377,-1.85017050157295,-0.784711093343602
"289",-0.875676674971708,1.18228161543534,-1.38723393137255
"290",-0.419380453563683,0.427166269643043,-0.482414078731589
"291",1.00509822062623,-1.00751745114466,0.352569716257564
"292",0.466106910617133,0.206900288245094,1.95708348833065
"293",-0.484216753332321,0.419342714670136,-0.988148437034969
"294",1.30284533200716,-1.41887715397002,0.90830483613451
"295",-0.844580035654103,1.25682599127493,-0.446587284078511
"296",1.70300600701812,-0.413631260799835,2.92681243831275
"297",-1.06781601117256,3.53227329475064,1.0935496561636
"298",0.817759960296447,-1.08987289200076,-0.172288947219803
"299",1.32896301895546,-0.325950113316687,2.04059733677469
"300",-0.898166092620046,1.71795737428142,0.627761952155227
"301",-0.446546819671829,0.526704611639716,0.0861989032366178
"302",1.09673096647915,-0.982111382519148,0.604828639772328
"303",-0.0922166724895826,0.274594223308383,0.113864667657153
"304",0.812808499003828,-0.991212615976661,-0.135279197175332
"305",1.09494520700921,-1.93789208138554,0.23995230656162
"306",-0.61522492998389,0.57429357376596,-1.01764165870065
"307",0.580453008909989,-1.67481438567077,-0.955484867422692
"308",1.11450863792863,-0.381448548315785,1.3006329140868
"309",0.803500903682325,-0.49640954041524,0.242065289430412
"310",-0.906306199722435,1.68303219564864,0.165438789926813
"311",-1.02076140959195,2.71801755358794,0.204166130457311
"312",-0.933560506552031,1.90473475200702,0.424910867653789
"313",-0.916578919478065,1.61439010472564,-0.49789009947136
"314",0.349202557124396,0.0545619658644211,0.175651415973216
"315",0.285031781418529,-0.0588038488991887,-0.494581571482659
"316",-0.25343838618601,0.268963715175196,-0.780555240286518
"317",0.601023379357395,-0.193720981028262,0.160007305951188
"318",0.963345055618659,-1.50420132279162,0.033876050835538
"319",1.31323814408381,-2.0143220735116,0.750335765122725
"320",-0.935781789397719,1.69097351542567,-0.742035009176761
"321",0.415668456885906,-0.75670798177088,-1.04396567362216
"322",-0.759824042269481,1.29122685657663,1.51984896572263
"323",-0.680018511605342,0.9211423043182,0.404075163380111
"324",-0.55544156697509,0.787517505379708,1.04745858590565
"325",-0.452289159256413,0.635036436193683,0.915027865490836
"326",1.36822179072276,-0.844209778835132,1.41536777881327
"327",-0.88024856923114,1.88624229144228,2.43101918676378
"328",0.268091123370682,-0.321349765841959,-1.06973040919992
"329",0.966208219427969,-0.395302741195761,0.848947681143779
"330",1.11798743966382,-1.17785484493105,0.550754842243894
"331",-0.799797282605068,1.32544204038012,0.885738180875205
"332",1.72704638959072,-3.40745548329202,1.50421434666827
"333",0.812551399711779,-0.570101294431102,0.182845642818006
"334",-0.0208123148540661,0.328070954971709,1.1016536238268
"335",2.6073390509656,-2.065647296166,3.85743377188394
"336",0.629418118101655,-0.691161665590261,-0.426157623356477
"337",1.22082193519005,-1.63757083357669,0.627325733893527
"338",1.08304675475484,-1.34353745880361,0.389330461310363
"339",-0.771037176587123,1.10844688235755,0.140280585672499
"340",-0.618598842591356,0.539990139959757,-1.24645506202786
"341",-0.761695845019724,0.890985402277821,-0.887220155230192
"342",0.688851069648983,-0.519392120274446,-0.105013378753246
"343",0.930051252701664,-1.96801589263086,-0.165787876961656
"344",-0.695303753968029,1.09694305550053,1.3689676118983
"345",-0.369850257065117,0.273289421719024,-1.3512371301944
"346",-0.90084895840132,1.72730938567306,0.593300248403616
"347",0.447591201750818,0.0397557267250696,0.456384041008096
"348",0.862036756297801,-0.540833953007856,0.352188172860939
"349",0.561478211663343,-0.728047190991125,-0.63569028349578
"350",-0.936550576856056,1.56647384561861,-1.28322895999623
"351",0.40197272324784,-0.933772620863516,-1.17287604369594
"352",1.41791704156847,-0.807405676020843,1.57955924362858
"353",-0.58727831366297,0.810028647896424,0.837282647192652
"354",-0.483995843023007,0.524201196273036,-0.238877985722529
"355",1.57735922114695,-0.938252692935199,1.88400403330507
"356",0.609291080568712,-0.912566982133029,-0.621853885118611
"357",-1.0418996400267,3.0016850365506,-0.187443185870569
"358",0.0601162377207562,0.138489839574328,-0.447388491131996
"359",0.672325319575433,-1.28509078538663,-0.620323928097116
"360",0.810984167320839,-0.114907380228874,1.04537559943855
"361",-0.207436668402667,0.363781448957345,0.360192737705991
"362",0.293414595973727,-0.299151437411043,-0.964640664759467
"363",-0.496380964388072,0.457635048887066,-0.810283598322027
"364",0.0942898587221105,0.0765227180795548,-0.657459542928682
"365",1.06540819486564,-0.816134807235641,0.639562796121457
"366",0.233864188320084,0.220236865480726,1.07318852648481
"367",0.241586685855883,0.365886786223969,3.18905117213779
"368",0.376403332357649,0.0460103091051816,0.231070344176364
"369",-0.684237780609141,0.806274679906916,-0.362716004528253
"370",-0.102789061144805,0.232539120585092,-0.373373974176376
"371",-0.850600598612654,1.16958628212065,-0.972538434899574
"372",-0.974378179342012,2.07359051971062,-0.464309126199553
"373",-0.386922591752345,0.544969648381006,0.732755687865555
"374",-0.0112377682013695,0.252548952069941,0.288990333015291
"375",0.610731524985487,-1.3956057141148,-0.80987004109263
"376",0.672268604621431,-1.51811026565457,-0.691260734281487
"377",0.523109122389937,-0.383925568321746,-0.410142308390362
"378",-0.867493695813961,1.73825269583744,1.78811331573775
"379",0.225933220106549,0.171537622136936,0.495983442621234
"380",-0.848799406961565,1.19962992468342,-0.802586957864754
"381",-0.824676474280577,1.21961723759842,-0.23724077276127
"382",1.21311361845721,-1.35381272493688,0.71091599629969
"383",-0.320197662306366,0.406453098146557,0.026101190951885
"384",1.62210603578924,-0.837895603940878,2.09001898277287
"385",-0.651498719219914,0.685154553075865,-0.710006954372017
"386",0.62703592703131,-0.765289621631769,-0.486180162803891
"387",0.705096730406833,-0.377996311100643,0.123826192771529
"388",-0.615492584846694,0.686108360193839,-0.332887859612553
"389",0.261633697932491,-0.13723654281507,-0.774064620033029
"390",0.530962224579216,-0.887512413894547,-0.813293742769047
"391",0.893889272104927,-0.608963218962518,0.365395316512721
"392",-0.828389469923258,1.69799653573476,2.77819738244635
"393",0.5146447030302,-1.01778918074445,-0.918367681897134
"394",-0.640384076824198,0.883375776538078,0.689453546806084
"395",1.0794191082554,-1.67137368716112,0.269854862287516
"396",0.773741219103773,-1.17481515620327,-0.322184227198609
"397",-0.758238253109283,1.08226698205588,0.205861502293959
"398",0.313269092486434,0.105508524841838,0.336401922136666
"399",-0.408117987663465,0.581905109826337,0.870504621557618
"400",-0.966008768964175,2.38950028497169,2.14871299821486
"401",-0.626990365970873,0.672824117891043,-0.533821795611706
"402",0.722816923503825,-1.61481469688263,-0.591529234719508
"403",0.964676832122451,-1.04408790450631,0.227913456604272
"404",-0.442604944397532,0.736760949612443,1.90622060601869
"405",0.975849460935206,-1.49132372004471,0.0690050077870897
"406",0.500533486442226,-0.258131770238111,-0.279803186937704
"407",-0.898964170385868,1.57060332001539,-0.198291819105051
"408",1.12744558987338,-2.32014664810978,0.2427720196918
"409",-0.713494754100819,0.907398939810018,-0.14368802034352
"410",-0.70450751938272,0.752906243162184,-0.900466645628173
"411",1.95896624994899,-1.10608385712744,2.73740685996768
"412",-0.798247048558577,1.10061358499798,-0.37197816158018
"413",0.545552330619023,-0.813791054445769,-0.733369596144859
"414",-0.961943797740271,2.06365736845446,0.0831370724796271
"415",0.204840799775976,-0.00978482472162903,-0.608509912762424
"416",0.716077207231654,-1.30453792221024,-0.516996056072871
"417",0.803436346208169,-1.83355713902766,-0.44490965254939
"418",-0.870428620492553,1.38947708971921,-0.359621302153828
"419",1.07341346840009,-1.369217616835,0.35514774973117
"420",-0.0387222081553563,0.342414594614484,1.16245886104349
"421",-0.773899903420872,0.980262666240555,-0.605939401868941
"422",1.05221272936887,-0.53241863428939,0.890416595438613
"423",-0.918983642070102,1.50053888491193,-1.06684398093784
"424",0.475115197610175,-0.783352105769351,-0.901794093425678
"425",-0.902074469735757,1.24751406377033,-1.65327331880505
"426",0.847939589177626,-0.359216563641626,0.568132051280075
"427",0.485595164741419,0.041741595676151,0.603702730506246
"428",0.00950815661821272,0.117003581672435,-0.776624754878567
"429",-0.808043193350296,1.05294584493973,-0.775077431915337
"430",-0.197119650356003,0.630326450240623,3.31134148673024
"431",1.68868793790693,-1.64058076661808,1.77658404574358
"432",1.02976081415904,-0.648290602870216,0.695125956927814
"433",0.301339521111528,0.0466653650353726,-0.0376867114412362
"434",-0.854441842631063,1.54294946373285,0.894866384800264
"435",0.542416144782153,-0.818643638414491,-0.744551340695095
"436",0.616188125422361,-0.33068322279501,-0.0608987819351499
"437",-0.660776762085021,0.995915163993313,1.19783677296715
"438",-0.966647913579239,1.88192132625828,-1.01034253866488
"439",0.322125232012637,-0.0997498889346911,-0.488396306440823
"440",1.09108964427506,-1.30875118387603,0.42367077334421
"441",1.00941256624239,-0.999171774490256,0.368585816167047
"442",0.713241883365781,-0.550304332085638,-0.0705056632307441
"443",1.0289133307013,-0.413339336964474,0.99883926510119
"444",0.630023906182124,-1.37274389823137,-0.754831937354936
"445",1.30683275903136,-1.85537858258297,0.774597413122202
"446",0.620525926247143,-2.38957583433378,-0.976790614622144
"447",0.781482222019739,-1.00974156111265,-0.22598822609546
"448",0.509907731932128,-0.338454023993821,-0.384276570182136
"449",0.933264015521178,-0.475754954989355,0.633329551468253
"450",0.90392063010225,-1.2464141068828,-0.0220014685061058
"451",1.43522645510666,-1.01975633825286,1.4547276638704
"452",-0.668643861126858,0.542570922481091,-1.65144772659045
"453",0.961765719379531,-1.2314018359026,0.130399601034166
"454",-0.357296024980715,0.421183182573996,-0.100210141098443
"455",0.730381425487603,-1.51619285028481,-0.54683203477153
"456",-1.01994941026803,2.56500538648377,-0.769640558728457
"457",-0.798668859478266,1.31225656943711,0.82766853889758
"458",0.848121016265556,-1.15421919235733,-0.124240154844302
"459",1.62830454146945,-0.906751382591532,2.0433487360469
"460",-1.02545898063579,2.6638094964725,-0.686750089279846
"461",-1.00980005769158,2.13857137060063,-1.97167291149366
"462",-0.584652150344762,0.618229901676122,-0.466948870132361
"463",-0.371379700844277,0.494183226327978,0.417878545217131
"464",0.819796927616079,-3.01978842574373,-0.574325116658934
"465",-0.801786950943358,1.21264076871153,0.171562488635488
"466",0.826312864686898,-1.30837352617294,-0.24137196998943
"467",-0.884128231564713,1.67479588688561,0.824362423897385
"468",-0.0251749993319857,0.398366249471119,1.91103885498631
"469",0.873034891724037,-0.654285804750591,0.263931235198433
"470",1.66899047389262,-0.347393586813863,2.98389482862259
"471",-0.891452259560651,1.58520473368387,0.0924407785378723
"472",-0.464426844256374,0.576687791729703,0.32813353875257
"473",0.632994214870389,-0.133576515250026,0.416906417251935
"474",0.916500091200329,-0.343145891318184,0.796513869259538
"475",-0.0208487246282199,0.439894051251239,2.45284311220512
"476",0.698613236899675,-0.311086187794366,0.214944592978413
"477",0.779066428089722,-0.283777243786672,0.505260602232577
"478",0.397472937611557,-2.05275223408072,-1.46673430523467
"479",0.284996570757449,-1.06699740695195,-1.52846651010819
"480",0.563670015582643,-1.06095018129716,-0.810787069569045
"481",0.97224577688297,-1.15658226492057,0.190524943789017
"482",0.758218077434677,-1.10707499684043,-0.332527147608298
"483",-0.45540634771718,0.391334012532666,-0.990746033949164
"484",-0.304249999322717,0.340222517306224,-0.446386364323216
"485",0.439750883496269,-0.140781066770522,-0.216807342918145
"486",-0.557812575952342,0.659209338678853,0.070376344379749
"487",-0.672370360025451,1.32986013269524,3.72516936342048
"488",-0.862440393302353,1.42539665590703,0.015066640986179
"489",-0.630357144813534,0.638434973106042,-0.775870245702525
"490",0.917632162364256,-1.19168475813484,0.0358456706236265
"491",0.360485661952393,-1.04602655551425,-1.32690414347122
"492",0.730184769364888,-0.0792920737694933,0.909097168561323
"493",-0.555526353606361,0.633219209766037,-0.0897275229898285
"494",0.217011292612105,0.251398623650616,1.41584335574318
"495",0.834869994086433,-0.910773773672662,-0.0318804002191362
"496",-0.913119834229761,1.65388580440131,-0.200939193318956
"497",-0.798077690729806,0.981052354858736,-0.963656566938946
"498",2.50847085136539,-1.61128020164483,3.80645664194762
"499",-0.715640619334565,1.08165785965364,0.918097055543317
"500",-0.536337738664406,0.673056233466032,0.386341479029363
"501",0.460547469752611,-0.605190621733548,-0.816777589514275
"502",0.610609511392138,-0.2902283028369,-0.00853113972958719
"503",-0.947767434726499,1.74938979307535,-0.884229966315586
"504",0.628173981086951,-0.587066524005318,-0.341396948315192
"505",-0.779581380614043,0.893880811524686,-1.11381831028042
"506",0.571552624045113,-0.0997225505828545,0.321304566781776
"507",0.354539963999109,-0.367661855617396,-0.876572852883556
"508",0.219045216306608,-0.269272518704789,-1.14341686726672
"509",0.324008676944962,0.191315149184222,1.12346168056477
"510",-0.893429496530886,1.53183430023033,-0.237951206476264
"511",-0.420175956604065,0.49391957486157,0.0361557015701247
"512",1.07941827459671,-2.49660785773298,0.100263422531126
"513",0.312917314375613,-0.492458874649205,-1.12859220882239
"514",0.579958936851297,-0.942794006632782,-0.71400322450856
"515",0.15715337793441,0.187284546069108,0.349384406481688
"516",0.983054825410753,-1.37154736002082,0.128304109610796
"517",-0.740964370945629,0.937787516928403,-0.353370938735345
"518",0.612944405906598,-0.167499542440967,0.261292032421389
"519",-0.437479408620347,0.519322226944629,0.101658179290788
"520",0.57273940927972,-2.13546830527198,-1.05666233436272
"521",0.0740431951076864,-0.135368025758102,-1.36676439178686
"522",-0.995793198201179,2.31553867693426,-0.380874132893614
"523",1.47187121937419,-1.14747510374309,1.46708318775519
"524",-0.846655011709798,1.39162557199844,0.211120336443095
"525",2.4658024602818,-0.152814541302567,6.14220064016909
"526",0.716177298499967,-0.49138679859326,0.0033684538765335
"527",-0.559027627085215,0.73914289954713,0.637941837743957
"528",1.37666615397286,-1.09278367066487,1.25691859140874
"529",1.15048126375336,-3.43451612926657,0.160024392431379
"530",1.04173849228735,-1.05875860531053,0.417968477323048
"531",0.465812194485743,-0.43281118306446,-0.635233883197945
"532",0.921560284582202,-1.9563463611488,-0.183947000345522
"533",0.844740347287157,-1.5199047508737,-0.26472022466306
"534",-0.884053408684815,1.66079711266533,0.742095653581523
"535",0.310314771341875,-0.490709736543319,-1.13428905380627
"536",1.23339310198039,-1.17852765544883,0.843475019056488
"537",-0.97956714557041,2.11961131791778,-0.49077148495041
"538",1.6743336608446,-0.883111039441976,2.18485791378955
"539",-0.784040540244979,1.09967002264036,-0.13325487188899
"540",-0.638059124683881,0.628789089609902,-0.906670204190128
"541",0.0878812813886065,0.198063810795972,0.150330241608752
"542",0.523917499829623,-1.59197983842156,-1.07606532011248
"543",-0.290273577882919,0.37077736278692,-0.0937748557060099
"544",0.268762373018108,0.0591811993387926,-0.095477291266593
"545",0.194133318373188,0.120451538028604,-0.0305966884046544
"546",1.57632693453416,-1.39085789452662,1.60273256585433
"547",0.952591151552421,-1.78458705058655,-0.0702412039636738
"548",0.0702107989801295,0.108089968599891,-0.588722858174901
"549",-0.273688534719318,0.705533093302697,3.41317238888208
"550",1.39407533182238,-1.39589372269058,1.14545382692267
"551",0.265817422065359,-0.574814675873217,-1.32766053522471
"552",0.582907289483368,-0.0919433764891696,0.383057172274968
"553",-0.620236260511297,0.986748921375247,1.74245347997748
"554",0.524139968589267,0.0680457803828001,0.895230012922053
"555",-0.963523747231915,1.89227756580983,-0.841495863072781
"556",-0.779938542744276,0.990705142333843,-0.64320716436468
"557",0.652449581522466,-0.98755373096585,-0.548284438619463
"558",0.615162821076052,-0.456290563513705,-0.239206588474558
"559",0.569736804110736,-1.51907832993202,-0.945390642520627
"560",1.10063650954899,-1.79734920124109,0.287693513596986
"561",0.26311158612585,0.261956117925763,1.7958322447781
"562",-0.535011160133667,0.559859649685827,-0.41188063547796
"563",0.840567917224004,-0.46132891737866,0.391571239627061
"564",-0.729723808113265,1.19830698092716,1.47007855022757
"565",-0.933820432874016,1.95376860700077,0.706918698371508
"566",-0.822409693238743,1.20059379794174,-0.291858761344396
"567",-0.788623070762921,1.16996618240013,0.178780575138873
"568",-0.481431568906186,0.351041841963207,-1.43157114425434
"569",1.29030558004402,-1.74473444284928,0.765226761921794
"570",0.58429980535343,-1.45989086284736,-0.893819602769507
"571",0.206457107258266,-0.162264138630496,-1.00089369973624
"572",0.576840395051237,-1.05615578096008,-0.774909449771717
"573",-0.818604254887783,1.12702420394624,-0.592764029649861
"574",0.529840082331374,-0.34521767635389,-0.336057650972714
"575",0.657486918495422,-0.211930570073945,0.291690655589247
"576",-1.02251595994758,2.68334605271631,-0.249764237225948
"577",-0.903542400816794,1.42967639104291,-0.970451266661333
"578",0.479630862239338,-1.3947247468409,-1.13689568498179
"579",-0.0176269722998696,0.177165662303666,-0.495659253325339
"580",0.373995065251627,-0.838501412066493,-1.20002793915605
"581",0.326613991160964,-1.59383470234436,-1.56282707653814
"582",-0.595211658394355,0.664207814180098,-0.268650229782226
"583",-0.965668938423331,1.98627635854673,-0.493891208183181
"584",0.749873389476298,0.179426034304458,2.8269515543744
"585",-0.192997637817963,0.394178608220454,0.756038031661201
"586",-0.65490172784745,0.695138974416552,-0.686698281969552
"587",1.31629632573457,-1.26260012404576,1.01120351439145
"588",1.3515732765514,-2.32724938246313,0.776700925680179
"589",0.436685928834497,-0.812690411123391,-1.02065716721423
"590",-0.337229690139904,0.7371262187964,3.07412528822553
"591",1.19817182980347,-0.932439475035804,0.901252200172001
"592",0.62788102999175,-0.616001659010099,-0.368396752565535
"593",0.461424250872295,-0.236989642215405,-0.358746109824987
"594",2.28267832856237,-0.902169822579,3.75780027027455
"595",-0.91947181589494,1.87680877067176,0.818340421398119
"596",1.51612118357222,-0.826875750543847,1.82093025892831
"597",-0.844507498560168,1.26212457576958,-0.418909214521477
"598",0.81879752961487,-0.262994014049587,0.66745935051583
"599",-0.698478960724922,0.726507973151356,-0.975440247187343
"600",2.25923061587682,-1.33617151874326,3.34100625714475
"601",0.347380361926078,-0.332710414553548,-0.852047476597707
"602",-0.920825681778232,1.66484321002417,-0.387476834689578
"603",-0.821257101499105,1.16939918452992,-0.429416210672886
"604",-0.894003058494134,1.28278275886792,-1.35387137039115
"605",1.22488834602394,-1.28617518433656,0.769903101699033
"606",0.42276765965234,-0.952602774611329,-1.12731367763154
"607",1.04049941105837,-0.544302984406218,0.842754902278677
"608",-0.86261195210683,1.34905086385262,-0.37867557838634
"609",1.12537995196315,-1.06625475280683,0.628512649806893
"610",0.271423932088426,0.0859104709218003,0.0567264855763105
"611",0.594398025010911,-0.95593487834144,-0.683068288698929
"612",0.424041416161409,-0.132844857063493,-0.2467279758799
"613",0.725386684507129,-0.502139085047364,0.0165336968779202
"614",-0.816563970605219,1.16514470414802,-0.364276128837309
"615",1.48453933945608,-1.67660715545316,1.26235328254391
"616",0.103584096521196,-0.171745671499483,-1.34068377163971
"617",0.810064297512028,-0.614505764793211,0.130677611387751
"618",-0.584784591371353,0.710526447450842,0.151933617691676
"619",-0.626501310684266,0.689368409807676,-0.426140037839472
"620",-0.449728091304823,0.59099665550754,0.574289861037607
"621",0.353764301269255,-0.608446152784394,-1.11149552468345
"622",-0.706737839546305,0.882183638825674,-0.20078045659993
"623",-0.528215866076608,0.483114428471639,-0.87596125188515
"624",0.995933098513488,-1.02346511986846,0.319798653731247
"625",-0.95379193236572,1.7468890468406,-1.10102083660774
"626",0.755944302015852,-1.37034809314793,-0.439203797689861
"627",1.24810095171009,-2.4285080822947,0.512071636514545
"628",-0.963237277113388,2.43843909548864,2.8116151157876
"629",-0.126512567524325,0.502420076990162,2.41914440070556
"630",0.402048931152252,-1.28637672615983,-1.30094301088846
"631",0.473184061582834,-1.28481181031164,-1.12144767858251
"632",-0.583241416889648,0.804609854215334,0.845874228910994
"633",-0.34414516985719,0.308196256205217,-0.941881339319306
"634",-0.531589644751727,0.501075149202976,-0.782564427993006
"635",-0.897215768893991,1.66946365263664,0.379313762711361
"636",1.78694172770321,-2.21812889835503,1.84139027240097
"637",0.93302573905062,-1.24158808387025,0.0534833778576574
"638",0.283204324796304,-0.875778522203766,-1.45679246365086
"639",0.991241602683615,-0.597025902899402,0.644745156956872
"640",0.0992225298515756,-0.00811788577145954,-0.967671738930916
"641",0.268648511421357,-1.29445644138852,-1.63878180802963
"642",0.640446407896128,0.032435722946211,1.10921275381802
"643",1.65883834762231,-1.55076043367897,1.73815783428548
"644",0.781519303588232,-1.75318942160609,-0.480605740736897
"645",0.755399633856794,-0.405548011424052,0.22759571219693
"646",0.520538058255346,-0.626083252230818,-0.669834580444207
"647",0.184023800248618,-0.154516626995536,-1.05609224850875
"648",1.46400149071076,-0.528190172143466,2.04111948026772
"649",-0.718596912016615,0.895097130192933,-0.284600567666731
"650",-0.80596130817948,1.25616089924172,0.337284711298443
"651",0.635963763618235,-1.17441373602178,-0.672004231114548
"652",0.935682289279262,-0.836946168458593,0.281443354083071
"653",1.69399849732763,-2.84650275714654,1.50041703830757
"654",0.906977520192904,-0.22793465704432,1.01588718795407
"655",1.22458169943512,-2.54558619822171,0.437443115184077
"656",-0.676200802548764,0.981232735085679,0.861341203250395
"657",0.821878153077794,-2.27367627609611,-0.48002078877261
"658",-0.432236256277142,0.476798970219681,-0.191688865431475
"659",0.826067448834256,-0.283341083179271,0.646259994557305
"660",-0.150548194611967,0.2165835189616,-0.754342035732635
"661",3.24017679782186,-3.15143225642882,5.07323544358357
"662",0.143519502036785,0.0100193136679643,-0.752264807685592
"663",-0.605778648445935,0.59175784972357,-0.828417241972469
"664",0.471365905827077,-0.251044295400373,-0.354766430725765
"665",-0.828766568152821,1.41252293375863,0.758534194802212
"666",-0.635939939172872,0.886009839555327,0.767170275016745
"667",-1.06697090511931,3.51205402582056,-0.244686868463612
"668",-0.113324993777713,0.356327888132792,0.86565005221367
"669",-0.752068006962129,0.708957253250843,-1.63939707734053
"670",1.99043800384487,-0.580709124931403,3.41124747077318
"671",1.62585312725847,-1.95903286725359,1.520318973866
"672",0.222959430837848,-0.776796865012164,-1.56823745663275
"673",-0.86902809878686,1.54664940764966,0.513190213272536
"674",0.122563696363694,0.0505328745476329,-0.66939322659008
"675",-0.92532970547152,1.88716153920917,0.650533683824727
"676",0.659401142016121,-0.688469888037351,-0.343240948351658
"677",-0.490475730741686,0.611210936689925,0.362165475719884
"678",0.108826481317491,0.29345806058237,1.40829549843708
"679",0.882428701075813,-0.446707529818516,0.530352879285375
"680",1.7152312554789,-1.58752553162723,1.86253502044855
"681",1.50207744373417,-1.55494952971652,1.34916564880202
"682",0.83200629444644,-1.4004473841134,-0.259111428061283
"683",-0.899751042152676,1.49481202139505,-0.585182022320108
"684",0.593657418655961,-0.135296584917339,0.286775791057501
"685",0.498562596801409,-1.34307536824487,-1.07505388352449
"686",0.775703375524576,-0.297009472979288,0.469226569794065
"687",0.391671050415149,-0.0500415291632022,-0.11051255855477
"688",0.226479059799348,0.214994997302724,0.970347318414773
"689",-0.135940078352079,0.0631034729508783,-1.56680413842802
"690",0.54532899494924,-0.465318259772747,-0.447075848541792
"691",-0.375276187131966,0.468118129555855,0.165784653824302
"692",0.946324122019884,-1.51083297159784,-0.0103872570382117
"693",1.76533618030535,-0.156837828161856,3.91541502984701
"694",-0.801006227918433,0.938591147015809,-1.20330110633779
"695",-0.759370336576773,0.987773592683401,-0.347916041636732
"696",-0.652192188077013,0.745804148739602,-0.353739408463091
"697",-0.00254880260128937,0.0120630919602966,-1.25802010286221
"698",1.77851533005683,-0.91450229515253,2.42868835109225
"699",-0.707912315269635,1.05538221588722,0.869773806009508
"700",-0.385000870736,0.574087352033817,1.00626407169332
"701",0.774194211097606,-0.685196581848647,-0.0309883200797916
"702",-0.841304038312933,1.71053213282458,2.45583365089878
"703",-0.961438985591185,2.18933292110591,0.882667704045454
"704",-0.349696887561256,0.319111980035461,-0.886468304829887
"705",0.472160114814565,-0.224012236231015,-0.301011705221567
"706",0.8591778606546,-1.95926116213715,-0.335547187198317
"707",0.934158046600464,-2.2035785880855,-0.199831713339148
"708",0.632612587792125,-0.658145924150693,-0.391306165292992
"709",2.63281309197127,-2.1447349085197,3.89199513348687
"710",-0.733809842766086,1.20901464056954,1.46732187611666
"711",-0.336520655868895,0.667081121254282,2.35041016113236
"712",0.745007128362533,-0.0405490097749177,1.11354848922565
"713",-0.879993691195854,1.43819737048324,-0.351239405902376
"714",-0.723641450602516,0.991979374179946,0.216572987423145
"715",0.145745855549331,0.180662079958277,0.236947957015529
"716",1.20450193019876,-2.48601926123872,0.399037539433086
"717",0.400868840597151,-0.184103020259106,-0.438746186912984
"718",0.688154036797599,-0.561898290901978,-0.151800715151256
"719",0.284232085198283,0.200143643881645,1.04985888687835
"720",0.700377685099153,-1.26321160855153,-0.541968086795917
"721",0.823756144740489,-1.57460787125873,-0.332159452766545
"722",-1.01862783524154,2.4922268252158,-1.05984485127442
"723",-0.110391419353778,0.261976758675035,-0.111095294022711
"724",-0.784718486643232,1.06217735521956,-0.346918131818476
"725",0.82491621190896,-0.126017943608129,1.0528046755417
"726",0.695849058705708,-0.283853983793254,0.257056108863854
"727",0.525692344546619,-1.16423639609272,-0.948438602591721
"728",-0.918933371036564,1.80345862943145,0.403034661725612
"729",-0.0958867006149216,0.0575590550310765,-1.43937712371057
"730",0.418722526889447,-1.91239971406439,-1.39438724759204
"731",1.31140974201735,-0.566159254623519,1.56318213542126
"732",0.970868235355895,-0.472026580910507,0.744429712503574
"733",-0.907420439472722,1.46898679376853,-0.899344759008738
"734",-0.960085314361956,2.35951635353163,2.28897489154644
"735",2.26403314642313,-1.67183038690145,3.17699364931596
"736",0.0760250319883478,0.063987495209935,-0.782047638532758
"737",-1.02627641395862,2.82773982332393,0.502928961315024
"738",-0.710840127722672,0.956913247647908,0.191754313815315
"739",0.495478804694977,0.185296435575851,1.80221423976116
"740",0.50701633203684,-1.1241132594918,-0.981128146448812
"741",-0.887041856051441,1.2542389033478,-1.32301343374705
"742",-0.85579537546338,1.64212323865796,1.49706844074134
"743",-0.435477056230605,0.660674749731854,1.29946356449328
"744",-0.070030016717787,0.209718772048249,-0.448251027775609
"745",-0.98205450326422,1.91753124699741,-1.48684175454097
"746",0.255905437063422,0.2118336378832,1.06531956864521
"747",0.891481039597531,-0.796826673265027,0.193953140321669
"748",1.03052515519521,-1.17362436980116,0.33064696465263
"749",-0.437902647229858,0.366659574800936,-1.05494476139428
"750",0.510392243821403,-0.126108835563997,0.0467321874872356
"751",-0.975683348479682,1.97852599354539,-0.969666217783792
"752",-0.311755850656242,0.365845849713491,-0.271925862704394
"753",1.06061950349476,-2.01109365303252,0.140929997602775
"754",-0.536551953693542,0.624339273500789,0.0281365062601945
"755",2.41365525339081,-1.48058688720202,3.64121638606599
"756",-0.98800605104478,2.35902416635499,0.396614343009117
"757",-0.418614543940369,0.608777767871552,1.00843452668102
"758",-0.78218676590479,1.34868571466356,1.43004789219905
"759",-0.459725841101846,0.512802108323089,-0.128240652405975
"760",-1.03919458411464,2.76418750298684,-1.59285007734202
"761",-0.724153700500804,0.870445706759736,-0.497666601903496
"762",-0.513507776808232,0.541571256159833,-0.357139334130795
"763",-0.0207649564717833,0.136228994700583,-0.787378093474579
"764",1.93048866709958,-2.14394482243956,2.20463722750802
"765",-0.917376710885675,1.29487394375001,-1.80285115805029
"766",-0.93874876048089,1.40831912928285,-1.9046435907611
"767",0.0356281072732917,0.11036389428718,-0.710623157518036
"768",0.364282790202789,-0.837627087767113,-1.22517781168316
"769",-0.188263615341914,0.410376118048707,0.953511573284398
"770",0.916000196689671,-0.542883985916833,0.499412067754301
"771",-0.410871963835291,0.478444625587591,-0.0168110923944878
"772",-0.896202566561962,1.44689118607007,-0.713346174954169
"773",0.868199517331902,-1.19481954191776,-0.0908719947052457
"774",0.342492889185742,-0.771665723755936,-1.24757662882272
"775",0.484887461925108,0.0443929542330058,0.615292408136862
"776",0.0909063617802673,0.216711142502588,0.364731127757445
"777",0.357003944516176,-0.0165482849549534,-0.10919013168777
"778",0.514523556572634,-0.606030187559784,-0.669745525608834
"779",1.23220986722294,-0.183396091380682,2.14547942148367
"780",-0.79853670324682,1.31701233280476,0.860313453589643
"781",-0.951021793185092,2.05405495404083,0.548437999487216
"782",0.938949724567723,-0.507368069475482,0.60720394812988
"783",0.64911220864786,-0.772780418458728,-0.432510113533848
"784",-0.713543255955724,1.16705779438304,1.55035243012527
"785",0.826859562855319,-1.2168955737247,-0.204778915372479
"786",0.55978355051983,-0.45904320015938,-0.399060646049296
"787",0.635085345325952,-1.71051339367119,-0.829338477466518
"788",0.774517599978047,-0.676203591616157,-0.0224544903422669
"789",0.37240545508107,-0.324619060137374,-0.767447257940209
"790",-0.453586481431041,0.488029422471296,-0.268387566335011
"791",-0.769224140601064,0.899672303912274,-0.945698887877612
"792",-0.971450697065289,1.99509853860681,-0.708030914001347
"793",-0.370056882532998,0.319562356745498,-0.999612629338423
"794",1.52254460784028,-1.48466854066301,1.42773858625852
"795",-0.621058665794065,0.833093639819557,0.5873371283899
"796",1.26037577877895,-0.696093340261684,1.26900623303229
"797",0.318794488240476,-0.161188067520547,-0.646026274600331
"798",0.771418479993133,-2.12131201394813,-0.576761341967809
"799",1.35468619907135,-0.459330601189273,1.84749484660462
"800",1.2750852759073,-2.62445428819612,0.545209293528736
"801",-0.550722739941987,0.70467552850355,0.471861680774218
"802",-0.383126325645463,0.415040620639078,-0.327938906149032
"803",0.949225717922686,-0.378795819718707,0.827995621609653
"804",0.12031670289691,0.112552759585143,-0.368661706340366
"805",0.879341898360907,-0.545163048135448,0.395143002680932
"806",-0.66499432604345,0.606734087201106,-1.28284785492931
"807",-0.432472657231034,0.476653439015986,-0.194610005658661
"808",0.677711086711917,-0.878607236075305,-0.423815295075083
"809",-0.50475319833495,0.869827469774768,2.37108994930775
"810",0.426350997360485,-1.33148951814323,-1.2527680535196
"811",1.58522157215301,-2.50211607682618,1.3006766578718
"812",0.541692404902261,-0.994661525281349,-0.838174631899116
"813",-0.852733404216349,1.32388940889841,-0.284585541418552
"814",0.692372581911512,-0.0754087467501826,0.799002639672029
"815",0.592584085010609,-1.3610658053438,-0.844942614830943
"816",-0.834700448126536,1.33722901646552,0.184136007928711
"817",0.97956766495597,-1.67135195612458,0.0248002197746599
"818",0.244621806540891,-0.93811862758442,-1.58435838758284
"819",-0.614741549265976,0.897377014430771,1.1347293310517
"820",2.16560632490044,-0.641794976184602,3.78940514335523
"821",0.308219572759682,-0.0454913523139004,-0.375553586967118
"822",-0.565319085914413,0.485182640146353,-1.14673887518243
"823",0.968378624380371,-1.3389760224836,0.10373632932883
"824",-0.813465046001482,1.29420472405145,0.401600484001605
"825",-0.994219095607084,2.1908134753367,-0.923159961222799
"826",-0.836403231520354,1.54321399253207,1.39498670885495
"827",0.653158878580228,-0.232516577496439,0.232739127817996
"828",0.537520940808899,-1.36823468334983,-0.984818281549498
"829",-0.804665432286482,1.01074022079092,-0.923334756839704
"830",-0.706831560059853,0.729034742158216,-1.05319210364686
"831",0.218724865607654,-0.104756913848695,-0.836229265192811
"832",-0.573471229345854,0.938228189760467,2.03146807014852
"833",1.09330456817355,-0.797702643377329,0.728251665462186
"834",-0.926447588311267,1.76652425743444,-0.0652917534166924
"835",0.00695368000433386,0.0962342778928812,-0.893248220769129
"836",0.485239922751752,-0.452449069271162,-0.602442194473309
"837",-0.516431012929718,0.661465058668053,0.499032911970994
"838",-0.819230238619346,1.33143879053781,0.494092005106233
"839",0.682403188637667,-1.08097386068158,-0.514919593977863
"840",0.773035056466175,-1.59622648323904,-0.463058736406215
"841",0.248822606891729,0.0669719819452738,-0.129784296594378
"842",-0.159639322468306,0.451790352070978,1.59458027694552
"843",0.447313715824587,-0.738585317972903,-0.948244968164783
"844",-0.764179786054453,1.18742200115053,0.741621392688239
"845",1.10441664549753,-1.15947158904953,0.525362685652673
"846",-0.876511008920677,1.52540635541278,0.189015544047417
"847",1.9881976456699,-2.2759419371808,2.30915255247074
"848",2.16383835239998,-2.87889903307817,2.60054569078128
"849",1.38464441351584,-1.17590671972832,1.22899319791839
"850",0.921501090000479,-0.933400594255413,0.180132511907403
"851",-0.969922481890325,1.83245911311049,-1.33689401703356
"852",0.953184395130654,-0.156130148559982,1.36197691564426
"853",1.78608027929149,-1.32501343495322,2.16078958232931
"854",-0.796323343369381,1.14933831116806,-0.0778406320354899
"855",-0.487042049994757,0.725951307422382,1.32383085130678
"856",0.800246701898003,-1.55177604319214,-0.383892183640813
"857",0.546681114399962,-2.01716365850702,-1.10137985094491
"858",0.410337825412817,-0.149391805087485,-0.330966531036596
"859",-0.979535135221156,2.29958620495419,0.554430209296644
"860",-0.546745641103379,0.791806170004263,1.18407489776571
"861",0.754450758724872,-1.2591876475461,-0.404145681459363
"862",0.499292658437941,-0.048499141702398,0.255612400860687
"863",0.0551232652963218,0.179878450263561,-0.160797310589187
"864",-0.259493773189963,0.374026010563841,0.130523248396459
"865",-0.287406241200693,0.681350654239984,2.99999852493517
"866",0.714309359646391,-0.112805049971246,0.741123350932843
"867",-0.377036953958729,0.439719107281362,-0.0841303124269347
"868",1.10571059914309,-1.70763063810169,0.324096511881563
"869",1.13091608557815,-2.04859477065603,0.302699028128947
"870",-0.361870160686164,0.446633681904232,0.0823097339276321
"871",-0.649921800436587,0.638769074965407,-0.962880639337102
"872",0.311728292249194,0.212701112979715,1.33265198283807
"873",-0.524619106396565,0.750307729155709,1.10849520477321
"874",0.0876052282454499,-0.110443942149965,-1.27280441972303
"875",1.06251833151885,-1.11375567735378,0.441809486922371
"876",1.24859183624608,-2.28460233908554,0.538605284221354
"877",-0.208310025037809,0.396578539416674,0.679263396554495
"878",1.35550797793317,-1.57480587528904,0.979976908010953
"879",0.281365290092101,0.0573604602765592,-0.0583170829242637
"880",-0.8554375460674,1.32911817565345,-0.317765500807742
"881",1.43902850634643,-0.375470757125936,2.25036638316144
"882",1.51855537928795,-0.946685610517633,1.72429096798151
"883",2.18338802422055,-2.48749111158581,2.72454278317962
"884",-0.475353760227,0.609224204123196,0.486846618038274
"885",0.971212025705229,-0.0548249629620435,1.8088004425534
"886",-0.959866333696315,2.1125548908323,0.472434749267509
"887",0.997451515828189,-1.47092504755964,0.129325322002116
"888",-0.904433146298519,1.79674060593019,0.887415230038831
"889",0.555277081161582,-0.817841684361185,-0.71008347806751
"890",0.587363971597371,-0.117797226692383,0.317210362716057
"891",0.384333757281293,-0.640738416899828,-1.05186325952348
"892",-0.962756891259267,1.70902247678223,-1.54735147682856
"893",-0.38567736345808,0.619410018870807,1.41068290112187
"894",1.90996948500877,-0.785249723721708,2.90715009104491
"895",0.35202470324621,-1.23323940769072,-1.41145954148253
"896",1.08094275411606,-0.3833533189776,1.20025921457375
"897",0.060387246065816,0.388386164587536,2.34747175083574
"898",0.431359990474501,-0.422836719243662,-0.72188531241175
"899",0.622822234282808,-1.48932613411009,-0.806090779166625
"900",-0.741580746035914,0.973599647744554,-0.160841122867217
"901",-0.0837314569461938,0.384311794402092,1.3625554393837
"902",1.05980297163799,-1.15650541852288,0.413334225572522
"903",0.528582881621272,-1.16535688842955,-0.941497508298524
"904",-0.634215537742962,1.04874367547701,2.01819562598406
"905",1.34610257194314,-0.243146462667039,2.3080614793722
"906",0.733790102686683,0.0690090885693981,1.67835057544884
"907",-0.766117185745745,0.903824931138093,-0.882804132917773
"908",0.67558555646317,-0.517502606031125,-0.139909108902297
"909",1.25842710457697,-0.249634220998954,2.02447652694358
"910",-0.943194413472762,2.20568556589991,2.0224298133156
"911",1.08422412816731,-0.431927169681732,1.12622649139654
"912",0.159901905931442,0.136686036484769,-0.0573072968237888
"913",1.49738805294165,-1.84793075482774,1.24013983689325
"914",-0.160935742639519,0.400778303592149,1.03665634230667
"915",-0.313190277318412,0.362811158166935,-0.306995130316343
"916",0.238908673337329,-0.400338834180738,-1.24781514796349
"917",-0.79793518211662,1.31022558102557,0.830845642297717
"918",-0.718312669755637,0.622107970230559,-1.70267361951551
"919",-0.905623010895001,2.11324095108704,3.22858005172059
"920",-0.900943681007561,1.54644627541269,-0.372940782571902
"921",1.24809261125809,-1.51155411881708,0.736922238169571
"922",-0.946690481241019,2.25830308427457,2.25675000772399
"923",-0.69688062043264,0.772251469863478,-0.707414812459503
"924",1.71380916280768,-2.17350555601686,1.67674472717748
"925",0.772641219399377,-0.643324912632006,0.00151753097668375
"926",0.989275905507071,-1.58903164707507,0.0720038062057166
"927",0.484422580593405,-0.573840811263867,-0.724851948479953
"928",0.933298303108137,-0.888728577018003,0.239493890408939
"929",-1.03131849277683,3.00642990517845,1.84842103709109
"930",0.352258638484802,0.0927921469405995,0.404364020134115
"931",0.823477268025087,-1.27449518441655,-0.235907518648919
"932",-0.877744995685954,1.67219087055011,1.01037081803022
"933",1.85066350713436,-1.24821521935929,2.3671320736879
"934",0.345978282525953,-0.584558650467866,-1.11459190825136
"935",0.860180735983218,-1.44125227135629,-0.202209277878257
"936",-0.075803291024416,0.197990209117146,-0.579756019781174
"937",0.360352373111318,-0.688646614292702,-1.14962299562185
"938",1.20983648981748,-1.9631203229686,0.512347625183524
"939",0.49360729495115,-0.633042452667516,-0.748759515606488
"940",-0.794638745719552,1.01314539470233,-0.756173097505581
"941",0.790838396475158,-1.79183823626335,-0.466522981909294
"942",0.874576682518129,-0.433951196629929,0.526458561066195
"943",-1.02522445730919,2.80928661358157,0.465805980212824
"944",-0.794834125323528,1.17951515991029,0.117213609696761
"945",1.65635026072562,-0.662173181865538,2.37808294030913
"946",0.0672475351218314,0.147654681609283,-0.356975094761568
"947",-0.926793736064357,1.72265043512784,-0.29884144534973
"948",0.972492945006353,-1.01676805362197,0.263132785205643
"949",0.682673631524936,0.0981242195352759,1.70369504164235
"950",-0.503258889632425,0.561297479284223,-0.12794037244137
"951",1.36636554719733,-2.04266702086322,0.871920460770715
"952",0.522460000508616,-0.0710359551609172,0.253863269213441
"953",-0.772901353778548,1.10926102065875,0.112668540402955
"954",-0.927432261504867,1.87383046440968,0.488698659783861
"955",0.471992352621765,-0.499785778260106,-0.689984747338281
"956",-1.01335456047921,2.35745277540969,-1.32451034004273
"957",1.2597101835975,-1.09357706060903,0.957095914282415
"958",-0.764189708591825,1.13852859470269,0.438931196869283
"959",0.556181550342074,-1.1373444870422,-0.860777405807093
"960",0.642490010209224,-0.859987718995216,-0.505302290556243
"961",0.199086616416209,-0.233141813729693,-1.1488880443392
"962",0.768345525721387,-0.647192811473334,-0.0136538210611662
"963",0.948306090670304,-0.426982764182412,0.746880038603446
"964",0.531361055138355,-0.164615054053408,0.0129673555351188
"965",-0.842846470290545,1.1641117374412,-0.853942620568239
"966",-0.908368449032804,1.27048779853465,-1.6992885446668
"967",0.174084033550354,-0.100105971626045,-0.969767401422668
"968",-0.779360285884222,1.05208505348749,-0.313199508886156
"969",-0.609874719832971,0.822813605182799,0.653583798928997
"970",0.612603793910551,-0.229545730116433,0.115701331639169
"971",0.809968094777122,-1.82018377100152,-0.426114221102165
"972",0.818137811505107,-1.69927904144998,-0.378289761467041
"973",-0.310016326088712,0.153689303367442,-1.87176263530867
"974",0.997971266555711,-0.904987598957621,0.397841271328813
"975",-0.0480086007384303,0.262962808736313,0.218207957876533
"976",0.20814977486627,0.0933147824914065,-0.141116871875463
"977",1.21782579892203,-1.20637058897826,0.789901917667689
"978",0.0983363173803077,0.22166501079666,0.458114195751076
"979",0.761968411005842,-1.06117557805675,-0.301718031532503
"980",0.439160508124007,-0.836268297320797,-1.02707724143145
"981",0.555400588435616,-0.36870184941957,-0.295753966365489
"982",1.12936350574786,-0.454368319277533,1.21838898986499
"983",0.920680842457868,-2.2423882322366,-0.238613400643971
"984",1.2496926032785,-1.15349815088822,0.898083205775042
"985",0.882147519360329,-0.257408304560192,0.870368204798199
"986",0.736642555660106,-1.28565761413638,-0.458649368118642
"987",0.564735316953358,-0.698036527539712,-0.605536070082898
"988",0.490076752925777,-1.97955125078846,-1.23221789314733
"989",-0.548118942202632,0.465644003025495,-1.1391325877103
"990",0.409159503324493,-0.995016777559605,-1.18102409328785
"991",-0.948306511925483,1.84655386463858,-0.460803270998013
"992",-1.04260317055505,3.13228399552321,1.45646327128025
"993",0.397297196593687,-0.489053137657659,-0.888682803973813
"994",-0.870182073162509,1.34458760280046,-0.570282843919174
"995",-0.750118345346157,1.03942045669841,0.0874892155547279
"996",0.420430148265,0.108573067171684,0.772279200870767
"997",-0.638837864738792,0.653159936739831,-0.77104666718367
"998",-0.606509851884586,0.533924869346801,-1.1811112061008
"999",-0.671076150255778,1.03610639077128,1.32907341134796
"1000",0.36775221864243,-0.546518471574176,-1.0235151563069
