"","x_pa","x_child","noisetmp"
"1",0.142324643752685,0.098959286451857,-0.498207650405369
"2",0.335758409692107,0.440207629983045,2.76855179314928
"3",-1.12178413007532,0.388388745335358,-0.967831806676436
"4",1.33259186203755,-0.529959704602656,1.53652495194242
"5",1.00645727732981,-0.513962784729187,0.0206046614617449
"6",-1.57958051449534,0.505757501352383,-0.751553443995816
"7",-2.36514617479802,0.464054975699735,-1.03172545733065
"8",0.836573469054106,-0.249565246784489,2.22674956583555
"9",1.09132978373928,-0.582884882985054,-0.565692329532918
"10",-0.0811888457751067,0.388559614725526,0.0473098182521865
"11",0.896737329105877,-0.597734337271838,-1.54200856876584
"12",0.909388891147932,-0.533957128277684,-0.705446618447667
"13",-1.73716194373355,0.382710527026331,-1.16493929931701
"14",1.8283676807125,-0.726937349165984,-0.638190430206128
"15",0.0329660553818197,0.315711529649319,0.0661731575435501
"16",0.743043111879917,-0.193194267446818,2.08214114647617
"17",0.0838907926604562,0.594013219258128,1.46575685140138
"18",-1.34897808532366,0.830632677945875,0.330119329261115
"19",1.48025670066382,-0.643479218501814,0.0323755699740292
"20",1.92711632002506,-0.630349910002816,2.69341334747623
"21",1.20830968111499,-0.437792277744939,2.36992941290675
"22",-1.13653572290042,0.617481279588304,-0.246789133925732
"23",-1.8438512463606,0.833491076372304,0.17355990378492
"24",1.14148789684989,-0.645145489168828,-1.31922333483981
"25",-1.96398677288959,0.799796691767981,0.0418343465007533
"26",-1.64731598775439,0.596534508477703,-0.492382057253566
"27",-0.141213821603406,0.480910901234493,0.271719833480029
"28",-1.08246926291217,0.395157690954084,-0.93035079457203
"29",-0.154405194630727,0.851907780831899,1.67187819039894
"30",0.79376638247093,-0.466135896617555,-0.473930144405719
"31",0.347295193287076,0.0103062666366494,0.341475276160607
"32",-2.68702830011806,1.39782270637283,1.65326489835093
"33",-0.57693481522198,0.313231263706029,-0.912518852892841
"34",1.11593431244369,-0.525805283356186,0.411383497873456
"35",0.842212938612514,-0.485234437460683,-0.443557603462642
"36",-0.525193120392967,0.889355461190289,1.12266781435213
"37",0.323241676984847,-0.0346115963297397,-0.127638160387522
"38",0.358414271738971,-0.163134035103271,-0.619263306315957
"39",0.00489894513212098,-0.015224473309087,-1.39760562532106
"40",0.168122284920341,-0.109303096786005,-1.37026044136103
"41",-1.83606373163328,0.873737352726367,0.297163018277889
"42",1.84394568237296,-0.67936793611096,0.783917556515938
"43",-0.179558102055739,0.583111740645739,0.581265777762446
"44",-0.291870412961635,0.224613113171902,-0.944917616590112
"45",1.0944078512706,-0.54852476564501,-0.0393121572010382
"46",0.268836590899972,0.0696748518601894,0.0244259535277431
"47",-0.00374432240424993,-0.00464829528121546,-1.37192342025588
"48",-0.958538181642291,0.598543111623883,-0.217222107390212
"49",-1.24691871388439,1.46472975203158,2.36661241449384
"50",0.0333841729672014,0.0645905538325449,-0.996110328310675
"51",-0.360788659397097,0.668209427576488,0.570607470929978
"52",-0.214535841589008,0.393166129133131,-0.20538297868069
"53",-1.91887396343024,0.743412490793568,-0.11674900398839
"54",-1.45457439861089,1.12463689815916,1.19679165953037
"55",0.851638685220051,-0.431332514686318,0.231075085182987
"56",-1.20901839490111,1.00293592590487,0.935961823230732
"57",-0.263185911404511,0.268295754809244,-0.746335546856994
"58",0.963450321685314,-0.46857444064459,0.400215705723365
"59",-0.879606840684901,0.791657490109097,0.459763506843426
"60",-0.750082872044396,0.615706327481799,-0.0257348531076625
"61",-0.548882394810198,0.432791040098839,-0.478438210943787
"62",-2.02018490754769,0.594874509652152,-0.584482395346671
"63",-0.62720862805753,1.30527112375213,2.41446110325491
"64",1.15501543724479,-0.632761396622853,-1.07558655772178
"65",-0.00728507904572253,0.298261775465187,-0.127395892369054
"66",-1.57493098323447,0.789994055283427,0.120927921383474
"67",-0.530474238148337,0.532249512451675,-0.117882135487419
"68",-0.419006988528237,0.0574853801510519,-1.67610983072335
"69",0.847150251510782,-0.44861568352197,0.00530749911852492
"70",-1.52860844199101,0.816392923221496,0.217615826387307
"71",-0.708216907030713,0.554000456225738,-0.199758456583301
"72",-0.905032475367613,1.1372895011521,1.56697847920633
"73",-1.13417823797246,0.946962979358159,0.799850014486398
"74",1.63524920372878,-0.696939726914649,-0.5542586367789
"75",-0.720504322406171,0.460547727027946,-0.52114814439508
"76",-0.0931253443582066,0.288934786427578,-0.374875275978453
"77",-1.51340119300475,0.383349304582016,-1.10976994947049
"78",-1.11577060053885,0.997834099411836,0.972007645450171
"79",-0.987829113918527,1.28728379208185,1.98601594912709
"80",-0.836177375170267,0.821119643754553,0.587863285257381
"81",0.460723167817298,-0.0213029091002094,1.14079218772119
"82",0.112920661099222,-0.016548227903021,-1.12582548199798
"83",0.161302506739205,0.243479527295953,0.255628485853271
"84",0.575111039140528,-0.368267600716,-0.710340828522853
"85",0.283561603234683,-0.072474483949811,-0.635339050999222
"86",-2.36551728209282,0.847967091002612,0.101087322045683
"87",0.331855935186247,0.0988266120382159,0.723332493616829
"88",-0.452043553769622,0.754854591133012,0.748996674895176
"89",0.297460595563353,0.0960284845756878,0.388308879338818
"90",0.644671873667532,-0.243365767031391,0.832149387777189
"91",0.890637142163512,-0.552190523453777,-1.01148451342475
"92",0.883566809992488,-0.42256736077832,0.520321665091997
"93",-0.0556552239284648,0.730714630668602,1.48879765389973
"94",1.91632958653043,-0.645485819889039,2.16557946697932
"95",-0.0193561313152201,0.732137659108926,1.62063752154629
"96",0.288083598215454,0.00684216272415285,-0.174327847650924
"97",0.635317104850922,-0.311117211390628,0.15155553349586
"98",-0.469109704151707,0.899284498761621,1.23222614371802
"99",0.806374845612376,-0.542959308196337,-1.26002803401127
"100",0.192865603417695,-0.120605074511905,-1.33382907640901
"101",-0.366868549569846,1.4354787940538,3.31638985041638
"102",-0.291192464311375,0.538726499728792,0.208541213712638
"103",0.141303897924888,-0.0922468091292983,-1.38007935710801
"104",0.11983523288113,0.427212355824727,0.896544755454513
"105",-0.515479125868162,0.943346497909208,1.32223082833922
"106",-0.659090070701918,0.626178031803174,0.0827612554987326
"107",1.45784829209108,-0.613290136961259,0.564042097630032
"108",-0.911353809567128,0.296874763945843,-1.17089584640911
"109",-2.49371069186179,0.907626621514399,0.253750547077786
"110",0.0731375114834372,0.0905144808928177,-0.774743307177451
"111",0.876206435172246,-0.534046907003222,-0.855779995522129
"112",1.68814293899097,-0.707963670737324,-0.632910018445196
"113",-1.3736169212093,1.40054302606471,2.0916046575469
"114",0.264090185259913,-0.0152863414873349,-0.454703170448973
"115",-0.0522058232661643,1.11628899757866,3.05552072158515
"116",1.01118600220357,-0.579228874052794,-0.853138576066182
"117",0.735221393655343,-0.442792314811889,-0.529938692885242
"118",-1.18683069085647,0.108392135399596,-1.87673987384777
"119",0.655471355514727,-0.283371867940773,0.539844511557976
"120",0.971077578314911,-0.527017215105646,-0.329110293225274
"121",1.05881188682572,-0.476690037676802,0.827016527157534
"122",-0.0813329634465113,0.554982148247598,0.708700100890554
"123",-1.07047724496987,1.04469573410272,1.14904915179594
"124",2.29904221373205,-0.763952758859188,-0.161652579448749
"125",-2.11865755287063,0.557709344564256,-0.71425559814704
"126",-1.11800992559618,1.09802342025963,1.2891269776615
"127",2.10974049966959,-0.721631130828205,0.662012262499199
"128",1.86720041851704,-0.710366959999723,-0.0132267443931957
"129",-2.56108912842401,1.39313694518831,1.66540074227303
"130",-0.553056673841011,0.172876976150398,-1.37616972107909
"131",-0.655024637185921,0.302862535617546,-1.0050040840154
"132",-0.0931812595922751,0.259051523237232,-0.493158555005631
"133",-1.15117825012322,0.863336277602098,0.525460418410934
"134",-0.638433339163572,0.606019572781317,0.0327262216862999
"135",-1.59098224538436,0.5634169750487,-0.57807689479214
"136",2.47568713668877,-0.785894190725763,-0.465514349993484
"137",2.2071850230885,-0.75733177540594,-0.251406755214075
"138",-0.528073443823411,0.588528096597097,0.0790833783447708
"139",0.735764813676411,-0.495654115853479,-1.06701744449023
"140",-0.267944512155399,0.246293564849134,-0.834190687370941
"141",0.490965481668107,-0.250132988993184,-0.294107352352841
"142",0.630052524730091,-0.269941683305554,0.487500004758273
"143",0.962106695522214,-0.500967218839103,-0.0310921454104772
"144",0.796902233850719,-0.54507329560337,-1.3227356519833
"145",-2.43610702582061,1.69037915997103,2.56805682411294
"146",-1.61663001393444,0.674351419145069,-0.24602968271029
"147",-1.30042499146127,0.464212503780672,-0.794794916268042
"148",-1.88867026855048,0.73175769754928,-0.144548930950959
"149",0.631768973060477,-0.302148594617667,0.209386654142359
"150",1.30068413612077,-0.659416493593384,-0.992517888374198
"151",0.671766675177387,-0.402006094583329,-0.470557961860389
"152",2.781859832153,-0.801593774308175,-0.111531947720533
"153",-0.341940247142893,0.364523364481255,-0.498248971797097
"154",-0.153949116406942,0.264453536539067,-0.589436055036577
"155",-0.625846793010594,0.698558982375981,0.357911764186131
"156",0.530008754357445,-0.195196876281492,0.401543675752344
"157",-0.785235653607683,0.582113157872322,-0.162569783221406
"158",1.22086916653445,-0.585825677122559,-0.0356873160297694
"159",-0.575786546511689,0.208313282435397,-1.27088316815547
"160",0.60364658603427,-0.358971319683276,-0.467340058578059
"161",0.799286661687427,-0.321066681299244,1.14789967994783
"162",-0.0212551247914372,0.552287634185219,0.876196191003481
"163",1.61975973829187,-0.687555104225776,-0.387403792346539
"164",0.781348701077501,-0.366320112808726,0.537398619489467
"165",-0.434631371725989,0.854537859904311,1.12447591754388
"166",0.717011563577615,-0.35027474207925,0.299604209163684
"167",0.739206074937312,-0.400308082280362,-0.0734039930187395
"168",1.85319369437225,-0.754393031531633,-1.34383937904637
"169",-0.459633775710309,0.76596946207848,0.777922786448023
"170",-1.43987217428486,0.474199833392784,-0.808728571439611
"171",1.05693097979522,-0.515260131443014,0.26098687096006
"172",-0.0333050411268595,0.301070241380672,-0.185566446733991
"173",0.941484500548027,-0.507053850814042,-0.21392754545147
"174",-1.11121121763403,1.79651252420117,3.51488017799836
"175",-1.02077759928383,0.797256974545112,0.387208095918191
"176",-1.32002328538605,0.209186182178785,-1.59760706057353
"177",-1.52296184075296,1.26885485221645,1.6111629630136
"178",-0.924685270046149,0.701009768221224,0.134794176392017
"179",-1.13978361838041,0.896109241916058,0.635426469436764
"180",0.326017065031559,-0.0989535413463708,-0.476955707473453
"181",-0.749608153975464,1.05035528751366,1.41954157389431
"182",-0.53586696409721,0.516314621157696,-0.178266919233346
"183",0.606656690919305,-0.365575776835952,-0.507377030462011
"184",-0.148941202248056,0.255961825213202,-0.613209338007209
"185",0.481612460882149,-0.209584227505925,-0.0577195997321068
"186",-2.16733121002017,0.459468083386829,-1.01505990858367
"187",-0.909524203918696,0.864166251857611,0.675014600056543
"188",1.56282022909002,-0.613001518357664,1.09359376861406
"189",-0.728850782622622,0.664477932947292,0.153111285982743
"190",0.863078711797756,-0.502519389413995,-0.542502063042595
"191",-1.96838491022317,1.05183799269723,0.79679761710354
"192",0.277057215799048,-0.141759284198101,-1.047404185863
"193",-1.94773314053985,0.649657631844306,-0.405057355832354
"194",0.890280443184347,-0.379544562564662,1.0822172816198
"195",-2.11693548885359,0.886741283613199,0.266467908808692
"196",-0.409841997365933,0.634681432613662,0.380976602871953
"197",-2.73575057324703,1.33563179260149,1.46243935613452
"198",-1.1413800140967,0.252556048034769,-1.4062321696044
"199",1.78827596905384,-0.678404876507481,0.553647096863113
"200",1.32877466067908,-0.646218282809957,-0.644899462773219
"201",0.223063695636577,0.169444024158003,0.236734956637314
"202",-3.37111126372391,0.809180750028605,-0.148663368557309
"203",-0.551386830701504,0.397886094267121,-0.600792404829925
"204",0.780472736330116,-0.333998069530199,0.879483029714967
"205",-0.10669343806363,0.559498207796411,0.659844475227661
"206",1.2563191416264,-0.667602779479506,-1.29330900554697
"207",1.03033796084459,-0.580602270816405,-0.79208215809592
"208",-1.23130536186265,0.66593839504069,-0.135638106663139
"209",-0.842754811324515,1.17293939828673,1.73705894276666
"210",-1.11616534491965,1.3898950689723,2.21810693673905
"211",1.81608692079461,-0.712618484769594,-0.279534652302327
"212",0.430446971450556,-0.0981165802203713,0.346828607905702
"213",0.527150648743105,-0.257159548620107,-0.105879154058268
"214",-1.44132630938619,1.20116954883953,1.43938706156266
"215",1.82974714539943,-0.712296258559921,-0.217545372921353
"216",1.13164784165211,-0.609239560106898,-0.797865440399229
"217",0.306206086374025,0.182263578171748,0.947372350437161
"218",-0.957118704903217,0.79465200117143,0.417742281481774
"219",-1.34157349557599,0.493272941988447,-0.718119817954525
"220",-2.80774126663949,1.08145303555601,0.709654521569576
"221",-0.803524360345621,0.451380096178783,-0.606368743578497
"222",-1.30611399041506,0.430311124572914,-0.90270061443505
"223",-1.46431246837955,0.201613452754842,-1.65776799104547
"224",0.837028482443511,-0.53981242809272,-1.0946466836639
"225",-0.338252086736264,0.545832680495504,0.162564812780047
"226",-2.00954684605041,1.31823951125752,1.58328382056307
"227",0.515502811353014,-0.184342691279398,0.378605335435864
"228",-1.32356632359341,1.14197944887731,1.31252821297383
"229",0.428511011211674,-0.181740744182566,-0.238392082520389
"230",0.584530815616661,-0.22848042039865,0.527641805402338
"231",0.155622718080166,0.0612073314710447,-0.619631166907447
"232",-1.41754021289527,0.590800611228838,-0.440633583964447
"233",-0.296400714854917,0.640144898519212,0.57180157598079
"234",0.988553617845487,-0.557244024200266,-0.651405165852089
"235",1.57336983413974,-0.556115759766954,2.45459861527456
"236",-2.8197784890063,0.222750153918319,-1.79012344349058
"237",-1.69381709575764,1.52026621561085,2.3061033439861
"238",-0.781300242863794,0.76618852219538,0.449249809218688
"239",3.52584579985364,-0.821437676173972,2.59447453706636
"240",0.281530313479332,-0.151696255649061,-1.07498283035036
"241",-1.05712872775751,0.438721743295075,-0.780338166244208
"242",0.75373038780929,-0.524530593199083,-1.28516168337201
"243",-1.85385562890942,1.08109679073664,0.917795341488009
"244",0.962753213479449,-0.531448611349738,-0.426888272507336
"245",-0.460336559338771,0.772759032364192,0.800810351527614
"246",2.5876112186718,-0.773215621793358,0.637153228614483
"247",-1.88271254712603,0.902582167965696,0.371436340078797
"248",0.788001174031074,-0.332803394678243,0.942856410172803
"249",-0.653501964620603,0.327300926785319,-0.921449685755316
"250",1.0198858094342,-0.433538259355796,1.20472670813245
"251",-0.0557806963625114,0.390330932892479,0.117841208732102
"252",0.0539162924800489,0.124705164703807,-0.683839684159803
"253",-1.05596885492125,0.979654182923182,0.950325892161037
"254",0.666912056692536,-0.208740640999063,1.32039352603604
"255",-1.59733679678007,1.37735937470239,1.91143338841347
"256",2.3529130434853,-0.768523002882739,-0.144409994112445
"257",0.702938612046477,-0.492810016291777,-1.18880335702742
"258",0.963847886030317,-0.590018755870558,-1.18947852497514
"259",2.29467161718972,-0.759923580930941,-0.0122953665502341
"260",-2.60442951956046,0.893349848487117,0.193255171306063
"261",1.66927471610322,-0.688064905835512,-0.205546530465097
"262",-1.24747892251643,0.562106997059671,-0.468574873357688
"263",0.207557318514876,0.234302617622761,0.463330313587899
"264",-0.481733656923682,0.489793456589646,-0.215047813870824
"265",3.83880477030859,-0.852783024761906,0.405534315344191
"266",-0.695544043116829,0.408327208742674,-0.678343061260801
"267",-1.50983533831251,0.289145254679465,-1.39881887695903
"268",-0.443071559885607,0.633298617720653,0.332923970348574
"269",1.86080773461796,-0.662810742837089,1.34588905740572
"270",1.01215498675236,-0.52407491923209,-0.0897375851611849
"271",0.269674754631119,-0.0926986576413702,-0.829097107209282
"272",-0.863604126209738,1.09633159064342,1.46783578211674
"273",0.709445769133791,-0.311553891327886,0.635611332551605
"274",-2.32057563497154,1.8288255519674,3.00859990723057
"275",-0.672934755133572,1.00808253244637,1.35603823353912
"276",-0.489298295601436,0.321945610949064,-0.808059373390385
"277",-0.807685966448353,0.249715350091612,-1.27369683472672
"278",-0.0698851045233977,0.433208132737269,0.253462969487225
"279",0.118348104192475,0.0423355304907523,-0.843648288010325
"280",-0.60099554891544,0.751535042621538,0.562731862233749
"281",0.626508183933086,-0.455002133504581,-1.19223543335658
"282",-0.508826868102381,0.70604356265924,0.507476385095299
"283",1.48724590356605,-0.665591500380522,-0.40914357666966
"284",0.0128144293170604,0.0673101071525558,-1.03541403435696
"285",-0.242621121204735,0.214070288803616,-0.919417734069463
"286",0.750026802392401,-0.515139416574629,-1.20352551686878
"287",1.60472792812722,-0.679936827615427,-0.265562876565856
"288",-0.132137730074713,0.437937384081214,0.124855073691137
"289",3.16326119497428,-0.825478057876849,-0.174583940341438
"290",-1.58352129920815,0.974395448340075,0.683021670143103
"291",-0.37798790028067,0.831547914206082,1.12982047460055
"292",-0.0691906952307301,0.655626206498186,1.14484555264604
"293",0.281588310734901,-0.0352533793753859,-0.447671229963439
"294",-0.457995966810276,0.706728955400692,0.572157076174634
"295",-0.644266385555092,0.257827631023237,-1.14985979874377
"296",1.38537030820407,-0.628714670630231,-0.0785075912483987
"297",-0.980286906089467,0.436394473978766,-0.752185068647843
"298",1.12033773135723,-0.531938280736852,0.340437792335108
"299",-1.23604693048587,0.737186050900666,0.0863317482511242
"300",-0.331454218973082,0.612281128846099,0.413471662910862
"301",-1.1128891242972,0.395500879154383,-0.941683228885252
"302",-1.34577837699991,0.655415055360057,-0.214407125357873
"303",0.415125357602327,-0.188264536645439,-0.377634765998482
"304",0.0406084954782664,0.825702416056278,2.26125351857846
"305",0.215573586991227,0.12678719370641,-0.0190602648223395
"306",2.27400608148956,-0.742894096234796,0.596939558962779
"307",-0.893467855597828,0.351375960169541,-0.984709076921615
"308",0.202952789023676,0.00897217092282229,-0.662589743676718
"309",-1.8816551947967,0.701718943576631,-0.233325667921935
"310",2.71717124852939,-0.778230203936082,0.991318795130477
"311",-0.83746909591575,0.3807194045054,-0.858882863657322
"312",-1.88748720382942,2.06077311035275,3.85787481367718
"313",-0.998451009839137,1.33416572197632,2.12855209308298
"314",-1.07891399363253,0.802435019605237,0.370690868966983
"315",-1.17645234036339,0.425875989961514,-0.870291968406832
"316",0.967522643218082,-0.336363720635506,2.1624459450527
"317",-0.866375350971935,0.575489642827664,-0.237802069184769
"318",-0.933254859639381,0.555066688065112,-0.343821547240958
"319",0.265202033909002,0.146100306119378,0.401153285720823
"320",1.71703808298365,-0.724628392455155,-0.958761586233383
"321",0.471115815355029,-0.191594972167865,-0.00118614595399224
"322",0.162624551844144,-0.0273257203969233,-1.00543371936395
"323",0.33971510627148,0.0327685727094354,0.407877662001924
"324",-0.536530481833511,0.698598293138128,0.450131521634401
"325",2.40083408475582,-0.73469799715645,1.5696162430519
"326",0.921336466636861,-0.45860866298454,0.293941572470858
"327",1.10758718221563,-0.554278800847011,-0.0626418890372336
"328",0.0825369428492629,0.544436203300297,1.24219547879811
"329",-2.75060437081988,0.512202979556551,-0.940251219660056
"330",-1.17789174982498,0.771746831673652,0.22219405778605
"331",0.153897251345365,0.156881500666244,-0.18232614639784
"332",-0.333954968296533,0.655111773995535,0.564804596938692
"333",-0.966618492820239,0.69891298746232,0.102486711705203
"334",1.76345593066173,-0.722802006802203,-0.752321003864328
"335",-1.64347748273168,0.572187149373987,-0.565645868536408
"336",2.50940284910469,-0.80875322693862,-1.46222805237171
"337",-1.71442475679489,0.487640697702325,-0.841077622503388
"338",0.388392219823199,-0.208036472837433,-0.691803244903475
"339",0.544949483724313,-0.289079380867512,-0.242602681090268
"340",-1.59771294188507,0.398912712229758,-1.08344881387894
"341",-0.176087626089717,0.0860093287330873,-1.30915171230241
"342",0.45455946743754,-0.223137379044,-0.343547780135741
"343",0.177884162035556,-0.000503975268553197,-0.818751485938825
"344",0.604652931312099,-0.402300522132955,-0.838379878177138
"345",0.00465968851839313,0.37925474530689,0.243571330173417
"346",-1.45770090939604,0.752005360962632,0.0441949531791302
"347",-0.315988889353469,0.625438074623605,0.485693164469221
"348",0.235124581055215,0.477468390712179,1.87090300532212
"349",-0.371356304491824,0.372681480097178,-0.505014799434082
"350",0.208370571869624,0.040939400492418,-0.480051219128332
"351",0.293192709484775,0.0238916666056487,-0.042905769436913
"352",-2.1870087591331,0.830843408036707,0.08511585122785
"353",0.661278892651677,-0.370165480366088,-0.23103612233397
"354",1.1882349412225,-0.619504855629431,-0.734304789559791
"355",-3.37907560146999,0.634545213311915,-0.650722072178392
"356",-1.59222314267765,0.745311825897161,-0.0215078271035335
"357",-1.76040427528743,1.06159787668935,0.88816364739652
"358",1.66454672513757,-0.712843672037028,-0.838588298746686
"359",-0.897137334554419,0.586632873472455,-0.220238806780536
"360",0.385927734389111,-0.208732376517681,-0.712922505101929
"361",-0.425511685268993,0.393024935901192,-0.494513083650756
"362",1.38112519486799,-0.663066128234707,-0.765257010390615
"363",-0.133586394190461,0.503946942410834,0.378092980725877
"364",-0.400368366228955,0.216561657593693,-1.09442448039764
"365",-2.63976363574959,0.749676494094071,-0.232520096041639
"366",-0.302639516409928,0.769106870554416,1.03285845433187
"367",1.54252758674969,-0.663673743589014,-0.144078841559365
"368",0.165622250144661,0.654014717074373,2.20417245971682
"369",0.269896675691855,-0.0640071720257213,-0.675889448870316
"370",-1.63342253167053,0.380452157166196,-1.14847928003179
"371",1.5009764923715,-0.708339047424261,-1.27775792211606
"372",-2.57272270626235,0.63060968149025,-0.571453105145299
"373",-1.92948195098083,0.206331196663283,-1.73327064451514
"374",-1.62373850387998,0.623980134204359,-0.402035714831424
"375",0.316856244560137,0.419310763897267,2.4053654948025
"376",-0.397435512014543,0.541602308745951,0.0662709715710679
"377",0.466917943424586,-0.311400883385906,-0.895244438730884
"378",2.38103539032244,-0.77164753192246,-0.170945417362074
"379",-0.278027473335439,0.748996116790784,1.00466683052214
"380",-1.58403334891898,0.639946560196646,-0.341692437894582
"381",0.527342036707681,-0.0339130646834313,1.64805645146084
"382",0.168398164686274,0.207714267089912,0.122754767598884
"383",0.226425565600572,0.389907109065699,1.36114145346225
"384",-0.651820930214794,0.512751790572051,-0.293963811076248
"385",1.11010625861551,-0.61403481817115,-0.956625127048447
"386",0.570163267058685,-0.351045514378209,-0.595013115277112
"387",-1.32706589395584,1.06559849017519,1.0724534792335
"388",-0.558487390302838,0.338765873797867,-0.810101765915154
"389",-0.61986139681538,0.179793254304067,-1.39820347780421
"390",-0.698011538005609,0.122607870121167,-1.63759062967742
"391",-1.97630533610197,0.848419051808904,0.184702123182654
"392",0.824301150740164,-0.40057268825216,0.423759999771958
"393",-2.14919395078266,1.18628050101127,1.15066245746267
"394",-1.23873060255818,0.673993408391863,-0.113474725888306
"395",0.792533980167563,-0.249481210567162,1.88175164153925
"396",1.03426025768667,-0.605740299895006,-1.12944314882317
"397",-1.74166028640346,0.967580537286519,0.60898308631499
"398",0.445121905678675,0.00827897888522577,1.20818658792542
"399",-1.80043953454603,0.669879066819865,-0.309539724397851
"400",-1.52348829532032,0.882757928462065,0.423503851775086
"401",0.560218077161301,-0.281315864198439,-0.0804633796634116
"402",0.399947069495181,-0.161188628014925,-0.307839134202741
"403",0.671036064443389,-0.178537160911996,1.63791055524377
"404",-0.212582077927731,0.425869916378064,-0.0788572218510511
"405",2.31685837104758,-0.783850249622201,-0.928054380246
"406",1.14185940836269,-0.690396540183647,-2.02520732207519
"407",2.46289605835554,-0.778461514634308,-0.160934027019421
"408",-0.170317828639538,0.480129911989877,0.207212228687628
"409",1.0346586899267,-0.560214677249483,-0.48684141581704
"410",-0.145374209566787,0.384191877483796,-0.111172938453102
"411",-2.6570458750586,1.12639454114754,0.865970751211708
"412",0.867853644160237,-0.399895912531141,0.696379267019821
"413",0.48847606098943,-0.38714544087257,-1.32957757073286
"414",-0.676428352820612,0.435635933367818,-0.572894985532004
"415",-1.31921874474717,0.524118968146771,-0.614186795583523
"416",3.10558119345201,-0.813184018665849,0.582538308559191
"417",0.468241013248494,-0.407669576257179,-1.5827942184696
"418",-1.56116470922846,0.89497897920911,0.447550222626176
"419",-0.205729924970428,0.480874384622405,0.141002588062687
"420",0.884524318451969,-0.514512241947229,-0.583006072051222
"421",1.07808617109173,-0.497095559492328,0.638343066651121
"422",-0.911041742625852,0.834319607459702,0.576893838318137
"423",0.817453416729293,-0.2832394452337,1.69807907816197
"424",1.43007214521336,-0.619924442711523,0.296666077309409
"425",-0.833434985703088,0.545333873027325,-0.315917232561316
"426",1.4990436467057,-0.665624682671221,-0.363107058187941
"427",1.94550493254536,-0.721791312436648,-0.043387299166101
"428",1.38973644372416,-0.697106936131283,-1.40034854393308
"429",0.0512946681131714,0.285803948313415,-0.00106878010441524
"430",-0.149974386651416,0.592573929227803,0.683476824332754
"431",-0.469512002733635,0.454717734298568,-0.32473596768489
"432",-0.547467337464635,0.524125271030159,-0.162663954975959
"433",-0.138808010262568,0.288754152835861,-0.467691906100034
"434",0.383016123865191,0.175384146172384,1.7067304402686
"435",0.45690465838477,-0.0971900658045494,0.567408550522148
"436",-0.821899706100858,1.13512151877072,1.63178869010988
"437",0.102231874825933,-0.0805357532134522,-1.44279915856693
"438",-0.927296257270407,0.52510437980692,-0.437699513773922
"439",0.565679304922669,-0.344667176829201,-0.568354318827607
"440",0.196880691928404,-0.154226518991785,-1.48116647544028
"441",0.214906854276208,0.674743283438618,2.68413840692741
"442",-1.52256197061508,0.554026048917562,-0.58722443553162
"443",0.830375492607995,-0.483148454564455,-0.478765156371817
"444",-0.745341864790746,1.0864570083323,1.54378423898992
"445",1.44217377478038,-0.581831513756774,1.13459032360112
"446",2.27943266148469,-0.747122334145986,0.44898579105738
"447",1.10006492303975,-0.592204934730689,-0.667896411714388
"448",-1.08296117419151,0.40070294327223,-0.912868467970438
"449",-0.409378993301314,0.40244375438498,-0.443141260900457
"450",-0.370259743513071,0.20036632565348,-1.1218443231512
"451",-0.623056043695579,0.416313104330565,-0.597445678927497
"452",-0.426586658936481,0.610336750114166,0.272787162434557
"453",0.946130841784307,-0.531675184573565,-0.507664796403709
"454",-0.403722076817,0.752845812464418,0.809461941214648
"455",2.1335736255212,-0.744869498920146,-0.0717101394368203
"456",-1.79036013830707,1.16992928637644,1.20643510150046
"457",0.707555179922495,-0.252001280107066,1.21127222610261
"458",0.842355778704447,-0.411090622841837,0.411512968165072
"459",0.676922249041064,-0.503468073105672,-1.40804558328959
"460",0.17062504761558,-0.21187908341276,-1.84532315360805
"461",2.08772467674048,-0.7190078197014,0.654591192437079
"462",0.171349128152279,0.0730669453403487,-0.498182415495125
"463",-0.924463462265764,1.07888298130295,1.36166273908331
"464",-2.85330122791728,1.40468375525616,1.64191487364227
"465",-1.03531570666318,1.07152432226125,1.25788973901979
"466",1.72814341483804,-0.699396496674779,-0.262310373395423
"467",0.448775508328533,-0.226405037707546,-0.405949566757128
"468",-1.04050908960731,0.73998690891294,0.192260044294809
"469",1.38599306588893,-0.629139417634251,-0.0841049293843826
"470",0.492826464089529,-0.194158653786747,0.137128730151113
"471",-0.333665708808345,0.360325259177379,-0.502931174615298
"472",1.05222935204767,-0.462614814248333,0.990984194708453
"473",-0.654566900699962,0.405490546290823,-0.658258051873395
"474",-0.525830263372007,0.873366839179322,1.06656270283382
"475",-0.192754177621357,0.510380870982589,0.277557009183913
"476",-1.52744486156083,0.806758690204244,0.188398868422732
"477",-1.81600334045116,0.451850266772568,-0.972393753346006
"478",0.241777352371237,1.06885496479942,4.94415605377988
"479",0.770727349609285,-0.313511521786187,1.03239333768329
"480",-1.53419753826432,0.637779387550645,-0.333250089123814
"481",-2.12770033767288,1.37832873400189,1.72817762158057
"482",0.512834837138719,-0.220961537382114,0.0769510999070332
"483",-0.470266846211252,0.335324430790795,-0.743448966444414
"484",0.433067178434105,-0.248337854346198,-0.662472944060278
"485",0.968412342422526,-0.574397679813913,-0.965845036109096
"486",1.89221571382187,-0.718526850489989,-0.154829522601287
"487",1.62476430838582,-0.710471111622182,-0.917546785955165
"488",-0.476465183779289,0.318661509248844,-0.807616762449429
"489",-0.267443723846477,0.772191216958066,1.11068401192987
"490",0.0228150047354389,0.563055928238612,1.07473027951574
"491",-1.26357331354181,0.914264312590855,0.629669570043059
"492",1.07576393471324,-0.473766201739908,0.967664853942821
"493",0.794407851868124,-0.352802902633077,0.76751418236924
"494",-0.0576044116250315,0.332342639687768,-0.120145474465802
"495",-0.527678703645142,0.80229165878561,0.818523003509707
"496",0.721976065086482,-0.431807890016335,-0.4885834216006
"497",-2.10081311334865,1.09113820341192,0.879550970362256
"498",-0.781268259604606,0.173239276253375,-1.51267112411979
"499",-0.0875125444477682,0.583984079295285,0.807018020560085
"500",-1.78649251996156,0.925918306602253,0.469058765735475
"501",0.0518006796093897,0.980922986382352,2.98044612486534
"502",-0.445179947702108,0.514189626653928,-0.0890604841712686
"503",0.134328953936854,0.436873200818259,1.01267427883983
"504",-0.775983517297279,0.522775105563451,-0.352556246389786
"505",-0.399497560487278,0.110668031394848,-1.47055528260317
"506",-1.440387040974,1.45797222017647,2.2341800339315
"507",0.497479262114438,-0.245829027601332,-0.21819510420856
"508",0.274635303810104,-0.183299781647893,-1.28258618251311
"509",-0.154454588489236,0.49823621395567,0.309878193669722
"510",-1.00300385418925,0.646551628805589,-0.0870156925003072
"511",-0.207305112387617,0.448100652091157,0.0143928296455745
"512",0.883683050173407,-0.502649466353679,-0.444029993497832
"513",-0.364492970731954,1.21168678487411,2.51765539347931
"514",-0.298180686239556,0.701016141536826,0.791673355320111
"515",-0.717363619340295,0.484473373594846,-0.4390011838195
"516",-0.825742749258247,0.94751933192715,1.01143048710354
"517",-0.0348530863130946,0.315747604777755,-0.129801166322698
"518",1.75498380605969,-0.609514167149609,2.24437188023776
"519",-1.1864557588885,1.4268071037674,2.2865956221847
"520",2.56859750990985,-0.804780622172858,-1.08028021572446
"521",-3.2859742380756,0.531156027388022,-0.939492764032709
"522",1.95741823150998,-0.718113750881838,0.1202724743382
"523",2.75722299225594,-0.805310841135381,-0.438663673048936
"524",-0.470268787021185,0.632108021359545,0.295388848801864
"525",-0.016069778749285,0.559292029378261,0.9219414454064
"526",0.636451672426309,-0.347269899684282,-0.168542079063732
"527",0.828889072445258,-0.549869292120502,-1.2436941151249
"528",-1.57861128325007,1.16292268580927,1.262522493683
"529",-0.285912638537582,0.4214809730059,-0.213880088851024
"530",3.2010744990174,-0.83408800493609,-0.773673714060361
"531",0.415505589271004,-0.0853144728172213,0.312675289610003
"532",-2.7089897505475,0.958711553602838,0.367594410021096
"533",-0.642839326317937,0.550513870623933,-0.15889975269198
"534",0.263123026068744,0.237704020501827,0.86624794466439
"535",-0.456715684341927,0.668875371943245,0.440891235365951
"536",0.609756650387423,-0.342831728822638,-0.290350182796355
"537",1.25042830346334,-0.649662225294314,-1.00290570052194
"538",-0.830795195228057,1.23598119593351,1.95511521472682
"539",2.06737457120224,-0.708374555184102,0.928765432703403
"540",1.71432756407547,-0.61710757027357,1.80974040962909
"541",1.43014870453404,-0.520177734374262,2.32298468810289
"542",2.20037555802478,-0.777356639594681,-1.04376168840022
"543",-0.567906127124297,0.174173224864535,-1.3822829256377
"544",0.480654056518996,-0.345461943445561,-1.06373035149927
"545",-1.95694617330788,0.721005367814407,-0.192948870333222
"546",-0.460639582280673,0.37120899986357,-0.608231986527599
"547",-2.96951584520914,0.418636283003825,-1.23526198905651
"548",-0.514860471461969,0.46043614703772,-0.350936689496406
"549",1.42470384831074,-0.612283384313237,0.426389590517857
"550",1.05851636478842,-0.599672851423757,-0.947856189406919
"551",-1.25546827579387,1.49763532665268,2.4644741802302
"552",0.547400217989659,-0.209776627791452,0.412932631544396
"553",-0.753738882072463,0.545425685011871,-0.261964738660048
"554",-1.71939856446566,0.816823689041856,0.157960865867195
"555",1.16192173346783,-0.525744809675861,0.655022688955243
"556",-0.144543259319192,0.510180191250093,0.377610735809502
"557",0.65174850433447,-0.476205421306942,-1.26576239578085
"558",0.181938741225875,0.148529064783646,-0.0909890503841464
"559",0.753483009792039,-0.110901662967531,3.0264547008142
"560",-1.99507239515217,1.13788239843829,1.04735254538257
"561",-0.937496949719506,0.503745173421538,-0.512544989411533
"562",0.467558244923979,-0.295012987917197,-0.77316851728087
"563",0.472397580648516,-0.261991493220407,-0.503525801781053
"564",0.390759494184107,0.112214245937302,1.38292011783608
"565",0.973739015900181,-0.549820584910454,-0.618318556330303
"566",-0.577231244595358,0.17178119092144,-1.39697715213307
"567",-1.35462598780833,0.864032513915785,0.431749038139466
"568",-0.00176643986300807,0.116092876804381,-0.867172913585981
"569",-0.972169182810741,0.973829529084522,0.986669812318719
"570",0.323028184306253,-0.173640001812486,-0.929715969973947
"571",0.744704024871391,-0.291665159404975,1.07953538653782
"572",-0.219127862476201,0.276337008220998,-0.652197947096714
"573",-0.0770852979018594,0.373821085632824,-0.00148364468300516
"574",-0.265029805861833,0.42297865833134,-0.176577055789457
"575",0.860093819150674,-0.532470161048689,-0.908766162663555
"576",-0.583180565645241,0.690437373383387,0.37243463022695
"577",0.574341242699517,-0.402564478088951,-1.00148956375273
"578",-1.82126436235901,0.342903999638626,-1.30270204409033
"579",0.0993964512573249,0.291517737789707,0.199756866857643
"580",0.669794139252042,-0.439514378106342,-0.835507724916056
"581",0.306185405441103,0.0446503322043303,0.177251830015982
"582",-0.659596259760798,0.385478177218273,-0.729487729775951
"583",-2.05396486475966,1.55082004666873,2.26503512295893
"584",1.00624931650087,-0.372240919552981,1.95920777645212
"585",0.170452540200213,0.190487549934914,0.0516539653704817
"586",-0.72707596986234,1.16199305959602,1.81416519677186
"587",-0.859426234557753,0.274763566175705,-1.21781487458709
"588",-0.649614785659118,0.433094131976837,-0.561294391143165
"589",1.59024248296083,-0.609756755379924,1.31191281297498
"590",1.29616278103065,-0.61540689098829,-0.215150034908106
"591",0.203137437216852,0.00831681374341539,-0.664918020542798
"592",-0.511061029039785,0.921394334188394,1.25197126116006
"593",0.658169400613158,-0.363766475653272,-0.189736938608824
"594",0.61992940077744,-0.152770396062782,1.45700044655221
"595",0.15503764746359,0.0682753093187562,-0.589131363138685
"596",1.13383824942885,-0.556582978362618,0.027706488061684
"597",-0.0897407844432024,0.450175199021533,0.271009208431073
"598",0.477917712106623,-0.0845354058014058,0.832214399331052
"599",-2.42070830403773,0.519353723905207,-0.876670481171486
"600",-0.511139959796405,0.407809348909409,-0.529855406411627
"601",0.0879210302742223,0.0686064818916839,-0.825403110715751
"602",0.773490395031772,-0.458393104913183,-0.494255736007029
"603",0.965923685395688,-0.454627939649214,0.597165669159308
"604",2.14102750245193,-0.734011635056366,0.35411107714038
"605",-2.1542235161581,1.28162887151503,1.43304407500221
"606",-0.73104944241169,0.826159537979953,0.690367014735097
"607",0.0852088902425936,0.279932044399859,0.0936501881111879
"608",-0.122489761549766,0.67692721548287,1.07878319864521
"609",-2.30981017973776,0.448863609778911,-1.06857850162488
"610",-0.320395250526108,0.192120569816925,-1.0975602742443
"611",-3.77430295768321,1.43637167922289,1.60128842659218
"612",-0.499102809987594,1.14034103759703,2.02949536317307
"613",0.486074330447291,-0.237860086317846,-0.23572278441378
"614",-1.19833488170678,0.978452225647952,0.864449336608247
"615",-0.532554969439807,0.915198904445085,1.20264330643463
"616",-0.750406896834537,0.814824034757625,0.635876420847901
"617",-0.411002715819435,0.426649812946416,-0.359056367026132
"618",0.559553221907364,-0.357970442946703,-0.713398016918049
"619",-0.758163006832546,0.607442757393559,-0.0592039327552818
"620",-0.811601230362385,0.923057521578396,0.942615566074964
"621",-0.77316744042712,0.826480696942907,0.655445339752437
"622",0.269593398109888,0.123511571378023,0.31467299348149
"623",2.40431965969801,-0.768213780202658,0.0760520865084219
"624",0.63706821989238,-0.470821504176068,-1.28468073599849
"625",-2.93260729299248,1.04699076486028,0.590619952728432
"626",-0.114330807619557,0.780683047300371,1.50688990269437
"627",-0.396858096327364,1.02193449988215,1.77819832007355
"628",0.253287955775385,0.235501920660376,0.778137298391153
"629",2.85139107675727,-0.810613085349455,-0.399399419431565
"630",-0.0182027458355843,0.820993826687718,1.98985737545712
"631",-0.942414202607362,0.238356416960657,-1.3748815298168
"632",1.83902355238091,-0.700068560043341,0.1685457846596
"633",-0.680204782029928,0.683670553470838,0.25798387887838
"634",-0.435693411699833,0.843806507092557,1.0850557251454
"635",-1.20570234582425,0.724710892782206,0.0606975702925844
"636",-2.37658313642579,0.5566838846911,-0.760130415378232
"637",0.922681117922557,-0.50857579440651,-0.326132971775675
"638",0.00406983881049394,0.165636055671997,-0.646948188167134
"639",0.216692718318695,0.0897698744417026,-0.195963009611993
"640",2.11585884951705,-0.751289997487829,-0.370893178255893
"641",-1.98234707502554,0.975469148118722,0.564080824416687
"642",-0.0429752283130842,0.45012388150725,0.394006307303501
"643",-1.00042615910725,0.115053909744645,-1.79583754791237
"644",1.58849425489452,-0.679212031226481,-0.312917024249781
"645",0.374777572961246,-0.218420046844841,-0.848788285154145
"646",-0.787619071798312,0.906268822813947,0.907349364358219
"647",-1.04135342408516,1.35169656059316,2.15135118162138
"648",-0.0231361386958456,0.79153337933985,1.85015570507816
"649",-0.797327677550841,0.501924580614587,-0.435656467884284
"650",0.997044562340283,-0.569467832037232,-0.779539307953399
"651",0.764946940877516,-0.419772662180896,-0.130080428006567
"652",-0.334205512966689,0.259794845905939,-0.867849166818695
"653",-0.382039360610283,0.229822344507792,-1.02854494109011
"654",-1.09987821784978,0.817467336768169,0.407151036673435
"655",1.9679619810879,-0.707615538176697,0.49737401325585
"656",0.769982675429732,-0.316152078060833,0.999197747557917
"657",1.09251132427217,-0.605723621609619,-0.901024343063538
"658",-0.581877614147026,0.818516861889777,0.811831727062251
"659",-0.531225355139748,0.527958418540688,-0.13345984475326
"660",-0.984425401465727,0.897113225954837,0.730972144191332
"661",-0.273666010390979,0.351891432783349,-0.452187978446591
"662",2.62724538499995,-0.791185655582579,-0.147644967676098
"663",-1.80071926210545,0.904171495602477,0.399099343802304
"664",0.562551944080941,-0.348519349726554,-0.61843767488143
"665",3.51965895892294,-0.841870487389809,-0.0588875340818475
"666",1.59884046401572,-0.684669068854425,-0.399966079165471
"667",0.392365556858845,0.589644154453902,4.47581510631881
"668",0.590115961910652,-0.261964747373732,0.282168345150144
"669",0.268978173380327,0.0878181215939051,0.121357596713922
"670",1.02778992983264,-0.55623105688473,-0.46192782206148
"671",0.772480682350124,-0.426850087118516,-0.163307502760859
"672",-0.319511303706399,0.316130285720221,-0.645354212676984
"673",-0.101575099752991,0.486229051661074,0.384350506942468
"674",1.44177166695957,-0.649653236307842,-0.259091373001299
"675",-2.52655410997809,0.556491829731841,-0.782372020449879
"676",0.192443777313321,0.557352953453303,1.93303790971347
"677",0.279847913538695,0.311447810436193,1.40270438138121
"678",1.44831710888929,-0.667738948437694,-0.605258348620073
"679",0.561720408075866,-0.351832021181835,-0.650524761393843
"680",-2.55650908011368,0.870690526408782,0.134695496470358
"681",0.541843557926365,-0.180555491096108,0.606455965357013
"682",0.722227492593492,-0.355927049478311,0.275560863052726
"683",0.454690651058291,-0.277398379583878,-0.726957415527736
"684",-1.04906891197088,0.581398726910853,-0.320072688756464
"685",0.210989680802208,0.303517912082849,0.824572516837319
"686",0.0175099067746409,0.172138709668677,-0.584479600855653
"687",-2.06530367382979,0.840068901044569,0.138853837961747
"688",0.874691418561056,-0.349123153453915,1.34450360116342
"689",1.10647287606877,-0.494067847559326,0.841750053332522
"690",-0.588052560027912,1.07443716056171,1.67932441153274
"691",4.62544540559827,-0.880718785003725,0.0760576620540865
"692",-2.23109187483218,0.742220418587533,-0.186659143914074
"693",1.25221559531182,-0.625704754221491,-0.581225068945278
"694",1.21315643181624,-0.588463856517921,-0.115165550858862
"695",1.47495491076637,-0.686512894173123,-0.899243552565822
"696",2.27918889006821,-0.7712733500219,-0.536935406916864
"697",-0.60784338498276,0.771769051385382,0.624587715244685
"698",-0.136142312295803,1.16503140771702,2.93720447743964
"699",1.62753500301888,-0.70788924245472,-0.846014363554883
"700",-0.106697243308642,0.441815251586151,0.197358590483401
"701",1.52594830556687,-0.706327373191408,-1.15304796346492
"702",1.13567747498998,-0.64892015566813,-1.39822227910168
"703",0.324825174866683,-0.282003387954747,-1.54299872636775
"704",2.00794092274402,-0.701338347533415,0.883051588000128
"705",-0.164252831945731,0.842357320406606,1.60900664015854
"706",2.8104138965862,-0.763972427492866,2.39282438392173
"707",1.27135479139923,-0.598161456160618,-0.0175813114760749
"708",1.07342668640044,-0.482854130329704,0.821067728261816
"709",-1.60273492418983,0.90427101051497,0.46157373056032
"710",0.649099782236089,-0.32554879222336,0.10819452485715
"711",0.878847821850726,-0.500235986115066,-0.438663532163486
"712",0.722857729926218,-0.416002312721887,-0.324881313024019
"713",-1.23664775846757,0.454462188815138,-0.80270897286148
"714",-1.31591661287273,0.810994840155519,0.282827933060608
"715",0.144137552839983,0.131070453433631,-0.343209475684436
"716",-0.462403264396402,0.628892418661693,0.29358453011957
"717",-1.2754277212141,0.24879997236674,-1.46099473046259
"718",-0.476811061745639,0.675623119338223,0.439706974295065
"719",1.78947408398713,-0.576067692482505,3.37106738991627
"720",-0.19483763226669,0.836888056269972,1.51120946234788
"721",2.23029127382678,-0.744828963605388,0.327742142767041
"722",-1.67751233895531,1.72183180701555,2.92701536063421
"723",0.0661146349400942,0.403200749259529,0.557995594749354
"724",0.59328438691305,-0.0851552814598224,1.8195504782007
"725",-1.14984129866242,1.46769895111701,2.44112937017333
"726",-1.08043212368009,1.05989801749216,1.19125363605734
"727",-0.566841453078825,0.666916587934357,0.308663236046694
"728",-0.148215859455265,0.314232184839611,-0.386956503131597
"729",2.69605334827105,-0.810507759080698,-0.968357618126509
"730",1.96069279516076,-0.747015609887035,-0.778689066069772
"731",-0.362450574685136,0.185558789995987,-1.16693521365787
"732",0.86631230610782,-0.484863256564827,-0.318048041651827
"733",1.16466987720529,-0.584845276183402,-0.274235763329523
"734",-1.40649816029717,0.333129943615796,-1.23593241337667
"735",-2.41579017956708,2.02878175856294,3.57018986963743
"736",1.91198520011975,-0.713240587292654,0.083770687338987
"737",0.379916295078086,-0.137706919461221,-0.304650077157463
"738",-2.06195640469984,0.327270520667701,-1.39200354175807
"739",-1.82372319763968,0.522794637432925,-0.759692361323915
"740",1.07350806342628,-0.492039981539796,0.687124705109923
"741",-0.279915664604927,0.415639000945368,-0.226420408310701
"742",-1.35204177894324,0.503157336768625,-0.690857032781443
"743",-0.803244939775244,0.65360703170479,0.0608311851761338
"744",-0.23898301094034,0.34159762175283,-0.438471950543894
"745",-1.8849008772137,0.719628427029011,-0.180163134652945
"746",-0.355476495952678,0.297527795185922,-0.756386602545998
"747",-0.108699816522158,0.13040969831868,-1.02998444502152
"748",0.0576857917083453,0.33844857759641,0.247115998528164
"749",1.90696037552939,-0.676688714893827,1.16817768815503
"750",-2.17571202419528,1.04854470775802,0.734546646959185
"751",-0.793716227639265,0.937251391294114,1.00452052289293
"752",1.70403617554675,-0.730034735399954,-1.14040697537996
"753",-1.91050384973653,0.709427172433073,-0.216969946298985
"754",-1.63378448539843,0.72050106970476,-0.110103609720169
"755",-2.18006500034832,0.369481528056262,-1.28456094545736
"756",-1.30992893743059,1.00281761700792,0.884699373520701
"757",0.0075658971170917,0.106688283478719,-0.883681720141147
"758",0.271857791250554,-0.091298104783004,-0.808807692156332
"759",2.82650220784851,-0.810522253837206,-0.492377393032744
"760",-0.863763324863178,0.431075735576114,-0.708609767594194
"761",0.896185297552148,-0.554536234501766,-1.01648004832032
"762",1.29211816598222,-0.69160432777489,-1.60181313404373
"763",-0.451528093039237,0.712882162029944,0.60213628858927
"764",0.99225053239963,-0.436038691924945,1.00048968656852
"765",-0.3893624031762,1.1801922013454,2.35611423709829
"766",-0.51964172800175,0.786207820036668,0.772546283174996
"767",2.637565382551,-0.802514622965341,-0.724911285109611
"768",0.192241992205009,-0.000110784362468752,-0.755423868028466
"769",-0.826750459834307,0.652385264316119,0.0403037152352989
"770",-0.725399888962029,0.895537643976869,0.926859243638976
"771",-0.723678926623869,0.256978973139273,-1.20280805639007
"772",-0.551074165975936,0.759256125501573,0.642900018355269
"773",0.388408209354702,-0.168945013482351,-0.441327252989853
"774",-0.693904334990083,1.08933989330406,1.6065806931341
"775",1.41593630406119,-0.656797987021775,-0.508007036490118
"776",1.24075995763324,-0.561336952705388,0.476197374437401
"777",-0.313059538073664,0.439941719223003,-0.185766487250022
"778",-2.59042547505671,1.23878539057527,1.20717269924043
"779",0.0813555333052069,0.184278622148813,-0.339321826445847
"780",-0.0610660463616669,0.192051001142118,-0.691998561107442
"781",0.254385683376875,-0.106408472948087,-0.985979184405342
"782",0.0313753805710706,0.370028661192272,0.290831349089657
"783",0.809276872618223,-0.391011991508109,0.440090272754132
"784",-2.0425329426095,0.401429844283941,-1.16720175870097
"785",-0.83508059217855,0.370720078694863,-0.890380352633286
"786",2.45790082477313,-0.770246351515053,0.206550980477094
"787",1.36299735395566,-0.669055798287685,-0.947311489169955
"788",0.891241351746109,-0.521016060188014,-0.630192820014853
"789",-0.557733579838797,1.03042558783709,1.56727472684632
"790",0.729296386717602,-0.347828727210522,0.401737915135003
"791",-0.701381577991101,0.871330266514551,0.86838066200137
"792",2.92416147862347,-0.821150127687332,-0.831307488378317
"793",-0.872981585712273,0.721331026030136,0.234641416499321
"794",1.2559235258401,-0.616383438514443,-0.404124427353356
"795",2.11823352263288,-0.700484383949499,1.45849700960784
"796",0.831457026158221,-0.336868311294865,1.19213957455114
"797",-1.45722413259213,1.30869137846235,1.76426893471914
"798",0.489776105420547,-0.0973748393465306,0.836038044553508
"799",0.535765590676088,-0.0364772747792228,1.70461209547879
"800",1.5253230386154,-0.612348516719312,0.916903427856795
"801",-0.322305445155473,0.58978612226685,0.34597222894272
"802",-0.143076184912215,0.349392443640607,-0.241152376953881
"803",-0.25246758896224,0.399397665178739,-0.244325965029595
"804",2.11890360469575,-0.741717790715173,-0.0163771263297266
"805",0.61314217406134,-0.0909858214024727,1.94476117796434
"806",-0.425013460508508,1.09421599974167,1.98658577342643
"807",-2.6196585527127,0.868586019765589,0.118344918028201
"808",-1.33463779588264,0.803626552212223,0.251940495090085
"809",-0.282193148132133,0.708337522230501,0.847208956674708
"810",-1.11737570178128,0.511088692840841,-0.576078452858379
"811",1.31750060319145,-0.640342590904855,-0.580689716744391
"812",1.81374167362378,-0.715059854834389,-0.356980429858752
"813",0.793843615514382,-0.451339534118815,-0.311987582079746
"814",-1.24577747977602,0.559964481031031,-0.474638934201869
"815",-1.15919022800447,0.71843375765884,0.0625441000733391
"816",-1.25965470904511,1.03098797276651,0.997753908144082
"817",-2.37710702200226,0.407340602806806,-1.20071567597115
"818",-0.361156953809398,0.495796730813089,-0.0499563275428532
"819",-0.596308924474967,0.682802538403029,0.333133110154469
"820",0.0237708605968535,0.577047844854011,1.13723451041547
"821",-0.0135304217840384,0.255063989973947,-0.322520183855656
"822",-0.648430022079196,0.500650874372532,-0.332097915550839
"823",0.551352984656454,-0.205357743669694,0.477621835095881
"824",0.883147048414307,-0.501440451459136,-0.432084465252119
"825",-0.00135606770578239,0.913761505240159,2.44176924616947
"826",0.45718138449663,-0.140209439578493,0.26386333652542
"827",1.12856523653028,-0.615219223119483,-0.902529507778712
"828",4.4375260075653,-0.875145772177086,0.157771806285019
"829",0.0573772537488726,0.210779950941786,-0.303337446434609
"830",2.79506784018497,-0.77993823504912,1.29767327365021
"831",-1.25957608492404,0.975022735477453,0.822208625192681
"832",-0.685703621047001,0.674007825256501,0.220765265402076
"833",-0.154078784091688,0.36849736749177,-0.188969850713384
"834",0.259025515032668,0.622861139444663,2.84280437109159
"835",-0.722933452588824,0.167879584214607,-1.49977905423103
"836",-0.325572306131303,0.197795114122653,-1.08280453275074
"837",0.662228032712358,-0.448341323763976,-0.956538254022282
"838",-0.405467588568596,0.687949640303116,0.576223135995874
"839",-0.31285591120072,1.29199912490847,2.92073391182633
"840",-2.07123512627793,0.772803531137451,-0.0633091900691786
"841",-0.786286199941988,1.32787788400541,2.30248860932975
"842",-1.07044550377402,1.19513320210184,1.62951156360735
"843",-0.0749978653374398,0.29738830707683,-0.30128830580093
"844",0.291617859999035,0.182959748996489,0.814574463654841
"845",0.0128709113872364,0.578196664439833,1.10128295524608
"846",2.68643404129601,-0.785167775303099,0.442306915118558
"847",-1.38092668164235,0.731878231346205,0.0101773669083221
"848",0.320831357669138,-0.12440613501041,-0.662515882348949
"849",-0.673100756229399,1.31955246082934,2.40396543098642
"850",-0.517732879422515,0.662310664571764,0.345627216020373
"851",0.190092281065185,0.477896289174897,1.53400209911984
"852",0.243552445078169,-0.0499455378966778,-0.753019893133092
"853",1.20384098146153,-0.348042042103924,3.82650436426599
"854",0.783220150859256,-0.0941473788932949,3.48529584364772
"855",-0.660844257095961,0.884721564815838,0.953048764528331
"856",1.18965495564671,-0.605263385996804,-0.495751620990711
"857",-0.139135833514225,0.133352126800872,-1.07049327939205
"858",-0.334986888532118,0.453814725481312,-0.165976013150818
"859",0.140777936016436,0.0864344589954889,-0.561788497332341
"860",0.981393822948206,-0.559714211620503,-0.715954829803942
"861",-0.590129450020077,0.510761882299271,-0.248197530207786
"862",1.22673471944462,-0.630715271031122,-0.768467441829103
"863",0.213613144574814,0.402842477137857,1.33167207433842
"864",0.710666087362491,-0.407613327941473,-0.308719126233348
"865",0.540322118707963,-0.462801786406715,-1.6604788008464
"866",-1.20876483520003,0.484946519820712,-0.696280573481147
"867",0.130156491691174,0.374060639474728,0.705726980387526
"868",-0.197142187755236,0.0562538099349287,-1.45109847982934
"869",0.106656103060532,-0.10975764893038,-1.56084101048571
"870",-0.984288085324992,1.09194799052638,1.35913564493909
"871",1.02775102311555,-0.641785862594641,-1.65857092895324
"872",0.166908550414008,-0.0718587895115165,-1.19848806633828
"873",1.66317838150582,-0.557872721002681,2.99384280155356
"874",-1.26481506221381,0.981447726996386,0.839763722221431
"875",0.156078326391673,-0.021175187762018,-1.0010710814154
"876",0.624229881674027,-0.295569157034334,0.218732952152199
"877",0.44931654082781,-0.17549128591293,-0.044521806976954
"878",0.318193248162525,-0.192167520559103,-1.06883636670297
"879",1.0494643857937,-0.435380433442287,1.36380757056245
"880",-2.78870430461968,1.20738151198524,1.07931691272663
"881",1.40832511923631,-0.695998377142201,-1.31900050506945
"882",2.08971320457374,-0.754397152956467,-0.575822307707125
"883",-0.617116440119637,0.738686644206314,0.502682446099132
"884",-1.17737222473554,0.681887354546855,-0.0615464497890098
"885",-1.28692252774786,1.399586741381,2.13779290417868
"886",2.35419374772058,-0.778175046467197,-0.557531038202772
"887",-0.216696072267758,0.189236617495969,-0.976023847876593
"888",2.74204218407725,-0.805755499120199,-0.524012760026856
"889",0.0999737470847343,0.369625952980109,0.548691474484274
"890",-0.969629388666377,1.43436548637239,2.47551883203858
"891",1.58896318039781,-0.678847597102988,-0.302584985015888
"892",-0.999638235532461,0.748006430141349,0.241316383201336
"893",-1.36088380238861,0.378156373743926,-1.08278182737216
"894",-0.367533457989844,0.280125510239058,-0.832690116228239
"895",0.232320889792797,-0.19858402151095,-1.56089392449565
"896",0.8597852107115,-0.4136867843722,0.484866897734558
"897",0.340069592198796,0.0788892600919707,0.684261181523039
"898",-0.530897934353278,0.582293558876239,0.0545909963856914
"899",-1.03570742405171,0.511543316467783,-0.537309901359467
"900",-2.44395050343936,1.33194078235984,1.51123191306085
"901",-0.132050077765553,0.466176692175832,0.234799756741869
"902",0.910548785295884,-0.482160651439309,-0.0579084934129317
"903",-1.36537179835643,1.26207111506955,1.66536698357992
"904",1.43848591540052,-0.654201043606332,-0.365658923417112
"905",-1.07240123114748,0.504537142529372,-0.576893666576697
"906",-0.701547322777084,0.376436911144498,-0.789346601061936
"907",1.25067323633492,-0.64176216035335,-0.865312174610181
"908",-2.58348071864297,0.899986771062764,0.216108612445805
"909",0.470493507262948,-0.37535656131141,-1.33746148078867
"910",-0.581703020634023,0.505177306308646,-0.259714171211324
"911",-1.00240382929125,0.716561264819468,0.138537632453808
"912",0.964179484109459,-0.569528898014277,-0.919504549159285
"913",1.58759547362188,-0.680648410041744,-0.349850043281056
"914",1.45863215759879,-0.705174472150092,-1.34519729332094
"915",2.52244586952283,-0.79310753767437,-0.646688695691601
"916",0.18258411804,0.231294003981161,0.307203308330595
"917",0.209548931025854,0.159977968132417,0.110390323643724
"918",0.616526789521189,-0.343948899549492,-0.259334954571307
"919",1.51586745457036,-0.667720935304464,-0.341680367267909
"920",1.04918409926366,-0.561922156628992,-0.445714400968169
"921",1.88562054099784,-0.67905736237133,0.992146997705819
"922",-1.50250145454108,0.357508301247289,-1.18647717849197
"923",0.493436818538018,0.00302321193546784,1.61823441730186
"924",-1.08405612991115,0.806950730071264,0.382269244205059
"925",0.20814077544173,0.318924758306148,0.881738461681927
"926",0.556660436577448,-0.0707579394654504,1.61618352835856
"927",-0.106812198773339,0.523090239300369,0.516472032992049
"928",-0.273904483166585,0.23314718013526,-0.890615576014787
"929",0.972338911987357,-0.389203559520632,1.49921361192198
"930",-1.31523355738709,0.414762108461324,-0.954291389629633
"931",-0.892169549960979,1.07869860496135,1.3866213391235
"932",-0.537400354472194,0.532127331752719,-0.125213310366757
"933",-0.0107828235693123,0.544875066932483,0.880117237594809
"934",0.211584636981724,0.340612430326539,1.01100864689403
"935",2.95347420387742,-0.825184319764527,-1.01019639482471
"936",0.91901486767948,-0.520142809889139,-0.48881566028192
"937",0.853755171092865,-0.409427774744465,0.498722316830042
"938",0.625889446102076,-0.387522601947983,-0.592122217844786
"939",1.12713480469792,-0.631598859895605,-1.16058202377155
"940",0.29552960165566,-0.187081555262154,-1.18511354881452
"941",1.70988130347653,-0.662735437642908,0.610419983839272
"942",-1.12613592981689,0.971564015297121,0.882510931327432
"943",-0.653032758784138,0.566070057223737,-0.114916431568712
"944",0.109991620391717,0.24328276776355,0.0272624772057602
"945",-0.383167985238873,0.284564447187643,-0.83400679534199
"946",-2.58417721143873,0.421588527601519,-1.18531703310069
"947",1.96115004093046,-0.655368935924029,2.11742622217902
"948",-0.991378679412613,0.828255220171573,0.504665465615579
"949",0.32697054499742,-0.216002023493271,-1.14796286608571
"950",1.35736639861725,-0.628365780994111,-0.192311166736393
"951",0.0170124352042738,0.0779016037346288,-0.980914201320741
"952",1.03314400782032,-0.537259044771946,-0.170882054354111
"953",-1.47086226237552,0.938203574075759,0.614229721669072
"954",-3.14011866968967,1.04004250622802,0.542153907294617
"955",-0.0650068212143769,0.409680671988259,0.171801346461242
"956",-0.265972834309917,0.407522092431667,-0.235213878094281
"957",-0.274469897852452,0.2260912060896,-0.917380093639887
"958",0.474623180250974,0.199851445258669,2.87803664611808
"959",-0.2876508354425,0.471465717175166,-0.0328429635498796
"960",1.26855461601391,-0.569442899420493,0.474830682473198
"961",1.20455808679737,-0.611612745276632,-0.537907625506639
"962",1.30764294102742,-0.558288010731242,0.875541967112039
"963",1.1467206904672,-0.60614145011426,-0.688368808863199
"964",0.50698732308752,-0.141516901227884,0.642169527764083
"965",-0.532999728913259,0.460987078929982,-0.366511071544102
"966",-0.316819503983518,0.434752008775044,-0.209987464294786
"967",-0.304102255941642,0.177213366688941,-1.13319788941631
"968",0.282859136959959,-0.0259600399485915,-0.388968996036209
"969",-0.119401068729682,0.369097374668547,-0.115975856101455
"970",-1.66406496502375,0.775054740203571,0.0472772298297592
"971",0.846035430496638,-0.441698894261884,0.0792343891148795
"972",-0.756753030556955,1.07910267674723,1.50811083721787
"973",2.75263981337252,-0.810250448446101,-0.754137421484346
"974",-0.550252903132633,0.891806823743933,1.09998528966585
"975",-0.439752890480923,0.466014004547295,-0.25258848381436
"976",-0.895750483026148,0.521395634515891,-0.431945458133663
"977",0.30304182498344,0.0285763635939248,0.0612570802790131
"978",-0.750531134660451,0.4793189647939,-0.479405839309811
"979",1.79681589459541,-0.673401302295175,0.730869542758738
"980",0.269423113114424,0.30153182949091,1.25531322082928
"981",2.03845218764432,-0.730074719518006,0.06327487298862
"982",-1.40118643762635,0.502603917509421,-0.708707942314079
"983",0.576961919318036,-0.349405622681504,-0.541611122962906
"984",-0.29157833838161,0.412979983920966,-0.25343857168704
"985",2.01989666242773,-0.73518749367393,-0.180974180011303
"986",-0.945462709939123,1.07495268916898,1.33287836453813
"987",-0.343247676230158,0.318065070024352,-0.667789139787199
"988",-1.34618685533563,0.757565296665499,0.103662820124123
"989",-0.679359084482475,0.993666510479959,1.30077788696563
"990",1.57885355578247,-0.642572496227806,0.494478442146661
"991",1.53182663049795,-0.657227112159653,-0.0451686488305546
"992",0.363921092434646,0.058456119162308,0.784910827565896
"993",0.0534453747835302,0.0103018798886192,-1.17617157160314
"994",0.707813187337333,-0.328651493453828,0.455700972940722
"995",0.269947280222737,0.161401917039091,0.517939680056692
"996",-0.929206071697582,0.551831320267655,-0.352039666954783
"997",-0.35931061147811,0.308390610645381,-0.721738535091179
"998",1.02887970912481,-0.517826720015675,0.0806938040800274
"999",-2.677015799311,1.09459847283173,0.769580856528579
"1000",-1.7549609259442,0.736788515197722,-0.0950265459368741
