"","x_child","x_pa","noisetmp"
"1",0.160471571704278,1.10095546247697,1.72713629467393
"2",-0.98714906592854,-1.26953702120197,1.15003781836019
"3",-0.532974942256006,0.550323534555963,1.32007931161304
"4",-0.857430371372381,0.00833365390200115,-0.354003841039851
"5",-0.894080654979746,-0.772791802723917,2.32340971327412
"6",0.541314244500202,1.73634127431568,-0.183327828785341
"7",-0.87926049997304,-0.788469767900403,2.90404294116004
"8",-0.351188057884195,0.755422479713934,1.57891257035203
"9",-1.0692489705292,-2.01712474879153,-0.93427329490428
"10",-1.00633455724926,-1.19642933733556,-0.0452021997581073
"11",-1.00939582867333,-1.153992902459,-0.333757097343249
"12",-0.903120122068841,-0.67602977243699,1.53676714314811
"13",-0.864154819247912,-0.095107909210181,-0.069615665104759
"14",-0.89589978928703,-0.00820260980012729,-0.990089142344908
"15",-1.00496053470753,-1.03105472656563,-0.563892042008345
"16",-1.03783461883279,-1.36547438345037,-0.989416318240682
"17",-0.0881105690451243,1.35993584484823,-1.32086684691719
"18",-1.05038215727131,-1.38186619495955,-1.59133205964986
"19",-1.00149960556366,-1.33156056730853,0.72671225900392
"20",-0.590420740758252,0.685967538590814,-0.093232751855849
"21",-1.09958997416834,-3.04404790587277,-0.0135935688459756
"22",-0.242634414677671,0.965205432576585,0.693743751253861
"23",-1.08993988721491,-2.69249306743099,-0.408854654464347
"24",-0.83383189146765,0.234049859880988,-0.836236472984306
"25",-0.538909286271585,0.682071168054411,0.411887367735664
"26",0.780873549673128,1.6185017774462,0.765524925396917
"27",-0.957770921494158,-0.738627795874656,0.0902821314525194
"28",-0.813766556500424,-0.00884347826303372,0.509519775076536
"29",-0.471859774425509,1.00511152885472,-1.04217451391101
"30",-0.606120075400394,0.767804804350444,-0.679633690431615
"31",-0.890051437934177,-0.176316915106005,-0.276003852495221
"32",0.926779306113689,1.40728570797192,2.02311727247486
"33",-0.309613847345518,1.17505925053442,-1.27625818729932
"34",0.113753747373103,1.08255494768564,1.68398117743471
"35",1.09088541449965,1.53213724912549,1.9945860260427
"36",-0.525118627947145,0.979371921673482,-1.22701892344031
"37",-0.899615991635726,-0.32602309416934,0.0919203064819131
"38",1.49114671733485,1.85620023968968,2.31338935223557
"39",-1.02499144196896,-1.28376491246912,-0.610033455849652
"40",-0.944053785093026,-0.425205254296834,-0.631801820239557
"41",-0.858558674510154,0.0804868613541729,-0.649548382947036
"42",-0.992321937632263,-1.47843899972479,1.92080624032152
"43",-1.07181586847733,-2.22279512809369,-0.357025704956381
"44",0.500079833036605,2.18974724140147,-0.759883704854947
"45",0.32434000243582,1.82245202447248,-0.922566992467659
"46",-0.880533762305548,0.210556403926699,-1.45092091844988
"47",-0.883580460304531,-0.109456279111747,-0.396370433565954
"48",-0.618489050593616,0.315336553002893,1.81120011615428
"49",-0.863318867209067,0.0419735424842061,-0.587112617117683
"50",-1.02864938362942,-1.08739385805041,-1.36170180762191
"51",-0.600817043284661,0.753397391085651,-0.557663594976799
"52",-0.191277480514774,1.1917997332031,-0.863429140451605
"53",-0.622379897655226,0.234936391768072,2.27864966383655
"54",-0.550850636420599,0.874148252209621,-0.818290160604485
"55",-0.450489044513972,0.940878154723438,-0.507183112838352
"56",-0.882197465955172,-2.53475625028868e-05,-0.76949396378204
"57",-0.93618162028718,-0.0351203523740613,-1.64974724884549
"58",-0.859807130404275,0.0206674762251299,-0.444310237879915
"59",-1.04145041924739,-1.66326695011476,-0.178018557935743
"60",-1.07464156519404,-2.26795728462961,-0.459374165926515
"61",-0.807239378507178,0.532072668858006,-1.58842233742423
"62",-0.841157396137238,0.267721458971349,-1.06727789070989
"63",0.79759221981739,2.03782866985818,0.153228939127364
"64",-0.644794075894106,0.462520465387803,0.591680722671826
"65",-0.953649854949286,-0.523798811356554,-0.553982856532187
"66",1.06295483234568,2.13360699250821,0.768346530999192
"67",-0.948654060363033,-0.680307300450758,0.154726556144511
"68",0.0389941036660178,1.10280441387849,1.06783325170276
"69",-0.845087180893537,-0.0485529754280944,0.104431301029665
"70",-0.680075395353475,0.528557729596153,-0.165439087969243
"71",-0.963244585957557,-0.452214042727176,-1.03842022823972
"72",-0.941635870600025,-0.478965857158877,-0.384661810747886
"73",-0.934402259862199,-0.282298052368179,-0.87044809649531
"74",-0.865454699319741,-0.399988135301207,1.24337471508266
"75",-0.968990779572538,-1.31951584112954,2.28656086988277
"76",-0.09121976064786,1.12970602865274,0.138875311097748
"77",-0.580308573548281,0.774429855622119,-0.497562249283987
"78",0.428373360585537,1.3923178952559,0.373872037531589
"79",-0.888927861348423,-0.379578187999399,0.57002609955631
"80",-0.83655641494404,-0.0554045991072057,0.29511147953686
"81",0.853410645969433,1.74071957754613,0.71544581218953
"82",-1.05917111778424,-1.70157920704361,-1.2101021206524
"83",-0.622022649582766,0.558628276902685,0.307841356054696
"84",-0.763263395167857,0.00950894662816236,1.33202383301667
"85",-0.533922443175612,0.770952899268831,-0.0867694538180346
"86",-0.956822297581431,-0.708170704891863,0.00600467095193841
"87",-0.855771032803156,0.086952808147465,-0.626839898503804
"88",1.36777392470021,2.2944626942785,1.42027179749757
"89",0.0994026478831359,1.64416851544132,-1.34556090703412
"90",-1.03713849242147,-1.03808980538471,-1.83347090485406
"91",-1.01443527841054,-1.18897149754418,-0.436856801952654
"92",-1.03102462128345,-1.13210578736342,-1.34103120097817
"93",-0.878991548896671,-0.167136526469248,-0.0811213986641957
"94",-0.827054916563118,0.116150610367685,-0.265395535461628
"95",-0.938486599550704,-0.655574275201034,0.367885789846811
"96",-0.896460046624939,-0.690264277268892,1.8133142127587
"97",1.33513215215861,4.233146592499,0.65898696177282
"98",-1.09304185712284,-3.00037664517666,1.43800690311231
"99",-0.645989626328346,0.253820686230927,1.81218106122574
"100",0.23636507951952,1.45863721560362,-0.520219503749684
"101",-0.746326683716217,0.303694190165884,0.116355597210683
"102",-1.03938221007344,-1.90745652535541,1.06055952947907
"103",-1.01071781137859,-1.21405256441452,-0.180194654619973
"104",-0.65279351056468,0.21069469013899,1.9814914377754
"105",1.65457142247489,1.26447320457638,6.03016389648942
"106",-0.208061635863723,0.976774501271374,0.819872360877191
"107",-1.04770985194529,-1.60010350656624,-0.799235983954443
"108",-0.997121892261883,-0.598361858731817,-1.55652510068625
"109",-1.0322778858663,-1.01075783491951,-1.70560892698176
"110",-0.937004599623723,-0.766832206159831,0.880532685129793
"111",0.851537992299901,2.34984318687713,0.0499297473968396
"112",1.38541614068113,2.38432062779733,1.39354440850735
"113",-0.918495879204776,-0.41726674395778,-0.0128127123671649
"114",-0.8934966514881,-0.271471468246567,0.017115532244545
"115",0.123827973984844,1.8992623336436,-1.55979771648469
"116",-0.575338260969409,0.858634672480181,-0.916495416140908
"117",-1.00201634711006,-1.23427820691783,0.298007195665028
"118",-0.328715132126638,1.014215623839,-0.229197266758808
"119",-0.800540012103984,0.29221518576376,-0.587104591499387
"120",-0.733706644401248,0.373062046511248,-0.0458828122180824
"121",-0.178519814746697,1.18424468929856,-0.745331974679595
"122",-0.617041671744801,0.649690629834174,-0.14573096655373
"123",-0.798291179198594,0.12176981741779,0.180582524663866
"124",-0.801865020688079,0.0916660769602573,0.257795837182554
"125",-0.818425261394844,0.0993724767483156,-0.0524736742981473
"126",-0.528504079404314,0.639559338804568,0.780882069213374
"127",-1.11212942714661,-3.46406405162523,-0.513720365599131
"128",-0.818264684226004,-0.0185640408991842,0.471784983325792
"129",-0.748443370058909,0.313903991667572,0.0386636479554858
"130",0.531543026088916,2.39430772860712,-0.793905918697316
"131",0.355970421033239,1.44485831219559,-0.0779857530882342
"132",-0.865133209463575,0.082194490708245,-0.766891453740432
"133",-0.288129582299454,1.13263305343654,-0.869980543773302
"134",-1.03724374487109,-1.34907185868961,-1.00910530683016
"135",-0.775564071916464,0.183707336318704,0.256392436972724
"136",-0.873639704181645,-0.650122856820499,2.29948374345101
"137",-0.498003786195813,0.217824691971689,4.25506754097269
"138",0.726871114063671,2.56663393918772,-0.37999785300437
"139",-0.963009879666295,-0.705914977910539,-0.196724885265504
"140",-0.889660222161935,-0.369318773729749,0.508225335412063
"141",0.720649945291985,2.18724209875008,-0.179306127199878
"142",-0.635766393165929,0.759234942793892,-0.888203019128568
"143",0.0279759382401355,1.19903901540878,0.0483475095824005
"144",-1.08226171533136,-2.69943105088032,0.999839830212442
"145",-0.125927046658519,1.11748501435489,0.0719539606565194
"146",-0.291712352819501,1.0233163396943,-0.0744020646219081
"147",-0.348508661414283,0.874844058556866,0.673751814132057
"148",-1.04402140202249,-1.66628919677349,-0.333147072979109
"149",-0.575804502020684,0.414133353244483,1.72640981023925
"150",-0.319916992675144,1.06866702526835,-0.573305878941507
"151",-0.934025477646011,-0.92963458745193,1.74503052906277
"152",-0.708572600753499,0.477528452374116,-0.238007554962793
"153",0.74710003388494,1.76081800597474,0.371912390108323
"154",0.350386397012347,1.30134631238222,0.575717392289942
"155",0.784166734056819,1.63245023289033,0.741240381726135
"156",-0.944313244518383,-0.881508986988694,1.14089189697275
"157",-0.657044850702008,0.224331654473892,1.83282026463874
"158",-0.801307337894327,0.170733484375821,-0.0847891527839695
"159",-1.03281932581643,-1.54066680082055,-0.115851246470118
"160",-0.559452085944121,0.854955702924066,-0.776152295333088
"161",-0.957128724926629,-0.534195759890044,-0.614917022324436
"162",-0.875647609683984,-0.304547635269255,0.562070958640508
"163",-0.969270703300738,-0.556039454452083,-0.882773700666847
"164",0.0193237346259486,1.36812994790895,-0.966488318078798
"165",-0.661230558164468,0.33035940383214,1.1385138010387
"166",-1.08973732330184,-3.05713256971344,3.19328612441162
"167",-0.896969529329953,-0.394960318220016,0.436827451029444
"168",-0.912456841675965,-0.873535694143171,2.23777121394357
"169",-0.892765046180581,-0.295398698260963,0.129030744892693
"170",-0.237758272373533,1.08978793153585,-0.283771966641844
"171",-1.06559757597153,-2.31172543875674,0.78036558938807
"172",0.168902539886416,1.24772576018085,0.236534727352821
"173",-0.827856299371862,-0.225654597559226,1.26649676268891
"174",-0.738278066851954,0.427426493576797,-0.358066677269233
"175",-0.975207832652639,-1.23957359819302,1.57061271085858
"176",-1.00048802620204,-1.30543650006242,0.664337220524933
"177",-0.762138365087959,0.498308138207852,-0.950902652475035
"178",-0.72842812591277,0.314625705591259,0.30947964397951
"179",-1.05538092597558,-2.08308327663553,0.593478249103939
"180",-0.912329219663545,-0.50046224328104,0.480092489742499
"181",-1.0291863170437,-1.37555255771534,-0.511146603313372
"182",-0.961123241859975,-0.688426096459889,-0.200471355614091
"183",-0.648652168047531,0.838652908431632,-1.37712341596362
"184",-0.700081472786716,0.315619963728739,0.692539282058113
"185",-0.950709717787991,-0.83405433898936,0.707841318494209
"186",0.612742979969879,3.0782177389509,-0.827520860036534
"187",-1.03002775701073,-1.19018426510433,-1.13420944410442
"188",-0.987480010004052,-1.00291747219066,0.0287957235567684
"189",-0.840043102058211,-0.128326433565597,0.550665924857285
"190",-0.946079251514339,-0.621619292464302,0.00923982207781903
"191",-1.0900731536247,-2.4582603797699,-1.53750619175611
"192",-0.747503747681751,0.680567428731485,-1.53847405899018
"193",-1.03804440113871,-1.37356340936922,-0.975502577815609
"194",-0.959693876560762,-0.684642752883547,-0.169817892091401
"195",-0.937014927858818,-1.26412437037129,3.50905645697194
"196",-0.965942735728543,-0.701685863542855,-0.303658067632024
"197",0.512038879185485,2.23992646145849,-0.760058183188866
"198",-0.930963233775382,-0.301533355928453,-0.728324419024239
"199",-0.820829530577084,0.118538772304445,-0.173414343289242
"200",-0.789194602336112,0.304617120725585,-0.480915816603977
"201",-0.867425874659876,-0.192817270702255,0.266254867621762
"202",-0.845659515381165,0.103803046095546,-0.522551307972066
"203",-1.08057611544925,-2.52246877487459,0.0834997404142512
"204",-0.629415070232052,0.426811378099926,0.98357842682701
"205",1.03906937679664,2.84886919020316,0.278515614029505
"206",-1.06737673432837,-2.37690103582585,0.959868161241469
"207",-0.998990449883914,-1.1552135208094,0.126557751027535
"208",-0.899874582647413,-0.505043047837915,0.835531236771807
"209",0.35401151804854,1.4276486371034,-0.0236561417847279
"210",-1.02204290290661,-1.31268650347317,-0.367758993923227
"211",-0.901534470442868,-0.535126568489687,0.924167627547135
"212",-0.958174398290557,-0.51225977221484,-0.715542424765977
"213",-0.885878236074233,-0.200141144174244,-0.0961439591005568
"214",-0.695213490990167,0.381837173621377,0.407006696212348
"215",-0.734534105232577,0.158055477869408,1.0255002625472
"216",0.277519610787264,1.23054323869032,0.828606205101076
"217",0.51690354849052,1.29421149296814,1.26094028306489
"218",-0.438927769009828,0.437863353921419,3.23551135062245
"219",-0.661939414762258,0.279662802884189,1.42638307971435
"220",-0.807117794253921,0.44527093679003,-1.27084535457694
"221",0.294553122672944,1.1409132078325,1.93418092898898
"222",-0.718109526659578,0.268111694864981,0.691655922052556
"223",-1.05774177486229,-1.81579555179173,-0.734318328924237
"224",-0.89408234864462,-0.251615423338728,-0.0737866109189055
"225",-1.03255193355818,-1.43360287590884,-0.489577386535093
"226",-0.841184485161378,-0.357040995214387,1.62491448358508
"227",-1.03811852818695,-1.65441954640189,0.00214892673518933
"228",-0.716117938814053,0.0999511935638107,1.64543203298723
"229",-1.00874892485205,-1.41288516371165,0.706399462880956
"230",-1.01853027880968,-1.23083868241815,-0.481536059180684
"231",1.00206333689694,1.6522628615829,1.34780856240312
"232",-0.900673289008663,-0.263130883039254,-0.176513368799973
"233",-0.310946859858055,1.12584555475157,-0.935550623101939
"234",0.617789444722376,1.26179368905053,1.92757434855208
"235",0.67373300980801,2.00726410764387,-0.151224376201783
"236",-0.586302142126901,0.339153610943433,2.09071376378283
"237",1.02523113314058,1.50421802281023,1.8939108445145
"238",-1.08956676197933,-2.59272821731503,-0.885164042347749
"239",-0.599035646332921,0.289654778375321,2.24931800388708
"240",-0.62240105000504,0.143387444072898,2.89826315308013
"241",-0.634806871145464,0.726746207792187,-0.716429738200286
"242",-0.972466387433162,-0.707507683272607,-0.488356607774286
"243",-0.787809980925908,0.274953512487761,-0.335003309392162
"244",-0.760167798275374,-0.0395626727416405,1.65493993024927
"245",-0.961187612512931,-0.997403431355501,1.03324327602512
"246",-0.798834860616101,0.220480877104438,-0.261859231785423
"247",1.25418937555423,1.38288032450172,3.3129994910504
"248",0.439888697454757,1.74836531479219,-0.495953290218015
"249",-1.03057182922149,-1.23930883188908,-1.01477614189599
"250",-1.00520423385643,-1.09867769419279,-0.345814893563259
"251",0.643942366161374,1.93824965269503,-0.161022376817239
"252",-0.679611345201608,0.599257456259276,-0.511248422743261
"253",-0.724196689295206,0.442165388144192,-0.254919782545022
"254",1.52327230902484,1.61741642334244,3.02587641876783
"255",-0.919366678983721,-0.0023188307614078,-1.43532466481106
"256",-0.765175707026231,0.348897087368019,-0.347252221971853
"257",1.12760223794122,2.35405529543634,0.75551375225267
"258",-0.67106522457453,0.41389704684757,0.54142969081915
"259",-0.525445221574439,0.35043481553654,2.82106650241435
"260",0.537386941138723,1.61953652178731,0.0231784842182462
"261",-1.04697930508394,-1.8585540839822,0.238005350516049
"262",-0.841675266550315,-0.510577718168523,2.43843899277451
"263",-0.962687122015343,-0.750258735440368,-0.025075761546314
"264",-0.834055059266267,-0.231075143085985,1.15809066264198
"265",-0.971401135979794,-0.971701688857612,0.528853724913815
"266",-1.04813163904883,-1.79836819044771,-0.101316970852781
"267",-0.278438721555786,1.05200782586954,-0.215755002481578
"268",0.273695291130877,1.466011953679,-0.41891775504905
"269",-1.01519545343269,-1.68807994830866,1.6522334964876
"270",0.236191064983012,1.21764761734855,0.77537905332612
"271",-1.04417352420635,-1.41713650802215,-1.166739614983
"272",-0.329193923099658,1.02688615310279,-0.324320150164226
"273",0.676150247079475,2.6177110472152,-0.528382154733315
"274",-0.920111542440088,-0.00915183093487482,-1.42844589054631
"275",-0.66017776814087,0.658686068531085,-0.610125359258368
"276",-1.1159552500971,-3.62942605303574,2.71170593079175
"277",0.524526171443538,1.32539210086715,1.07507030581264
"278",-0.62396633345198,0.490918748735837,0.673102253674143
"279",-0.983819929510822,-0.910072084204723,-0.171521879034177
"280",-1.10169132759607,-3.08587128514955,-0.278828220499257
"281",0.217160136664373,1.95500582610415,-1.34819172619516
"282",-0.669068150181777,0.411335294311845,0.58032082748669
"283",-0.948991424481432,-0.663174296891755,0.0789211224683221
"284",-0.870869899922377,-0.980360247280719,4.43422756073785
"285",-0.913870507927006,-0.0607859259310359,-1.15307470045152
"286",-0.85346948385572,-0.134823436353813,0.308441697546395
"287",-0.685775936076566,0.122171802657528,2.01306457790488
"288",0.778738739998432,2.15886083441489,-0.0046678563896167
"289",-0.94609794412062,-1.03013016537942,1.78400854111109
"290",-0.828388331535386,-0.00469716765668909,0.224761212347696
"291",-0.86991131404866,0.0849752837916411,-0.857458360654518
"292",-0.788339626530478,-0.012451032420171,0.991157806958521
"293",-0.435803087618369,0.638633627409229,1.70002931378184
"294",-0.937140560789889,-0.550308893832112,-0.00258600911130789
"295",-0.985622708362202,-1.36676800372276,1.69764026531636
"296",-1.01844666295593,-1.40483844956914,0.158376785351066
"297",-0.407387393097608,0.801751214455808,0.757507473701863
"298",-0.614979868809746,0.786236213198595,-0.849836883066662
"299",-0.447571232129456,0.812192635137339,0.360063136949899
"300",-0.826373663675014,0.122428964096954,-0.280109849290698
"301",-0.921911513026696,-0.810445129656573,1.58628635138522
"302",-0.799503094882458,0.0287009680167219,0.590135374032988
"303",-0.907382209036835,-0.230671283417243,-0.445194777859977
"304",0.844637725510141,1.41282697695075,1.71172287565062
"305",0.340183225624971,2.30613120948671,-1.24175589095932
"306",-0.930815948002855,-1.0078321951737,2.27318140778791
"307",-0.525644827282013,0.73749329279282,0.188709526776931
"308",-0.851547529441646,-0.350473720440332,1.34268340928225
"309",-0.991626699772447,-0.721311369595345,-1.05040409336218
"310",-1.10589792888108,-3.37716163143603,2.60253677504682
"311",0.339778178398725,1.39422919992418,0.0576295447042468
"312",0.0781754064355327,1.46136589632842,-1.05141847468435
"313",-0.673935660312372,0.481228737664525,0.147492463223985
"314",0.282873792903356,1.72616618775213,-0.920509124159367
"315",-0.959585411895012,-0.860248098441043,0.507102059455552
"316",-0.869853062203394,0.0502283993778821,-0.731327871421141
"317",-1.00484855545585,-0.963691094411659,-0.775559978894626
"318",-0.708520531715897,-0.0206921084509237,2.50227799254482
"319",-0.821315812844066,0.0183893656122938,0.250355966341936
"320",0.153888326927731,1.2773854181421,-0.0292031348597304
"321",-0.933020465166975,-0.372902391532707,-0.534850448828504
"322",-1.07868383383541,-2.12433066589602,-1.4262009875521
"323",-1.04132630183178,-1.5130053496676,-0.709035688528952
"324",-0.950853627573326,-0.596275643001183,-0.223287790418165
"325",-0.979893065761118,-1.26239696732913,1.4616973574368
"326",-0.798584814090583,0.121758878507378,0.175843169917472
"327",-1.03837143170375,-1.63803301431932,-0.0787625481796081
"328",-0.975156284897334,-0.42619643250761,-1.41942947313074
"329",-0.980182515359011,-0.951569078566803,0.116160414739998
"330",-1.00332917258853,-0.56372453693429,-1.82037110496189
"331",0.035676093030304,1.21707567383172,-0.0763525900679328
"332",-0.994110106875713,-0.536126384949773,-1.63103107536522
"333",0.13849106418689,1.22574031642375,0.287340079879727
"334",-0.868056842982323,-0.180604405801745,0.201789096278832
"335",-1.00426833451685,-0.902259656654974,-0.942280349083795
"336",-0.0971287861967783,1.29478454212659,-1.09612359331976
"337",0.549273929985464,1.76752078306021,-0.208602192963614
"338",-0.988410423802807,-1.35218459077953,1.48217423799177
"339",-0.686716297513549,0.213423144680146,1.4542796887826
"340",-0.959380460455519,-1.18377835298899,2.01050893001469
"341",-0.922854607732941,-0.645383179226022,0.796347623238962
"342",-1.0078559291833,-0.827916562586889,-1.28302611115343
"343",-0.944941207784724,-0.63348756468995,0.0878517719366337
"344",-0.987958715791513,-0.560527050238101,-1.39513793020725
"345",-0.591913645054754,0.546378000833085,0.704821895628146
"346",-0.879334484011358,-0.476136931334421,1.25137236226085
"347",-0.780287352470405,-0.084935912118451,1.51803386859191
"348",-0.466206101422477,0.966330228296774,-0.770787961287381
"349",-0.828866396774368,0.12967578761222,-0.350246125435873
"350",-0.798811333436058,-0.114795922455349,1.31039062608622
"351",-0.936629343911309,-0.374298987515787,-0.618211569864059
"352",-0.88114008822512,-0.0338843104319099,-0.628488253346502
"353",0.361280016092033,1.23611052908146,1.12578188969638
"354",1.32817704274215,2.69000437913236,1.06041496618779
"355",-1.08995660693467,-2.74186744940443,-0.103030972928745
"356",-0.260066399683315,1.24500834936613,-1.49788655031279
"357",-0.96316602506833,-1.09671358342834,1.41142764486173
"358",-0.536381038028021,0.255019489279797,3.39175083631437
"359",-1.01748179161711,-0.96272497463005,-1.2585712375496
"360",0.759949875534925,3.32764365809095,-0.53066237681001
"361",-0.778489375979225,0.143040053513095,0.402056062041476
"362",-0.986087973644568,-0.975568752909177,-0.0186405968833774
"363",-1.06215633629879,-2.08723285799593,-0.0134429396832206
"364",-1.02979318148908,-1.18840843776662,-1.1287963949298
"365",-1.00838437932143,-0.98636027576676,-0.840766300396129
"366",-0.665082115432144,0.477634464147506,0.269796217869939
"367",-0.597722970957053,0.914870974909784,-1.3714080038025
"368",-0.924896318815438,-0.511268515805134,0.184209110731162
"369",-0.103724612410543,0.954919460964694,1.69826272694006
"370",-0.507565609171129,0.377364387276797,2.85236085503554
"371",-1.00187629258966,-1.28771199971744,0.521914659851212
"372",-0.813638233893056,0.0636697768439153,0.183911058993826
"373",-0.915982728695109,-0.796968221731557,1.72000792643104
"374",-0.872593321072466,-0.630770074511859,2.22555424178132
"375",0.00366037113096063,1.08575459658404,1.0533252364154
"376",-0.782848164555031,0.289551058477911,-0.328032109637716
"377",0.849322339146363,1.96048499709192,0.377030141870032
"378",-0.0614858204106088,1.41216541451303,-1.38837861523422
"379",-0.772174324483391,-0.240929546126187,2.56871908103635
"380",0.421991094861887,2.68739596594339,-1.18571163692639
"381",-0.832868858039776,-0.154168915554633,0.815263564559784
"382",-1.03708855098688,-1.33794557522598,-1.03482729338505
"383",-0.42512554242005,0.83597383515371,0.37437443435795
"384",-1.03017389130943,-1.54189541432862,0.0444001008451913
"385",-0.874184498167523,-0.0226384101680492,-0.540935260705216
"386",-1.03280777886763,-1.45702603224892,-0.421745449457741
"387",-0.997739888466815,-0.856481051257015,-0.848239671612906
"388",-0.118055512203761,0.811041517607195,3.01424363948579
"389",-0.930870024029133,0.0345455862681381,-1.74660878295741
"390",-0.762023135361898,0.361203616265505,-0.360315730847552
"391",-0.917833352001995,-0.391098064414842,-0.0957784110473612
"392",-1.06072351053214,-2.0477841387932,-0.0593132176961406
"393",-0.979072790785582,-0.636024884796618,-0.919852796037407
"394",1.1098950307584,2.54412818822262,0.592391993938964
"395",1.11588499461671,2.31025776701799,0.75720912840963
"396",-0.533204203627374,0.772971817696674,-0.0928547725953844
"397",-1.10413687078646,-3.12242595678662,-0.774694257366866
"398",1.40898974283823,2.49274317924131,1.37677931250984
"399",-0.854168819940432,-0.230070669774326,0.714153733170984
"400",-0.933941143880933,-0.484331456880533,-0.161218051173524
"401",-0.925774400447841,-0.405339178802055,-0.240458325682196
"402",-0.926594563093518,-0.891745049032396,1.82635730057116
"403",-1.10559545870417,-3.31326100683249,1.17090273472345
"404",-0.800918002509702,0.521103448519811,-1.4785454998516
"405",-0.710062145229016,0.325563379142947,0.50418029378723
"406",-1.02170406876758,-1.23217797247398,-0.624341735106013
"407",-1.01049984378586,-1.70049198880235,2.03215852243022
"408",-0.988438952300078,-0.988833113727444,-0.0605377964171992
"409",-0.926552315844889,-0.448669108016606,-0.0998486583987218
"410",0.800356187187901,2.42273634015406,-0.123551389464742
"411",-0.205173429081509,0.94859502195717,1.08184299191294
"412",-0.947542293801208,-0.895895442299759,1.0898854178256
"413",-1.03037721727229,-1.84331637904747,1.41629402807709
"414",-0.654546337992806,0.673746748322456,-0.631215937728024
"415",0.711661246843819,2.51505706688064,-0.394867648430417
"416",0.58630979630774,2.87228709425096,-0.83734029005343
"417",-0.250639173794144,1.03771695991992,0.0562610270242844
"418",-0.789586854675097,0.439700289815568,-1.03722884251537
"419",-0.827523103615013,0.295646163541665,-0.97747823613825
"420",-1.01863165752715,-1.31918039381494,-0.175878667819752
"421",-1.03621506505302,-1.35210625936487,-0.947628296464807
"422",-1.02805432645987,-1.2603766322351,-0.831852614015497
"423",-1.0767090827636,-2.32910336239795,-0.415462041106806
"424",-0.730587681087262,0.217430506749973,0.773708476495441
"425",-0.937635117510097,-0.517738025933146,-0.137663225315361
"426",-0.924472692147459,-0.719354810565443,1.07404946910789
"427",0.52383879239656,1.75454329794949,-0.262377178609022
"428",-0.910774378546812,-0.265330999821028,-0.394859065025279
"429",-0.233123025227652,1.20709139240456,-1.16009282193497
"430",-1.02708780541652,-1.58378822689632,0.400265735511215
"431",-1.04092876585137,-1.50068859870423,-0.727206505274161
"432",0.114693876834011,1.36062487677077,-0.597732904431887
"433",0.210171175676022,1.43995790401629,-0.550256242415346
"434",-0.569250665811315,0.676812786326942,0.158299759740733
"435",-0.853978348052112,-0.341318537404716,1.23987398725515
"436",0.101322214979623,1.40928315451439,-0.821416634630924
"437",0.395112107619168,1.29916159301433,0.760343272646637
"438",-0.774195132951475,0.251988549182468,-0.0378559974788274
"439",-0.973508961342022,-1.32988915055405,2.11819266109563
"440",-0.587860006210071,0.806352513966545,-0.733661291459251
"441",-0.879531551170694,0.169390396739958,-1.30235353977874
"442",-0.93988361589939,-0.786480215479955,0.870955129965226
"443",-0.984054944979189,-1.01756718378663,0.219203199420731
"444",-0.950595128446368,-0.995704931429865,1.43806113829426
"445",-0.979725523858674,-0.630084711241668,-0.957338372197235
"446",-1.09661437595661,-2.88307532490705,-0.532366112247212
"447",-0.416195658858174,0.961943387565296,-0.416170191953082
"448",-0.943761543505416,-0.5953030669092,-0.0217400117545291
"449",-0.771104520684049,0.407731639041899,-0.678578764160202
"450",-0.982039744586644,-0.875676749367986,-0.229507210852581
"451",-0.814619863959919,-0.0809787898613243,0.832397532955591
"452",-1.07526337179104,-2.23594096249874,-0.665075548973698
"453",-0.988354772307316,-0.987298660022772,-0.0628906558738223
"454",0.214855359535602,1.79185094529265,-1.19910674254736
"455",-0.947989547567223,-0.532207678900268,-0.369558707534341
"456",-1.01559612704092,-1.09461543911625,-0.795234644840367
"457",-1.05441536580154,-1.86993525522369,-0.281722199216482
"458",-0.715091068347799,0.59553051420647,-0.859508033318098
"459",-0.97810815528459,-0.462479226928779,-1.39587688807634
"460",0.768320864873951,1.28802570411605,2.27889608472486
"461",-0.512416623301489,0.36133830979356,2.9107466437802
"462",-1.03517231464425,-1.57839978973671,-0.111763698119658
"463",-0.91375062291867,-0.0228347333112952,-1.27005706301215
"464",-0.994263568511886,-1.20351282525643,0.529613798808581
"465",-1.10203130057388,-3.00521954695147,-1.05341733962094
"466",-1.00823418047383,-1.57044974488427,1.47771897806108
"467",-0.772225684723968,0.236203062062358,0.0630759290060075
"468",-0.877092540751539,0.208767691646621,-1.39324438637955
"469",1.92856944307805,2.66048877638207,2.56804763473549
"470",0.306226927685474,1.42454675132682,-0.174383134597793
"471",0.818625183918979,2.42164646784226,-0.0764568104124916
"472",-1.02668712571841,-1.3288363272717,-0.542730398101667
"473",-0.981707051647871,-0.763806761631325,-0.598347497487638
"474",-1.01893417661537,-1.41969659171544,0.191245684621949
"475",-0.910097567208807,-0.292791016683088,-0.278932360543788
"476",-0.646742774397776,0.438187911042195,0.705762627901773
"477",-1.00335727855616,-0.970604713463355,-0.696889727292327
"478",-0.0812074489607122,1.10051894915289,0.457456451677872
"479",-0.552321346311994,0.628575537110834,0.614631595482081
"480",-0.793165468268152,0.367480713066051,-0.793969703435015
"481",1.05433218417811,1.92961058298326,0.979162168125167
"482",-0.976212491527649,-1.3472056793574,2.0753274397738
"483",-0.909971891640119,-0.159739436810469,-0.749580314426384
"484",-0.587337311245196,0.752307567145365,-0.435419451732575
"485",-0.982410280195419,-0.592209825327541,-1.14807297842665
"486",0.00742774135003516,1.38751927292808,-1.07528273954214
"487",-0.658243919494104,0.267458423232553,1.55204255071647
"488",-0.939614332959198,-1.33898187181125,3.87283827031951
"489",-0.127161136838934,1.09118487515531,0.297771165747164
"490",0.15093227647536,1.79252601289329,-1.38240132269832
"491",0.652941404675827,1.86848921299765,-0.0537365396875928
"492",-0.777863365893733,-0.120431297582837,1.75810631938981
"493",0.351740098870039,1.71876127638154,-0.708786856178805
"494",0.0181125101020728,1.30476927834484,-0.704614800277507
"495",-1.04177915222853,-1.48880323951284,-0.814336186121281
"496",-0.917600064248878,-0.432255211198604,0.0677198490425955
"497",-1.02757272973121,-1.95226960077425,2.26957529319112
"498",-0.937489043643789,-0.462840206186549,-0.332572567106282
"499",-0.853634251148761,-0.450531266394073,1.79631975050008
"500",1.30005519703775,2.23421643615724,1.29739716955563
"501",-1.00443390125031,-1.45725979814629,1.14167816989357
"502",-0.4516495440108,0.874479663004754,-0.0863844776490428
"503",-0.776465661641131,0.488498815690889,-1.07567541608174
"504",-0.916806740304356,-0.338445622684507,-0.267174628406789
"505",-1.09580177112221,-2.72574915567666,-1.28500839409628
"506",-0.690495823181958,0.168036821728792,1.66213443546208
"507",-0.768612569711636,0.370092955918044,-0.485393012409364
"508",-0.923074735032154,-0.456881494742388,0.0215206840564588
"509",-0.915632962847885,-0.835073427340341,1.92467550807594
"510",-0.932192537413067,-0.603592602574479,0.345919093622437
"511",1.07157105699773,1.37167697852575,2.74749832624561
"512",-0.848636757782023,0.373134827079315,-1.53567270043283
"513",-1.06680521530158,-2.36636430679645,0.964504461380111
"514",0.180291915160694,1.5347970231223,-0.89743089640541
"515",-0.952873444787661,-0.489919987552399,-0.646063699748129
"516",-1.00857555284715,-1.35941955412395,0.487389572960737
"517",0.250550993871054,1.80104150591738,-1.10770929566626
"518",-0.874355538395186,-0.392399645143854,0.986452705163071
"519",-0.84448256847531,-0.0228553637078075,0.00777376217866515
"520",-0.801936548678927,0.110702380332262,0.170682165476456
"521",-0.745878070820268,0.129958264428372,0.992371273860912
"522",-0.850426379443685,-0.300512817669666,1.12647006865461
"523",-0.513057819535182,0.586919016864257,1.2855747750698
"524",-0.876154628347503,-0.0345447060653813,-0.533224085380569
"525",-0.94979750484918,-0.899891667965549,1.02613734224366
"526",-0.940273605173011,-0.220867073890127,-1.19321518313659
"527",-0.924161487600954,-0.200550704026583,-0.910776017483373
"528",-1.10328772093334,-3.09226745722418,-0.7517048882952
"529",1.20024294912116,2.03934161499699,1.23576580657495
"530",-0.371416421507189,0.974388698928044,-0.210525738909251
"531",-0.492674754813844,0.585863297442697,1.50548634797279
"532",-0.525261573434938,0.813620574739039,-0.271519189023807
"533",-0.865443453981525,0.0311922235140488,-0.58402514553695
"534",-0.831387006880746,0.00830556646527785,0.114146869290612
"535",-0.827829343945242,0.364120993800933,-1.23351752605627
"536",0.177390010420482,1.12507398856667,1.53886799666072
"537",-0.277747047344178,1.03261168743279,-0.0627967816716182
"538",-0.785368823520627,0.424167354803181,-0.923741602251008
"539",-0.99715865783462,-0.858639542968605,-0.821150852975373
"540",-1.07253903983025,-2.01198329828162,-1.23779205192906
"541",-0.818857669325426,0.261949501749432,-0.725520546543073
"542",-0.8580520215408,-0.170096114038497,0.366287640184764
"543",-0.888630129323699,-0.096132967881863,-0.54512251019966
"544",-0.553989242952329,0.782843190830359,-0.325004003686766
"545",-0.489049873772734,0.753484260694399,0.40560263647262
"546",-0.0283494407034358,1.35082635116687,-1.07353405926107
"547",-0.638718154679363,0.712673053239877,-0.680225469935491
"548",-0.735771784076669,-0.00149180283961055,1.88896108967641
"549",-1.05797113235299,-1.95881983281588,-0.203617005418418
"550",-1.04461609935564,-1.82497776782413,0.267524063600782
"551",-1.04642842008835,-1.62265730193669,-0.643336392629383
"552",-0.399837488035824,1.05562329215652,-0.932848517714764
"553",0.64770728235823,1.89205505255121,-0.0974892282251206
"554",-0.824066629767475,0.0952237668028064,-0.128841139296181
"555",-0.831397335976042,-0.301689196132498,1.57156613449665
"556",-0.915307448041986,-0.682181498162432,1.19082531850696
"557",-0.803090970374042,-0.389115706295642,2.73268068111254
"558",-0.73660387980752,0.16500190450424,0.95612541789874
"559",0.977607518531494,1.90788592560322,0.797248828654419
"560",-0.839282002452811,0.361974937092898,-1.37577960832623
"561",-0.951439411278907,-0.361878901575838,-1.01851929528495
"562",-0.933806113806894,-0.351823756431902,-0.625980659589309
"563",-0.909788159222054,-0.199043167635546,-0.609608609174908
"564",-0.862236868306764,-0.836047986823931,3.77679071116708
"565",-0.788578808330957,0.282786068425651,-0.379512400644089
"566",-1.02887183978875,-1.49497414168785,-0.0624665844869217
"567",-1.03256054956796,-1.37819476846843,-0.677020564385239
"568",-1.0214016478768,-1.00642559357939,-1.28933877817359
"569",-0.724315535089699,0.649133786186003,-1.18708857313407
"570",0.505501726049378,1.40366591180882,0.590677062746311
"571",-0.987045065097098,-0.631428572971484,-1.17069443899982
"572",-0.960970609438392,-0.528807198476595,-0.738395239255448
"573",-0.961954238243645,-0.812952026433552,0.236871563606948
"574",-0.102058219448465,1.00710031618098,1.21140439516903
"575",-0.884662441262931,0.0280946251632238,-0.912109980696206
"576",0.346696423687997,1.92985758091111,-0.970609932214397
"577",-0.939224376149724,-0.285801047341254,-0.969065432546907
"578",-0.452804636001125,0.831383098750794,0.189613706558114
"579",1.98445801734952,2.58445798905165,2.75972737519794
"580",-0.700730315271039,-0.223360290739914,4.01520221843383
"581",-0.92079992708515,-0.619850571971148,0.747039631802679
"582",-0.80327865499675,0.557098434604424,-1.63449374704875
"583",-0.998164003077169,-0.996767461245972,-0.410354695950674
"584",-0.890480975138407,-0.222272528217714,-0.108817747915076
"585",0.677933102262195,2.69811821594608,-0.554913968976043
"586",-0.827563563447571,-0.226865443750654,1.27889526570533
"587",-1.01522196187117,-1.0637486069568,-0.875192087538875
"588",-0.979572552350515,-1.51482535953305,2.85273346194064
"589",-1.00476367555116,-1.28651961959736,0.377319004061497
"590",-0.960936315400974,-0.357780065285016,-1.26024494166643
"591",0.545255237085741,2.40534739199484,-0.764323761724033
"592",-0.920250248065416,-0.256576914057846,-0.637740754656199
"593",-0.6961939979146,0.18203221185475,1.49171954361799
"594",-0.917858612096353,-1.1017831607416,3.34402205081093
"595",-1.02019605929462,-1.2290145874611,-0.564861638204177
"596",-0.998452191177527,-0.952495739352457,-0.569235406977006
"597",-0.900506277710813,-0.290143128028526,-0.0692109116672906
"598",-0.887956923408506,-0.308546678224874,0.293682018292744
"599",-0.827881364051722,0.0144252129663555,0.150545714880668
"600",0.0075118432137331,1.54930390478179,-1.47135638082907
"601",-0.877364823214786,-0.620991145422601,2.032152172596
"602",0.380313312861504,1.51563843771063,-0.214060178429676
"603",0.680789470492334,2.31376003448447,-0.367257456875094
"604",-0.0239114503359152,1.26643014113436,-0.663692745073637
"605",0.826538717827467,2.90680439515843,-0.261106816406675
"606",-0.934490822580696,-0.663729968871443,0.522311963820723
"607",0.177701758589567,1.33033818234774,-0.233859420098239
"608",-1.00904875428896,-0.85554481293102,-1.24801345237052
"609",-0.334427999779816,1.09972064515848,-0.872497682927269
"610",-0.575612772414087,0.891500765377556,-1.09364442976035
"611",-0.484420603123982,0.743258127037034,0.512924383355496
"612",-0.968386751849742,-1.04560550678968,0.961821536319758
"613",-0.920825058171798,-0.387721620136284,-0.182387839633292
"614",0.11756342053322,1.3715270623422,-0.630702680576763
"615",-0.831777728659521,-0.51037671174643,2.70568442123857
"616",-1.05694817846138,-1.88925849582681,-0.40142314506608
"617",-0.985668812361377,-1.32969251413377,1.50958292787117
"618",-0.884266086947927,-0.405501718678364,0.799069973868157
"619",0.458465473196732,1.61689719680517,-0.211112367144857
"620",-0.958399992301074,-0.558252213443507,-0.570260106064463
"621",-1.02791565984896,-1.16992100529697,-1.09866946596919
"622",-0.0425890573651857,1.78795366493683,-1.93081954408252
"623",-1.00149374429808,-0.749621336109651,-1.28645850523341
"624",-0.996569146473894,-1.35713020212213,1.0903499383338
"625",0.0590797594301803,1.4727151591078,-1.14316429602887
"626",-0.491666310119537,0.679196035078135,0.874287992184504
"627",-0.736980962962633,0.571903522766097,-0.984704001777328
"628",-0.94381961780171,-0.468064059284989,-0.480168474539977
"629",-1.00527045165267,-1.37656202988086,0.730504450837759
"630",-0.88535654196619,-0.224387186437159,0.0107535815231847
"631",-1.03509859884196,-1.3445407084672,-0.914405764308803
"632",0.495694614455119,1.31210960227295,1.05425234247889
"633",-1.08061258653539,-2.57552186744317,0.399753005174235
"634",-0.766889353290264,0.111923558532184,0.741681400933609
"635",1.60737258897826,2.50303809586124,1.8704998698546
"636",-0.992162448474362,-1.0595689782002,0.0533475751696141
"637",-1.05412257782112,-1.58110045054451,-1.25050757743092
"638",-0.907655320280101,-0.187944067404404,-0.603361824737661
"639",-0.973750259102381,-1.15068390798876,1.21182443933566
"640",-0.5701266527793,0.832427938828065,-0.734244025640665
"641",-0.866116129314125,-0.140456813469588,0.0757695899308842
"642",-0.919312818975269,-0.369100898205923,-0.214351931387663
"643",-0.993819863203183,-0.60077397480688,-1.45442174522596
"644",0.571682272962716,1.67652449862515,0.0103127576969061
"645",-0.286468542351534,0.963804974884308,0.418971147985404
"646",0.56915906858976,1.54637993923912,0.300731813519647
"647",-0.98771115087996,-1.28701437634669,1.20430620939704
"648",0.0841156411752898,1.5077132347129,-1.14401721775446
"649",1.37816170811454,1.93234416290147,1.8670051011922
"650",1.27521432284432,2.37745194838485,1.11685209583763
"651",-1.03260685651426,-1.76030116550451,0.834549909909455
"652",-0.761383422351058,0.506082797989224,-0.974565792087466
"653",-0.785453274258688,0.249266903783058,-0.189365636230626
"654",-0.246576568537163,0.962014741328313,0.694344283458469
"655",0.669494984875934,2.39489824410678,-0.442026086622574
"656",-0.901534423986007,-0.434965555785525,0.489558395703897
"657",-0.71671779638398,0.332594264435229,0.378093022429396
"658",-1.01228102438268,-0.939394719539795,-1.12841730806417
"659",-0.752092855021827,0.455243713705971,-0.650040420469319
"660",-1.00282268103477,-1.13939104285845,-0.0995270935969592
"661",-0.97473772396296,-0.707707125449792,-0.559113101357344
"662",-0.978880221647886,-1.05116491047735,0.560763383227838
"663",-0.357763022439277,0.790564611404793,1.24735571121569
"664",-1.06098538755835,-2.13417271371251,0.31891521481069
"665",-0.502803006802716,0.918443214030197,-0.727990958322778
"666",0.265809766214669,1.49395730227005,-0.524016169526358
"667",-1.01448618248859,-1.2919973906566,-0.0725676984170787
"668",-0.903024699815071,-0.364908072555755,0.165270077222054
"669",-0.799565852933164,0.128967918713015,0.127482794399207
"670",-0.200235083725337,0.848459885841403,2.00955113822164
"671",-1.04992453126608,-1.41313201322597,-1.48464015453854
"672",0.317141063724366,1.5568916572829,-0.516304148803757
"673",-1.02032429559099,-1.93070273148314,2.72096318890189
"674",-1.0075569424491,-0.913130097294268,-1.02994123983791
"675",-1.02632495426258,-1.82619381390758,1.62480193234305
"676",-0.837026080159575,-0.131983677116657,0.628025203859136
"677",-0.54333417564913,0.685955266100651,0.34647668842062
"678",-0.726075004607956,0.267857529331181,0.579005231149984
"679",-1.00930345626413,-1.31458420368389,0.268165214885785
"680",-0.626207434736548,0.419163197789081,1.06865111937983
"681",-0.935868565976586,-0.362498871009162,-0.639594042979563
"682",-0.852557260389781,0.0214032278765325,-0.318277590561664
"683",-0.99125207234123,-0.909033146417223,-0.446609830298554
"684",-0.963909765558371,-0.741522213003577,-0.0967178324079543
"685",-0.998870380921556,-0.684168379861837,-1.38208047540049
"686",-0.336820680713232,0.911199506915739,0.483125296535307
"687",1.35564749820139,2.53672564408523,1.21435502900064
"688",-0.743971594191871,0.523585750800318,-0.852719653494992
"689",-0.976082950809629,-0.66312207439782,-0.745349946415261
"690",-0.965910164326102,-0.837962826458636,0.197827189913846
"691",-0.817173758972676,-0.191139111125967,1.3225924239083
"692",-0.88318969693838,-0.284176276816766,0.302228232055534
"693",-0.985847761867063,-0.880959915522525,-0.34699409374382
"694",-0.686740006999652,0.438567987610344,0.217412374917112
"695",-0.640334515199127,0.494415391230904,0.464783363156512
"696",0.124596190416693,1.85492337554846,-1.51886170407879
"697",-0.938913879844039,-0.919149382219984,1.51304738786969
"698",-1.01804262883261,-1.26526168967091,-0.340028461182581
"699",-1.00674809797787,-1.14900605538834,-0.235554520985581
"700",-0.521932592390004,0.690748962806725,0.51574749599628
"701",-1.05928676493546,-2.21083189083507,0.892938370809365
"702",-1.03272906962548,-1.3083368720761,-0.908321790094304
"703",-1.00257323510376,-0.992092495954296,-0.597427674204057
"704",-0.629375609054776,0.491553370510956,0.607090417517232
"705",-0.925149498561181,-0.712008056479104,1.01955262309988
"706",-0.671179526168878,0.711571054135802,-0.968852369581156
"707",-0.742836667053295,0.38173024697771,-0.204508897089001
"708",-0.833631134830576,-0.340271257293898,1.71904372575587
"709",-0.797592219833569,0.158474752826653,0.027478654569118
"710",-1.0601479436359,-1.77234702683341,-1.05464028129785
"711",-0.938427747983698,-0.911096363054844,1.49211603384118
"712",-0.750444610552724,-0.0211215555017807,1.7327224187645
"713",-1.01704794213034,-1.27996950189816,-0.240300899052659
"714",0.208024120342841,1.76247653566687,-1.18445279487866
"715",1.72441768334029,1.98650472551337,2.72825449148844
"716",0.176053941899508,1.33466673721173,-0.260922238049267
"717",-1.06920643539057,-2.07613352620025,-0.710236321811888
"718",-0.900200464146011,-0.59377591408915,1.23049048620961
"719",-1.04852924693035,-1.84986241207727,0.0831049752643271
"720",-0.790403197498711,0.119650323383515,0.319036789602238
"721",0.654452142813333,1.65723815110548,0.295489026968376
"722",-0.418377273894091,0.435561066156641,3.50492253391986
"723",-1.00956622707818,-1.24114904249852,-0.0274908152274317
"724",-1.03100096012889,-1.39610508900343,-0.535639484742445
"725",-0.75000955402659,0.255505804234966,0.296229297920662
"726",-0.858223306271846,-0.699173393445528,3.0535441797841
"727",-0.579334474074327,0.921514911348557,-1.27713839261421
"728",-0.777899386622867,0.348808731626316,-0.515641886462664
"729",-0.519695835053034,0.808422275107252,-0.195521670680478
"730",-0.80844776134675,0.190508513767172,-0.28012522263974
"731",-0.784662575180851,0.569469746143915,-1.48075616005239
"732",-0.927521517982864,-0.81167900121504,1.40172503374912
"733",-0.847661963112965,-0.040486271215373,0.0222245906451805
"734",0.927018053483372,2.11996187230959,0.420859360349272
"735",-1.06908475571081,-2.35285038187405,0.609296775479065
"736",-0.772306037962454,-0.411915684564436,3.64388112928394
"737",1.25995333873969,3.17525665864592,0.703878403811669
"738",1.30437636407768,3.10129218298718,0.834143882420509
"739",-0.637997754805944,0.77247506997141,-0.972834362661491
"740",-0.810728287549845,0.39903995472104,-1.1424861463914
"741",-1.03387997224842,-2.19849478998293,3.43520306443366
"742",-1.01952576634997,-1.65367131579323,1.19330746934425
"743",0.810372947949782,2.15541196745749,0.0815443592597152
"744",-0.24471160934252,0.848272935657634,1.67072218149379
"745",-0.970539889084328,-0.726847619279778,-0.361453103650211
"746",-0.965868547192272,-0.348125508268573,-1.40623215147988
"747",-0.942479550748775,-0.391485973598113,-0.704575753649209
"748",-0.860336268817119,0.0205319907746972,-0.453201179724574
"749",-0.947710795786051,-0.751234390644908,0.465002509913234
"750",0.0220577887448379,1.46817778144101,-1.25374363015008
"751",-1.04319533633258,-1.86893162554445,0.573804555520673
"752",-1.01953255199446,-0.800036871857242,-1.75236308892344
"753",-1.04638676715704,-1.80844728374748,0.0667746148278233
"754",-0.73354710922285,0.16846994941181,0.985710769413759
"755",-0.999440696190282,-0.748726073427982,-1.22236541691364
"756",-0.919830668670383,-0.722535407521222,1.23605021873654
"757",-0.966408674821191,-0.917035994250309,0.492961468286855
"758",1.09102411318173,1.94534224178387,1.05857540000277
"759",-0.559393764927863,0.625010409382663,0.566089410077281
"760",-1.00519571183535,-1.23805142581151,0.164766089863878
"761",-0.546607304445062,0.59794779515561,0.865332721324139
"762",-0.83409788715971,-0.0409283483606138,0.278067956213483
"763",-0.947880959774003,-0.590720788089991,-0.157544876204778
"764",-0.259360534423319,1.02525960229502,0.103554822177165
"765",-0.22284823620953,0.818553685684488,2.10469440883964
"766",-0.802623811731895,0.252483801916929,-0.452682810906815
"767",-0.902649866030852,-0.254310106863275,-0.25392492073011
"768",-0.501778501057601,0.905098145747917,-0.641352606064051
"769",-0.318520129639665,0.893144153330154,0.752162006366266
"770",-1.02885121130239,-1.2985026093524,-0.749343749860087
"771",0.178775586035513,1.7376018032868,-1.23858374438517
"772",-0.991801476911197,-1.57953815861364,2.5193625060446
"773",-0.571223172981614,0.901203618264449,-1.11352699456219
"774",-0.728310924055126,0.416411844716676,-0.183527453931772
"775",0.519940057162846,1.44500290564889,0.469766417806848
"776",-0.58957182400779,0.619886986872204,0.294122896373195
"777",-1.02655080704423,-1.98032882805782,2.53505986400906
"778",-0.0104946196388074,1.22410932810745,-0.328317119597296
"779",1.19867474335333,2.01117877367011,1.26605440352759
"780",-0.982987274324462,-0.971952869211942,0.0866571826502297
"781",-1.08116708556815,-2.24157029069289,-1.27374571616721
"782",-0.440853884102922,0.610047974975938,1.86361344083023
"783",-0.904655968803629,-0.495568897876634,0.665507075546581
"784",-0.955923507460736,-0.7928931219747,0.361575451654633
"785",-0.788276371868589,0.322676176667631,-0.54434932654576
"786",-0.798449219789333,-0.213904567874849,1.84194583092919
"787",-0.632125133510358,0.425195452433947,0.959758474639747
"788",-1.02051741773491,-1.18283401963592,-0.729861536327205
"789",-0.959930998425478,-0.407923731982709,-1.08750877927342
"790",-0.973683611003843,-1.24242151402199,1.65597647575766
"791",-0.868625930343822,-0.0923748237251104,-0.167978600896795
"792",-0.910052520918871,-0.3684259246398,0.00839935792062842
"793",-0.98437266004235,-0.777488758980032,-0.641681930711406
"794",0.0376123682361399,0.973826702828473,2.42679645121532
"795",-0.990946524002797,-0.876357624140877,-0.544549047402146
"796",-0.948432358883799,-0.56389491364671,-0.26993164348714
"797",-1.11428200685097,-3.56319932357976,-0.00811158428729765
"798",-0.775060748187713,0.510719828626054,-1.14831128183821
"799",-0.428522920027157,0.495231372468869,2.89185803903681
"800",0.528431831477158,2.23668333222171,-0.715377845924119
"801",-0.575950928989789,0.692913369658082,0.00164459490359083
"802",-0.148326972906495,0.998733563619881,1.00341694066956
"803",-0.890524453502137,0.129352530045392,-1.34784186733777
"804",-0.922776812347495,-0.449394292772395,0.000599928920311691
"805",0.414480059062184,2.54854094834348,-1.15647532644663
"806",0.00129381757891467,0.932796861825438,2.62959289582585
"807",-0.813722191177316,0.0949507992298094,0.0449807804542742
"808",-0.88511414981492,-0.432187429542012,0.897386993933885
"809",-0.940802303444265,-0.747955396416665,0.675555499936718
"810",-0.848188914930549,0.0255904190057147,-0.25744026521992
"811",-0.463997207519184,1.03509543956202,-1.17474005267776
"812",-1.06285730247247,-1.85977440250286,-0.963627441869719
"813",-0.966615866780133,-0.584070113622162,-0.71879252493472
"814",0.853992337854615,2.77898397880826,-0.149908988232334
"815",-0.962743044018468,-0.531168909550098,-0.779597381816727
"816",-1.02931203945077,-1.5021610340176,-0.0599931262608872
"817",-1.00715692303909,-0.970944366555323,-0.841053420883038
"818",-0.834731600042201,-0.276708938393038,1.36861506313411
"819",0.450818095277326,1.81286728624689,-0.552480675374817
"820",-0.915600375678332,-0.28976532455539,-0.416013815410595
"821",0.669150827619797,2.06783056417297,-0.219662239944123
"822",-0.960740477546868,-0.97184816240465,0.937242610332001
"823",-0.946928769152752,-0.161070290399256,-1.50843797738783
"824",-0.808023031632779,-0.182268985003758,1.47013596097992
"825",-0.942965301559989,-0.568561978171909,-0.0983562098599457
"826",-1.01658096156293,-1.3341747193415,-0.0180209306393412
"827",-0.984552557285966,-1.24225627309368,1.14672604906236
"828",-0.84190213868612,0.347769187561436,-1.36104563006444
"829",-1.10965339945056,-3.27592708817626,-1.66732560400649
"830",-1.03246361753821,-1.77162016401709,0.899015489389225
"831",-0.964658501352044,-1.07313944921213,1.23860389145347
"832",-0.553413227402122,0.866118657042927,-0.792625456723577
"833",-0.880504711913693,-0.0496474368342992,-0.558980799777297
"834",-0.929730338769663,-0.636431437903735,0.552621098482545
"835",-0.82144098014513,-0.00410643760756096,0.34833831690967
"836",-0.732790706335298,0.290629583016543,0.368664158174387
"837",0.773456196226269,2.0178601058695,0.108109839118946
"838",-0.975460310323408,-0.593213872703625,-0.944550482507186
"839",-0.934034463040769,-0.868201420522719,1.44481726233991
"840",-0.770247366773869,0.241524202555831,0.0676255169350423
"841",-1.03072399058241,-1.19723020126712,-1.14528444746241
"842",-0.862998605196856,0.352938836335415,-1.65768564261939
"843",0.277472078256751,1.15826189761002,1.63848492469454
"844",1.11271158304518,2.4385337889372,0.661304863924909
"845",-0.0454951296054138,1.13923259577366,0.278293651060529
"846",-0.989243666261053,-0.898539154156135,-0.40907796899325
"847",-0.83327659822213,0.213035281404955,-0.747998631457958
"848",-0.866058448308106,-0.210362698299379,0.369871931488754
"849",0.104122422690094,1.33294694994157,-0.516939669107064
"850",-1.03536568425953,-1.15842718917245,-1.45929229776606
"851",0.798473238035825,2.21321016828772,0.00532780427478597
"852",-0.741347493571706,0.146051460696501,0.980769348602539
"853",-0.229475309445356,0.940825605159109,0.985411263274109
"854",-0.922910071295783,-0.168669269452662,-0.987839948952327
"855",-0.734997541442356,0.523508184925263,-0.752324397924684
"856",0.310505884565961,1.71504664950705,-0.823966525490161
"857",0.603311668848241,1.73489878616522,-0.00073477199765979
"858",-0.603010906039442,0.588495123814412,0.33866560464118
"859",-1.04806594275527,-1.90182003617415,0.347534706133254
"860",-0.290050955892976,0.980255934040523,0.267208584408567
"861",-0.773410730453784,0.401330307171386,-0.68052475499943
"862",0.400388139531824,1.21438957641079,1.51244085025552
"863",-0.910703182892177,0.0288438128833141,-1.37465525022666
"864",-0.719080366506779,0.382954602224355,0.0947787090703082
"865",-1.04188800511556,-1.44158882302269,-0.969840605220756
"866",-0.82399505855189,0.313408930451038,-0.995306039548126
"867",-0.709407267904315,-0.0994863950342692,2.98896266689784
"868",-0.923226528794092,-0.41379813643826,-0.145239601055868
"869",-1.06083875637833,-1.64865789978832,-1.47419591093916
"870",-0.927717913356182,-0.270537324603907,-0.757796109530299
"871",-1.05438178448445,-1.83374097411445,-0.420242245329025
"872",0.877840921980035,1.99865224598087,0.411227745512082
"873",-1.08469360101364,-2.52904616121307,-0.474360341437763
"874",-0.587524389823856,0.84652796135858,-0.944838639455219
"875",-0.811427708001062,0.188053785636107,-0.315609902474422
"876",-0.896922580224966,-0.0255950435915635,-0.950335984178692
"877",0.560649881179318,1.6401273333563,0.0497240189522635
"878",-0.425191035508301,0.955893052492717,-0.435385840927437
"879",-0.950052342729496,-0.336184941376826,-1.06418867639909
"880",-0.353542445403019,0.924005082042755,0.270990681357201
"881",-0.559653316615779,0.783642969651203,-0.376694029357743
"882",-0.842921477876689,-0.0115011438428873,-0.0109533970422685
"883",-0.943491785108435,-0.586817283005175,-0.0456516588438178
"884",-0.740488270283588,-0.328229581754911,3.85246388098402
"885",-0.94136364727425,-0.901026384151441,1.33733403260265
"886",0.142359212881263,1.0794652023677,1.87451349445916
"887",-0.613827600521115,0.272895107435771,2.15194402154103
"888",-0.998374747525,-1.50697202292932,1.72897369686741
"889",-1.04541147622776,-1.63273836017829,-0.544111131737145
"890",-1.05557011179454,-1.69722055719443,-0.983896590482218
"891",-0.936903648955647,-1.28647156718639,3.65877401567675
"892",-0.914289931928543,-0.568906651116627,0.715640216416786
"893",-0.837586942677854,-0.0577159239626745,0.285663009091018
"894",-0.983309904465081,-1.01345632811978,0.232720134656523
"895",-0.776997502058651,0.0384019271108104,0.938675706977893
"896",-0.897961527702563,-0.109023642582616,-0.682799420961783
"897",-1.06027465604134,-1.56920519996542,-1.65496043916571
"898",-1.00200892560339,-1.29427197869284,0.542837751160377
"899",-0.981205013523681,-0.653785678861855,-0.929664028555535
"900",-0.701122995418121,0.539176176724286,-0.449722569100748
"901",0.883102451032571,1.62465775622172,1.06015726042185
"902",1.18989766561073,2.23510343019335,1.00950244966957
"903",0.879765305606444,2.28421227539121,0.165867327055455
"904",-0.93501390750112,-1.15085141067538,2.9048996192383
"905",-1.02326254243282,-1.35201627424994,-0.289706772463367
"906",-0.943631887288239,-0.720242939313169,0.469913608449994
"907",-0.649213277796348,0.403946707243989,0.870575872015947
"908",-0.253031552883568,1.00032657724688,0.340969790977801
"909",-1.01094022834464,-1.01316570079932,-0.858159248071516
"910",-0.620995892869276,0.417506224803377,1.14324197947497
"911",0.383845386511297,1.28368893348398,0.824639093089561
"912",-0.552115237849751,0.927833330448316,-1.12266220358445
"913",-1.08076372355629,-2.40511027571725,-0.55302584762514
"914",-0.905502012458424,-0.488029207721801,0.61058186681844
"915",-0.822418084645405,0.0656794899881577,0.0247134270314882
"916",-1.00277582835457,-0.885841046144956,-0.937734282435769
"917",-0.814957259335426,-0.296794710954184,1.92466015824835
"918",-0.846941987930401,-0.142087353427548,0.472525576036216
"919",-0.875425782157287,-0.274913312854417,0.439369493120371
"920",-0.784861864659086,-0.0499761583469343,1.24671376952391
"921",0.618272984951997,1.44947562967496,0.780653173655073
"922",-0.927154133408267,-0.282667440228027,-0.704338973366181
"923",-0.940678206937299,-0.481449348875151,-0.350526748074143
"924",-0.286410457642764,0.928140143666574,0.70204888954179
"925",-0.727149621896408,0.588653898464392,-0.954049896796777
"926",-1.04520354786117,-1.3705756604366,-1.35360748782061
"927",0.75583712759103,2.00090787392406,0.0777643054478941
"928",-0.896679843189622,-0.050400143218352,-0.861495921096963
"929",1.37267733147383,2.5840060261682,1.22882334883877
"930",0.519640048261001,2.06594976694904,-0.618524669587312
"931",-0.761502535278365,-0.102145177873975,1.980392968647
"932",-0.842298271697333,-0.0693353457693187,0.246224718974214
"933",-0.989336293539868,-0.840315327110259,-0.606042479220112
"934",-0.946655526248461,-0.362431817856765,-0.900989495957666
"935",0.0216653900103752,1.20172727603438,-0.00411941453631774
"936",-0.944699752943523,-0.515773014403413,-0.337245524839569
"937",-0.670497268812441,0.524538376654667,-0.0384679402991877
"938",-0.170025309619418,1.08119406041695,0.153124629851513
"939",-1.0372636320601,-1.84005233329854,0.883902857479901
"940",-0.741174768754552,-0.00675894929469453,1.82110256866205
"941",-1.02230502661393,-1.60258096707854,0.77581107005703
"942",0.810646946362948,1.97861964889523,0.250711088954774
"943",0.841783621946208,2.9575050070504,-0.239823406800121
"944",0.85755441520475,2.12493904638745,0.232147948370515
"945",-0.694586497830811,0.216383450347303,1.31905580488021
"946",-0.830922537625501,0.230903185507762,-0.781269055333969
"947",-0.834689449182847,0.19632672563326,-0.705302938703666
"948",1.30640818017177,2.60173947335581,1.05300675830837
"949",-0.872893467538769,-0.537285555629023,1.72645216834168
"950",0.33429301560243,1.38547389842791,0.0753986742403367
"951",0.00324658536300454,1.24431510815541,-0.415789984123192
"952",-1.07481255126768,-2.69825689368072,2.31516111097821
"953",-0.989129362082991,-1.04944056202869,0.138407135755284
"954",-0.84693737156137,-0.294619026713435,1.17840179192764
"955",-0.855322641894616,0.155433788248859,-0.87312192262954
"956",-0.892392543898949,-0.34050678273169,0.321552061840462
"957",-0.73434948134954,0.488731434340725,-0.589881151508463
"958",0.962787283722818,2.45473753376508,0.271099349704757
"959",-0.934552576402441,-0.490295683859777,-0.155552335956409
"960",-0.954710935400891,-0.859834790902469,0.677035383136979
"961",-0.975743487731651,-1.00764919971346,0.507460189976327
"962",0.512729341017645,1.38192979309868,0.717050977973282
"963",-0.874653502019751,-0.0657863623122873,-0.387553293757814
"964",0.235304117228815,1.34503054267397,-0.0943588850747129
"965",-0.950794656435017,-0.889950821403304,0.946052477323838
"966",-0.62466390563684,0.358151517619926,1.4591705288582
"967",0.475780597089361,1.43630899689098,0.354854847599409
"968",1.04284038390486,1.42652542721227,2.31431170589905
"969",-0.894887749179643,-0.363350600040996,0.356196822250061
"970",0.383879065085573,2.25106161501663,-1.09999141338573
"971",-1.00007210764916,-1.0177476469564,-0.413971526017083
"972",-1.06313072375712,-1.86171910051039,-0.97784346946654
"973",-0.999076197453617,-1.75958505740115,3.17697101648188
"974",-0.422635658461984,0.526998400575371,2.70246650445546
"975",1.52483359656516,3.24083610298116,1.31830330805825
"976",-1.02947488904807,-1.91107917783659,1.86587739934457
"977",-0.959050836608516,-0.504448042044071,-0.764510882131935
"978",-0.349656755210883,1.20912862103237,-1.67887055349176
"979",0.693355548540538,1.78266104200802,0.181791517768225
"980",-0.641744006769704,0.462402818314516,0.628545053774623
"981",-1.01609509976559,-1.25319386902583,-0.290248443676449
"982",-0.929111989753285,-0.291880302200996,-0.718058890448931
"983",-0.933413431848188,-0.700380418041445,0.709156705469543
"984",-0.763637958574255,-0.0808693808118569,1.81854862448156
"985",-0.372091672707413,0.762617888885702,1.34349591287256
"986",-1.01519427185125,-1.29454240255016,-0.0975543635145472
"987",-0.600235565410589,0.638223329906703,0.0825648928603015
"988",-1.0687357277125,-2.32526057012019,0.494541585492831
"989",0.642727980007269,1.46392517506719,0.805555071841174
"990",0.163726262555109,1.66368443026763,-1.18202135148441
"991",-0.717275428221695,0.217610050193499,0.972189682347974
"992",-1.06821079801703,-2.42914669354675,1.18943437013921
"993",-0.908489239470577,-0.175448036331821,-0.664589866126481
"994",-0.876999461785479,-0.225592614508289,0.197318486868732
"995",0.0825769498442345,1.60040119333027,-1.32760417966003
"996",-0.855207566574618,-0.346183425431131,1.23409978894054
"997",-1.04727464529897,-1.6334205986222,-0.659446219523769
"998",-1.00197567939408,-0.880175742854488,-0.926139388013704
"999",-1.07595214458367,-2.39992730713832,0.0274374103569119
"1000",-0.817584713121188,-0.1485373597797,1.10145158366776
